"","Ailuropoda_melanoleuca","Bos_taurus","Colobus_angolensis_palliatus","Cebus_capucinus_imitator","Canis_familiaris","Capra_hircus","Callithrix_jacchus","Chinchilla_lanigera","Cavia_porcellus","Dasypus_novemcinctus","Equus_asinus_asinus","Equus_caballus","Felis_catus","Gorilla_gorilla","Heterocephalus_glaber","Homo_sapiens","Ictidomys_tridecemlineatus","Loxodonta_africana","Macaca_fascicularis","Myotis_lucifugus","Macaca_mulatta","Microcebus_murinus","Mus_musculus","Macaca_nemestrina","Microtus_ochrogaster","Mustela_putorius_furo","Meriones_unguiculatus","Nomascus_leucogenys","Neovison_vison","Ovis_aries","Oryctolagus_cuniculus","Octodon_degus","Otolemur_garnettii","Papio_anubis","Phascolarctos_cinereus","Peromyscus_maniculatus_bairdii","Pan_paniscus","Panthera_pardus","Pan_troglodytes","Rattus_norvegicus","Saimiri_boliviensis_boliviensis","Sus_scrofa","Tursiops_truncatus","Vombatus_ursinus","Vulpes_vulpes"
"PTHR10000_SF7",1,1,1,1,1,1,1,1,1,1,1,1,2,1,1,1,1,1,2,1,2,1,1,1,1,1,1,1,1,1,1,1,1,2,1,1,0,2,3,1,1,1,1,1,1
"PTHR10003_SF27",1,1,1,1,1,1,1,1,1,1,1,1,1,1,1,1,1,1,1,2,1,1,1,1,1,1,1,1,1,1,1,1,1,1,2,1,1,1,1,1,1,1,1,2,1
"PTHR10003_SF33",1,2,2,1,1,1,1,1,1,2,1,1,2,1,1,1,1,2,1,1,1,1,1,1,1,1,2,1,1,2,1,4,3,1,1,1,2,1,1,1,2,1,1,2,1
"PTHR10003_SF36",1,1,1,0,1,1,1,0,1,1,1,1,1,0,1,1,0,1,1,1,1,0,1,0,1,1,1,1,1,1,1,0,0,1,1,1,1,1,1,1,1,1,0,1,0
"PTHR10005_SF15",1,1,1,1,1,1,1,1,1,1,1,1,1,1,1,1,1,1,1,0,1,1,1,1,1,1,1,0,1,2,0,1,1,1,1,1,1,1,1,1,1,1,1,1,1
"PTHR10005_SF3",1,1,1,1,1,2,1,1,1,2,1,1,1,1,1,1,1,1,1,1,1,1,1,1,1,1,1,1,1,1,1,1,1,1,1,1,1,1,1,1,1,1,1,1,1
"PTHR10005_SF7",1,1,1,1,1,1,1,1,1,1,1,1,1,1,1,1,1,1,1,2,1,1,1,2,1,1,1,1,1,1,1,1,1,1,1,1,0,1,1,1,1,1,1,1,1
"PTHR10005_SF8",1,0,1,1,1,1,1,1,1,1,1,1,1,1,1,1,1,1,1,0,1,1,1,1,1,1,1,1,1,1,0,1,1,1,1,1,1,1,1,1,1,1,1,1,1
"PTHR10006_SF7",1,1,1,1,1,1,1,1,1,1,1,1,0,1,1,1,1,1,1,1,1,1,0,1,1,1,1,1,1,1,1,1,1,1,0,1,1,1,1,0,1,1,1,1,1
"PTHR10010",3,3,3,3,3,3,3,3,3,2,3,2,3,3,3,3,3,5,3,3,3,3,3,3,3,3,3,3,3,3,2,3,3,3,3,3,3,3,3,3,3,3,3,4,3
"PTHR10012",1,1,1,1,1,1,1,1,1,1,1,1,1,1,1,1,1,1,1,1,1,1,1,1,1,1,1,1,1,1,1,1,2,1,1,1,1,1,2,1,1,1,1,1,1
"PTHR10013",1,1,1,1,1,1,1,1,1,1,1,1,1,1,1,1,1,1,1,1,1,1,1,1,1,1,1,1,1,1,1,1,1,1,1,1,1,1,1,1,1,1,1,1,1
"PTHR10014_SF13",1,1,1,1,1,1,1,1,1,1,1,1,1,1,1,1,1,2,1,1,1,1,1,1,1,1,1,1,1,1,1,1,1,1,1,1,1,1,1,1,1,1,1,1,1
"PTHR10014_SF37",1,1,1,1,1,1,1,1,1,1,1,1,1,1,1,1,1,1,1,1,1,1,1,1,1,1,1,1,1,1,1,1,1,1,1,1,1,1,1,1,1,1,1,1,1
"PTHR10014_SF38",1,1,1,1,1,1,1,1,1,1,1,1,1,1,1,1,1,1,1,1,1,2,1,1,1,1,1,1,1,1,1,1,1,1,1,1,1,1,1,1,1,1,1,1,1
"PTHR10014_SF9",1,1,1,1,1,1,1,1,1,1,1,1,1,1,1,1,1,1,1,1,1,1,1,1,1,1,1,1,1,1,1,1,1,1,1,1,1,1,2,1,1,1,1,2,1
"PTHR10015_SF140",1,2,1,1,2,4,1,0,2,2,1,4,1,1,0,2,1,2,2,5,1,1,0,2,0,0,1,1,1,9,1,0,1,2,0,1,1,0,1,0,0,2,0,0,1
"PTHR10015_SF141",1,0,0,1,3,0,1,0,0,2,0,0,0,1,0,2,0,2,1,0,1,0,0,1,0,0,0,1,1,0,0,0,0,1,0,0,2,0,1,0,1,2,2,0,0
"PTHR10015_SF142",1,1,1,1,1,1,1,1,1,2,1,1,1,1,1,2,1,1,1,3,1,1,1,1,1,1,1,1,1,2,1,1,1,1,1,1,1,1,1,1,1,1,1,1,1
"PTHR10015_SF144",1,1,2,1,1,1,1,1,1,1,1,1,2,1,2,1,1,1,2,1,1,1,1,1,1,1,1,1,1,1,1,1,1,2,1,1,1,2,1,1,1,1,1,2,1
"PTHR10015_SF43",1,1,1,1,1,1,1,1,1,1,1,1,1,1,1,1,1,1,1,1,1,1,1,1,1,1,1,1,1,1,1,1,1,1,1,1,1,1,1,1,1,1,1,2,1
"PTHR10019",1,1,1,2,1,1,1,1,1,1,1,1,1,1,1,2,1,1,1,1,1,1,1,1,1,1,1,1,1,1,1,2,1,1,1,1,1,1,1,2,1,1,1,1,1
"PTHR10024_SF10",1,2,1,1,1,1,1,1,1,1,1,1,1,1,1,1,1,1,1,1,1,1,1,1,1,1,1,1,1,1,1,1,1,1,1,1,1,1,1,2,1,1,1,1,1
"PTHR10024_SF11",1,1,1,1,1,1,1,1,1,1,1,1,1,1,1,1,1,1,1,1,1,1,1,1,1,1,1,1,1,1,1,1,1,1,1,1,1,1,1,1,1,1,1,1,1
"PTHR10024_SF113",1,1,1,1,1,1,1,1,0,1,1,1,1,1,1,1,1,1,1,1,1,1,1,1,1,1,1,1,1,1,1,1,1,1,1,1,1,1,1,1,1,1,1,1,1
"PTHR10024_SF114",1,1,1,1,1,1,1,1,1,1,1,1,1,1,1,1,1,1,1,1,1,1,1,1,1,1,1,1,1,1,1,1,1,1,1,1,1,1,1,1,1,1,1,1,1
"PTHR10024_SF115",1,1,1,1,1,1,1,1,1,1,1,1,1,1,1,1,1,1,1,1,1,1,1,1,1,1,1,1,1,1,1,1,1,1,1,1,1,1,1,1,1,1,1,1,1
"PTHR10024_SF116",1,1,1,0,1,1,1,1,1,1,1,1,1,1,1,1,1,0,1,0,0,0,1,1,1,1,1,0,1,1,0,1,1,1,1,1,1,1,1,1,0,1,1,1,1
"PTHR10024_SF118",1,1,1,1,1,1,1,1,1,1,1,1,1,1,1,1,1,1,1,1,1,1,1,1,1,1,1,1,1,1,1,1,1,1,1,1,1,1,1,1,1,1,1,1,1
"PTHR10024_SF13",1,1,1,1,1,1,1,1,1,1,1,1,1,1,1,1,1,0,1,1,1,1,1,1,1,1,1,1,1,1,1,1,1,1,1,1,1,1,1,1,1,1,1,1,1
"PTHR10024_SF137",2,2,0,0,0,2,0,0,0,2,0,0,1,0,1,0,0,1,0,1,0,0,2,0,1,1,1,0,1,2,0,0,0,0,1,2,0,2,0,2,0,2,0,1,0
"PTHR10024_SF173",1,1,1,1,1,1,1,2,1,1,1,1,1,1,2,5,1,2,1,1,1,1,2,1,2,1,1,0,1,1,1,1,1,1,1,1,1,1,1,1,1,1,1,1,1
"PTHR10024_SF174",1,1,1,1,1,1,1,1,1,1,2,1,1,1,1,1,1,1,1,1,1,1,1,1,1,1,1,1,1,1,1,1,1,1,1,1,1,1,1,1,1,1,1,2,1
"PTHR10024_SF176",1,1,1,1,1,1,1,1,1,0,1,1,1,1,1,1,0,1,1,0,1,1,1,1,1,1,2,1,1,1,0,1,1,1,1,1,1,1,1,1,1,1,1,1,1
"PTHR10024_SF177",1,1,1,1,1,1,1,1,1,1,1,1,1,1,1,1,1,1,1,1,1,1,1,1,1,1,1,1,1,1,1,1,1,1,1,1,1,1,1,1,1,1,1,2,1
"PTHR10024_SF181",1,1,1,1,1,1,1,1,1,1,1,1,1,1,1,1,1,1,1,1,1,1,1,1,1,1,0,1,1,1,1,1,1,1,1,1,1,1,1,1,1,1,1,1,1
"PTHR10024_SF183",1,1,1,1,1,1,1,1,1,1,1,1,1,1,1,1,1,1,1,1,1,1,1,1,1,1,1,1,1,1,1,1,1,1,1,1,1,1,1,1,1,1,1,1,1
"PTHR10024_SF185",1,1,1,1,1,1,1,0,0,1,1,1,1,1,0,3,1,1,1,0,1,1,1,1,0,1,1,1,1,1,1,0,1,1,1,1,1,1,1,1,1,1,1,1,1
"PTHR10024_SF188",1,1,0,1,1,1,1,1,1,1,1,1,1,1,1,3,1,1,1,1,1,1,1,1,0,1,1,1,1,1,1,1,1,1,1,1,1,1,1,1,1,1,1,1,1
"PTHR10024_SF189",1,1,1,1,2,1,1,1,1,1,1,1,1,1,1,1,1,1,1,1,1,1,1,1,1,1,1,1,1,1,1,1,1,1,1,1,1,1,1,1,1,1,1,2,2
"PTHR10024_SF20",1,1,1,1,1,1,0,1,1,1,1,1,1,1,1,0,1,1,1,2,1,1,1,1,1,1,1,1,1,1,0,1,1,1,1,1,0,1,1,1,0,1,0,1,1
"PTHR10024_SF204",1,1,1,1,1,1,1,1,1,1,1,1,1,1,1,1,1,1,1,1,1,1,1,1,1,1,1,1,1,1,1,1,1,1,1,1,1,1,1,1,1,1,1,1,1
"PTHR10024_SF208",1,1,1,1,1,1,1,1,1,1,1,1,1,1,1,1,1,1,1,1,1,1,1,1,1,1,1,1,1,2,1,1,1,1,1,1,1,1,1,1,1,1,1,1,1
"PTHR10024_SF209",1,1,1,1,1,1,1,1,1,1,1,1,1,1,1,1,1,1,1,1,1,1,1,1,1,1,1,1,1,1,1,1,1,1,1,1,1,1,1,1,1,1,1,1,1
"PTHR10024_SF211",1,1,1,1,1,1,1,1,1,1,1,1,1,1,1,1,1,1,1,1,1,1,1,1,1,2,1,1,1,1,1,1,1,1,1,1,1,1,1,1,1,1,1,1,1
"PTHR10024_SF36",1,1,1,0,1,1,1,1,1,0,1,1,1,1,1,2,1,1,1,0,1,1,1,1,1,1,1,1,1,1,0,1,1,1,1,1,1,1,1,1,1,1,1,1,1
"PTHR10024_SF37",1,1,1,1,1,1,1,1,1,1,1,1,1,1,1,1,1,1,1,2,1,1,1,1,1,1,1,1,1,1,0,1,1,1,0,0,1,1,1,1,1,1,1,0,1
"PTHR10024_SF45",1,1,1,1,1,1,1,1,1,1,1,1,1,1,1,1,1,1,1,1,1,1,1,1,1,1,1,1,1,1,1,1,1,1,1,1,1,1,1,1,1,1,1,1,1
"PTHR10024_SF46",1,1,1,1,1,1,1,1,1,1,1,1,1,1,2,1,1,1,1,1,1,1,1,1,1,1,1,1,1,1,1,1,1,1,1,1,1,1,1,1,1,1,1,1,1
"PTHR10024_SF5",1,1,1,1,1,1,1,1,1,1,1,1,1,1,1,2,1,1,1,1,1,1,1,1,1,1,1,1,1,1,1,1,1,1,1,1,1,2,1,1,1,1,1,1,1
"PTHR10024_SF9",1,1,1,1,1,1,1,1,1,2,1,1,1,1,1,1,1,1,1,1,1,1,1,1,1,1,1,1,1,1,1,1,1,1,1,1,1,1,1,1,1,1,1,1,1
"PTHR10024_SF97",1,1,1,1,1,1,1,1,1,1,1,1,1,1,1,1,1,1,1,1,1,1,1,1,1,1,1,1,1,1,1,1,1,1,1,1,1,1,1,1,1,1,1,1,1
"PTHR10025_SF14",1,1,1,1,1,1,1,1,1,2,1,1,1,1,1,1,1,1,1,1,1,1,1,1,1,1,1,2,1,1,1,1,1,1,1,1,1,1,1,1,1,1,1,1,2
"PTHR10025_SF15",1,1,1,1,1,1,1,1,0,1,1,1,1,1,1,1,1,1,1,1,1,1,1,1,1,1,2,1,1,1,1,1,1,1,1,1,1,1,1,1,1,1,1,1,1
"PTHR10025_SF29",2,1,4,2,1,1,3,1,1,3,1,1,2,3,3,1,1,1,3,1,1,1,1,3,1,1,2,3,2,2,3,1,1,2,1,1,2,1,2,1,3,1,1,1,1
"PTHR10025_SF30",1,1,2,1,2,1,1,1,1,1,2,1,1,2,1,1,1,1,2,1,1,6,1,1,1,1,1,1,1,1,1,1,1,2,1,1,2,1,2,2,1,1,1,2,2
"PTHR10026_SF42",1,1,1,1,1,1,1,1,1,1,1,1,1,1,2,1,1,1,1,1,1,1,1,1,1,1,2,1,1,1,1,1,1,1,1,1,1,1,1,2,1,1,1,1,1
"PTHR10026_SF43",1,1,1,1,1,1,1,1,1,1,1,1,1,1,2,1,1,1,1,1,1,1,1,1,1,1,1,1,1,1,1,1,1,1,1,1,1,1,1,1,1,1,1,1,1
"PTHR10026_SF45",1,1,1,1,1,1,2,1,1,1,1,1,1,1,2,1,1,1,1,1,2,1,1,1,1,1,1,1,1,1,1,2,2,3,1,1,1,1,1,1,1,1,1,1,1
"PTHR10026_SF60",1,1,2,1,1,1,3,1,1,1,1,1,1,3,1,1,1,1,2,1,1,1,1,2,1,1,1,3,1,1,1,1,2,1,1,1,4,1,1,1,2,1,1,1,1
"PTHR10026_SF64",1,1,1,1,1,1,1,2,1,1,1,1,1,1,1,1,1,1,1,1,1,1,1,1,1,1,1,1,1,1,1,1,1,1,2,1,1,1,1,1,1,1,1,1,1
"PTHR10026_SF66",1,1,1,1,1,1,1,1,1,2,1,1,1,1,1,1,1,1,1,1,1,1,1,1,1,1,1,1,1,1,1,1,1,1,1,1,1,1,1,1,1,1,1,1,1
"PTHR10027_SF14",1,1,1,1,1,1,1,1,1,1,1,1,1,1,1,1,1,1,1,0,1,1,1,1,1,1,1,1,1,1,0,2,1,1,1,1,1,0,1,1,1,1,1,1,1
"PTHR10027_SF18",1,1,1,1,1,2,1,1,1,1,2,1,1,1,1,1,1,2,1,1,1,1,1,1,1,1,2,1,1,1,1,1,2,1,2,1,1,2,1,1,1,1,1,2,1
"PTHR10027_SF23",1,1,1,1,1,1,1,0,1,1,1,1,1,1,1,1,1,1,1,1,1,1,1,1,1,1,0,1,1,1,2,1,1,1,0,1,1,1,1,1,1,1,1,0,1
"PTHR10027_SF9",1,1,1,1,1,1,1,1,1,1,1,1,1,1,1,2,1,1,1,1,1,1,1,1,1,1,0,1,1,1,1,1,1,1,1,1,1,1,1,1,1,1,1,1,1
"PTHR10029_SF5",2,2,3,3,3,2,2,2,2,2,2,1,2,2,2,2,3,2,3,2,2,2,2,3,2,2,3,2,3,2,3,3,2,3,2,2,1,2,1,2,2,2,2,2,4
"PTHR10030",2,2,2,2,2,2,2,2,2,3,2,2,2,3,2,2,2,2,2,3,2,2,2,2,2,2,2,2,2,2,2,2,2,2,3,2,2,2,2,2,2,2,2,3,2
"PTHR10031_SF2",1,2,2,0,2,2,0,1,1,0,1,1,1,1,1,1,0,0,1,3,1,2,0,1,0,1,0,1,1,1,2,2,1,2,2,0,1,2,3,0,2,1,0,5,0
"PTHR10031_SF3",1,1,2,2,4,2,4,2,3,3,1,2,2,2,2,2,3,3,4,2,4,2,1,4,3,1,1,3,2,1,2,4,2,3,3,1,2,2,2,1,3,2,1,3,1
"PTHR10031_SF4",2,1,4,3,1,2,2,0,0,0,1,1,2,2,0,0,0,0,2,1,0,1,1,2,3,1,3,3,1,1,2,1,0,0,2,2,2,1,2,2,1,1,1,3,4
"PTHR10031_SF9",1,1,3,2,6,2,5,0,1,1,0,0,2,3,0,1,1,1,3,1,0,1,1,3,1,2,3,1,3,0,0,0,2,3,0,3,2,2,4,1,3,0,0,0,4
"PTHR10032_SF10",1,1,1,1,1,1,1,1,1,1,1,1,1,1,1,1,1,1,1,1,1,1,1,1,1,1,1,1,1,1,1,1,1,1,0,1,1,1,1,1,1,1,0,0,1
"PTHR10032_SF11",1,1,1,1,1,1,1,1,1,1,1,1,1,1,1,1,1,3,1,1,1,1,1,1,1,1,1,1,1,1,1,1,1,1,1,1,1,1,1,1,1,1,1,1,1
"PTHR10032_SF124",1,1,1,1,1,1,1,1,1,1,1,1,1,1,1,1,1,1,1,1,1,1,1,1,1,1,1,1,1,1,1,1,1,1,1,1,1,1,1,1,1,1,1,2,1
"PTHR10032_SF125",1,1,1,1,1,1,1,1,1,1,1,1,1,1,1,1,1,1,1,1,1,1,1,1,0,1,1,1,1,1,1,0,1,1,1,1,1,1,1,1,1,1,1,1,1
"PTHR10032_SF131",1,1,1,1,1,1,1,1,1,1,1,1,1,1,1,1,1,1,1,1,1,1,1,1,1,1,1,1,1,1,1,1,1,1,1,1,1,1,1,1,1,1,1,1,1
"PTHR10032_SF156",2,3,1,1,3,2,1,0,1,1,0,0,1,0,0,2,0,1,1,1,2,1,0,1,0,0,0,1,3,1,0,0,0,1,0,0,1,2,1,0,1,2,0,0,2
"PTHR10032_SF186",1,0,0,0,1,0,1,0,0,0,0,0,1,0,0,0,0,0,1,0,1,0,0,1,0,0,0,0,0,0,0,0,0,1,1,0,0,0,0,0,0,0,0,2,1
"PTHR10032_SF187",1,0,1,1,1,0,1,0,0,0,0,0,0,1,0,1,0,1,1,0,1,1,0,1,0,0,0,1,0,0,0,0,0,1,0,0,1,1,1,0,1,0,0,0,1
"PTHR10032_SF188",1,1,1,1,1,1,1,1,1,1,1,1,1,1,1,1,1,1,1,1,1,1,1,1,1,1,1,1,1,0,1,0,1,1,1,1,0,1,1,1,1,1,0,1,1
"PTHR10032_SF189",1,1,0,1,1,1,1,1,1,1,1,1,1,1,1,1,1,1,0,1,1,0,1,0,1,1,2,1,1,1,1,1,1,0,0,1,1,1,1,1,1,1,0,1,1
"PTHR10032_SF190",1,1,1,1,1,1,1,1,1,2,1,1,1,2,1,1,1,1,1,1,1,1,1,1,1,1,1,1,1,1,1,1,1,1,1,0,2,1,2,1,1,1,1,1,1
"PTHR10032_SF193",1,1,1,1,1,1,1,1,1,1,1,1,1,1,1,1,1,1,1,1,1,1,1,1,1,1,1,1,1,1,1,1,1,1,1,1,1,1,1,1,1,1,1,1,1
"PTHR10032_SF194",1,1,1,1,1,1,1,1,1,1,1,1,1,1,1,1,1,1,1,1,1,1,1,1,1,1,1,1,1,1,1,1,1,1,1,1,1,1,1,1,1,1,1,2,1
"PTHR10032_SF197",1,0,1,1,1,1,1,0,0,0,0,0,0,1,0,2,0,0,1,1,0,1,1,1,0,0,0,1,0,1,1,0,1,1,0,0,1,0,1,0,0,0,0,0,0
"PTHR10032_SF198",1,1,1,0,1,1,1,1,1,1,1,1,1,1,1,1,1,0,1,0,1,0,1,1,1,1,1,0,1,1,1,0,1,0,1,1,0,1,1,1,0,1,1,1,1
"PTHR10032_SF203",1,0,0,0,0,0,2,0,0,0,2,2,0,0,0,0,0,1,0,0,1,0,0,0,0,1,0,0,2,1,0,0,0,0,1,0,0,0,0,0,0,0,0,1,0
"PTHR10032_SF206",1,2,1,1,1,1,1,1,1,1,1,1,1,1,1,1,1,1,1,1,1,1,1,1,1,1,1,1,1,1,1,1,1,1,3,1,1,1,1,1,1,1,1,1,1
"PTHR10032_SF208",1,1,2,1,1,1,1,1,0,0,1,0,1,1,1,1,1,1,2,1,1,1,1,2,1,1,1,2,1,1,1,0,1,1,1,1,1,1,1,1,1,1,0,1,1
"PTHR10032_SF209",1,1,1,1,1,1,1,1,1,1,1,1,1,1,1,1,1,1,1,1,1,1,1,1,1,1,1,1,1,1,1,1,2,1,1,1,1,1,1,1,1,1,1,1,1
"PTHR10032_SF212",1,1,1,1,1,1,1,1,0,1,1,1,1,1,1,1,1,1,1,1,1,1,1,1,1,1,1,1,1,1,2,1,1,1,1,1,1,1,1,1,1,1,1,1,1
"PTHR10032_SF213",1,1,1,1,1,0,1,1,1,1,0,1,1,1,1,1,1,1,1,0,1,1,1,1,1,1,1,1,1,1,1,1,1,1,0,1,1,1,1,2,1,1,1,0,0
"PTHR10032_SF26",1,1,2,1,1,2,1,1,2,1,1,1,1,3,3,1,1,1,2,1,1,2,1,2,1,2,1,1,1,1,1,1,2,2,1,1,3,1,3,1,1,1,1,1,1
"PTHR10032_SF47",1,1,1,1,1,1,1,1,0,1,1,1,1,1,1,1,1,1,1,1,1,1,2,1,0,1,2,1,1,1,1,1,1,1,0,1,1,1,1,1,1,1,1,0,1
"PTHR10032_SF6",1,0,1,1,1,0,1,0,0,0,0,0,1,1,0,1,1,1,1,0,1,1,1,1,0,1,2,1,1,0,1,0,1,1,0,1,1,1,1,1,1,0,1,0,1
"PTHR10032_SF64",1,1,1,1,1,1,1,1,1,1,1,1,1,1,1,1,1,1,1,1,1,1,1,1,1,1,1,1,1,1,1,1,1,1,0,1,1,1,1,1,1,1,1,0,1
"PTHR10032_SF68",1,0,0,0,1,3,0,0,0,3,1,1,1,0,0,0,0,3,0,5,0,0,1,0,0,1,1,0,1,3,1,0,2,0,0,4,0,0,0,2,0,3,1,0,1
"PTHR10032_SF71",1,1,1,1,2,2,1,1,1,1,1,1,1,1,4,1,1,1,2,1,1,1,1,2,1,1,1,1,1,2,1,1,2,1,1,1,1,1,1,1,1,1,2,1,1
"PTHR10032_SF72",1,1,1,1,1,1,1,0,1,0,1,1,1,1,0,1,1,0,1,1,1,1,0,1,0,1,0,1,1,1,1,0,1,1,0,0,1,1,1,0,1,1,1,0,1
"PTHR10032_SF73",1,1,1,1,1,1,1,1,1,1,1,1,1,1,1,1,1,1,1,1,1,1,2,1,1,1,2,1,1,1,1,1,1,1,0,2,1,1,1,2,1,1,1,0,1
"PTHR10032_SF77",1,1,1,1,1,1,1,0,0,1,1,1,1,1,1,1,1,1,1,0,1,1,1,1,1,1,1,1,1,0,1,1,1,1,1,1,1,1,1,1,1,1,1,1,1
"PTHR10032_SF78",1,1,1,1,1,1,1,0,0,1,1,1,1,1,1,2,1,1,1,1,1,1,1,1,1,1,2,1,1,1,1,0,1,1,0,1,1,0,1,1,1,1,1,0,1
"PTHR10033",2,2,2,2,2,2,2,2,2,2,2,2,2,2,2,2,2,2,2,3,2,2,2,2,2,2,2,2,2,2,2,2,2,2,2,2,2,2,2,2,2,2,2,2,2
"PTHR10035",1,1,1,1,1,1,1,1,1,1,1,1,1,1,1,1,1,1,1,1,1,1,1,1,1,1,2,1,1,1,1,1,1,1,1,1,1,1,1,1,1,1,0,1,1
"PTHR10036_SF2",1,1,1,1,0,1,1,1,0,0,1,1,1,1,1,1,0,1,1,0,1,1,1,1,1,2,1,1,1,1,0,1,1,1,1,1,1,1,1,1,1,0,0,1,1
"PTHR10036_SF4",1,1,1,1,1,0,1,1,1,0,0,0,1,1,1,1,0,0,1,0,1,1,1,1,1,0,1,1,1,1,0,1,1,1,0,1,1,0,1,1,1,0,0,0,1
"PTHR10036_SF5",1,1,1,1,1,1,1,1,1,1,1,1,1,1,1,1,1,1,1,1,1,1,1,1,1,0,1,1,1,1,1,1,1,1,1,1,1,1,1,1,1,1,1,1,2
"PTHR10036_SF6",1,1,1,1,1,2,1,1,0,0,1,1,1,1,0,2,1,0,1,3,1,1,2,1,1,1,1,1,1,1,1,0,1,1,1,1,1,0,1,1,1,1,1,1,1
"PTHR10037_SF132",1,1,1,1,1,1,1,1,1,1,1,1,1,1,1,1,1,1,1,1,1,1,1,1,1,1,1,1,1,1,1,1,1,1,1,1,1,1,1,1,1,1,1,1,1
"PTHR10037_SF133",2,2,2,2,2,2,2,2,2,2,2,2,2,3,2,2,2,2,2,2,2,2,2,2,2,2,3,2,2,2,2,4,2,2,2,2,2,2,2,2,2,2,2,2,2
"PTHR10037_SF137",1,1,1,1,1,1,1,1,1,1,1,1,1,1,1,1,1,1,1,1,1,1,1,1,1,1,1,2,1,2,1,1,1,1,1,1,1,1,1,1,1,1,1,3,1
"PTHR10037_SF139",2,1,1,1,1,1,1,1,1,1,1,1,1,1,1,1,1,1,1,1,1,1,1,1,1,1,1,1,1,1,1,1,1,1,1,1,1,1,1,1,1,1,1,1,1
"PTHR10037_SF14",1,1,1,1,1,1,1,1,1,1,1,1,1,1,1,1,1,1,1,1,1,1,1,1,1,1,1,1,1,1,1,1,1,1,0,1,1,1,1,1,1,1,1,0,1
"PTHR10037_SF161",1,1,1,1,1,1,1,1,1,2,1,1,1,1,1,1,1,1,1,1,1,2,1,1,1,1,2,1,2,3,1,1,1,1,1,1,1,1,1,1,1,1,1,1,1
"PTHR10037_SF175",1,1,1,1,1,1,1,1,1,1,1,1,1,1,1,2,1,1,1,1,1,1,1,1,1,1,1,1,1,1,0,1,1,1,1,1,1,1,1,1,1,1,1,1,1
"PTHR10037_SF176",1,1,1,1,1,1,1,1,1,1,1,1,1,1,1,1,1,2,1,2,1,1,1,1,1,1,0,1,1,1,1,1,1,1,1,1,1,1,1,1,1,1,1,1,1
"PTHR10037_SF178",1,1,1,1,1,1,1,1,1,2,1,1,1,1,1,1,1,1,1,2,1,1,1,1,1,1,1,1,1,1,1,1,1,1,1,1,1,1,1,1,1,1,1,1,1
"PTHR10037_SF184",1,1,1,1,1,1,1,1,1,1,1,1,1,1,1,1,1,1,1,1,1,1,1,1,1,1,1,1,1,1,1,1,1,1,1,1,1,1,1,1,1,1,1,1,1
"PTHR10037_SF188",1,2,1,1,1,1,1,1,1,1,1,1,1,1,1,2,1,1,1,1,1,1,1,1,1,2,3,1,1,1,1,1,1,1,1,1,1,1,1,1,1,2,1,1,1
"PTHR10037_SF189",1,1,3,2,1,1,1,1,0,1,1,1,1,3,1,1,1,1,3,1,1,1,1,3,1,1,1,3,1,1,1,0,1,2,1,1,1,1,3,1,1,1,0,1,1
"PTHR10037_SF190",1,1,1,1,1,1,1,1,1,1,1,1,1,1,1,1,1,1,1,0,1,1,1,1,1,1,1,1,1,2,1,1,1,1,1,1,1,1,1,1,1,1,1,1,1
"PTHR10037_SF192",1,1,1,1,1,1,1,1,1,0,1,1,1,1,1,1,2,1,1,2,1,1,1,1,1,1,1,1,1,2,0,1,1,1,1,1,1,1,1,1,1,1,1,1,1
"PTHR10037_SF193",1,1,1,1,1,1,1,1,1,1,1,1,1,1,1,1,1,1,1,1,1,1,1,1,1,1,1,1,1,1,1,1,1,1,2,1,1,1,1,1,1,1,1,1,1
"PTHR10037_SF197",1,1,1,1,1,1,1,1,1,1,1,1,1,1,1,1,1,1,1,1,1,1,1,1,1,1,1,1,1,1,1,1,0,1,1,1,1,1,1,1,1,1,1,1,1
"PTHR10037_SF199",1,1,1,1,1,1,1,1,0,1,1,1,1,1,1,1,1,1,1,1,1,1,1,1,1,1,1,1,1,1,1,0,1,1,1,1,1,1,1,1,1,1,1,0,1
"PTHR10037_SF200",1,2,1,2,1,1,1,1,1,1,2,1,1,1,1,3,1,1,1,1,1,1,2,1,1,1,2,1,1,1,2,1,1,1,1,1,1,1,1,1,2,1,1,1,2
"PTHR10037_SF201",1,1,1,1,1,1,1,1,1,1,1,1,1,1,1,1,1,1,1,1,1,1,1,1,1,1,1,1,1,1,1,1,1,1,1,1,1,1,1,1,1,1,1,1,1
"PTHR10037_SF202",1,1,1,1,1,1,1,1,1,1,1,1,1,1,1,1,1,1,1,1,1,1,1,1,1,1,0,1,1,1,0,1,1,1,1,1,1,1,1,0,1,1,1,1,1
"PTHR10037_SF22",1,1,1,1,1,1,1,1,1,1,1,1,1,1,1,1,1,1,1,1,1,1,1,1,1,3,1,1,1,1,1,1,1,1,1,1,1,1,1,1,1,1,1,1,1
"PTHR10037_SF23",2,1,1,1,1,1,1,1,1,1,1,1,1,1,1,1,1,1,1,1,1,1,1,1,1,1,1,1,1,1,1,1,1,1,1,1,1,1,1,1,1,1,1,1,1
"PTHR10037_SF28",1,1,1,1,1,1,1,1,1,1,3,1,1,1,1,1,1,1,1,1,1,1,1,1,1,1,1,1,1,1,1,1,1,1,2,1,1,1,1,1,1,1,1,3,1
"PTHR10037_SF32",1,1,1,1,1,0,1,1,0,1,1,1,1,1,1,1,0,1,1,1,1,1,1,1,1,1,1,1,1,1,1,0,1,1,1,1,1,1,1,0,1,1,0,0,1
"PTHR10037_SF57",2,1,1,1,1,1,1,1,1,1,1,1,1,1,1,1,1,1,1,2,1,1,1,1,1,1,0,1,1,1,1,1,1,1,1,1,1,1,1,1,1,1,1,1,1
"PTHR10037_SF59",1,1,1,1,1,1,1,1,1,1,1,1,1,1,1,1,1,1,1,2,1,1,1,1,1,1,1,1,1,1,1,1,1,1,1,2,1,1,1,1,1,2,1,1,2
"PTHR10037_SF92",1,1,0,1,1,1,1,1,1,1,1,1,1,0,1,0,0,0,0,0,0,1,0,0,0,1,0,0,1,1,1,1,1,0,1,0,0,1,0,0,1,1,0,1,1
"PTHR10039_SF7",1,1,1,1,1,2,1,1,1,1,1,1,1,1,1,1,1,1,1,0,1,1,1,1,1,1,1,1,1,1,0,1,1,1,1,1,1,1,1,1,1,2,1,1,2
"PTHR10041_SF3",1,1,1,1,1,1,1,0,0,1,1,1,1,1,1,1,1,1,1,0,0,1,1,1,1,0,1,1,1,1,1,0,1,1,0,1,1,0,1,1,1,1,0,0,1
"PTHR10041_SF4",1,1,1,1,1,1,1,1,1,1,1,1,1,1,1,1,1,1,1,1,1,1,1,1,1,1,1,1,1,1,1,1,1,1,1,1,1,1,1,1,1,1,1,1,1
"PTHR10041_SF6",1,1,1,1,1,1,1,1,1,1,1,1,0,1,0,1,0,1,1,0,1,1,1,1,1,0,1,1,0,1,0,0,1,1,1,1,1,0,1,1,1,0,1,0,1
"PTHR10042_SF1",1,1,1,1,1,1,1,1,1,1,1,1,1,1,1,1,1,1,1,0,1,1,1,1,1,1,1,1,1,1,1,1,1,1,1,1,1,1,1,1,1,1,1,1,1
"PTHR10042_SF24",1,1,1,1,1,1,1,1,1,1,1,1,1,1,1,1,1,1,1,1,1,1,1,1,1,1,1,1,1,1,1,1,1,1,1,1,1,1,1,1,1,1,1,1,1
"PTHR10042_SF3",1,1,1,1,1,1,1,1,1,1,1,1,1,1,1,1,1,1,1,1,1,1,1,1,1,1,1,1,1,1,1,1,1,1,1,2,1,1,1,1,1,1,1,1,1
"PTHR10042_SF6",1,1,1,1,1,1,1,1,1,1,1,1,1,1,1,1,1,1,1,0,1,1,2,1,1,1,1,1,1,1,1,1,1,1,1,1,1,1,1,1,1,1,1,1,1
"PTHR10042_SF7",1,1,1,1,1,1,1,1,1,1,1,1,1,1,1,1,1,1,1,1,1,1,1,1,1,1,1,1,1,1,1,1,1,1,1,1,1,1,1,1,1,1,1,1,1
"PTHR10044_SF10",1,1,1,1,1,1,1,1,1,1,1,1,1,2,2,1,1,1,2,1,1,1,1,2,1,1,1,2,1,1,2,1,1,1,1,1,1,1,2,1,1,1,1,1,1
"PTHR10044_SF100",1,2,1,1,1,1,1,1,1,0,1,1,1,1,1,1,1,1,1,0,1,1,1,1,1,1,2,1,1,1,1,1,1,1,1,1,1,1,1,1,1,2,1,1,1
"PTHR10044_SF79",2,3,2,2,2,2,2,2,2,1,2,1,1,2,4,2,3,2,2,2,2,1,2,2,2,2,2,2,2,2,2,5,3,2,2,2,2,2,2,2,2,1,2,1,2
"PTHR10044_SF88",1,1,1,2,1,2,1,1,1,0,2,2,1,1,1,1,1,1,2,2,2,1,1,2,1,1,1,1,1,1,1,1,1,1,1,1,1,1,1,1,1,1,1,2,0
"PTHR10044_SF93",1,1,1,1,1,1,1,1,1,1,1,1,1,1,1,1,1,1,1,1,1,1,1,1,1,1,2,1,1,1,1,1,1,1,1,1,1,1,1,1,1,1,1,1,1
"PTHR10044_SF97",1,1,1,0,0,1,0,1,1,0,1,1,1,1,1,1,1,1,1,1,1,0,1,1,1,1,1,1,0,1,0,1,1,1,0,1,1,1,1,1,0,0,1,0,0
"PTHR10046",3,2,2,2,2,2,2,2,2,2,2,2,2,2,2,2,2,2,2,2,2,2,2,2,2,2,2,3,2,2,1,3,2,2,2,2,2,2,2,2,2,2,2,2,2
"PTHR10048_SF15",1,1,1,1,1,1,1,1,1,1,1,1,1,3,1,1,1,1,1,1,1,1,1,1,1,1,1,1,1,1,1,1,1,1,1,1,3,1,3,1,1,1,1,1,1
"PTHR10048_SF22",1,1,1,1,1,1,1,1,1,1,1,1,1,1,1,1,1,1,1,1,1,2,1,1,1,1,1,1,1,1,1,1,1,1,1,1,1,1,1,1,1,1,1,2,1
"PTHR10048_SF28",1,1,1,1,1,1,1,1,1,1,1,1,1,1,1,1,1,1,1,1,1,1,1,1,1,1,2,1,1,1,1,1,1,1,1,1,1,1,1,1,1,1,1,1,1
"PTHR10048_SF29",1,1,1,1,1,1,1,1,1,1,1,1,1,1,1,1,2,1,1,1,1,1,1,1,1,1,1,1,1,1,1,1,1,1,0,1,1,1,1,1,1,1,1,0,1
"PTHR10048_SF30",1,1,1,1,1,1,1,1,1,1,1,1,1,1,1,1,1,1,1,1,1,1,1,1,1,1,1,1,1,1,1,1,1,1,1,1,1,1,1,1,1,1,1,1,1
"PTHR10048_SF33",1,1,1,1,1,1,1,1,1,1,1,1,1,1,1,1,1,1,1,1,1,1,1,1,1,1,1,1,1,1,1,1,1,1,1,1,1,1,1,2,1,1,1,1,1
"PTHR10048_SF34",1,1,1,2,1,1,1,1,1,1,1,1,1,1,1,1,1,1,1,1,1,1,1,1,1,1,1,1,1,1,1,1,1,1,1,1,1,1,1,1,1,1,1,1,1
"PTHR10048_SF35",1,1,1,1,1,1,1,1,1,1,1,1,1,1,1,1,4,1,1,1,1,1,1,1,1,1,1,1,1,1,1,1,1,1,1,1,1,1,1,1,1,1,1,1,1
"PTHR10048_SF54",1,2,1,1,1,1,1,1,1,2,1,1,1,1,3,1,1,1,1,1,1,1,1,1,1,1,1,1,1,1,1,1,1,1,1,1,1,1,1,2,1,1,1,1,1
"PTHR10048_SF7",1,1,1,1,1,1,1,1,1,1,1,1,1,1,1,1,1,1,1,1,1,1,1,1,1,1,1,1,1,1,1,1,1,1,1,1,1,1,1,1,1,1,1,1,1
"PTHR10050_SF10",1,1,2,1,1,1,1,1,1,1,1,1,1,1,1,1,1,1,1,1,1,1,1,1,1,0,1,1,1,1,1,1,1,1,1,1,1,1,0,2,1,1,1,1,1
"PTHR10050_SF26",1,1,1,1,1,1,1,1,1,1,1,1,1,1,1,1,1,1,1,1,1,1,1,1,1,1,1,1,1,1,2,1,1,1,1,1,1,1,1,1,1,1,1,1,1
"PTHR10050_SF31",1,1,1,1,1,1,1,1,1,1,1,1,1,1,1,1,1,1,1,1,1,1,1,1,1,1,1,1,1,1,1,1,1,1,1,1,1,1,1,1,1,1,1,1,1
"PTHR10050_SF9",1,1,1,1,1,1,1,1,1,1,1,1,1,1,1,1,1,0,1,1,1,1,1,1,1,1,1,1,1,1,1,1,1,1,1,1,1,1,1,1,1,1,1,1,1
"PTHR10052",1,3,9,3,2,3,4,3,2,0,2,1,3,5,1,1,1,1,6,1,4,1,1,7,6,1,1,6,2,1,1,8,1,7,8,3,6,3,9,2,5,2,1,7,4
"PTHR10055",2,2,2,2,2,2,2,2,2,2,2,2,2,2,2,2,2,2,2,3,2,2,2,2,2,2,2,2,2,2,2,2,2,2,2,2,2,2,2,2,2,2,2,2,2
"PTHR10057",2,1,1,2,2,2,2,2,2,2,3,2,2,2,2,2,1,2,2,2,2,2,3,2,2,2,2,2,2,2,2,1,2,2,2,2,2,2,2,2,1,2,2,3,2
"PTHR10058",1,1,1,1,1,1,1,1,1,1,1,1,1,1,1,1,1,1,1,1,1,1,1,1,1,1,1,1,1,1,1,1,1,1,1,1,1,1,1,1,1,1,1,1,1
"PTHR10059",1,1,1,1,1,1,1,1,1,1,1,1,1,1,1,1,1,1,1,1,1,1,1,1,1,1,1,1,1,1,1,1,1,1,0,1,1,1,1,1,1,1,1,0,1
"PTHR10060_SF15",1,1,1,1,1,1,1,1,1,1,1,1,1,2,2,1,1,1,1,1,1,1,1,1,1,1,1,1,1,1,1,3,1,1,1,1,2,1,2,1,1,1,1,2,1
"PTHR10060_SF17",1,1,1,0,1,1,1,1,1,1,1,1,1,1,1,1,1,1,1,1,1,1,1,1,1,1,1,1,1,1,2,1,1,1,1,1,1,1,1,1,1,1,1,1,1
"PTHR10060_SF19",2,1,1,1,2,2,2,1,1,2,1,1,1,1,1,2,1,1,1,2,1,1,1,1,1,1,1,1,1,3,2,1,1,1,1,2,1,1,1,2,2,2,2,1,2
"PTHR10061",1,1,2,2,1,2,3,1,1,1,2,2,2,1,3,1,1,1,2,1,1,1,1,2,5,1,1,1,1,1,2,6,2,2,1,1,1,2,1,2,2,1,1,2,1
"PTHR10063",3,3,3,3,3,3,3,3,3,3,4,3,3,4,4,3,3,4,3,3,3,3,3,3,3,3,4,3,3,3,3,3,3,3,4,3,3,3,3,3,3,3,3,3,3
"PTHR10064_SF1",2,7,1,2,1,5,3,1,2,2,1,1,1,1,1,1,1,1,2,2,1,3,1,2,2,1,2,2,2,3,3,5,1,2,2,2,2,1,2,3,5,2,1,1,1
"PTHR10064_SF2",2,1,5,7,4,3,3,1,1,1,1,1,2,9,3,2,2,1,6,0,2,6,1,3,2,3,6,3,6,1,1,9,1,5,6,6,6,3,8,1,5,3,1,3,2
"PTHR10066_SF12",1,1,1,1,1,1,1,1,1,1,1,1,1,1,1,1,1,1,1,1,1,1,1,1,1,1,1,1,1,1,1,1,1,1,1,1,1,1,1,1,1,1,1,1,1
"PTHR10066_SF51",1,2,1,1,1,2,2,1,1,1,1,1,1,1,1,1,1,1,2,1,2,1,1,2,1,1,1,2,1,2,1,1,1,1,1,1,1,1,3,1,1,1,1,1,1
"PTHR10067",1,1,1,1,1,1,1,1,1,1,1,1,1,1,1,1,1,1,1,1,1,1,3,1,1,1,1,1,1,1,1,1,1,1,1,1,1,1,2,1,1,1,1,1,1
"PTHR10068",2,5,2,2,2,2,2,2,3,2,4,11,2,2,1,3,2,1,2,2,2,1,2,2,2,1,2,2,1,4,2,2,3,2,2,2,2,0,2,2,2,3,2,3,2
"PTHR10070",1,1,1,1,1,1,1,1,1,1,1,1,1,1,1,1,1,1,1,1,1,1,1,1,1,1,1,1,1,1,1,1,1,1,1,1,1,1,1,1,1,1,1,1,1
"PTHR10071_SF106",1,1,1,1,1,1,1,1,1,1,1,1,1,1,1,1,1,1,1,1,1,1,1,1,1,1,1,1,1,1,1,1,1,1,1,1,1,1,1,1,1,1,1,1,1
"PTHR10071_SF148",1,1,1,1,1,1,1,1,1,1,1,1,1,1,1,1,1,1,1,1,1,1,1,1,1,1,1,1,1,1,0,1,1,1,1,1,1,1,1,1,1,1,1,1,1
"PTHR10071_SF149",1,1,1,1,1,1,1,1,1,1,1,1,1,1,2,1,1,1,1,1,1,1,1,1,1,1,1,1,1,1,1,1,1,1,1,1,1,1,1,1,1,1,1,1,1
"PTHR10071_SF150",1,1,1,1,1,1,1,1,1,1,1,1,1,1,1,1,1,1,1,8,1,1,1,1,1,1,1,1,1,1,1,1,1,1,1,1,1,1,1,2,1,1,1,1,1
"PTHR10071_SF153",1,1,1,1,1,1,1,1,1,1,1,1,1,1,1,1,1,1,1,0,1,1,1,1,1,0,1,1,1,1,1,1,1,1,1,1,1,1,1,1,1,1,1,1,1
"PTHR10071_SF154",1,1,1,1,1,1,1,1,1,1,1,1,1,1,1,2,1,1,1,1,1,1,1,1,1,1,1,1,1,1,1,1,1,1,1,1,1,1,1,1,1,1,1,1,1
"PTHR10071_SF23",1,1,1,1,0,1,1,1,1,1,1,1,1,1,1,1,1,1,1,1,1,1,1,1,1,1,1,1,1,1,0,1,1,1,1,1,1,1,1,1,1,1,1,2,1
"PTHR10071_SF6",1,1,1,1,1,1,1,1,1,1,1,1,1,1,1,1,1,1,1,1,1,1,1,1,1,1,1,1,1,1,1,1,1,1,1,1,1,1,1,1,1,1,1,1,1
"PTHR10072_SF26",1,1,2,1,1,1,1,1,1,1,1,1,1,2,1,1,1,1,2,2,1,1,1,2,1,1,1,1,1,0,1,2,1,2,1,1,2,1,2,1,1,1,1,1,1
"PTHR10072_SF41",1,2,4,1,1,1,3,2,3,2,1,2,1,2,2,1,1,1,2,1,2,4,2,2,1,1,1,4,1,2,1,5,1,4,1,3,3,1,4,1,3,2,1,1,1
"PTHR10073_SF12",1,1,1,1,1,1,1,1,1,1,1,1,1,1,1,1,1,1,1,1,1,1,1,1,1,1,1,1,1,1,1,1,1,1,1,1,1,1,1,1,1,1,1,1,1
"PTHR10073_SF38",1,1,1,1,1,1,1,1,1,1,1,1,1,1,0,1,1,1,1,1,1,1,1,1,1,1,1,1,1,1,1,1,0,1,1,1,1,1,1,1,1,1,1,1,1
"PTHR10073_SF7",1,1,1,1,1,1,1,1,1,1,1,1,1,1,1,1,1,1,1,1,1,1,1,1,1,1,1,1,1,1,1,1,1,1,1,1,1,1,1,1,1,1,1,1,1
"PTHR10073_SF9",1,1,1,1,1,1,1,1,1,1,1,1,1,2,1,1,1,1,1,1,1,1,2,1,1,1,1,2,1,1,1,1,1,1,1,1,1,1,3,1,1,1,1,2,1
"PTHR10075_SF12",1,1,1,1,1,2,1,1,1,1,1,1,1,1,1,1,1,1,1,3,1,1,1,1,1,1,1,1,1,1,0,1,1,1,1,2,1,1,1,1,1,1,1,1,1
"PTHR10075_SF4",1,1,1,1,1,1,1,1,1,2,1,1,1,0,1,1,1,1,1,1,1,1,1,1,1,1,1,1,1,1,1,1,1,1,1,1,1,1,1,1,1,1,1,1,1
"PTHR10075_SF5",1,1,1,1,1,1,1,1,1,1,1,1,1,1,1,1,1,1,1,1,1,1,1,1,2,1,1,1,1,1,1,1,1,1,1,1,1,1,1,1,1,1,1,1,1
"PTHR10075_SF7",1,1,1,1,1,1,1,1,1,1,1,1,1,1,1,1,1,1,1,1,1,1,1,1,1,1,1,1,1,1,1,1,1,1,1,1,1,1,1,1,1,1,1,1,1
"PTHR10077",1,1,1,1,1,1,1,1,1,1,1,1,1,1,1,1,1,1,1,1,1,1,1,1,1,1,1,1,1,1,1,0,2,1,1,1,1,1,1,1,1,1,1,1,1
"PTHR10078",6,9,8,8,7,8,7,8,13,5,8,10,5,9,7,8,9,7,8,8,8,7,7,8,7,6,8,6,6,9,6,5,8,8,9,7,6,6,6,7,8,9,5,8,7
"PTHR10079",1,1,1,1,1,1,1,0,0,0,0,0,0,1,0,1,0,2,1,1,1,0,1,1,0,1,0,1,0,1,0,0,0,1,0,0,1,0,1,1,1,0,1,0,0
"PTHR10082",9,9,9,9,9,9,9,9,9,9,10,9,9,9,9,10,9,9,9,9,9,9,10,9,10,9,10,9,9,9,9,9,9,9,9,10,9,8,10,8,9,9,9,10,10
"PTHR10083_SF166",1,1,1,1,1,1,1,1,1,1,1,1,1,1,1,1,1,1,1,1,1,1,1,1,1,1,2,1,1,1,1,1,1,1,1,1,1,1,1,1,1,1,1,1,1
"PTHR10083_SF169",2,1,1,1,1,0,1,1,0,1,1,1,1,1,1,1,1,2,1,1,1,1,1,1,1,1,1,1,1,1,1,1,1,1,0,1,1,1,1,1,1,1,0,0,1
"PTHR10083_SF174",1,1,1,1,1,1,1,1,1,1,1,1,1,1,1,1,1,1,2,1,1,1,1,1,1,1,1,1,1,1,1,1,1,1,1,1,1,1,1,1,1,1,1,2,1
"PTHR10083_SF175",1,0,1,1,1,1,1,1,1,1,0,1,1,1,1,1,0,1,1,1,1,1,1,1,0,0,0,1,1,1,1,1,1,1,0,1,0,1,1,1,1,0,0,0,0
"PTHR10083_SF177",1,1,1,1,1,1,1,1,1,1,1,1,1,1,1,1,1,1,1,1,1,1,1,1,1,1,1,1,1,1,1,1,1,1,1,1,1,1,1,1,2,1,1,1,2
"PTHR10083_SF18",1,1,1,1,1,1,1,1,1,1,1,1,1,1,1,1,0,1,1,1,1,1,1,1,1,1,1,1,1,1,1,1,1,1,1,1,1,1,1,1,1,1,1,1,1
"PTHR10083_SF183",1,1,1,1,1,1,1,1,1,1,1,1,1,1,1,1,1,1,1,1,1,1,1,1,1,1,1,1,1,1,1,1,1,1,1,1,1,1,1,1,1,1,1,1,1
"PTHR10083_SF194",1,1,1,1,1,1,1,1,1,0,1,1,1,1,1,1,1,1,1,0,1,1,1,1,1,1,1,1,1,1,1,1,1,1,1,1,1,0,1,1,1,1,1,1,1
"PTHR10083_SF204",1,1,1,1,1,1,1,1,0,1,1,1,1,1,1,1,1,1,1,5,1,1,1,1,1,1,1,1,1,1,1,0,1,1,1,1,1,1,1,1,1,1,1,1,1
"PTHR10083_SF87",1,1,1,1,1,1,1,1,1,1,1,1,1,1,1,1,1,1,1,1,1,1,1,1,1,1,1,1,1,1,0,1,1,1,1,1,1,1,1,1,1,1,1,1,1
"PTHR10083_SF89",1,1,1,1,1,1,1,1,1,1,1,1,1,1,1,1,1,1,1,1,1,1,1,1,1,0,1,1,2,1,0,1,1,1,1,1,1,1,1,1,1,1,1,1,1
"PTHR10088",1,0,1,1,1,0,1,1,1,0,1,1,0,1,1,1,1,1,1,0,1,1,1,1,0,0,1,1,0,1,1,1,1,1,1,1,1,1,1,1,1,1,1,1,1
"PTHR10091",1,1,1,1,1,1,1,1,1,1,1,1,1,1,1,1,2,1,1,1,1,1,1,1,1,1,1,1,1,1,1,1,1,1,1,1,1,1,1,1,1,2,1,1,1
"PTHR10093_SF3",1,2,1,1,2,1,4,1,1,2,3,2,1,1,1,1,1,1,1,1,1,3,1,1,1,1,2,1,1,1,1,2,0,1,1,1,1,2,2,1,1,1,1,1,3
"PTHR10098_SF100",2,1,1,1,2,1,1,1,0,1,1,1,1,1,1,1,1,1,1,1,1,1,1,1,0,1,1,1,1,1,1,0,1,1,1,1,0,1,1,1,1,1,1,1,1
"PTHR10098_SF101",1,1,1,1,1,1,1,1,1,1,1,1,1,1,1,1,1,1,1,1,1,1,1,1,1,1,1,1,1,1,1,1,1,1,1,1,1,1,1,1,1,1,1,0,1
"PTHR10098_SF106",1,1,1,1,1,1,1,1,1,1,1,1,1,1,1,1,1,1,1,1,1,1,1,1,1,1,1,1,1,1,1,1,1,1,1,1,1,1,1,1,1,1,1,1,1
"PTHR10098_SF107",1,1,1,1,1,1,1,1,1,1,1,1,1,1,1,1,1,1,1,1,1,1,2,1,1,1,1,1,1,1,1,1,1,1,1,1,1,1,1,1,1,1,1,1,1
"PTHR10098_SF36",1,1,1,1,1,2,1,2,2,1,1,1,2,1,1,2,1,1,1,0,1,1,2,1,2,1,1,1,1,1,0,2,1,1,1,1,2,1,1,1,1,1,1,1,1
"PTHR10098_SF98",1,1,1,1,0,0,1,1,1,1,1,1,1,1,1,1,1,1,1,1,1,1,1,1,1,1,0,1,1,1,1,1,1,1,1,1,1,1,1,1,1,1,1,0,0
"PTHR10098_SF99",1,1,1,1,1,1,1,1,0,0,1,1,1,1,1,7,1,1,1,0,1,1,1,1,2,0,1,1,1,1,1,1,1,1,1,1,1,1,1,1,2,1,1,0,1
"PTHR10099",1,1,1,1,1,1,1,1,1,1,1,1,1,1,1,1,1,1,1,1,1,1,1,1,1,1,1,1,1,2,1,1,1,1,1,1,1,1,1,1,1,1,1,2,1
"PTHR10102",1,1,1,1,1,1,1,1,1,0,1,1,1,1,1,1,1,1,1,1,1,1,1,1,1,1,1,1,1,1,0,0,1,1,1,1,2,1,2,1,1,1,1,1,1
"PTHR10104",5,7,5,6,5,7,8,6,6,7,5,5,6,5,6,5,6,6,5,5,5,5,5,5,5,6,6,5,5,6,5,11,5,5,6,6,5,5,6,5,5,5,4,8,5
"PTHR10105",1,1,1,0,1,1,1,1,1,0,1,1,1,1,1,1,1,1,0,1,1,0,1,1,1,1,0,1,1,1,0,1,0,1,2,0,1,0,1,1,0,1,1,2,1
"PTHR10106",3,3,3,3,3,3,3,3,3,3,3,3,3,4,3,3,3,3,3,3,3,3,3,3,3,2,4,2,3,2,3,3,3,3,3,3,3,3,3,3,3,3,3,3,3
"PTHR10108_SF11",1,1,1,1,1,1,0,1,0,1,1,1,1,1,0,1,1,1,1,0,1,1,1,1,1,1,1,1,0,1,1,1,1,1,0,1,1,1,1,1,1,1,1,0,1
"PTHR10108_SF24",1,1,1,1,1,1,1,1,1,1,1,1,1,1,1,1,1,1,1,1,1,2,1,1,1,1,1,1,1,1,1,1,1,1,1,1,1,1,1,1,1,1,1,1,1
"PTHR10108_SF693",1,1,1,1,1,1,1,1,0,0,1,1,1,1,1,1,1,1,0,1,0,1,1,0,1,1,1,1,1,1,1,1,1,0,0,1,1,1,2,2,1,1,1,1,1
"PTHR10108_SF734",2,3,0,1,1,2,3,1,1,2,2,2,1,1,1,1,1,1,1,2,1,1,4,1,2,2,2,1,2,2,1,1,2,1,1,1,1,2,1,1,1,2,1,1,1
"PTHR10108_SF742",1,1,0,0,1,1,0,1,1,1,1,1,1,0,1,0,1,1,0,1,0,1,1,0,2,1,1,0,1,1,1,1,1,0,1,1,0,1,0,1,0,0,0,1,1
"PTHR10108_SF758",1,1,1,1,1,1,1,1,1,1,1,1,1,1,1,1,0,1,1,0,1,0,1,1,1,1,1,1,1,1,1,1,1,1,1,1,1,1,1,1,1,1,1,1,1
"PTHR10109",1,0,1,1,1,1,1,1,1,1,1,1,1,1,1,1,1,1,1,1,1,1,1,1,1,1,1,1,1,1,1,1,1,1,1,1,1,1,1,1,1,1,0,1,1
"PTHR10110_SF103",1,1,1,1,1,1,1,1,1,1,1,1,1,1,1,1,1,1,1,1,1,1,1,1,1,1,1,1,1,1,1,1,1,1,1,1,1,1,1,1,1,1,1,2,1
"PTHR10110_SF56",1,1,1,1,1,1,1,1,1,1,1,1,1,1,1,1,1,1,1,1,1,1,1,1,1,1,1,1,1,1,1,1,1,1,1,1,1,1,1,1,1,1,1,1,1
"PTHR10110_SF59",1,1,1,1,1,1,1,1,1,1,1,1,1,1,1,1,1,1,1,1,1,1,1,1,1,1,1,1,1,1,1,1,1,1,1,1,1,1,1,1,1,1,1,1,1
"PTHR10110_SF61",1,1,1,1,1,1,1,1,1,2,1,1,1,1,1,1,1,1,1,1,1,1,1,1,1,1,2,1,1,1,1,1,1,1,1,1,1,1,1,1,1,1,1,1,1
"PTHR10110_SF87",1,1,1,1,1,1,0,1,1,1,1,1,1,1,1,2,1,1,1,1,1,1,1,1,1,1,0,1,1,1,1,1,1,1,1,1,1,1,1,1,1,1,1,0,1
"PTHR10110_SF88",1,1,1,1,1,1,1,1,1,1,1,1,1,1,1,1,1,1,1,1,1,1,1,1,1,1,1,1,1,1,1,1,1,1,1,0,1,1,1,1,1,1,1,1,1
"PTHR10110_SF89",1,1,1,1,1,1,1,1,1,1,1,1,1,1,1,1,1,1,1,1,1,1,1,1,1,1,1,1,1,1,1,1,1,1,1,1,1,1,1,1,1,1,1,2,1
"PTHR10110_SF90",1,1,1,1,1,1,1,1,1,1,1,1,1,1,1,1,1,1,1,1,1,1,1,1,1,1,1,1,1,1,1,1,1,1,1,1,1,1,1,1,1,1,1,1,1
"PTHR10110_SF91",1,1,1,1,1,1,0,1,0,1,1,1,1,1,1,1,0,1,1,1,1,1,0,1,0,1,1,1,1,1,1,0,1,1,1,1,1,1,1,0,1,1,1,1,1
"PTHR10110_SF94",2,3,3,2,2,2,2,2,2,2,2,2,2,3,3,2,2,2,3,2,2,2,2,3,2,2,3,3,2,2,2,2,2,2,2,2,3,2,3,2,2,2,2,2,2
"PTHR10113",1,1,3,3,2,2,2,2,1,1,2,1,1,2,5,1,1,1,2,1,1,1,1,3,1,1,1,1,2,2,1,2,1,2,1,1,2,1,4,1,1,1,1,1,1
"PTHR10114_SF1",1,5,4,10,2,3,2,5,2,2,2,1,2,3,4,1,2,1,5,2,2,2,2,4,8,3,2,3,1,3,4,31,4,6,3,3,2,2,5,12,6,1,1,1,3
"PTHR10117",7,7,7,7,7,8,7,7,7,8,8,7,7,7,8,6,7,7,7,6,6,7,8,7,6,8,7,7,7,7,7,7,7,7,7,7,6,7,6,7,7,7,7,7,7
"PTHR10119_SF1",1,1,1,1,1,1,1,1,1,1,1,1,1,1,1,1,1,1,1,1,1,1,1,1,1,1,1,1,1,1,1,1,1,1,1,1,1,1,1,1,1,1,1,1,1
"PTHR10119_SF15",1,1,1,1,1,1,1,1,1,1,1,1,1,1,1,1,1,1,1,2,1,1,1,1,1,1,1,1,1,1,1,1,1,1,1,1,1,1,1,1,1,1,1,2,1
"PTHR10119_SF17",1,1,1,3,1,1,1,1,1,1,1,1,1,1,1,1,1,1,1,1,1,1,1,1,1,1,1,1,1,1,1,2,1,1,1,1,1,1,1,2,3,1,1,1,1
"PTHR10120",1,1,1,1,1,1,1,1,1,1,1,1,1,1,1,1,1,1,1,1,1,1,1,1,1,1,1,1,1,1,1,1,1,1,1,1,1,1,1,1,1,1,1,1,1
"PTHR10121",1,1,1,1,1,1,1,1,1,1,1,1,1,1,1,1,1,1,1,1,1,1,1,1,1,1,1,1,1,1,2,1,1,1,1,1,1,1,1,1,1,1,1,1,1
"PTHR10122_SF0",2,2,1,1,3,1,1,1,1,3,1,1,1,1,1,1,2,1,3,2,1,1,2,2,2,1,1,2,2,1,1,2,1,3,3,1,1,3,2,2,1,2,1,4,2
"PTHR10125",8,7,7,8,7,7,7,7,7,6,9,8,9,7,7,8,7,7,7,7,7,7,7,7,7,7,7,8,7,7,7,7,6,7,8,7,7,7,8,7,7,7,7,8,8
"PTHR10126_SF13",1,1,1,1,3,1,1,1,1,1,1,1,1,1,1,1,1,1,1,1,1,1,1,1,1,1,1,1,1,1,1,3,1,1,1,1,1,1,1,1,1,1,1,1,2
"PTHR10126_SF15",1,2,1,1,1,2,1,1,1,2,1,1,1,1,1,1,1,1,1,1,1,1,1,1,1,1,1,1,1,2,1,1,1,1,1,1,1,1,1,1,1,1,1,1,1
"PTHR10126_SF17",1,1,1,1,1,1,1,1,1,1,1,1,1,1,1,2,1,1,1,1,1,1,1,1,1,1,1,1,1,1,1,1,1,1,1,1,1,1,1,1,1,1,1,1,1
"PTHR10127_SF13",1,1,1,1,1,1,1,1,1,1,1,1,1,1,1,1,1,1,1,1,1,1,1,1,1,1,1,1,1,1,1,1,1,1,1,1,1,1,1,1,1,1,1,1,1
"PTHR10127_SF29",1,1,1,1,1,1,1,1,1,1,1,1,1,1,1,1,1,1,1,1,1,1,1,1,1,1,2,1,1,1,1,1,1,1,1,1,1,1,1,1,1,1,1,1,1
"PTHR10127_SF294",1,1,1,1,1,1,1,1,1,1,1,1,1,1,1,1,1,1,1,1,1,1,1,1,1,1,1,1,1,1,1,1,1,1,2,1,1,1,1,1,1,1,1,2,1
"PTHR10127_SF30",1,1,1,1,1,1,1,1,1,1,1,1,1,1,1,1,1,1,1,1,1,1,1,1,1,1,1,1,1,1,1,1,1,1,1,1,1,1,1,1,1,1,1,1,1
"PTHR10127_SF303",1,1,1,1,1,1,1,1,1,1,1,1,1,1,1,1,1,1,1,1,1,1,1,1,1,1,1,1,1,1,1,1,1,1,1,1,1,1,1,1,1,1,1,1,1
"PTHR10127_SF304",1,1,1,1,1,1,1,1,1,1,1,1,1,1,1,1,1,1,1,1,1,1,1,1,1,1,0,1,1,1,4,1,1,1,1,1,1,1,1,1,1,1,1,1,1
"PTHR10127_SF305",1,1,1,1,1,1,1,1,1,1,1,1,1,1,1,1,1,1,1,1,1,1,1,1,1,1,1,1,1,1,1,1,1,1,1,1,1,1,1,1,1,1,1,1,1
"PTHR10127_SF312",2,1,1,2,2,1,2,2,2,1,1,1,2,1,2,1,2,2,1,2,1,2,2,1,2,2,2,2,2,2,2,2,2,1,1,2,1,2,1,2,2,2,2,3,2
"PTHR10127_SF314",1,1,1,1,1,1,1,1,1,1,1,1,1,1,1,1,1,1,1,1,1,1,1,1,1,1,1,1,1,1,1,1,1,1,1,1,1,1,1,1,1,1,1,1,1
"PTHR10127_SF315",1,1,1,1,1,1,1,1,1,1,1,1,1,1,1,1,1,1,1,1,1,1,1,1,1,1,0,1,1,1,1,1,1,1,1,1,1,1,1,1,1,1,1,1,1
"PTHR10127_SF317",1,1,1,1,1,1,1,1,1,1,1,1,1,1,1,1,1,1,1,1,1,1,1,1,1,1,1,1,0,1,1,1,1,1,2,1,1,1,1,1,1,1,1,1,1
"PTHR10127_SF4",5,1,1,1,1,2,1,1,1,2,1,1,1,1,1,2,1,3,1,5,1,1,1,1,1,2,1,1,1,5,1,0,2,1,1,1,1,1,1,0,1,1,1,2,2
"PTHR10127_SF40",1,1,1,1,1,1,1,1,1,1,1,1,1,1,1,1,1,1,1,1,1,1,1,1,1,1,1,1,1,1,1,1,1,1,1,1,1,1,1,1,1,1,1,1,1
"PTHR10127_SF405",1,1,1,2,1,3,1,1,1,3,3,1,1,1,1,1,1,2,1,1,1,1,1,1,1,2,2,1,1,2,1,1,2,2,2,1,1,1,1,1,1,1,1,1,2
"PTHR10127_SF41",1,1,1,1,1,1,1,1,1,1,1,1,1,1,1,1,1,1,1,1,1,1,1,1,1,1,1,1,1,1,1,1,1,1,1,1,1,1,1,1,1,1,1,1,1
"PTHR10127_SF50",2,1,1,1,1,1,1,1,1,1,3,1,1,1,1,1,1,1,1,1,1,1,1,1,1,1,1,1,2,1,1,1,1,1,1,1,1,2,1,1,1,1,1,1,1
"PTHR10127_SF550",1,1,1,1,1,1,1,1,1,0,1,1,1,1,1,1,1,1,1,1,1,1,1,1,1,1,1,1,1,1,0,1,1,1,1,1,1,1,1,1,1,1,1,0,1
"PTHR10127_SF560",2,1,1,1,1,1,1,1,1,2,2,2,1,2,1,2,2,3,2,1,2,2,1,1,1,2,2,1,3,1,1,1,1,2,1,1,1,1,1,1,0,1,1,1,1
"PTHR10127_SF561",1,1,1,1,1,1,1,1,1,1,1,1,1,1,1,2,1,1,1,1,1,1,1,0,1,1,1,1,1,1,1,1,1,1,1,1,1,1,1,1,1,2,1,1,1
"PTHR10127_SF565",2,2,1,1,1,3,1,1,4,3,3,1,1,1,1,1,4,2,1,2,1,1,1,1,3,2,3,1,1,1,1,3,2,1,3,1,1,2,1,1,1,1,1,3,3
"PTHR10127_SF567",1,1,1,1,1,1,1,1,1,1,1,1,1,1,1,1,1,1,1,1,1,1,1,1,1,1,1,1,1,1,1,1,1,1,1,1,1,1,2,1,1,1,1,1,1
"PTHR10127_SF570",1,1,1,1,1,1,1,1,1,1,1,1,1,1,1,1,1,1,1,1,1,1,1,1,1,1,0,1,1,1,1,1,1,1,1,1,1,1,1,1,1,1,1,1,1
"PTHR10127_SF571",1,1,1,1,1,1,1,1,1,1,1,1,1,1,3,1,1,1,1,1,1,1,1,1,1,1,1,1,1,1,1,1,1,1,1,1,1,1,1,1,1,1,1,1,1
"PTHR10127_SF584",1,1,1,1,1,1,1,1,1,1,1,1,1,1,1,1,1,1,1,1,1,1,1,1,1,1,1,1,1,1,1,1,1,1,1,1,1,1,1,1,1,1,1,1,1
"PTHR10127_SF587",1,1,0,0,0,1,0,0,0,1,1,0,0,0,0,0,0,1,0,1,1,0,0,1,1,1,1,0,0,1,1,0,1,0,1,0,0,0,0,1,0,1,0,0,1
"PTHR10127_SF593",1,1,1,1,1,1,1,1,1,1,3,1,1,1,1,1,1,1,1,0,1,1,2,1,1,1,1,1,1,1,1,1,1,1,1,1,1,1,1,1,1,1,1,2,1
"PTHR10127_SF595",1,0,0,0,1,1,1,0,0,0,1,1,1,0,0,0,0,0,0,1,1,1,0,1,0,2,0,0,1,1,0,0,0,0,0,0,0,1,0,0,1,1,0,0,1
"PTHR10127_SF597",1,1,1,1,1,1,1,1,1,1,1,1,1,1,1,1,1,1,1,1,1,1,1,1,1,1,1,1,1,1,1,1,1,1,1,1,1,1,1,1,1,1,1,1,1
"PTHR10127_SF605",2,1,1,1,1,1,1,1,1,1,1,1,1,1,1,1,0,1,1,1,1,1,0,1,0,1,0,1,1,1,1,0,1,1,1,0,1,1,1,0,1,1,1,1,1
"PTHR10127_SF612",1,1,1,1,2,1,1,1,1,0,0,0,1,1,0,3,1,0,1,0,1,1,1,1,0,2,0,1,2,1,1,1,1,1,0,0,0,1,1,1,1,1,1,0,1
"PTHR10127_SF613",1,1,1,1,1,1,1,1,1,1,1,1,1,1,1,1,1,1,1,1,1,1,1,1,1,1,1,1,1,1,1,1,1,1,1,1,1,1,1,1,1,1,1,1,1
"PTHR10127_SF615",2,1,1,1,1,1,1,1,1,1,1,1,1,1,1,2,1,1,1,1,1,1,2,1,1,1,1,1,1,1,1,1,1,1,1,1,1,1,1,1,1,1,1,1,1
"PTHR10127_SF616",1,1,1,1,1,1,1,1,1,1,1,1,1,1,1,1,1,1,1,2,1,1,1,1,1,1,1,1,1,1,1,1,1,1,1,1,1,1,1,1,1,1,1,1,1
"PTHR10127_SF618",1,0,1,1,0,0,1,0,0,0,1,1,0,1,0,1,0,1,1,0,0,0,1,1,0,1,0,1,1,0,1,0,0,1,1,0,1,1,1,0,1,1,0,0,0
"PTHR10129_SF15",1,1,1,1,1,1,1,1,1,1,1,1,1,1,1,1,1,1,1,0,1,1,1,1,1,0,1,1,1,1,0,1,0,1,1,1,1,1,1,1,1,1,1,1,1
"PTHR10129_SF25",1,1,1,1,1,1,1,1,0,0,1,1,1,1,1,1,1,1,1,1,1,1,1,1,1,1,1,1,0,1,1,1,1,1,1,1,1,1,1,1,1,1,1,1,1
"PTHR10129_SF26",1,1,1,1,1,1,1,1,1,1,1,0,1,1,1,1,1,1,1,0,1,1,1,1,1,1,1,1,1,0,0,1,1,1,1,1,1,2,1,1,1,1,0,1,1
"PTHR10129_SF5",1,1,1,1,1,1,1,1,1,1,1,1,1,1,1,2,1,1,1,1,1,1,1,1,1,1,1,1,1,1,1,1,1,1,1,1,1,1,1,1,1,1,1,1,1
"PTHR10129_SF9",1,1,1,1,1,1,1,0,0,1,1,1,1,1,1,1,0,1,0,0,1,1,1,1,1,1,1,1,0,1,0,1,1,1,1,1,0,1,1,1,0,1,0,1,1
"PTHR10130_SF1",1,1,1,1,1,1,1,1,1,1,1,1,1,1,1,1,1,1,1,1,1,1,1,1,1,1,2,1,1,1,1,1,1,1,1,1,1,1,1,1,1,1,1,1,1
"PTHR10130_SF2",1,1,1,2,1,1,1,1,1,0,1,1,1,1,1,2,1,1,1,2,1,2,1,1,1,1,1,1,1,1,1,1,1,2,1,1,1,1,2,2,2,1,1,1,1
"PTHR10131_SF21",1,1,1,1,1,1,1,1,1,1,1,1,1,1,1,1,1,1,1,0,1,1,1,1,1,1,1,1,1,2,0,1,1,1,1,1,1,1,1,1,1,1,1,1,1
"PTHR10131_SF29",1,1,1,1,1,1,1,1,1,1,1,1,1,1,1,1,1,1,1,1,1,1,1,1,1,1,1,1,1,1,1,1,1,1,1,1,1,1,1,1,1,1,1,2,1
"PTHR10131_SF52",1,1,1,1,1,1,1,1,1,1,1,1,1,2,1,1,1,1,2,1,1,1,1,2,1,1,1,2,1,1,1,1,1,1,1,1,2,1,2,1,1,1,1,1,1
"PTHR10131_SF66",1,1,1,1,1,1,1,1,1,1,1,1,1,1,1,1,1,1,1,1,1,1,2,1,1,1,1,1,1,1,1,1,1,1,1,1,1,1,1,1,1,1,1,1,1
"PTHR10131_SF71",1,1,1,1,1,1,1,1,1,1,1,1,1,1,1,1,2,1,1,1,1,1,1,1,1,1,1,1,1,1,1,1,1,1,1,1,1,1,1,1,1,1,1,2,1
"PTHR10131_SF72",1,1,1,1,1,1,1,1,1,1,1,1,1,1,1,1,1,1,1,1,1,1,1,1,1,1,1,1,1,1,1,1,1,1,1,1,1,1,1,1,1,1,1,1,1
"PTHR10132",2,2,2,2,2,2,2,3,2,2,2,2,2,2,2,2,2,2,2,2,2,2,2,2,2,2,3,2,2,2,2,3,2,2,2,2,1,2,2,2,2,2,2,2,2
"PTHR10133",1,1,1,1,2,0,1,1,1,1,1,1,0,1,2,1,1,2,1,1,1,1,2,1,2,0,1,1,1,1,1,1,1,1,1,1,1,0,1,1,1,1,1,0,1
"PTHR10134",1,1,1,1,1,1,3,1,1,2,1,1,1,1,1,1,2,1,2,0,2,1,1,2,1,0,1,1,2,2,2,1,1,1,1,1,1,2,2,1,1,1,1,1,1
"PTHR10136",1,2,2,1,2,1,2,1,1,1,1,4,2,2,1,4,2,2,2,0,2,2,2,2,2,1,2,1,2,2,2,1,1,2,1,2,2,1,2,2,2,2,0,1,2
"PTHR10137",2,3,2,2,2,2,2,2,2,2,2,2,2,2,3,2,2,2,2,2,2,2,3,2,2,2,2,2,2,2,2,3,2,2,4,2,2,2,2,2,2,2,2,3,2
"PTHR10138",1,1,1,1,1,1,1,1,1,1,1,1,1,1,1,2,1,1,1,1,1,1,1,1,1,1,1,1,1,1,1,1,1,1,1,1,1,1,1,1,1,1,1,1,1
"PTHR10139",1,1,2,1,1,1,1,2,1,1,1,1,1,2,1,1,1,1,2,1,1,2,1,1,1,1,1,2,1,1,1,1,1,1,1,1,2,1,2,1,1,1,1,1,1
"PTHR10142",1,1,1,1,1,1,1,1,1,1,1,1,1,1,1,1,1,1,1,1,1,1,1,1,1,1,1,1,1,1,1,1,1,1,1,1,1,1,1,1,1,1,1,1,1
"PTHR10145",1,1,1,1,1,1,1,1,1,1,1,1,1,1,1,1,1,1,1,1,1,1,1,1,1,1,1,1,1,1,1,1,1,1,1,1,1,1,1,1,1,1,1,1,1
"PTHR10146",1,1,1,1,2,1,1,1,1,1,1,1,1,1,1,1,1,1,1,1,1,1,1,1,1,1,1,1,1,1,1,1,1,1,1,1,1,1,1,1,1,1,1,1,1
"PTHR10150",1,2,1,1,1,1,1,1,1,1,1,1,1,1,1,1,1,1,1,1,1,1,1,1,1,1,1,2,1,1,1,1,1,1,1,1,1,1,1,2,1,1,1,1,1
"PTHR10151_SF16",1,1,1,1,1,1,1,1,1,1,1,1,1,1,1,1,1,1,1,1,1,1,1,1,1,1,1,1,1,1,1,1,1,1,1,1,1,1,1,1,1,1,1,1,1
"PTHR10151_SF17",1,1,1,1,1,1,1,1,1,1,1,1,1,1,1,1,1,1,1,0,1,1,1,1,1,1,1,0,1,1,1,1,1,1,1,1,1,1,1,1,1,1,1,1,1
"PTHR10151_SF21",1,1,1,1,1,1,1,1,1,1,1,1,1,1,1,1,1,1,1,1,1,1,1,1,1,1,1,1,1,1,1,1,1,1,1,1,1,1,1,1,1,1,1,1,1
"PTHR10151_SF55",1,1,1,1,1,1,1,1,1,1,1,1,1,1,1,1,1,1,1,1,1,1,1,1,1,1,1,1,2,1,1,1,1,1,1,1,1,1,1,1,1,1,1,1,1
"PTHR10151_SF63",1,1,1,1,1,1,1,1,0,1,1,1,1,1,1,1,1,1,1,1,1,1,1,1,1,1,1,1,1,1,2,1,1,1,1,1,1,1,4,1,1,1,1,1,1
"PTHR10151_SF64",1,1,1,1,1,1,1,1,1,1,1,1,1,1,1,1,1,1,1,1,1,1,1,1,1,1,2,1,1,1,1,1,1,1,1,1,1,1,1,1,1,1,1,2,1
"PTHR10151_SF65",1,1,0,0,1,1,0,0,0,1,0,0,1,0,0,0,0,0,0,1,0,0,0,0,0,1,0,0,1,1,0,0,1,0,1,0,0,1,0,0,0,0,0,1,1
"PTHR10151_SF66",1,1,1,1,1,1,1,1,1,1,1,1,1,0,1,1,1,1,1,1,1,1,1,1,1,1,0,1,1,1,1,1,1,1,1,1,1,1,1,1,1,1,1,1,1
"PTHR10153",4,4,4,4,4,4,4,4,4,3,4,4,4,4,4,4,4,4,4,4,4,4,5,4,4,4,4,4,4,4,3,4,4,4,4,4,4,4,4,5,4,4,4,5,4
"PTHR10155_SF1",1,1,1,1,1,1,1,1,1,1,1,1,1,1,1,2,1,1,1,3,1,1,2,1,1,1,1,2,1,1,0,1,1,1,1,1,1,1,1,1,1,1,1,1,1
"PTHR10155_SF2",1,1,1,1,1,1,1,1,1,1,1,1,1,1,2,2,1,1,1,1,1,2,2,1,1,1,1,1,1,1,1,1,1,1,1,1,1,1,1,1,1,1,1,1,1
"PTHR10155_SF3",1,1,1,1,1,1,1,1,1,1,1,1,1,1,1,1,1,1,1,1,1,1,1,1,1,1,1,1,1,1,1,1,1,1,1,1,1,1,1,1,1,1,1,1,1
"PTHR10156",1,1,1,1,1,1,1,1,1,1,1,1,1,1,1,1,1,1,1,1,1,1,1,1,1,1,1,1,1,1,0,1,1,1,1,1,1,1,1,1,1,1,1,1,1
"PTHR10157",3,4,2,2,3,3,3,3,2,3,3,3,3,2,3,2,3,3,2,2,2,3,3,2,3,3,3,2,3,3,3,3,3,2,3,3,2,3,2,3,2,3,3,4,3
"PTHR10159_SF105",1,1,1,1,1,2,1,1,1,1,1,1,1,1,1,1,1,1,1,1,1,1,1,1,1,1,1,1,1,1,1,1,2,1,1,1,1,1,1,1,1,1,1,1,1
"PTHR10159_SF106",1,1,1,1,1,1,1,1,1,1,1,1,1,1,1,1,1,1,1,1,1,1,1,1,1,1,1,1,1,1,1,1,1,1,1,1,1,1,1,1,1,1,1,1,1
"PTHR10159_SF107",1,1,1,1,1,1,1,1,1,1,1,1,1,1,1,1,1,1,1,1,1,1,1,1,1,1,1,1,1,1,1,1,1,1,1,1,1,1,1,1,1,1,1,1,1
"PTHR10159_SF108",1,1,1,1,1,1,1,1,1,0,1,1,1,1,1,3,1,1,1,0,1,1,1,1,1,1,1,1,1,1,1,1,1,1,1,1,1,1,2,1,1,1,1,1,1
"PTHR10159_SF109",1,1,1,1,1,1,1,1,1,0,1,1,1,1,1,1,1,1,1,1,1,1,1,1,1,1,1,0,1,1,1,1,1,1,1,1,1,1,1,1,1,1,1,1,1
"PTHR10159_SF111",1,1,1,1,1,1,1,1,1,1,1,1,1,1,2,1,1,1,1,1,1,1,1,1,1,1,0,1,1,1,1,1,1,1,1,1,1,1,1,1,1,1,0,1,1
"PTHR10159_SF112",1,1,1,1,1,1,1,1,1,1,1,1,1,1,1,1,1,1,1,1,1,1,1,1,1,1,1,1,1,1,1,1,1,1,1,1,1,1,1,1,1,1,1,1,1
"PTHR10159_SF113",1,1,1,1,1,1,2,2,2,2,1,1,1,1,1,1,1,0,1,2,2,1,2,1,2,1,2,1,1,1,1,2,1,1,3,2,1,1,1,3,1,1,1,2,1
"PTHR10159_SF114",1,1,1,1,1,1,1,1,1,1,1,1,1,1,1,2,1,1,1,1,1,1,1,1,1,1,1,1,1,1,1,1,1,1,1,1,1,1,1,1,1,1,1,1,1
"PTHR10159_SF117",1,1,1,1,1,1,1,1,1,1,1,1,1,1,1,2,1,1,1,1,1,1,1,1,1,1,1,1,1,1,1,1,1,1,1,1,1,1,1,2,1,1,1,1,1
"PTHR10159_SF138",1,1,1,1,1,1,1,1,1,1,1,1,1,1,1,1,1,1,1,1,1,1,1,1,1,1,2,1,1,1,1,1,1,1,1,1,1,1,1,1,1,1,1,1,1
"PTHR10159_SF25",1,1,1,1,1,1,1,1,1,1,1,1,1,1,1,1,1,1,1,1,1,1,1,1,1,1,2,1,1,1,1,1,1,1,1,1,1,1,1,1,1,1,1,1,1
"PTHR10159_SF286",1,0,0,0,1,1,0,1,1,0,1,1,0,0,2,1,2,1,0,1,0,1,2,0,0,0,1,0,0,1,1,1,1,1,1,0,0,1,0,2,0,1,0,1,1
"PTHR10159_SF289",1,1,1,1,1,1,1,0,1,1,1,1,1,1,1,1,1,1,1,1,1,1,1,1,1,1,1,1,1,1,0,1,1,1,1,0,1,1,1,1,1,1,1,1,1
"PTHR10159_SF29",1,1,1,1,1,1,1,1,1,1,1,1,1,1,1,1,1,1,1,1,1,1,1,1,2,1,1,1,1,1,1,1,1,1,1,1,1,1,1,1,1,1,1,5,1
"PTHR10159_SF292",1,1,1,1,1,1,1,1,1,1,1,1,1,1,1,1,1,1,1,1,1,1,1,1,1,1,1,1,1,1,1,1,1,1,0,1,1,1,2,1,1,1,1,1,1
"PTHR10159_SF299",1,1,1,1,1,1,1,1,1,1,1,1,1,1,1,1,1,1,1,3,1,1,1,1,1,1,1,1,1,1,1,1,1,1,1,1,1,1,1,1,1,1,1,2,1
"PTHR10159_SF302",1,1,1,1,1,1,1,1,1,1,1,1,1,1,1,1,1,1,1,1,1,1,1,1,1,1,1,1,1,1,1,1,1,1,1,1,1,1,1,1,1,1,1,1,1
"PTHR10159_SF305",1,1,1,1,1,1,1,1,1,1,1,1,1,1,1,1,1,1,1,2,1,1,1,1,1,1,1,1,1,1,2,1,4,1,2,1,1,1,1,1,1,0,1,1,1
"PTHR10159_SF309",1,1,1,1,1,1,1,1,1,1,1,1,1,1,1,1,1,1,1,1,1,1,1,1,1,1,1,1,1,1,1,1,1,1,1,1,1,1,1,1,1,1,1,1,1
"PTHR10159_SF316",1,1,1,1,1,1,1,0,1,2,1,1,0,1,1,2,1,1,1,2,1,1,2,1,1,1,1,1,1,1,1,0,1,1,1,1,1,1,1,1,0,1,0,1,1
"PTHR10159_SF318",1,1,0,1,0,0,0,0,0,0,0,0,0,0,0,1,1,1,0,0,0,0,1,0,1,1,0,1,0,1,1,0,0,0,0,1,0,0,0,1,1,0,0,0,1
"PTHR10159_SF327",2,2,0,0,0,2,0,1,2,2,2,5,2,1,2,1,4,2,0,2,1,0,1,0,1,2,1,0,2,3,1,1,2,0,0,1,0,2,1,1,0,2,1,0,2
"PTHR10159_SF37",1,1,1,1,1,1,1,1,1,1,1,1,1,1,1,2,1,1,1,1,1,2,1,1,1,1,1,1,1,1,2,1,1,1,1,1,1,1,1,1,1,1,1,1,1
"PTHR10159_SF40",1,1,1,2,1,1,1,1,1,1,1,1,1,1,1,1,1,1,1,1,1,1,1,1,1,1,1,1,1,1,1,1,1,1,1,1,1,1,1,1,1,1,1,1,1
"PTHR10159_SF44",1,1,1,1,1,1,2,1,1,0,1,1,1,1,1,1,1,1,1,1,1,1,1,1,1,1,1,1,1,1,1,1,1,1,1,1,1,1,2,1,1,1,1,1,1
"PTHR10159_SF45",1,1,1,1,1,1,1,1,1,1,1,1,1,1,1,1,1,1,1,1,1,1,1,1,1,1,1,1,1,1,1,1,1,1,1,1,1,1,1,1,1,1,1,1,1
"PTHR10159_SF48",1,1,1,1,1,1,1,1,1,1,1,1,1,1,1,1,1,1,1,1,1,1,1,1,1,1,1,1,1,1,1,1,1,1,1,1,1,1,1,1,1,1,1,1,1
"PTHR10160",1,1,1,1,1,1,1,1,1,1,1,1,1,1,1,1,1,1,1,1,1,1,2,1,1,1,2,1,1,1,1,1,1,1,1,1,1,1,1,1,1,1,1,1,1
"PTHR10161",1,1,1,1,1,1,1,1,1,1,1,1,1,1,1,1,1,1,1,1,1,1,1,1,1,1,1,1,1,1,0,1,1,1,1,1,1,1,1,1,1,1,1,1,1
"PTHR10164",2,2,2,2,2,2,3,2,2,4,2,2,2,3,2,2,2,2,2,2,2,2,2,2,3,2,2,2,2,2,2,4,2,2,2,2,2,2,2,2,3,2,2,2,2
"PTHR10165_SF13",1,1,1,1,1,1,1,1,1,1,1,1,1,1,1,1,1,1,1,1,1,1,1,1,1,1,1,1,1,1,1,1,1,1,1,1,1,1,1,1,1,1,1,1,1
"PTHR10165_SF14",1,1,0,1,1,1,1,1,1,1,1,1,1,1,1,1,1,1,1,1,1,1,1,1,1,1,1,1,1,1,0,1,1,1,1,1,1,1,1,1,1,1,1,1,0
"PTHR10165_SF15",1,1,1,1,1,1,1,1,1,1,1,1,1,1,1,1,1,1,1,1,1,1,1,1,1,1,1,1,1,1,1,1,1,1,1,1,1,1,1,1,1,1,1,1,1
"PTHR10165_SF17",1,1,1,1,1,1,1,1,1,1,1,1,1,1,1,1,1,1,1,1,1,1,1,1,1,1,1,1,1,1,1,1,1,1,1,1,1,1,1,1,1,1,1,1,1
"PTHR10165_SF25",2,1,1,7,1,1,2,1,1,1,1,1,2,1,1,1,1,2,1,1,0,1,1,1,1,1,1,1,1,1,1,1,1,1,1,1,1,1,1,1,2,1,1,1,1
"PTHR10165_SF26",1,1,1,1,1,1,1,1,1,1,1,1,1,1,1,1,1,1,1,1,1,1,1,1,1,0,1,1,1,1,1,1,1,1,1,1,1,1,1,1,1,1,1,1,1
"PTHR10165_SF41",1,1,1,1,1,1,1,1,1,1,1,1,1,1,1,2,1,1,1,1,1,1,1,1,1,1,1,1,1,1,1,1,1,1,1,1,1,1,1,1,1,1,1,1,1
"PTHR10165_SF79",1,1,1,1,1,1,1,1,1,1,1,1,1,1,1,2,1,1,1,1,1,1,1,1,1,1,1,1,1,1,1,1,1,1,1,1,1,1,1,1,1,1,1,1,1
"PTHR10165_SF87",1,1,1,1,1,2,1,1,1,1,1,1,1,1,1,1,1,1,1,1,1,1,1,1,1,1,1,1,1,1,0,1,0,1,1,1,1,1,1,1,1,1,1,1,1
"PTHR10165_SF90",1,1,1,1,1,1,1,1,1,1,1,1,1,1,1,1,1,1,1,1,1,1,1,1,1,1,2,1,1,1,1,1,1,1,1,1,1,1,1,1,1,1,1,1,1
"PTHR10166_SF25",1,1,1,1,1,1,2,1,1,1,1,1,1,1,1,1,1,1,1,1,1,1,1,1,1,1,1,1,1,1,1,1,1,1,1,1,1,1,1,1,2,1,1,2,1
"PTHR10166_SF26",1,1,1,1,1,1,1,1,1,1,1,1,1,1,1,2,1,1,1,1,1,1,1,1,1,1,1,2,1,1,2,1,1,1,1,1,1,1,1,1,1,1,1,1,1
"PTHR10166_SF28",1,1,1,1,1,1,1,1,1,1,1,1,1,1,1,1,1,1,1,1,1,1,1,1,1,1,1,1,1,1,1,1,1,1,1,1,1,1,1,1,1,1,1,1,1
"PTHR10166_SF6",1,1,1,1,2,1,1,1,1,1,1,1,1,1,1,1,1,1,1,1,1,2,1,1,1,1,2,1,1,1,2,1,1,1,2,1,1,1,1,1,1,1,1,2,2
"PTHR10166_SF7",1,1,1,1,1,1,1,1,1,1,1,1,1,1,1,1,1,1,1,0,1,1,1,1,1,1,1,1,1,1,2,1,1,1,1,1,1,1,1,1,1,1,1,1,1
"PTHR10168_SF47",1,0,1,1,1,0,2,1,1,1,0,0,1,1,1,1,0,0,1,1,1,1,0,1,0,1,0,1,1,0,1,1,0,1,1,1,1,1,1,1,1,1,0,1,1
"PTHR10168_SF65",1,1,1,1,1,1,1,1,1,1,1,1,1,1,1,1,1,1,1,1,1,1,1,1,1,1,0,1,1,1,1,1,1,1,1,1,1,1,1,1,1,1,1,1,1
"PTHR10168_SF66",1,1,1,1,1,1,1,1,1,1,1,1,1,1,1,1,1,1,1,1,1,1,1,1,1,1,1,1,1,1,1,1,1,1,1,1,1,1,1,1,1,1,1,1,1
"PTHR10169_SF33",1,1,1,1,1,1,1,1,1,1,1,1,1,1,1,1,1,1,1,1,1,1,1,1,1,1,1,1,1,1,1,1,1,1,1,1,1,1,1,1,1,1,1,1,1
"PTHR10169_SF36",1,1,1,1,1,1,1,1,1,1,1,1,1,1,2,1,1,1,1,1,1,1,1,1,1,1,1,1,1,1,1,1,1,1,1,1,1,1,1,0,1,1,1,1,1
"PTHR10170",1,1,1,1,1,2,1,1,1,1,1,1,1,1,1,1,1,1,1,1,1,1,1,1,1,1,1,1,1,1,1,1,1,1,1,1,1,1,1,1,1,1,1,1,1
"PTHR10173_SF11",1,1,1,1,1,1,1,1,1,0,1,1,1,1,2,1,1,1,2,1,1,1,1,1,1,0,1,2,1,1,1,3,0,2,1,1,2,2,2,1,1,1,1,1,1
"PTHR10173_SF18",1,1,1,1,1,1,1,1,1,1,1,3,1,1,1,1,1,1,1,1,1,1,1,1,1,1,1,2,1,1,0,1,1,1,1,1,1,1,1,1,1,1,1,1,1
"PTHR10173_SF24",1,1,1,1,1,1,1,1,1,1,1,1,1,1,1,1,1,1,1,1,1,1,1,1,1,1,2,1,1,1,1,1,1,1,1,1,1,1,1,1,1,1,1,1,1
"PTHR10173_SF6",1,1,1,1,1,1,1,1,1,1,1,1,1,1,1,2,1,0,1,1,1,1,1,1,1,1,1,1,2,1,1,1,1,1,1,1,1,1,1,1,1,1,1,1,1
"PTHR10174_SF110",1,1,1,1,1,1,1,1,1,1,1,1,1,1,1,1,1,1,1,1,1,1,1,1,1,1,1,1,2,1,1,2,1,1,1,1,1,1,1,1,1,1,1,1,1
"PTHR10174_SF72",1,1,1,1,1,1,1,1,1,1,1,1,1,1,1,1,1,1,1,1,1,1,1,1,1,1,1,1,1,1,1,1,1,1,1,1,1,1,1,1,1,1,1,2,1
"PTHR10174_SF73",1,1,1,2,1,1,1,1,1,1,1,1,1,1,1,1,1,1,1,1,1,1,1,1,1,1,1,1,1,1,1,1,1,1,1,1,1,1,1,1,1,1,1,1,1
"PTHR10174_SF99",1,1,1,1,1,1,1,1,1,1,1,1,1,1,1,1,1,1,1,2,1,1,1,1,1,1,2,1,1,1,1,1,1,1,1,1,1,1,1,1,1,1,1,1,1
"PTHR10176",2,2,2,2,2,2,2,2,2,2,2,2,2,2,2,2,2,2,2,2,2,2,2,2,2,2,4,2,2,2,2,2,2,2,2,2,2,2,2,2,2,2,2,2,2
"PTHR10177_SF14",1,1,1,1,1,1,1,1,1,1,1,1,1,1,1,1,1,1,1,0,1,1,1,1,1,1,1,1,1,1,1,1,1,1,1,0,1,1,1,1,1,1,1,1,1
"PTHR10177_SF183",1,1,1,1,1,1,1,1,1,1,1,1,1,1,1,1,1,1,1,1,1,1,1,1,1,1,1,1,1,1,1,1,1,1,1,1,1,1,1,1,1,1,1,1,1
"PTHR10177_SF184",1,2,2,1,1,1,1,1,1,1,2,1,1,2,1,1,2,1,1,1,1,1,1,2,1,1,2,2,1,1,1,1,1,1,1,1,2,1,2,0,2,1,1,1,1
"PTHR10177_SF187",1,1,1,1,1,1,1,1,1,1,1,1,1,1,3,1,2,1,1,1,1,2,1,2,1,2,1,1,1,1,6,3,1,1,1,1,1,1,1,1,1,1,1,1,1
"PTHR10177_SF193",2,2,2,2,5,3,2,1,2,4,1,1,2,1,4,1,1,1,1,1,1,1,1,1,2,3,1,1,4,3,1,6,5,1,1,2,1,1,1,1,3,1,1,1,4
"PTHR10177_SF22",1,1,1,1,1,1,1,0,1,1,0,1,1,1,1,1,0,1,1,1,1,0,2,1,1,1,1,1,2,1,1,0,1,1,1,1,1,1,1,1,1,1,1,1,1
"PTHR10177_SF57",1,1,1,1,1,0,1,0,0,2,0,0,1,1,0,1,1,0,1,1,1,1,0,1,0,0,0,1,0,1,1,0,0,1,0,0,1,1,1,0,1,1,1,0,0
"PTHR10177_SF59",1,2,1,3,1,1,1,5,1,1,1,2,1,1,5,1,1,1,1,1,1,1,1,1,0,1,1,1,1,1,5,2,1,2,4,2,1,1,1,1,1,1,1,2,3
"PTHR10177_SF60",1,1,1,1,1,1,1,1,1,1,1,3,1,1,1,1,1,1,1,1,1,1,1,1,1,1,1,1,1,1,1,1,1,1,1,1,1,1,1,1,1,1,1,1,1
"PTHR10177_SF62",1,1,1,1,2,1,1,1,1,1,1,1,1,2,1,1,1,1,1,2,1,1,1,1,1,1,1,1,1,1,1,1,1,1,1,1,1,1,1,2,1,1,1,1,1
"PTHR10177_SF63",1,1,1,1,2,1,1,1,1,1,1,1,1,1,1,1,1,1,1,1,1,1,1,1,1,1,1,1,1,1,1,1,1,1,1,1,1,1,1,1,1,1,1,1,1
"PTHR10177_SF65",1,1,1,1,1,1,1,1,1,1,1,1,1,1,1,1,1,1,1,1,1,1,1,1,1,1,1,1,1,1,1,2,1,1,1,3,1,1,1,1,1,1,1,1,1
"PTHR10177_SF66",1,1,1,1,1,1,1,1,1,1,1,1,1,1,1,2,1,1,1,1,1,1,1,1,1,1,1,1,1,1,1,1,1,1,1,1,1,1,1,1,1,1,1,1,1
"PTHR10177_SF67",1,1,1,1,1,1,1,1,1,1,1,1,1,2,1,1,1,1,1,1,1,1,1,1,1,1,1,1,1,2,0,1,1,1,1,1,1,1,1,1,1,1,1,1,1
"PTHR10177_SF68",1,1,1,1,1,1,1,1,1,1,1,1,1,1,1,1,1,1,1,1,1,1,1,1,1,1,1,1,1,1,2,1,1,1,1,1,1,1,1,1,1,1,1,1,1
"PTHR10177_SF69",1,1,1,1,1,1,1,1,1,1,1,1,1,1,3,1,1,1,1,3,1,1,1,1,1,1,1,1,1,1,2,1,1,1,2,1,1,1,1,1,1,0,1,2,1
"PTHR10177_SF70",1,1,1,1,1,1,2,1,2,1,1,1,1,1,1,1,1,1,1,1,1,1,1,1,1,1,1,1,1,1,1,2,1,1,1,1,1,1,1,1,1,1,1,1,1
"PTHR10177_SF71",1,1,1,1,1,1,1,1,1,1,1,1,1,1,1,1,1,1,1,1,1,1,1,1,1,1,1,1,1,1,2,1,1,1,1,1,1,1,1,1,1,2,1,1,1
"PTHR10179_SF10",1,1,0,1,0,1,1,0,0,1,1,1,1,0,0,0,1,1,0,1,0,1,1,0,1,1,1,0,0,1,1,0,1,0,0,1,0,1,0,1,1,1,1,0,0
"PTHR10179_SF12",1,1,1,1,1,0,1,0,2,2,1,0,1,1,1,1,1,1,1,2,1,0,1,1,1,0,1,0,1,1,0,0,1,1,0,1,1,1,1,1,1,1,0,0,1
"PTHR10179_SF13",1,3,1,0,0,3,1,1,1,1,2,1,1,0,1,0,2,1,3,3,2,1,3,1,2,2,2,0,0,3,3,1,3,3,2,3,1,0,1,3,0,1,2,1,1
"PTHR10179_SF15",1,1,1,1,1,1,1,1,0,0,1,1,1,1,0,1,1,1,1,2,1,0,1,1,1,1,1,1,1,1,0,0,1,1,0,1,1,1,1,1,1,1,0,1,1
"PTHR10179_SF27",1,1,1,1,1,1,1,1,1,1,1,1,1,1,1,1,1,1,1,0,1,1,1,1,1,1,1,1,1,1,1,1,0,1,0,1,1,1,1,1,1,1,1,0,1
"PTHR10179_SF28",1,1,1,1,0,1,1,1,1,1,1,1,1,1,1,1,1,1,1,1,1,1,1,1,1,1,1,1,1,1,1,1,1,1,1,1,1,1,1,1,1,1,1,1,1
"PTHR10179_SF35",2,2,1,1,1,2,1,1,1,1,1,1,2,1,1,1,2,1,1,1,1,1,0,1,0,1,0,1,1,2,1,0,1,1,1,0,1,1,1,0,1,1,0,1,2
"PTHR10179_SF41",1,1,1,1,1,1,1,1,1,1,1,1,1,1,1,1,1,1,1,1,1,1,1,1,1,1,1,1,1,1,1,1,0,1,1,1,1,1,1,1,1,1,1,1,0
"PTHR10179_SF5",1,1,1,1,1,1,1,1,1,1,1,1,1,1,1,1,1,1,1,1,1,1,1,1,1,1,1,1,1,1,1,1,1,1,1,1,1,1,1,1,1,1,1,1,1
"PTHR10182",2,2,2,2,2,2,4,2,2,2,3,2,2,2,2,2,2,2,2,2,2,2,2,2,3,2,3,2,2,2,2,2,2,2,2,2,2,2,2,2,2,2,2,2,2
"PTHR10183_SF136",1,0,1,1,1,0,1,1,1,1,1,1,1,1,1,1,1,1,1,0,1,1,1,1,1,1,1,1,1,0,1,1,1,1,1,1,1,1,1,1,1,1,1,2,1
"PTHR10183_SF138",1,1,1,1,1,1,1,1,1,1,1,1,1,1,1,1,1,1,1,1,1,1,1,1,1,1,1,1,1,1,1,1,1,1,1,1,1,1,1,1,1,1,1,1,1
"PTHR10183_SF139",2,2,3,2,2,2,2,2,2,2,2,2,2,2,3,2,2,2,2,2,2,2,2,2,2,2,2,2,2,2,4,2,3,2,2,2,2,2,3,2,2,2,2,2,2
"PTHR10183_SF22",1,1,1,1,1,1,1,1,1,1,1,1,1,1,3,1,1,1,1,1,1,1,1,1,1,1,2,1,1,1,1,1,1,1,1,1,1,1,1,1,1,1,1,1,1
"PTHR10183_SF268",1,1,1,1,1,1,1,1,1,1,1,1,1,1,1,1,1,1,1,1,1,1,1,1,1,1,1,1,1,1,1,1,1,1,1,1,1,1,2,1,1,1,1,2,1
"PTHR10183_SF269",1,2,1,1,1,1,1,1,1,1,1,1,1,1,0,1,1,2,1,1,1,1,1,1,1,1,1,1,1,1,1,1,1,1,0,1,1,1,1,1,1,1,1,0,1
"PTHR10183_SF277",1,1,1,1,2,3,1,1,1,1,1,1,1,1,1,1,1,1,1,1,1,1,1,1,2,1,1,1,1,2,1,1,1,1,1,1,1,2,1,1,1,1,0,1,4
"PTHR10183_SF279",1,1,1,1,1,1,1,1,1,1,1,1,1,1,1,1,1,1,1,1,1,1,1,1,1,1,1,1,1,1,1,1,1,1,1,1,1,0,1,1,1,1,1,2,1
"PTHR10183_SF280",1,1,1,1,1,1,0,1,1,1,1,1,1,1,1,1,1,1,1,1,1,1,1,1,1,1,1,0,1,1,1,1,1,1,1,1,1,1,1,1,1,1,1,1,1
"PTHR10183_SF281",1,1,1,1,1,1,1,1,1,1,1,1,1,1,1,1,1,1,1,1,1,1,1,1,1,1,1,1,1,1,1,1,1,1,1,1,1,1,1,1,1,1,1,1,1
"PTHR10183_SF283",2,1,1,1,1,1,1,1,1,2,1,1,1,1,1,1,1,2,1,1,1,1,1,1,1,1,0,1,1,1,1,0,1,1,1,1,1,1,1,1,1,1,1,0,1
"PTHR10183_SF284",1,1,1,1,1,1,1,1,1,1,1,1,1,1,1,1,1,1,1,1,1,1,1,1,1,1,1,1,1,1,1,1,1,1,1,1,1,1,1,1,1,1,1,1,1
"PTHR10183_SF285",1,1,1,1,1,1,1,0,1,0,1,1,1,1,1,1,1,0,1,1,1,1,0,1,0,1,0,1,1,1,0,0,1,1,0,0,1,1,1,0,1,1,1,0,0
"PTHR10183_SF286",1,1,1,2,1,1,1,1,1,1,1,1,1,1,1,1,1,1,2,1,3,1,1,1,2,1,1,2,1,1,1,1,1,1,2,1,2,1,2,1,2,1,1,2,1
"PTHR10183_SF30",1,1,1,1,1,1,1,1,1,1,1,1,1,1,1,1,2,1,1,1,1,1,1,1,1,1,1,1,1,1,1,1,1,1,1,1,1,1,1,1,1,1,1,1,1
"PTHR10183_SF37",1,1,1,1,1,1,1,1,1,3,1,1,1,1,1,1,1,1,1,1,1,1,1,1,1,1,1,1,1,1,2,1,1,1,0,1,1,1,1,1,1,1,1,0,1
"PTHR10183_SF38",1,1,1,1,1,1,1,1,1,1,1,1,1,1,2,1,1,1,2,1,2,1,1,1,1,1,1,1,1,1,1,2,1,1,2,1,1,1,1,3,1,1,1,2,1
"PTHR10183_SF49",1,1,1,1,1,1,1,1,1,1,2,1,1,1,1,1,1,1,1,1,1,1,1,1,1,1,1,1,1,1,1,1,1,1,1,1,1,1,1,1,1,1,1,1,1
"PTHR10183_SF52",1,1,1,1,1,1,1,1,1,1,1,1,1,1,1,1,1,1,1,1,1,1,1,1,1,1,1,1,1,1,1,1,1,1,1,1,1,1,1,1,1,1,1,2,1
"PTHR10185",3,3,3,3,3,3,3,3,3,3,3,3,3,3,3,3,3,3,3,2,3,3,4,3,3,3,2,2,3,3,2,3,3,3,3,3,3,3,4,3,3,3,3,4,3
"PTHR10188",3,3,3,3,3,3,3,2,3,4,4,4,3,2,3,3,3,3,3,3,3,3,3,3,3,3,3,3,3,3,3,4,3,3,3,3,3,3,3,3,3,3,3,3,3
"PTHR10190",4,4,4,4,4,4,4,4,4,4,4,4,4,4,5,4,4,4,4,4,4,4,4,4,4,4,4,4,4,4,4,4,4,4,4,3,4,4,4,4,4,4,4,6,4
"PTHR10192_SF5",1,1,1,1,1,1,1,1,1,1,1,1,1,1,1,1,1,1,1,1,1,1,1,1,1,1,2,1,1,1,1,1,1,1,1,1,1,1,1,1,1,1,1,1,1
"PTHR10194_SF19",1,1,1,1,1,1,1,1,1,1,1,1,1,1,1,1,1,1,1,1,1,1,1,1,1,1,1,1,1,1,1,1,1,1,1,1,1,1,1,1,1,1,1,1,1
"PTHR10194_SF21",2,1,1,1,1,1,1,1,1,1,1,1,1,1,2,1,1,1,1,1,1,1,1,1,1,1,1,1,1,1,1,1,1,1,1,1,1,1,1,1,1,1,1,1,1
"PTHR10194_SF25",1,1,1,1,1,1,1,1,1,1,1,1,1,1,1,2,1,1,1,1,1,1,1,1,1,1,1,1,1,1,1,1,1,1,1,1,1,1,1,1,1,1,1,1,1
"PTHR10194_SF26",1,1,1,1,1,1,1,1,1,1,1,1,1,1,1,1,1,1,1,1,1,1,1,1,1,1,1,1,1,1,1,1,1,1,1,1,1,1,1,1,1,1,1,2,1
"PTHR10194_SF3",1,1,1,1,1,1,1,1,1,1,1,1,1,1,1,1,1,1,1,1,1,1,1,1,1,1,1,1,1,1,1,1,1,1,1,1,1,1,1,1,1,1,1,1,1
"PTHR10194_SF4",1,1,1,1,1,1,1,1,1,1,1,1,1,1,1,3,1,1,1,1,1,1,1,1,1,1,1,1,1,1,1,1,1,1,1,1,0,1,2,1,1,1,1,1,1
"PTHR10194_SF52",1,1,1,1,1,1,1,1,1,1,1,1,1,1,1,1,1,1,1,1,1,1,1,1,1,1,1,1,1,1,2,1,1,1,1,1,1,1,1,1,1,1,1,1,1
"PTHR10194_SF53",1,2,1,1,1,1,2,1,1,2,1,1,1,1,1,2,1,1,1,1,1,1,1,1,1,1,2,1,1,2,1,1,1,1,1,1,1,1,1,1,1,1,1,2,1
"PTHR10194_SF60",1,2,1,1,1,1,1,1,1,1,1,1,1,1,1,1,1,1,1,1,1,1,1,1,1,1,1,1,1,1,1,1,1,1,1,1,1,1,1,1,1,1,1,1,1
"PTHR10194_SF82",1,1,1,1,1,1,1,1,1,1,1,1,1,1,1,1,1,1,1,1,1,1,1,1,1,1,1,1,2,1,0,1,1,1,1,1,1,1,1,1,1,1,0,1,1
"PTHR10196",6,7,6,5,6,8,7,5,5,7,6,6,7,6,5,8,5,6,7,6,7,6,7,7,6,7,8,6,7,7,7,7,6,7,6,7,7,7,10,7,6,6,5,5,6
"PTHR10199_SF10",1,1,1,1,1,1,1,1,1,1,1,1,1,1,1,1,1,1,1,1,1,1,1,1,1,1,1,1,1,3,1,1,1,1,1,1,1,1,1,1,1,1,1,1,2
"PTHR10199_SF4",1,1,1,1,1,1,2,1,1,1,1,1,1,1,1,1,1,1,1,1,1,1,1,1,1,1,1,1,1,1,1,1,1,1,1,1,1,1,1,1,1,1,1,1,1
"PTHR10199_SF5",1,1,1,1,1,1,1,1,1,1,1,1,1,1,1,1,1,1,1,1,1,1,1,1,1,1,1,1,1,1,1,1,1,1,1,1,1,1,1,1,1,1,1,1,1
"PTHR10199_SF78",1,1,1,1,1,1,1,1,1,1,1,1,1,1,1,1,1,1,1,1,1,1,1,1,1,1,1,1,1,1,1,1,1,1,1,1,1,1,1,1,1,1,1,1,1
"PTHR10199_SF80",1,1,1,1,1,1,1,1,1,1,1,1,1,1,1,1,1,1,1,1,1,1,1,1,1,1,1,1,1,1,1,1,1,1,1,1,1,1,1,0,1,1,1,1,1
"PTHR10199_SF81",1,1,1,1,1,1,1,1,1,0,1,1,1,1,1,1,1,1,1,1,1,1,1,1,1,1,1,1,1,1,0,1,1,1,1,1,1,1,1,1,1,1,1,2,1
"PTHR10201_SF115",1,1,1,1,1,1,1,1,1,1,1,1,1,1,1,1,1,1,1,1,1,1,1,1,1,1,1,1,1,1,1,1,1,1,1,1,1,1,1,1,1,1,1,1,1
"PTHR10201_SF117",1,1,1,1,1,1,1,1,1,1,1,1,1,1,1,1,1,1,1,1,1,1,1,1,1,1,2,1,1,1,1,1,1,1,1,1,1,1,1,1,1,1,1,1,1
"PTHR10201_SF118",1,1,1,1,1,1,1,1,1,1,1,1,1,1,1,1,1,1,1,0,1,1,1,1,1,1,2,1,1,1,1,1,1,1,1,1,1,1,1,1,1,1,1,1,1
"PTHR10201_SF123",1,0,1,1,1,0,1,1,1,1,1,1,1,1,1,1,1,1,1,1,1,1,1,1,1,1,2,1,1,0,1,0,1,1,1,1,1,1,1,1,1,0,0,1,1
"PTHR10201_SF125",1,1,1,1,1,1,1,1,1,1,1,1,1,1,1,1,1,1,1,1,1,1,1,1,1,1,1,1,1,1,1,1,1,1,1,1,1,1,1,1,1,1,1,1,1
"PTHR10201_SF127",2,2,1,1,1,1,1,1,1,2,1,1,2,1,1,1,1,1,1,2,1,1,2,1,1,1,2,1,2,1,1,0,1,1,1,1,1,2,1,3,1,1,1,1,1
"PTHR10201_SF128",1,1,1,1,1,1,1,1,1,1,1,1,1,1,1,1,1,1,1,1,1,1,1,1,1,1,1,1,0,1,1,1,1,1,0,1,1,1,1,1,1,1,1,0,1
"PTHR10201_SF130",1,1,1,1,1,1,1,1,1,1,1,1,1,1,2,1,1,1,1,2,1,1,1,1,1,1,1,1,1,1,1,1,1,1,1,1,1,1,1,1,1,1,1,1,1
"PTHR10201_SF136",1,1,1,1,1,1,1,1,1,1,1,1,1,1,1,1,1,1,1,1,1,1,1,1,1,1,1,1,1,1,1,1,1,1,1,1,1,1,1,1,1,1,0,1,1
"PTHR10201_SF137",1,1,1,1,1,1,1,1,1,0,1,1,1,1,1,1,1,1,1,1,1,1,1,1,1,1,1,1,1,1,1,1,1,1,1,1,1,1,1,1,1,1,1,1,1
"PTHR10201_SF138",1,1,1,1,1,1,1,1,1,1,1,1,1,1,1,1,1,1,1,1,1,1,1,1,1,1,1,1,1,1,1,1,1,1,1,1,1,1,1,1,1,1,1,0,1
"PTHR10201_SF16",1,1,1,1,1,1,1,1,1,1,1,1,1,1,1,2,1,1,1,1,1,1,1,1,1,1,1,1,1,1,1,1,1,1,1,1,1,1,1,2,1,1,1,2,1
"PTHR10201_SF20",1,1,1,1,1,1,1,1,1,1,1,1,1,1,1,2,1,1,1,1,1,1,1,1,1,1,1,1,2,1,1,1,1,1,2,1,1,1,1,2,1,1,1,3,1
"PTHR10201_SF21",1,1,1,2,1,1,2,1,1,1,1,1,2,1,1,1,1,1,1,1,1,1,1,1,1,1,1,1,1,1,0,1,1,1,1,2,1,2,2,0,1,1,1,1,1
"PTHR10201_SF24",1,1,1,1,1,1,1,1,1,1,1,1,1,1,1,1,1,1,1,1,1,1,1,1,1,1,1,1,1,1,0,1,1,1,1,1,1,1,1,1,1,1,1,1,1
"PTHR10201_SF25",1,1,1,1,1,1,1,1,1,1,1,1,1,1,1,1,1,1,1,1,1,1,1,1,1,1,1,1,1,1,1,1,1,1,1,1,1,1,1,1,1,1,1,1,1
"PTHR10201_SF26",1,1,1,1,1,1,1,1,1,1,1,1,1,1,1,1,1,1,1,1,1,1,1,1,1,1,1,1,1,1,1,1,1,1,1,1,1,1,1,1,1,1,1,1,1
"PTHR10201_SF29",1,1,0,1,1,1,1,1,1,1,1,1,1,1,1,1,1,1,1,1,1,1,1,1,1,1,1,1,1,1,1,1,1,1,1,1,1,1,1,1,1,1,1,1,1
"PTHR10201_SF30",1,1,1,1,1,1,1,1,1,1,1,1,1,1,1,1,1,1,1,1,1,1,1,1,1,1,1,1,1,1,1,1,1,1,1,0,1,1,1,1,1,1,1,1,1
"PTHR10201_SF32",2,1,1,1,1,1,1,1,1,1,1,1,1,1,1,1,1,1,1,1,1,1,1,1,1,1,1,1,1,1,1,1,1,1,0,1,1,1,1,1,1,1,0,0,1
"PTHR10201_SF38",3,1,1,1,1,1,1,1,1,1,1,1,1,1,1,1,2,1,1,1,1,1,2,1,1,2,2,1,2,1,1,1,1,1,1,2,1,2,1,2,1,1,1,1,1
"PTHR10201_SF7",1,1,1,1,1,1,0,1,1,0,0,1,1,1,1,1,1,1,1,0,1,1,1,1,1,1,1,1,0,1,0,1,1,1,1,1,1,1,1,1,1,1,0,1,1
"PTHR10202_SF11",1,1,1,1,1,1,2,1,1,1,1,1,1,1,1,1,1,1,1,1,1,1,1,1,1,1,1,1,1,1,1,1,1,1,1,1,1,1,1,1,1,1,1,2,1
"PTHR10202_SF7",1,1,1,1,1,1,1,1,1,1,1,1,1,1,1,1,1,1,1,1,1,1,1,1,1,1,1,1,1,1,1,1,1,1,1,1,1,1,1,1,1,1,1,1,1
"PTHR10204_SF1",1,1,0,1,1,1,1,1,1,1,1,1,1,1,2,1,1,1,1,1,1,1,1,1,2,1,1,1,1,1,1,2,1,1,1,1,1,1,1,1,1,1,1,1,1
"PTHR10204_SF33",1,1,1,1,1,1,1,1,1,1,1,1,1,1,1,1,0,1,1,1,1,1,1,1,1,1,1,1,1,1,1,1,1,1,2,1,1,1,1,1,1,1,1,1,1
"PTHR10206_SF0",1,10,1,1,1,8,1,0,1,2,3,4,1,1,1,1,1,2,1,5,1,1,1,1,1,1,1,1,1,8,2,1,1,1,4,1,1,1,1,1,1,4,2,6,1
"PTHR10210",5,5,5,5,7,9,8,5,5,8,4,6,6,5,10,5,4,5,6,7,5,6,6,6,5,6,5,5,6,8,3,7,5,6,4,6,5,7,5,7,6,5,4,4,7
"PTHR10217_SF372",1,1,1,1,1,1,1,1,1,0,1,1,1,1,1,1,1,1,1,1,1,1,1,1,1,1,1,1,0,1,0,1,1,1,0,1,1,1,2,1,1,1,1,1,1
"PTHR10217_SF373",1,1,1,1,1,1,1,1,1,1,1,1,1,1,1,1,1,1,1,1,1,1,1,1,2,1,0,2,1,1,1,2,1,1,1,1,1,1,1,1,1,1,1,1,1
"PTHR10217_SF374",1,1,1,1,1,1,1,1,1,1,1,1,1,1,1,2,1,1,1,1,1,1,1,1,1,1,1,1,1,1,1,1,1,1,1,1,1,1,1,1,1,1,1,2,1
"PTHR10217_SF375",1,1,1,1,1,1,1,1,1,1,1,1,1,1,1,1,1,1,1,1,1,1,1,1,1,1,1,1,1,1,1,1,1,1,2,1,1,1,1,1,1,1,1,2,1
"PTHR10217_SF376",1,1,1,1,1,1,1,1,1,1,1,1,1,1,1,1,1,1,1,1,1,1,1,1,1,1,1,1,1,1,1,1,1,1,1,1,1,1,1,1,1,1,1,1,1
"PTHR10217_SF377",1,1,1,1,1,1,1,1,1,1,1,1,1,1,1,3,1,1,1,1,1,1,1,1,1,1,1,1,1,1,1,1,1,1,1,1,1,1,1,1,1,1,1,1,1
"PTHR10217_SF378",1,1,1,1,1,1,1,1,1,1,1,1,1,1,1,1,1,1,1,1,1,1,1,1,1,1,1,1,1,1,1,1,1,1,1,1,1,1,1,1,1,1,1,3,1
"PTHR10217_SF380",1,1,1,1,1,1,1,1,1,2,1,1,1,1,1,1,1,1,1,1,1,1,1,1,1,1,0,1,1,1,1,1,1,1,1,1,1,1,1,1,1,1,1,1,1
"PTHR10217_SF385",1,2,1,2,2,1,1,1,1,0,1,1,1,2,1,2,1,1,1,1,2,2,2,2,2,1,1,2,1,1,1,1,1,1,1,1,2,1,1,2,1,1,1,1,2
"PTHR10217_SF386",1,0,1,0,0,1,1,1,1,1,1,1,1,0,1,1,1,1,1,2,0,0,0,0,1,1,0,0,1,1,1,1,1,1,1,1,0,1,1,0,1,1,1,1,0
"PTHR10217_SF387",1,1,1,1,1,1,1,1,1,1,1,1,1,1,1,1,1,1,1,1,1,1,1,1,1,1,1,1,0,1,1,1,1,1,1,1,1,1,2,1,1,1,1,1,1
"PTHR10217_SF388",1,1,1,1,1,1,1,1,1,1,1,1,1,1,1,1,1,1,1,1,1,1,1,1,1,1,1,1,1,1,1,1,1,1,1,1,1,1,1,1,1,1,1,1,1
"PTHR10217_SF389",1,2,1,1,2,1,1,1,1,1,1,1,1,1,1,1,1,1,1,2,1,1,1,1,1,1,1,1,1,1,1,1,1,1,1,1,1,1,2,2,1,1,1,1,1
"PTHR10217_SF390",1,0,1,1,1,1,1,1,1,1,1,1,1,1,1,1,1,1,1,0,1,1,1,1,1,1,1,1,1,1,1,1,1,1,1,1,1,1,2,1,1,1,1,1,1
"PTHR10217_SF466",2,1,1,1,1,1,1,1,1,1,1,1,1,1,1,1,1,1,1,1,1,1,1,1,1,2,1,1,1,1,1,1,1,1,1,1,1,1,1,1,1,1,1,1,1
"PTHR10217_SF468",1,1,1,1,1,1,1,1,1,1,1,1,1,1,1,1,1,1,1,1,1,1,1,1,1,1,1,1,1,1,1,1,1,1,1,1,1,1,1,1,1,1,1,1,1
"PTHR10217_SF473",1,1,2,2,1,1,1,1,1,1,1,1,1,2,1,1,1,1,2,1,1,1,1,2,1,1,1,2,1,1,2,1,1,2,1,1,2,1,5,1,2,1,1,1,1
"PTHR10217_SF481",1,1,1,1,1,1,1,1,1,1,1,1,1,1,1,1,1,1,1,1,1,1,1,1,1,1,1,1,1,1,1,1,1,1,1,1,1,1,1,1,1,1,1,1,1
"PTHR10218_SF130",1,1,1,1,1,1,1,1,1,3,1,1,1,1,1,1,1,1,1,2,1,1,1,1,1,1,1,1,1,1,1,1,1,1,1,1,1,1,1,1,1,1,1,1,1
"PTHR10218_SF131",1,1,1,1,1,1,1,1,1,1,1,1,1,1,1,2,1,1,1,1,1,2,1,1,1,1,1,2,1,1,2,3,1,1,1,2,1,1,1,1,1,1,1,2,1
"PTHR10218_SF173",2,2,1,2,2,2,2,2,2,2,2,2,2,2,4,2,2,2,2,2,2,2,2,2,2,2,2,2,2,2,2,3,2,2,2,4,2,2,2,2,2,2,2,3,2
"PTHR10218_SF184",1,1,1,1,1,1,1,0,1,0,1,1,1,0,0,1,1,1,1,1,1,1,0,1,0,1,0,1,1,1,1,1,1,1,1,1,1,1,1,0,1,1,0,1,1
"PTHR10218_SF195",1,0,0,0,1,0,0,1,0,1,0,0,0,2,1,0,0,1,0,0,0,0,1,0,0,0,1,1,0,0,0,0,0,0,0,0,0,0,2,1,0,0,1,1,0
"PTHR10218_SF203",1,1,1,1,1,1,1,1,1,1,1,1,1,1,1,1,1,1,1,2,1,1,1,1,1,1,1,1,1,1,1,1,1,1,1,1,1,1,1,1,1,1,1,1,2
"PTHR10218_SF36",1,1,1,5,1,1,1,1,1,3,1,1,1,1,1,1,1,1,1,1,1,1,1,1,1,1,3,1,1,1,1,2,1,1,1,1,1,1,1,1,1,1,1,1,1
"PTHR10218_SF50",1,1,1,1,1,1,1,1,1,1,1,1,1,1,1,1,1,1,1,2,1,1,1,1,1,1,1,1,1,1,0,1,1,1,1,1,1,1,1,1,1,1,1,1,1
"PTHR10218_SF57",1,1,1,1,1,1,1,1,1,1,1,1,1,1,1,1,1,1,1,1,1,1,1,1,1,1,1,1,1,1,1,1,1,1,1,1,1,1,1,1,1,1,1,2,1
"PTHR10218_SF65",1,1,1,1,1,1,1,1,1,1,1,1,1,1,1,1,1,1,1,0,1,1,1,1,1,1,1,1,1,0,1,1,1,1,1,1,1,1,1,1,1,1,1,1,1
"PTHR10218_SF66",1,1,1,1,1,1,1,1,1,1,1,1,1,1,1,1,1,1,1,1,1,1,1,1,1,1,1,1,1,1,1,1,1,1,1,1,1,1,1,1,1,1,1,1,1
"PTHR10218_SF67",1,1,1,1,1,1,1,1,1,1,1,1,1,1,1,1,1,1,1,0,1,1,1,1,1,1,1,1,1,1,0,1,1,1,1,1,1,1,1,1,1,1,1,1,1
"PTHR10218_SF68",1,1,1,1,1,1,1,1,2,1,1,1,1,1,1,1,1,1,1,1,1,1,1,1,1,1,1,1,1,1,1,1,1,1,1,1,1,1,1,1,1,1,1,1,1
"PTHR10218_SF73",1,1,2,2,1,1,2,1,1,2,1,1,1,1,1,1,1,1,1,1,1,1,1,1,2,1,1,1,1,1,1,3,1,1,1,1,1,1,1,1,1,1,1,1,1
"PTHR10218_SF81",1,1,1,1,0,1,2,1,1,0,1,1,1,3,1,1,1,1,1,1,1,1,1,2,2,1,1,1,1,1,0,1,1,1,1,1,2,1,2,1,1,1,1,1,1
"PTHR10218_SF85",1,1,1,1,1,1,1,1,1,1,1,1,1,1,1,1,1,1,1,1,1,1,1,1,1,1,1,1,2,1,1,1,1,1,1,1,1,1,1,1,1,1,1,1,1
"PTHR10219_SF15",1,1,1,1,1,1,1,1,1,1,1,1,1,1,4,1,1,1,1,1,1,2,1,1,1,1,1,1,1,1,1,1,1,1,2,1,1,1,1,1,1,1,1,2,1
"PTHR10219_SF16",1,1,1,2,1,1,2,1,1,1,1,1,1,2,2,1,1,1,1,1,1,1,1,1,1,1,1,1,1,1,1,1,1,1,1,1,1,1,2,1,1,1,1,2,1
"PTHR10219_SF19",1,1,1,1,1,1,1,0,1,1,1,1,1,1,1,1,0,1,1,1,0,1,1,1,1,1,1,1,1,1,1,1,1,1,1,1,1,1,1,1,0,1,1,1,1
"PTHR10219_SF20",1,1,1,1,1,1,1,1,1,1,1,1,1,1,1,1,1,1,1,0,1,1,1,1,1,1,1,1,1,1,0,1,1,1,1,1,1,1,1,1,1,0,1,1,1
"PTHR10219_SF29",1,1,2,1,1,1,2,1,1,3,1,1,1,2,1,1,1,1,2,2,1,1,1,2,1,1,2,1,1,1,1,1,1,2,1,1,2,1,2,1,1,1,1,1,1
"PTHR10219_SF31",1,1,1,1,1,1,1,1,1,1,1,1,1,1,1,1,1,1,1,1,1,1,1,1,2,1,3,1,1,1,1,1,1,1,1,1,1,1,1,1,1,1,1,1,1
"PTHR10221",2,2,2,2,2,2,2,2,2,2,2,2,2,2,2,2,2,2,2,4,2,2,2,2,2,1,2,2,2,2,2,2,2,2,2,3,2,2,2,2,2,2,2,2,2
"PTHR10223",1,1,1,4,2,1,1,1,1,3,1,1,1,2,1,1,1,1,1,1,1,1,1,1,1,1,1,3,2,1,1,4,1,1,1,1,3,1,3,1,2,1,1,2,1
"PTHR10224",1,1,1,1,1,1,1,1,1,1,1,1,1,1,1,3,2,1,1,1,1,1,1,1,1,1,1,1,1,1,0,2,1,1,2,1,1,1,1,1,1,1,1,2,1
"PTHR10225",2,2,2,2,2,2,2,2,2,2,2,2,2,2,2,2,2,2,2,2,2,2,2,2,2,2,3,2,2,2,2,2,2,2,2,2,2,2,2,2,2,2,2,2,2
"PTHR10226",4,4,5,4,4,4,4,4,4,4,4,4,4,4,4,4,4,5,4,4,4,4,4,4,4,4,4,4,4,4,3,4,4,4,4,5,4,4,4,4,5,4,4,5,4
"PTHR10229",1,1,0,1,1,1,1,1,0,1,1,1,1,1,1,1,0,1,1,0,1,1,1,1,0,1,1,0,1,1,1,1,1,1,1,0,1,2,1,2,0,2,0,1,1
"PTHR10231",5,4,5,4,5,5,5,5,5,5,5,5,5,4,5,6,5,5,5,5,5,4,5,5,5,5,5,5,5,5,6,6,5,6,6,5,5,5,5,5,5,5,5,6,6
"PTHR10233_SF14",1,1,1,1,1,1,1,1,1,1,1,1,1,1,1,1,1,1,1,1,1,1,1,1,1,1,1,1,1,1,1,2,1,1,1,1,1,1,1,1,1,1,1,1,1
"PTHR10233_SF18",1,1,1,1,1,2,1,1,1,1,1,1,1,1,1,1,1,1,1,3,1,1,1,1,1,1,2,1,1,1,1,3,1,1,1,2,1,1,1,1,1,1,1,1,1
"PTHR10233_SF6",1,1,1,2,1,1,1,1,1,1,1,1,2,1,1,1,1,1,1,1,1,1,1,1,1,1,1,1,1,1,1,2,1,1,1,1,1,1,1,1,2,1,1,1,1
"PTHR10233_SF9",1,1,1,1,1,1,2,1,1,1,1,1,1,1,1,1,1,1,1,2,1,1,1,1,1,1,1,1,2,1,1,2,1,1,1,2,1,1,1,1,1,1,1,1,2
"PTHR10237",1,1,1,1,1,1,1,1,1,1,1,1,1,1,1,2,1,1,1,1,1,1,1,1,1,1,1,1,1,1,0,1,1,1,1,1,1,1,1,1,1,1,1,1,1
"PTHR10239",2,0,1,1,0,0,1,0,0,0,1,0,1,1,1,1,1,0,1,0,1,0,1,1,1,0,1,1,0,0,0,1,1,1,0,1,1,0,1,1,1,1,1,0,0
"PTHR10241",3,4,5,4,4,4,4,4,4,4,4,4,4,4,4,5,4,5,4,4,4,4,4,4,4,6,3,4,4,4,4,4,4,4,4,4,4,4,4,4,4,4,4,4,4
"PTHR10242",1,1,1,1,1,1,1,1,1,1,1,1,1,1,1,1,1,1,1,1,1,1,1,1,1,1,1,1,1,1,1,1,1,1,1,1,1,1,1,1,1,1,1,1,1
"PTHR10250_SF13",1,1,2,1,0,1,1,1,1,1,2,1,1,1,1,1,1,1,1,1,1,1,1,1,1,1,1,1,1,1,1,1,1,1,1,1,1,1,1,1,1,1,1,1,1
"PTHR10250_SF14",1,1,1,2,2,1,1,1,1,2,1,1,1,1,1,1,1,2,1,1,1,1,1,1,1,1,1,1,1,1,1,1,1,1,1,1,1,1,1,1,1,1,1,1,1
"PTHR10250_SF2",1,1,1,1,1,1,1,1,1,1,1,1,1,1,1,1,1,1,1,1,1,1,1,1,1,1,0,1,1,1,1,1,1,1,1,1,1,1,1,1,1,1,1,1,1
"PTHR10250_SF4",1,1,1,1,1,1,1,0,1,1,1,1,1,1,1,2,1,1,1,1,1,1,1,1,1,1,1,1,1,1,1,1,1,1,1,0,1,1,1,1,1,1,1,2,1
"PTHR10252_SF33",1,1,1,1,1,1,1,1,1,1,1,1,1,1,1,1,1,0,1,1,1,1,1,1,1,1,1,1,1,0,0,1,1,1,1,1,1,1,1,2,1,1,1,1,1
"PTHR10252_SF5",1,1,1,1,1,1,1,1,1,1,1,1,1,1,1,1,1,1,1,1,1,1,1,1,1,1,1,1,1,1,1,1,1,1,1,1,1,1,1,1,1,1,0,1,1
"PTHR10252_SF8",1,1,1,1,1,1,1,1,1,1,1,1,1,2,1,1,1,1,2,1,1,1,1,2,1,1,1,1,1,1,1,1,1,2,1,1,2,1,2,1,1,1,1,1,1
"PTHR10253",1,1,1,1,1,1,1,1,1,2,1,1,1,1,1,1,1,1,1,1,1,2,1,1,1,1,1,1,1,1,1,3,1,1,1,1,1,1,1,1,1,1,1,1,1
"PTHR10256",2,1,4,5,2,3,5,2,2,2,2,1,2,3,4,2,1,2,2,3,1,2,2,3,1,2,2,5,2,4,1,5,3,3,3,2,4,1,2,1,4,1,1,2,2
"PTHR10257",5,5,6,5,5,5,6,5,5,6,5,5,5,7,7,5,5,5,6,5,6,6,6,6,5,5,5,6,5,5,5,6,5,6,5,5,7,5,8,5,5,5,5,5,5
"PTHR10258",4,4,4,4,3,4,4,4,3,4,4,4,4,4,4,5,4,4,4,4,4,4,4,4,4,4,4,4,4,4,4,4,4,4,4,4,4,4,4,4,4,4,4,4,4
"PTHR10259",1,1,1,1,1,1,1,1,1,1,1,1,1,1,1,1,1,1,1,1,1,1,1,1,1,1,1,2,1,1,1,1,1,1,1,1,2,1,2,1,1,1,1,1,1
"PTHR10261",2,2,3,4,2,2,2,2,2,3,2,2,2,2,3,2,2,2,3,2,2,2,2,2,2,3,2,2,2,2,2,3,3,3,3,2,2,2,3,2,2,2,3,2,2
"PTHR10263_SF2",1,2,1,1,0,1,2,1,1,1,1,1,1,1,2,1,4,1,1,2,1,1,1,2,1,1,1,1,1,0,1,1,1,1,3,1,1,2,1,2,3,2,1,4,1
"PTHR10263_SF5",1,1,1,1,1,1,1,1,1,1,1,1,1,1,1,1,1,1,1,1,1,1,1,1,1,1,1,1,1,1,1,1,1,1,1,1,1,1,1,1,1,1,1,1,1
"PTHR10264",5,5,4,5,5,5,5,5,5,5,5,5,5,5,5,5,5,5,5,4,6,5,5,5,5,5,6,5,5,5,5,6,6,5,5,5,5,5,5,5,5,4,5,6,5
"PTHR10265_SF16",1,1,1,1,1,1,1,1,1,1,1,1,1,1,1,1,1,1,1,1,1,1,1,1,1,1,1,0,1,1,1,1,1,1,1,1,1,1,1,1,1,1,1,1,1
"PTHR10265_SF7",1,1,1,1,0,1,1,0,0,0,1,1,1,1,1,2,1,0,1,0,1,1,1,2,1,0,1,0,0,0,0,1,1,1,1,1,0,1,1,1,0,1,1,1,1
"PTHR10265_SF9",1,1,1,1,1,1,1,1,1,1,1,1,1,1,1,1,1,1,1,1,1,1,1,1,1,1,1,1,1,1,1,1,1,1,1,1,1,2,1,1,1,1,1,1,1
"PTHR10266",1,1,1,1,1,1,1,1,1,1,1,1,1,1,1,1,1,1,1,2,1,1,1,1,1,1,1,1,1,1,0,1,2,1,1,1,1,1,1,1,1,1,1,1,1
"PTHR10267_SF0",1,1,1,1,1,1,1,1,1,1,1,1,1,1,1,1,1,1,1,1,1,1,1,1,1,1,2,1,1,1,1,2,1,1,1,1,1,1,1,1,1,1,1,1,1
"PTHR10269_SF1",1,1,1,1,1,1,1,1,1,1,1,1,1,1,1,1,1,1,1,1,1,1,1,1,1,2,1,1,1,1,1,1,1,1,1,1,1,1,1,1,1,1,1,1,1
"PTHR10269_SF11",1,1,1,1,1,1,1,1,1,1,1,1,1,1,1,1,1,1,1,1,1,1,1,1,1,1,1,1,1,1,1,1,1,1,1,1,1,1,1,1,1,0,1,1,1
"PTHR10269_SF2",1,1,1,1,1,1,1,0,1,0,1,1,1,1,1,1,1,0,1,0,1,1,1,1,1,1,1,1,1,1,1,1,1,1,1,0,0,1,1,1,1,1,1,1,1
"PTHR10269_SF3",1,1,1,1,1,1,1,1,1,1,1,1,1,1,1,1,1,1,1,1,1,1,1,1,1,1,1,1,1,1,1,1,2,1,1,1,1,1,1,1,1,1,1,1,1
"PTHR10269_SF4",1,1,1,1,1,1,1,1,1,1,1,1,1,1,1,1,1,1,1,1,1,2,1,1,1,1,1,1,1,1,1,1,1,1,1,1,1,1,1,1,1,1,1,1,1
"PTHR10270_SF10",1,1,1,1,1,1,1,1,1,1,1,1,1,1,1,1,1,1,1,1,1,1,1,1,1,1,1,1,1,1,1,1,1,1,1,1,1,1,1,1,1,1,1,1,0
"PTHR10270_SF106",1,1,1,1,1,1,1,1,1,1,1,1,1,1,1,1,1,1,1,1,1,1,1,1,1,1,1,1,1,1,1,1,1,1,1,1,1,1,1,1,1,1,1,1,1
"PTHR10270_SF109",1,1,1,1,1,1,1,1,1,1,1,1,1,1,1,1,1,1,1,1,1,1,1,1,1,1,1,1,1,2,1,1,1,1,1,1,1,1,1,1,1,1,1,1,1
"PTHR10270_SF111",1,1,0,1,1,1,1,1,1,1,1,1,0,0,1,1,0,1,1,1,1,0,1,1,1,1,1,1,1,1,1,1,1,1,1,1,0,1,1,0,1,1,0,1,0
"PTHR10270_SF113",1,1,1,1,0,1,1,1,1,1,1,1,1,1,1,1,0,1,1,0,1,1,1,1,0,0,1,0,1,1,1,1,1,0,1,1,0,0,1,1,1,1,1,0,0
"PTHR10270_SF197",1,1,1,1,1,1,1,1,1,1,1,1,1,1,1,1,1,1,1,1,1,1,1,1,1,1,1,1,1,1,1,1,1,1,1,1,1,1,1,1,1,1,1,1,1
"PTHR10270_SF20",1,1,1,1,1,1,1,1,1,1,1,1,1,1,1,1,1,1,1,1,1,1,1,1,1,1,1,1,1,1,0,1,1,1,1,1,1,1,1,1,1,1,1,1,1
"PTHR10270_SF207",1,1,0,1,0,1,1,1,0,1,1,1,1,1,1,1,0,0,1,0,1,1,1,1,1,1,1,0,1,1,0,1,1,0,1,0,0,1,0,0,0,1,0,1,0
"PTHR10270_SF209",1,1,0,1,1,1,1,0,1,2,1,1,1,0,1,1,0,0,1,0,0,1,1,1,0,0,1,1,1,1,0,1,1,1,0,0,0,1,1,1,0,0,1,2,1
"PTHR10270_SF210",1,1,1,1,1,1,1,1,1,1,1,1,1,1,1,4,1,1,1,1,1,1,1,1,1,1,1,0,1,0,1,1,1,1,1,1,1,1,1,1,1,1,1,1,1
"PTHR10270_SF212",1,1,1,1,0,1,1,1,0,1,1,1,1,1,1,1,1,1,1,1,1,1,1,1,1,1,1,1,0,1,1,1,1,1,1,1,0,1,1,1,1,1,1,1,1
"PTHR10270_SF216",1,1,1,1,1,1,1,0,1,2,1,1,1,2,1,1,1,1,1,1,1,1,1,1,2,1,1,1,1,1,2,0,1,1,2,1,1,1,1,1,0,1,0,4,1
"PTHR10270_SF27",1,1,0,1,1,1,1,0,1,0,1,1,1,1,1,1,0,1,1,0,1,0,1,1,1,1,1,1,0,1,0,1,1,1,1,1,1,1,1,0,0,0,0,1,1
"PTHR10270_SF30",1,1,1,1,1,1,1,1,1,1,1,1,1,2,1,1,1,1,1,1,1,1,1,1,1,1,1,2,1,1,1,1,1,1,1,1,2,1,2,1,1,1,1,1,1
"PTHR10270_SF45",1,1,1,1,1,1,2,1,1,2,1,1,1,1,1,1,1,1,1,1,1,1,1,1,1,1,1,1,1,1,1,1,1,1,0,1,1,1,1,0,1,0,1,0,1
"PTHR10270_SF47",1,0,1,1,0,1,2,1,0,1,0,1,0,0,1,1,1,1,1,1,0,1,1,1,1,0,1,1,1,1,0,1,1,1,0,1,1,1,1,1,0,0,1,4,1
"PTHR10270_SF89",1,1,1,1,1,1,1,1,1,1,1,1,1,1,1,1,1,1,1,1,1,1,1,1,1,1,1,1,1,1,1,1,1,1,1,0,1,1,1,1,1,1,1,1,1
"PTHR10271",4,4,5,4,4,4,4,3,3,5,7,5,5,5,5,5,7,4,3,5,4,5,6,3,4,5,4,5,7,4,4,0,4,4,5,9,5,5,5,4,5,3,2,5,5
"PTHR10272",2,2,2,2,2,2,2,2,2,2,2,2,2,2,2,2,2,2,2,2,2,2,2,2,2,2,2,2,2,2,2,2,2,2,2,2,2,2,2,2,2,2,2,2,2
"PTHR10276",1,1,1,1,1,1,1,1,1,1,1,1,1,1,1,1,1,1,1,1,2,1,1,1,1,1,1,1,1,1,2,1,1,1,1,1,1,1,1,1,1,1,1,1,1
"PTHR10277_SF33",1,1,1,1,1,1,1,1,1,1,1,1,1,1,1,1,1,1,1,1,1,1,1,1,1,1,2,1,1,1,1,1,1,1,1,1,1,1,1,1,1,1,1,1,1
"PTHR10277_SF35",1,1,1,1,1,1,1,1,1,1,1,1,1,1,1,1,1,1,1,1,1,1,1,1,1,1,1,1,1,1,1,1,1,1,1,1,1,1,1,1,1,1,1,1,1
"PTHR10278",1,1,1,1,1,1,1,1,1,1,1,1,1,1,1,1,1,1,1,1,1,1,1,1,1,1,1,1,1,1,1,1,1,1,1,1,1,1,1,1,1,1,1,1,1
"PTHR10279_SF3",1,1,1,1,1,1,1,1,1,1,1,1,1,1,1,1,1,1,1,1,1,1,1,1,1,1,1,1,1,1,1,1,1,1,1,1,1,1,1,1,1,1,1,2,1
"PTHR10279_SF6",1,1,1,1,1,1,1,1,1,1,1,1,1,1,1,1,1,1,1,1,1,2,1,1,1,1,1,2,1,1,1,1,1,1,1,1,1,2,1,1,1,1,1,1,0
"PTHR10279_SF8",1,1,1,1,1,1,1,1,1,2,1,1,1,1,1,1,1,1,2,1,1,1,1,1,2,0,1,1,0,1,0,1,1,1,1,0,1,1,1,1,1,1,1,1,1
"PTHR10281_SF1",1,1,1,1,1,1,1,1,1,1,1,1,1,1,4,1,1,1,1,1,1,1,1,1,1,1,1,2,1,1,1,1,1,1,1,1,1,1,1,1,1,1,1,1,1
"PTHR10281_SF23",1,1,1,1,1,1,1,1,1,1,1,1,1,0,1,1,1,1,1,1,1,1,1,1,1,0,1,1,1,1,1,2,1,1,1,1,1,1,1,1,1,1,1,1,1
"PTHR10281_SF24",1,1,1,2,1,1,1,1,1,1,1,1,1,1,1,1,1,1,1,1,1,1,1,1,1,1,1,1,1,1,2,1,0,1,1,1,1,1,1,1,1,1,1,1,1
"PTHR10281_SF4",1,1,1,1,1,1,1,1,1,1,1,1,1,1,1,1,1,1,1,1,1,1,1,1,1,1,1,1,1,1,1,0,1,1,1,1,1,1,1,1,1,1,1,1,1
"PTHR10283",6,6,6,6,6,6,6,6,6,6,6,6,6,6,6,7,6,6,6,8,6,6,6,6,6,6,6,6,5,6,6,6,6,6,6,5,6,5,6,6,6,5,6,6,5
"PTHR10285",4,4,4,4,4,4,4,4,4,4,4,4,4,4,4,4,4,4,4,3,4,4,4,4,4,4,5,4,5,4,5,6,5,4,4,4,4,3,4,4,4,4,4,4,4
"PTHR10286",2,2,4,3,4,3,2,2,2,4,2,2,2,4,2,2,2,1,3,2,2,5,2,3,2,2,4,3,3,2,2,4,2,3,2,2,4,2,4,2,5,2,2,3,2
"PTHR10288_SF100",1,1,1,1,1,1,1,1,1,1,1,1,1,1,2,1,1,1,1,1,1,2,1,1,1,1,1,1,1,1,1,1,1,1,1,1,1,1,2,1,1,1,1,3,1
"PTHR10288_SF101",1,2,2,1,2,2,1,1,1,2,2,2,2,2,1,1,1,1,1,1,2,2,1,1,1,2,1,1,2,2,2,1,1,2,2,1,3,1,2,1,1,2,1,3,2
"PTHR10288_SF102",1,3,4,2,2,4,1,2,2,4,1,1,1,3,7,1,1,1,4,3,1,6,1,3,4,2,1,4,1,7,2,8,3,4,1,1,4,1,4,2,1,2,2,2,1
"PTHR10288_SF135",1,1,1,1,1,1,1,1,1,1,1,1,1,1,1,1,1,1,1,0,1,1,1,1,1,1,1,1,1,1,1,1,1,1,1,1,1,1,1,1,1,1,1,1,1
"PTHR10288_SF136",1,1,1,1,1,1,1,1,1,1,1,1,1,1,1,1,1,1,1,2,1,2,1,1,1,1,2,1,1,1,1,2,1,1,1,1,1,1,1,1,1,1,1,1,1
"PTHR10288_SF139",1,1,1,0,1,0,0,0,0,0,0,0,1,1,0,1,0,1,1,0,0,0,1,1,0,1,0,1,0,0,1,0,1,1,1,0,1,0,0,1,0,1,1,1,0
"PTHR10288_SF141",1,1,0,1,1,1,1,1,1,2,1,1,1,1,1,1,1,1,1,1,1,1,1,1,1,1,1,1,1,1,1,1,1,1,1,1,1,1,1,1,1,1,1,2,1
"PTHR10288_SF143",1,1,1,1,1,1,1,1,1,1,1,1,1,1,1,1,1,1,1,1,1,1,1,1,1,1,2,1,1,1,1,1,1,1,1,1,1,1,1,1,1,1,1,1,1
"PTHR10288_SF92",1,1,1,1,1,1,1,1,1,1,1,1,1,2,1,1,1,1,1,1,1,1,1,1,1,1,1,2,1,1,1,3,1,1,1,1,2,1,2,1,1,1,1,2,1
"PTHR10288_SF93",1,1,2,1,1,1,1,1,1,1,1,1,1,3,1,1,1,1,2,1,1,2,1,3,1,2,1,3,1,1,1,1,1,2,1,0,4,1,3,1,1,1,1,1,2
"PTHR10288_SF96",1,1,3,2,2,1,4,1,1,1,0,0,1,1,2,1,1,0,1,1,1,1,1,1,1,1,1,1,1,2,1,1,1,1,0,1,1,1,1,0,1,1,0,0,1
"PTHR10288_SF97",1,1,2,1,2,1,2,2,1,9,2,2,1,1,4,1,3,2,3,1,2,3,1,3,4,1,2,1,2,1,5,7,0,3,4,2,2,1,1,2,1,1,1,1,1
"PTHR10288_SF99",1,1,1,1,1,1,1,1,1,1,1,1,1,1,2,1,1,1,1,1,1,1,1,1,1,0,1,1,1,1,1,2,1,1,1,1,1,1,1,1,1,1,1,1,1
"PTHR10289",1,1,0,0,1,1,0,1,1,0,1,1,1,0,1,0,1,1,0,0,0,0,1,0,1,1,1,0,1,1,1,1,0,0,0,1,0,1,0,1,0,1,0,0,1
"PTHR10290_SF1",1,1,1,1,1,1,1,1,1,2,1,1,1,1,1,2,1,1,1,1,1,1,1,1,1,1,1,1,1,2,1,1,1,1,2,2,1,1,1,1,1,1,1,2,1
"PTHR10291",1,1,1,1,1,1,2,1,1,1,1,1,1,1,1,1,1,1,1,1,1,1,1,1,1,1,1,1,1,1,1,1,1,1,1,1,1,1,1,1,2,1,1,1,1
"PTHR10292",3,2,3,3,3,2,3,3,3,3,4,3,3,3,3,3,3,2,3,2,3,2,2,3,2,3,2,3,3,2,4,3,3,3,3,2,3,3,3,2,3,2,2,3,3
"PTHR10293_SF16",1,1,3,1,0,1,3,1,1,4,1,1,1,1,1,1,0,1,2,0,1,1,1,2,1,1,1,1,0,1,1,1,1,2,1,1,0,1,1,1,1,1,1,1,0
"PTHR10293_SF40",2,1,1,3,1,1,2,1,1,1,1,1,1,2,2,1,1,1,2,2,1,3,1,2,1,1,1,2,1,1,1,4,1,2,3,1,2,1,2,1,2,1,1,1,1
"PTHR10300_SF4",1,1,1,1,1,1,1,1,1,1,1,1,1,1,1,1,1,1,1,0,1,1,1,1,1,1,1,1,1,1,1,1,1,1,1,1,1,1,1,1,1,1,1,1,1
"PTHR10300_SF5",1,1,1,2,1,1,2,1,1,2,1,1,1,1,2,1,1,1,1,2,1,1,1,1,1,2,1,1,1,1,1,1,1,1,1,1,1,1,1,1,1,1,1,1,1
"PTHR10300_SF6",1,1,1,1,1,1,1,1,1,1,1,1,1,1,1,1,1,1,1,1,1,1,1,1,1,1,1,1,1,1,1,1,1,1,1,1,1,1,1,1,1,1,1,1,1
"PTHR10302_SF0",1,1,1,2,3,3,1,1,1,3,1,1,1,1,4,2,1,1,1,1,1,2,1,1,1,1,1,1,1,1,3,2,1,1,1,1,1,1,2,1,5,1,1,1,1
"PTHR10306",4,4,4,4,4,4,4,4,4,4,4,4,5,4,4,4,5,4,4,4,4,4,4,4,4,4,5,4,4,4,4,4,4,4,4,4,4,5,5,4,6,4,4,5,4
"PTHR10309",1,1,1,1,1,1,1,1,1,1,1,1,1,1,1,1,1,1,2,1,1,1,1,1,1,1,1,1,1,1,1,1,1,1,1,1,1,1,1,1,1,1,1,1,1
"PTHR10314_SF1",1,1,1,1,1,0,1,1,1,1,1,1,1,1,1,1,1,1,0,1,1,0,1,1,1,1,1,1,1,1,1,0,1,1,1,1,1,1,1,1,0,1,1,1,1
"PTHR10314_SF36",1,1,2,2,2,1,1,1,1,1,1,1,1,1,1,1,2,1,1,1,1,1,1,1,1,1,1,1,1,1,1,1,1,1,1,1,1,1,1,1,1,1,1,1,1
"PTHR10314_SF46",1,1,1,1,1,1,1,1,1,1,1,1,1,1,1,1,1,1,1,0,1,1,1,1,1,1,1,1,1,1,1,1,1,1,1,1,1,1,1,1,1,1,1,1,1
"PTHR10314_SF48",1,1,1,1,1,1,1,1,1,1,0,2,1,1,1,2,1,1,1,1,1,1,1,1,1,1,1,1,1,1,1,1,1,1,1,1,1,1,2,1,1,1,1,1,1
"PTHR10314_SF73",1,1,1,1,0,1,1,1,1,1,1,1,1,1,1,1,1,1,1,1,1,1,1,1,1,1,1,1,1,1,1,1,1,1,1,1,1,1,1,1,1,1,1,1,1
"PTHR10314_SF89",1,1,1,1,1,1,1,1,1,1,1,1,1,2,1,1,1,1,1,1,1,1,1,1,1,1,1,1,1,1,1,1,1,1,1,1,1,1,1,1,1,1,1,1,1
"PTHR10315_SF11",1,1,1,1,1,1,1,1,1,1,1,1,1,1,1,1,1,1,1,1,1,1,1,1,1,1,1,1,1,1,1,1,1,1,1,1,1,1,1,1,1,1,1,1,1
"PTHR10315_SF21",1,1,1,1,1,1,1,1,1,1,1,1,1,1,1,1,1,0,1,1,1,1,1,1,1,1,1,1,1,1,1,1,1,1,1,1,1,1,1,1,1,1,1,1,1
"PTHR10315_SF23",2,5,1,1,1,2,3,1,1,1,1,1,2,1,2,1,1,1,1,2,1,1,2,1,1,2,1,1,2,2,1,1,11,1,1,1,1,2,1,1,1,1,1,1,1
"PTHR10315_SF26",1,1,1,1,1,1,1,1,1,1,1,1,1,1,1,1,1,1,1,1,1,1,1,1,1,1,1,1,1,1,1,1,1,1,2,1,1,1,1,1,1,1,1,1,1
"PTHR10316_SF10",1,1,1,1,1,1,1,1,1,1,1,1,1,1,1,1,1,1,1,2,1,1,1,1,1,1,1,1,1,1,1,1,1,1,1,1,1,1,1,1,1,1,1,1,1
"PTHR10316_SF12",1,1,1,1,1,1,1,1,1,1,1,1,1,1,1,2,1,1,1,1,1,1,1,1,1,1,1,1,1,1,1,1,1,1,1,1,1,1,1,1,1,1,1,1,1
"PTHR10316_SF27",1,1,1,1,1,2,1,1,1,3,1,1,1,1,1,1,1,1,1,1,1,1,1,1,1,1,2,1,1,1,1,1,1,1,1,1,1,1,1,1,1,1,1,1,1
"PTHR10316_SF38",1,1,1,1,1,1,1,1,1,1,1,1,1,1,4,1,1,1,1,1,1,2,1,1,1,1,1,1,1,1,1,1,1,1,1,1,1,1,1,1,1,1,1,0,1
"PTHR10316_SF39",1,1,1,1,1,1,1,1,1,1,1,1,1,1,1,1,1,1,1,1,1,1,1,1,1,1,2,1,1,1,1,1,1,1,1,1,1,1,1,1,1,1,1,1,1
"PTHR10316_SF42",1,1,1,1,1,1,1,1,1,1,1,1,1,1,1,1,1,1,1,1,1,0,1,1,1,1,1,1,1,1,1,1,1,1,1,1,1,1,1,1,1,1,1,1,1
"PTHR10316_SF5",1,1,1,1,1,0,1,1,0,1,0,1,1,1,1,1,1,1,1,1,1,1,1,1,1,1,1,1,1,1,1,1,1,1,0,1,1,1,1,1,1,1,1,0,1
"PTHR10317",1,1,1,1,1,1,1,1,2,4,1,1,1,3,6,1,1,1,2,1,1,2,1,2,1,1,2,3,1,1,1,2,1,3,2,1,2,2,3,3,1,1,1,3,1
"PTHR10321",5,4,4,6,4,5,7,4,4,4,4,4,4,5,4,4,4,4,4,4,4,4,4,4,5,4,4,4,4,4,4,4,4,4,4,4,5,4,5,5,5,4,4,4,4
"PTHR10322_SF11",1,1,1,1,1,1,2,1,1,1,1,1,1,1,1,1,1,1,1,1,1,1,1,1,1,1,2,1,1,1,0,1,1,1,1,1,1,1,1,1,1,1,1,1,1
"PTHR10322_SF16",1,1,1,2,1,1,1,1,1,1,1,1,1,1,1,1,1,1,1,1,1,1,1,1,1,1,2,1,1,1,1,1,1,1,1,1,1,1,1,1,1,1,1,1,1
"PTHR10322_SF18",1,1,1,1,1,1,1,1,1,1,1,1,1,1,1,1,1,1,1,1,1,1,1,1,1,1,1,1,1,1,1,1,1,1,1,1,1,1,1,1,1,1,1,1,1
"PTHR10322_SF2",1,1,1,1,1,1,1,1,1,1,1,1,0,1,1,1,1,1,1,1,1,1,1,1,1,1,1,1,1,1,1,1,1,1,1,1,1,1,1,1,1,1,1,1,1
"PTHR10328",1,1,1,2,1,1,2,1,1,2,1,1,1,1,2,1,1,1,1,1,1,1,1,1,2,1,1,1,1,1,1,3,2,1,1,1,1,1,1,1,1,1,1,1,1
"PTHR10331",2,1,3,3,2,3,3,2,2,2,3,2,1,4,1,5,2,1,3,1,2,1,4,3,2,1,3,4,2,2,2,1,2,5,2,2,5,1,5,2,1,2,1,2,2
"PTHR10332",4,4,4,4,4,4,4,4,4,3,3,4,4,4,4,4,4,4,4,3,4,4,4,4,4,4,4,3,4,4,3,3,4,4,5,4,4,4,5,5,4,4,4,4,4
"PTHR10333_SF37",1,1,1,1,1,1,2,1,1,1,1,1,1,1,1,1,2,1,1,1,1,1,1,1,1,1,1,3,1,1,1,2,1,1,1,1,2,1,2,1,1,1,1,2,1
"PTHR10333_SF38",1,1,1,1,1,1,1,1,1,1,1,1,1,1,1,1,2,1,1,4,1,1,1,1,2,1,2,1,1,1,1,1,1,1,1,3,1,1,1,1,1,1,1,2,1
"PTHR10333_SF40",1,1,1,1,1,1,1,1,1,1,1,1,1,1,1,1,1,1,1,1,1,1,1,1,1,1,1,1,1,1,1,1,1,1,1,1,1,1,1,1,1,1,1,1,1
"PTHR10333_SF41",1,1,1,1,1,1,1,1,1,1,1,1,1,1,1,1,1,1,1,1,1,1,1,1,1,1,1,1,1,1,1,2,1,1,1,1,1,1,1,1,1,1,1,1,0
"PTHR10333_SF42",1,1,1,1,1,1,1,1,1,1,1,1,1,1,2,1,1,1,1,1,1,2,1,1,1,1,1,1,1,1,1,1,1,1,1,1,1,1,2,1,1,1,1,1,1
"PTHR10334_SF154",2,1,1,1,1,1,1,1,1,1,1,1,1,1,2,1,1,1,1,2,1,1,1,1,2,1,1,1,1,1,1,1,0,1,1,2,1,1,1,1,1,1,1,1,1
"PTHR10334_SF163",1,1,1,1,1,1,1,1,1,1,1,1,1,1,1,1,1,1,1,1,0,1,1,1,1,1,1,1,1,1,1,1,1,1,1,1,1,1,1,1,1,1,1,1,1
"PTHR10334_SF180",1,1,1,1,1,1,1,1,1,1,1,1,1,3,1,3,1,1,1,1,1,1,1,1,1,1,1,1,1,1,1,1,1,1,1,1,0,1,1,1,1,1,1,1,1
"PTHR10334_SF189",2,1,1,1,1,2,1,1,1,2,1,1,1,1,1,1,1,1,1,1,1,2,1,1,1,1,1,1,1,2,1,2,1,1,1,1,1,1,1,1,1,1,1,1,1
"PTHR10334_SF191",1,1,1,1,1,1,1,1,1,1,1,1,1,1,0,1,1,1,1,1,1,1,1,1,1,1,1,1,1,1,1,0,1,1,1,1,1,1,1,1,1,1,1,0,1
"PTHR10334_SF62",1,1,1,0,1,1,0,1,1,1,1,1,1,1,1,1,1,1,1,1,1,1,1,1,1,1,1,1,1,1,1,1,1,1,1,1,1,1,1,1,0,1,1,1,1
"PTHR10334_SF63",1,1,1,1,1,1,1,1,1,1,1,1,1,1,1,1,1,1,1,1,1,1,1,1,1,1,0,1,1,1,1,1,1,1,1,1,1,1,1,1,1,1,1,2,1
"PTHR10334_SF64",1,1,1,1,1,1,1,1,1,1,1,1,1,1,1,1,1,1,1,1,1,1,1,1,1,1,1,1,1,1,1,1,1,1,1,1,1,1,1,1,1,1,1,1,1
"PTHR10334_SF65",1,1,1,1,1,1,1,1,1,1,0,1,2,1,0,1,1,0,1,1,1,2,2,1,1,1,1,1,1,1,3,0,1,1,1,2,1,1,1,1,1,1,0,1,1
"PTHR10334_SF73",1,1,1,1,1,1,1,1,1,1,1,1,1,1,1,1,1,1,1,1,1,1,1,1,1,1,1,1,1,1,1,1,1,1,1,1,1,1,1,1,1,1,1,2,1
"PTHR10335",2,2,2,2,2,2,2,2,2,1,2,2,1,1,2,3,2,2,2,2,2,1,2,1,2,1,2,2,1,2,1,2,1,2,1,2,2,2,3,2,2,2,2,1,2
"PTHR10336_SF10",1,1,1,1,1,1,1,1,1,1,1,1,1,1,1,1,1,1,1,1,1,1,1,1,1,1,1,1,1,1,1,1,1,1,1,1,1,1,1,1,1,1,1,1,1
"PTHR10336_SF11",1,0,1,1,1,1,1,1,1,1,1,1,1,1,1,1,1,1,1,1,1,1,1,1,1,1,1,1,1,1,0,1,1,1,1,1,1,1,1,1,1,1,1,1,1
"PTHR10336_SF12",1,1,1,1,1,1,1,1,1,1,2,1,1,1,1,1,1,1,1,2,1,1,1,1,1,1,1,1,1,1,1,1,1,1,1,1,1,1,1,1,1,1,1,1,2
"PTHR10336_SF21",1,1,1,1,1,1,1,1,1,1,1,1,1,1,1,2,1,1,1,0,1,1,1,1,1,1,1,1,1,1,0,1,1,1,1,1,1,1,2,1,1,1,1,1,1
"PTHR10336_SF25",1,1,1,1,1,1,1,1,1,1,1,1,1,1,1,1,1,1,1,1,1,1,1,1,1,1,1,1,1,1,1,1,1,1,1,2,1,1,1,1,1,1,1,1,2
"PTHR10336_SF29",1,1,1,1,1,1,1,1,1,1,1,3,1,1,1,1,1,0,1,1,1,1,1,1,1,1,1,1,1,1,1,1,1,1,1,1,1,2,1,1,1,1,1,1,1
"PTHR10336_SF31",1,1,1,1,1,1,1,1,1,1,1,1,1,1,1,1,1,1,1,1,1,1,1,1,1,1,1,1,1,1,1,1,1,1,1,1,1,1,1,1,1,1,1,1,1
"PTHR10336_SF33",1,1,1,1,1,1,1,1,1,1,1,1,1,1,1,1,1,1,1,1,1,1,1,1,1,1,1,1,1,1,1,1,1,1,1,1,1,1,1,1,1,1,1,1,1
"PTHR10336_SF51",1,1,1,1,1,1,1,2,1,1,1,1,1,1,2,1,1,1,1,1,1,1,2,1,1,1,1,1,1,1,1,2,1,1,1,1,1,1,1,1,1,1,1,1,1
"PTHR10336_SF52",1,1,1,1,1,1,1,1,1,2,1,1,1,1,1,1,1,1,1,1,1,1,1,1,1,1,1,1,1,1,1,1,1,1,1,1,1,0,1,1,1,1,1,1,1
"PTHR10336_SF6",1,1,1,1,1,1,1,1,1,1,1,1,1,1,1,1,1,1,1,1,1,1,1,1,1,1,0,1,1,1,1,1,1,1,1,1,1,1,1,1,1,1,1,2,1
"PTHR10336_SF76",1,1,1,1,1,1,1,1,1,1,1,1,1,1,1,1,1,1,1,1,1,1,1,1,1,1,1,1,1,1,1,1,1,1,1,1,1,1,1,1,1,1,1,1,1
"PTHR10336_SF78",1,1,1,1,1,1,1,1,1,1,1,1,1,1,1,1,1,1,1,1,1,1,1,1,1,1,1,1,1,1,1,1,1,1,1,1,1,1,1,1,1,1,1,1,1
"PTHR10336_SF80",1,1,1,1,1,1,1,1,1,1,1,1,1,1,1,1,1,1,1,1,1,1,1,1,1,1,1,1,1,1,0,1,1,1,1,1,1,1,1,1,1,1,0,1,1
"PTHR10336_SF84",1,1,1,1,1,1,1,1,1,1,1,1,1,1,2,2,1,1,1,1,1,1,1,1,1,1,1,1,1,1,1,1,1,1,1,2,1,1,1,1,1,1,1,1,1
"PTHR10337",5,5,5,5,5,5,5,5,5,6,4,4,5,6,8,4,5,5,6,5,5,5,5,5,6,5,7,7,4,5,4,5,6,5,5,5,5,5,4,4,6,4,5,10,6
"PTHR10338_SF100",1,1,1,1,1,1,1,1,1,1,1,1,2,1,1,1,1,1,1,3,1,2,2,1,3,1,2,1,1,1,0,1,1,1,0,2,1,1,1,3,1,1,0,0,1
"PTHR10338_SF104",2,1,1,1,1,2,1,1,2,1,2,1,1,1,1,1,0,2,1,1,1,1,1,1,2,1,2,1,1,1,2,2,2,1,1,2,2,1,1,0,1,1,1,2,1
"PTHR10338_SF105",1,1,1,1,1,1,1,1,1,1,1,1,1,1,1,1,1,1,1,1,1,1,1,1,1,1,1,1,1,1,1,1,1,1,1,1,1,1,1,1,1,1,1,0,1
"PTHR10338_SF106",1,1,1,1,1,1,1,1,1,1,2,1,1,1,1,1,1,1,1,1,1,1,1,1,1,1,1,1,1,1,1,1,1,1,0,1,1,1,1,1,1,1,1,0,2
"PTHR10338_SF107",1,1,1,1,1,1,1,1,1,1,1,1,1,1,1,1,1,1,1,1,1,1,1,1,1,1,1,1,1,1,1,1,1,1,1,1,1,1,1,1,1,1,2,1,1
"PTHR10338_SF109",1,1,1,1,1,1,1,1,1,1,1,1,1,1,1,1,1,1,1,1,1,1,1,1,1,1,1,1,1,1,1,1,1,1,1,1,1,1,1,1,1,0,1,0,1
"PTHR10338_SF14",1,1,1,1,1,1,1,1,1,1,1,1,1,1,1,1,1,1,1,1,1,1,1,1,1,1,1,1,1,1,1,1,1,1,1,1,1,1,1,1,1,1,1,1,1
"PTHR10338_SF24",1,1,1,1,1,1,1,1,1,1,1,1,1,1,1,1,1,1,1,2,1,1,1,1,1,1,1,1,1,1,1,1,1,1,2,1,1,1,1,1,1,1,1,2,1
"PTHR10338_SF62",1,1,1,1,1,1,1,1,1,1,1,1,1,1,1,1,1,0,1,1,1,1,1,1,1,1,1,1,1,1,1,1,1,1,1,1,1,1,1,1,1,1,1,1,1
"PTHR10338_SF7",1,1,1,1,1,1,1,0,1,1,1,1,1,1,1,1,1,2,1,1,2,1,1,1,1,1,2,1,1,1,1,0,1,1,1,1,1,1,1,2,0,1,0,1,1
"PTHR10338_SF98",1,1,1,1,1,1,1,1,1,1,1,1,1,1,1,1,1,1,1,1,1,1,1,1,1,1,1,1,1,1,1,0,1,1,2,1,1,1,1,1,1,1,1,2,1
"PTHR10339",4,12,4,4,4,7,3,5,6,4,5,5,4,4,4,4,6,5,4,7,4,4,6,4,4,4,5,4,4,7,8,3,4,4,6,9,4,4,4,5,4,3,4,4,4
"PTHR10340",3,3,3,3,3,3,3,3,3,3,3,3,3,3,3,3,3,3,3,3,3,3,3,3,3,3,4,3,3,3,3,3,3,3,3,3,3,3,3,3,3,3,3,4,3
"PTHR10342_SF185",1,1,1,1,1,1,1,1,1,1,1,1,2,2,1,2,1,1,1,1,1,1,1,1,1,1,1,1,1,1,1,1,2,1,1,1,1,1,2,1,1,1,1,1,1
"PTHR10342_SF186",1,1,1,1,1,1,1,1,1,1,1,1,1,1,1,1,1,1,1,1,1,1,1,1,1,1,1,1,1,1,1,1,1,1,1,1,1,1,1,1,1,1,1,1,1
"PTHR10342_SF192",1,1,1,1,1,1,1,1,1,1,1,1,1,1,1,1,1,1,1,1,1,1,1,1,1,1,1,1,1,1,1,1,1,1,1,1,1,1,1,1,1,1,1,1,1
"PTHR10342_SF200",2,1,1,1,0,1,1,0,1,2,2,1,1,1,1,1,1,0,1,0,1,1,0,1,0,1,0,1,1,1,0,0,2,1,1,1,1,1,2,0,0,1,1,1,1
"PTHR10342_SF202",1,1,1,1,1,1,1,1,1,1,1,1,1,1,1,1,1,1,1,0,1,1,0,1,0,1,1,1,1,1,2,0,1,1,1,1,1,1,1,1,1,2,1,1,1
"PTHR10342_SF206",1,1,1,1,1,1,1,1,1,1,1,1,1,1,1,1,1,1,1,1,1,1,1,1,1,1,1,1,1,1,0,1,1,1,1,1,1,1,1,1,1,1,1,1,1
"PTHR10342_SF210",1,1,1,1,1,1,1,1,1,1,1,1,1,1,1,1,1,1,1,1,1,1,1,1,1,1,1,1,1,1,1,1,1,1,1,1,1,1,1,1,1,1,1,2,1
"PTHR10342_SF212",1,1,1,1,1,1,1,1,1,1,1,1,1,1,1,1,1,1,1,1,1,1,1,1,1,1,1,1,1,1,1,1,1,1,1,1,1,1,1,2,1,1,1,1,1
"PTHR10342_SF22",1,1,1,1,1,1,1,1,1,1,1,1,1,1,1,1,1,1,1,1,1,1,1,1,1,1,1,1,1,1,1,1,1,1,1,1,1,1,1,1,1,1,1,1,1
"PTHR10342_SF27",1,1,1,1,1,1,1,1,1,1,1,1,1,1,1,1,1,1,1,1,1,1,1,1,1,1,1,1,1,1,1,1,1,1,1,1,1,1,1,1,1,1,1,1,1
"PTHR10342_SF67",1,1,1,1,1,1,1,1,1,1,1,1,1,1,1,1,1,1,1,1,1,1,1,1,1,1,1,1,1,1,1,1,1,1,1,0,1,1,1,1,1,1,1,1,1
"PTHR10342_SF68",1,1,1,1,1,1,1,1,1,1,1,1,1,1,1,1,1,1,1,1,1,1,1,1,1,1,1,1,1,1,1,1,1,1,1,1,1,1,1,1,1,1,1,2,1
"PTHR10342_SF69",1,1,1,1,1,1,1,1,1,1,1,3,1,1,1,1,1,1,1,0,1,1,1,1,1,1,1,1,1,1,1,1,1,1,1,1,1,1,1,0,1,1,1,1,1
"PTHR10342_SF72",1,1,1,1,1,1,1,0,0,2,1,1,1,1,1,1,0,2,1,1,1,2,0,1,0,1,0,1,1,1,0,0,1,1,2,1,1,1,1,0,1,0,0,2,1
"PTHR10342_SF73",1,0,1,1,1,0,1,0,0,0,1,1,1,1,0,1,0,1,1,1,1,0,0,1,0,1,0,1,1,0,0,0,1,1,1,0,1,1,1,0,1,2,0,1,1
"PTHR10342_SF76",1,1,1,1,1,1,1,1,1,1,1,1,1,1,1,1,1,1,1,0,1,1,1,1,1,1,1,1,1,1,1,1,1,1,1,1,1,1,1,1,1,1,1,1,1
"PTHR10343_SF16",1,1,1,1,1,1,1,1,2,1,1,1,1,1,1,1,1,1,1,1,1,1,1,1,1,1,1,1,1,1,1,1,1,1,1,1,1,1,1,1,1,1,1,1,1
"PTHR10343_SF43",1,1,1,1,1,1,1,1,1,1,1,1,1,1,1,1,1,1,1,2,1,1,1,1,1,1,1,1,1,1,1,1,1,1,1,1,1,1,1,1,1,1,1,1,1
"PTHR10344",2,2,1,2,1,2,2,2,2,2,2,2,2,1,2,2,1,2,2,1,2,2,2,2,3,2,2,2,1,2,2,2,3,2,2,2,1,2,2,2,2,2,2,2,1
"PTHR10345",1,1,1,1,1,1,1,1,1,1,1,1,1,1,1,1,1,1,1,1,1,1,1,1,1,1,1,1,1,1,1,1,1,1,1,1,1,1,1,1,1,1,1,1,1
"PTHR10350",1,1,1,1,1,1,1,1,1,1,1,1,1,1,1,1,1,1,1,1,1,1,1,1,1,1,1,1,1,1,1,1,1,1,1,1,1,1,1,1,1,1,1,1,1
"PTHR10351_SF27",1,1,1,1,1,1,1,1,1,1,1,1,1,1,2,1,1,1,1,1,1,1,1,1,1,1,1,1,1,1,1,1,1,1,1,1,1,1,1,1,1,1,1,1,1
"PTHR10351_SF28",2,3,5,5,5,6,5,2,2,2,1,2,5,7,5,2,4,1,7,2,2,3,1,7,3,1,2,5,2,7,2,1,2,6,1,7,4,5,4,5,9,3,1,2,4
"PTHR10351_SF29",1,1,2,3,2,1,2,1,1,4,1,1,3,4,5,1,1,1,1,2,1,2,2,2,1,1,1,3,2,1,2,2,3,1,1,1,4,2,4,3,6,1,1,1,1
"PTHR10351_SF45",1,1,1,1,1,1,1,1,1,1,1,1,1,1,2,1,1,1,1,1,1,1,1,1,1,1,1,1,1,1,1,1,1,1,1,1,1,1,1,1,1,1,1,1,1
"PTHR10352",1,2,1,1,1,1,1,1,1,1,1,2,1,1,1,1,1,1,1,1,1,1,1,1,2,1,1,1,1,1,1,3,3,1,1,1,1,1,1,1,1,1,1,1,1
"PTHR10353_SF10",1,1,1,1,1,1,1,1,1,1,1,1,1,1,1,1,1,1,1,1,1,1,1,1,1,1,0,1,1,1,1,1,1,1,1,1,1,1,1,1,1,2,1,1,1
"PTHR10353_SF24",1,1,1,1,1,1,1,1,1,1,1,1,1,1,1,1,1,1,1,1,1,1,1,1,1,1,1,1,1,1,1,1,1,1,1,1,1,1,1,1,1,1,1,1,1
"PTHR10353_SF38",1,1,1,1,1,1,1,1,1,1,1,1,1,1,1,1,1,1,1,1,1,1,1,1,3,1,1,1,1,1,2,1,1,1,2,1,1,1,1,1,1,2,1,1,1
"PTHR10353_SF7",2,1,1,1,1,1,1,1,1,1,1,1,1,1,1,1,1,1,1,1,1,1,1,1,1,1,1,1,1,1,1,1,1,1,1,1,1,1,1,1,1,1,1,1,1
"PTHR10353_SF9",1,1,1,1,1,1,1,1,1,1,1,1,1,1,1,1,1,1,1,1,1,1,0,1,1,1,0,1,1,1,1,1,1,1,1,1,1,1,1,1,1,1,1,1,1
"PTHR10356",2,2,2,2,2,2,2,4,2,2,3,2,2,2,2,7,2,2,2,2,2,2,2,2,2,1,2,2,2,3,2,2,3,2,2,2,2,2,2,2,2,2,2,2,2
"PTHR10357_SF105",1,2,1,2,5,2,1,2,1,1,1,2,1,2,1,5,3,2,1,1,2,2,0,2,0,1,0,2,1,1,4,0,1,2,2,0,4,1,3,0,2,6,1,1,1
"PTHR10357_SF110",1,1,1,1,1,1,1,1,1,1,1,1,1,1,1,1,1,1,1,1,1,1,1,1,1,1,1,1,1,1,1,2,1,1,1,1,1,1,1,1,1,1,1,1,1
"PTHR10357_SF12",1,1,1,1,1,1,1,1,1,1,1,1,1,1,1,1,2,1,2,1,1,1,1,1,1,1,1,1,1,1,1,1,1,1,1,1,1,1,1,1,1,1,1,1,1
"PTHR10357_SF73",1,1,1,1,1,1,1,1,1,1,1,1,1,1,1,1,1,1,1,1,1,1,1,1,1,1,1,1,1,1,1,1,1,1,1,1,1,1,1,1,1,1,1,1,1
"PTHR10358_SF4",2,3,1,1,1,3,1,1,1,1,2,1,1,2,2,1,3,1,1,1,1,3,1,1,1,1,1,1,1,3,3,5,2,2,1,2,2,2,2,1,1,1,1,1,2
"PTHR10358_SF5",1,1,2,3,1,1,2,1,1,1,1,1,2,1,1,1,1,1,2,1,1,1,1,1,2,1,1,1,1,1,3,2,1,2,1,1,2,2,2,1,2,1,1,2,1
"PTHR10359_SF16",2,1,1,1,1,1,1,1,1,1,1,1,1,1,1,1,1,1,1,1,1,1,1,1,1,1,1,1,1,1,0,1,1,1,1,1,1,1,1,1,1,1,1,1,1
"PTHR10359_SF24",1,1,1,1,1,1,1,1,1,1,1,1,1,1,1,2,1,1,1,1,1,1,1,1,1,1,1,1,1,1,1,1,1,1,1,1,1,1,1,1,1,1,1,1,1
"PTHR10360",2,4,3,5,2,4,4,2,2,8,3,5,2,2,8,2,5,2,2,2,2,5,2,2,2,2,2,2,2,4,5,5,3,2,4,3,2,2,2,2,4,2,2,3,3
"PTHR10361",5,7,5,5,5,5,5,5,5,6,6,6,5,6,5,6,6,6,6,6,6,5,7,6,6,5,5,6,4,5,4,5,5,6,6,5,5,6,6,6,5,5,5,7,6
"PTHR10362",1,1,1,1,1,1,1,1,1,1,1,1,1,1,1,1,1,1,1,1,1,1,1,1,1,1,1,1,1,1,1,1,1,1,1,1,1,1,1,1,1,1,1,1,1
"PTHR10363",1,2,1,1,1,1,1,1,1,1,1,1,1,1,1,1,1,1,1,1,1,1,1,1,1,1,1,1,1,1,1,1,1,1,1,1,1,1,1,1,1,1,1,1,1
"PTHR10366_SF229",1,1,0,0,1,1,0,2,3,1,1,1,1,0,1,0,3,1,0,1,0,0,8,0,3,1,3,0,1,1,1,3,1,0,1,7,0,1,0,3,0,1,1,1,1
"PTHR10366_SF241",1,1,1,1,1,0,1,1,1,1,0,1,1,1,1,1,1,1,1,1,1,1,1,1,1,1,1,1,1,1,1,1,1,1,0,1,1,1,1,0,1,1,1,0,1
"PTHR10366_SF242",1,1,1,1,1,1,1,1,1,1,1,1,1,1,1,1,1,1,1,1,1,1,1,1,1,1,1,1,1,1,1,1,1,1,1,1,1,2,2,1,1,1,1,1,1
"PTHR10366_SF259",1,1,1,1,1,1,2,1,1,1,1,1,1,1,1,2,1,1,1,1,1,1,1,1,1,1,1,1,1,1,0,1,1,1,1,1,1,1,1,1,1,1,1,1,1
"PTHR10366_SF279",1,1,1,1,1,1,1,1,1,1,1,1,1,1,1,0,1,1,1,1,1,1,1,1,1,1,1,1,1,1,1,1,1,1,1,1,1,1,1,1,1,1,0,1,1
"PTHR10366_SF290",1,1,1,1,1,1,1,1,1,1,1,1,1,1,1,1,1,1,1,1,1,1,1,1,1,1,2,1,1,1,1,1,1,1,1,1,1,1,1,1,1,1,1,1,1
"PTHR10366_SF317",1,1,1,1,1,1,1,1,1,1,1,1,1,1,1,1,1,1,1,1,1,1,1,1,1,1,1,1,1,1,1,1,2,1,1,1,1,1,1,1,1,1,1,1,1
"PTHR10366_SF32",1,1,1,1,1,1,1,1,1,1,1,1,1,1,1,1,1,1,1,1,1,1,1,1,1,1,1,1,1,1,1,1,1,1,1,1,1,1,1,1,1,1,1,1,1
"PTHR10366_SF35",1,1,1,1,1,2,0,1,1,1,1,1,1,1,1,1,1,1,1,1,1,1,1,1,2,1,1,1,1,1,1,1,1,1,1,1,1,1,1,1,1,1,1,2,1
"PTHR10366_SF39",1,1,1,1,1,1,1,1,1,1,1,1,1,1,1,1,1,1,1,1,1,1,1,1,1,1,1,1,1,1,1,1,1,1,1,1,1,1,1,1,1,1,1,1,1
"PTHR10366_SF41",1,1,1,1,1,1,1,1,1,1,1,1,1,1,1,1,1,1,1,1,1,1,1,1,1,1,2,1,1,1,1,1,1,1,1,1,1,1,1,1,1,1,1,1,1
"PTHR10367_SF0",1,1,1,1,1,1,1,1,1,1,1,1,1,1,1,1,1,1,1,1,1,1,1,1,1,1,1,1,1,1,1,1,1,1,1,1,1,1,1,1,1,1,1,1,1
"PTHR10367_SF5",2,1,1,1,1,1,1,1,1,2,1,1,1,1,1,1,1,1,1,1,1,1,1,1,1,2,1,3,3,1,1,1,1,1,1,1,1,1,1,2,1,1,1,1,1
"PTHR10369_SF6",3,5,6,6,6,2,5,1,3,5,2,2,6,5,4,2,5,2,8,2,3,10,3,6,4,1,3,6,5,3,7,3,5,10,0,7,3,5,6,6,5,5,2,3,6
"PTHR10370",1,1,1,1,1,1,1,1,1,1,1,1,1,3,0,1,1,1,1,1,1,1,1,1,1,1,1,1,1,1,1,1,1,1,1,1,1,1,2,1,1,1,1,1,1
"PTHR10371",1,1,1,1,1,4,1,1,1,2,1,1,1,2,2,1,1,1,2,1,2,1,1,2,3,1,0,1,1,2,1,4,1,2,2,1,2,1,2,1,1,1,1,3,1
"PTHR10372_SF1",1,1,1,1,1,1,1,1,1,1,1,1,1,1,1,1,1,1,1,0,1,1,1,1,1,1,1,1,1,1,0,1,1,1,1,1,1,1,1,1,1,1,1,1,1
"PTHR10372_SF25",1,1,1,1,1,1,1,1,1,1,1,1,1,1,1,1,1,1,1,1,1,1,1,1,1,1,1,2,1,1,1,1,1,1,1,1,1,1,1,1,1,1,1,1,1
"PTHR10372_SF3",1,1,1,1,2,1,1,1,1,1,1,1,1,1,1,1,1,1,1,0,1,1,1,1,1,1,1,1,1,2,1,2,1,1,1,1,1,1,1,1,1,1,1,1,1
"PTHR10372_SF5",1,1,1,1,1,1,1,1,1,1,1,1,1,1,1,1,1,1,1,1,1,1,2,1,1,1,1,1,1,2,1,1,1,1,1,1,1,1,1,1,1,1,1,1,1
"PTHR10372_SF6",1,1,1,1,1,1,1,1,1,1,1,1,1,1,1,1,1,1,1,1,1,1,2,1,1,1,1,1,1,1,1,1,1,1,1,1,1,1,1,1,1,1,1,1,1
"PTHR10372_SF8",2,1,1,1,1,1,1,1,1,1,1,1,1,1,2,1,1,1,1,1,1,1,1,1,1,1,1,1,1,1,1,1,1,1,1,1,1,1,1,1,1,1,1,2,1
"PTHR10372_SF9",2,1,1,2,1,1,1,1,1,2,1,1,1,1,1,1,1,1,1,1,1,1,1,1,1,2,2,1,1,1,1,1,1,1,2,1,2,1,1,1,1,1,1,1,2
"PTHR10373_SF11",1,1,1,1,1,1,1,1,1,1,1,1,1,1,1,1,1,1,1,1,1,1,1,1,1,1,1,1,1,1,1,1,1,1,1,1,1,1,1,1,1,1,1,1,1
"PTHR10373_SF25",1,1,1,1,1,1,3,1,1,2,1,1,1,1,1,1,1,1,1,1,1,1,1,1,1,1,3,1,1,1,1,1,1,1,1,1,1,1,1,1,1,1,1,1,1
"PTHR10373_SF32",1,1,1,2,1,1,1,1,1,1,1,1,1,2,1,1,1,1,1,1,1,1,1,1,1,2,1,1,1,2,1,1,1,1,1,1,1,1,1,2,1,1,1,1,2
"PTHR10373_SF33",1,1,1,1,1,1,1,1,1,1,1,1,1,1,1,2,1,1,1,1,1,1,1,1,1,1,1,1,1,1,1,1,1,1,1,1,1,1,1,1,1,1,1,1,1
"PTHR10374_SF2",1,2,1,1,1,1,1,1,1,3,1,1,1,1,1,1,1,1,1,2,1,1,1,1,1,1,1,1,1,1,2,1,1,1,1,1,1,1,1,1,1,2,1,1,1
"PTHR10374_SF8",1,1,1,1,1,1,1,1,1,1,1,1,1,1,1,1,1,1,1,1,1,2,1,1,1,1,1,1,1,1,1,1,1,1,1,1,1,1,1,1,1,0,1,1,1
"PTHR10378",2,2,2,2,2,3,2,2,2,3,2,2,2,3,2,2,2,2,2,2,2,2,2,2,3,2,2,2,2,2,2,2,2,2,2,2,2,2,2,2,2,2,2,2,2
"PTHR10379",4,4,3,4,2,4,4,3,3,3,3,3,3,4,3,3,3,3,3,3,3,4,3,3,3,3,3,3,3,4,2,3,3,3,3,4,3,3,4,3,4,3,3,3,3
"PTHR10381",1,1,2,2,1,1,1,1,1,1,1,2,1,0,1,1,1,1,0,1,1,3,1,0,1,1,1,0,2,1,1,1,1,1,1,1,1,0,1,1,2,1,1,1,1
"PTHR10383",5,6,6,5,5,5,5,4,4,4,5,5,5,5,5,5,5,5,5,5,4,6,5,5,5,5,5,5,5,5,5,4,5,5,5,5,5,5,5,5,5,5,5,5,5
"PTHR10385_SF25",1,1,1,1,1,2,1,1,1,1,2,1,1,2,3,1,0,1,2,1,1,1,1,2,1,1,1,2,1,2,1,2,1,2,1,1,1,1,2,1,1,1,1,1,0
"PTHR10385_SF27",1,1,1,1,2,1,1,1,1,2,1,1,1,1,2,1,1,1,1,1,1,2,1,1,1,1,2,1,1,1,1,3,1,1,1,1,1,1,1,1,1,1,1,1,1
"PTHR10385_SF29",1,1,1,1,0,1,1,1,1,1,1,1,1,1,1,1,1,1,1,1,0,1,1,1,1,1,1,1,1,1,1,1,1,1,1,1,1,1,1,1,1,1,0,1,1
"PTHR10385_SF30",1,1,1,1,1,1,1,1,1,1,1,1,1,1,1,2,1,1,1,1,1,1,1,1,1,1,1,1,1,1,1,1,1,1,1,1,1,1,1,1,1,1,1,1,1
"PTHR10385_SF4",1,1,1,1,0,1,1,1,1,1,1,1,1,1,1,1,1,1,1,1,1,1,1,1,1,1,1,0,1,1,0,1,1,1,1,1,1,1,1,1,1,1,1,1,1
"PTHR10385_SF5",1,1,0,1,1,1,1,1,1,1,1,1,1,1,2,1,1,1,1,1,1,1,1,1,1,1,1,1,1,0,0,1,1,1,0,1,0,1,1,1,1,1,0,0,1
"PTHR10385_SF7",1,1,1,1,1,1,1,1,1,1,1,1,1,1,1,1,1,1,1,1,1,1,1,1,1,1,1,1,1,1,1,1,1,1,1,1,1,1,1,1,1,1,1,1,1
"PTHR10388_SF10",1,1,2,3,4,7,4,2,2,7,1,1,2,3,6,1,5,1,3,4,2,2,1,3,3,2,2,4,1,1,4,2,1,3,3,5,3,2,4,4,5,1,1,1,3
"PTHR10388_SF8",1,1,1,1,1,1,1,1,1,0,1,1,1,1,0,1,1,1,1,1,1,1,1,1,2,1,1,1,1,1,0,1,1,1,1,1,1,1,1,1,1,1,1,3,1
"PTHR10390_SF12",1,1,1,1,1,1,1,1,1,1,1,1,1,1,1,1,1,1,1,1,1,1,1,1,1,1,1,1,1,1,1,1,1,1,1,1,1,1,1,1,1,1,1,1,1
"PTHR10390_SF13",1,1,1,1,1,1,1,1,1,1,1,1,1,2,1,1,1,2,1,1,1,1,1,1,1,1,1,1,1,1,1,1,1,1,1,1,1,1,1,1,1,1,1,1,1
"PTHR10390_SF22",1,1,1,1,1,1,1,1,1,1,1,1,1,1,1,1,1,1,1,1,1,1,1,1,1,1,1,0,1,1,0,2,1,1,1,1,1,2,1,1,1,1,1,2,1
"PTHR10390_SF27",1,1,1,1,1,0,1,0,0,1,1,1,1,1,0,1,0,3,1,1,1,1,0,1,0,1,0,1,1,1,1,0,1,1,1,0,1,1,1,0,1,2,0,0,1
"PTHR10390_SF29",1,1,1,1,1,1,1,1,1,1,1,1,1,1,1,1,1,0,1,1,1,1,1,1,1,1,1,1,1,1,1,1,1,1,1,1,1,1,1,1,1,1,1,1,1
"PTHR10390_SF31",1,1,1,1,1,1,1,1,1,0,1,1,1,1,1,1,1,0,1,0,1,1,1,1,1,1,1,0,1,1,0,1,1,1,1,1,1,1,1,1,1,1,0,1,1
"PTHR10390_SF32",1,1,1,1,0,1,1,1,1,1,1,1,1,1,1,1,1,1,1,1,1,1,1,1,1,1,1,1,1,1,0,1,1,1,1,1,1,1,1,1,1,1,1,2,1
"PTHR10394",1,1,2,5,1,2,3,3,2,4,2,1,1,5,2,2,2,1,2,5,2,2,1,3,6,1,1,3,1,2,4,10,2,3,2,1,3,2,3,4,2,1,1,3,1
"PTHR10395",3,3,3,2,3,3,3,4,4,3,3,3,3,3,4,2,4,3,4,3,4,3,3,4,3,2,3,3,3,3,3,2,3,4,3,3,2,3,3,3,2,3,2,4,4
"PTHR10398",1,1,1,1,1,1,1,1,1,1,1,1,1,1,1,1,1,1,1,1,1,1,1,1,1,1,1,1,1,1,1,1,1,1,1,1,1,1,1,1,1,1,1,1,1
"PTHR10404",6,6,6,6,6,6,6,6,6,6,6,9,6,6,6,7,6,5,6,5,7,7,6,6,5,5,6,8,6,6,6,5,6,6,7,6,5,6,7,5,6,6,6,6,6
"PTHR10405",3,6,5,3,4,6,3,3,3,4,3,5,5,4,7,5,5,5,3,5,5,6,64,4,6,4,4,3,5,6,5,5,2,3,1,4,5,9,6,38,4,5,2,1,6
"PTHR10407",2,2,2,2,2,2,2,2,2,2,2,2,2,2,2,2,2,2,2,3,2,2,2,2,2,2,2,1,2,2,1,2,2,2,2,2,1,2,5,2,2,2,2,2,2
"PTHR10408",3,3,3,3,3,3,3,3,3,6,3,3,3,3,3,4,3,3,3,4,3,3,3,3,3,3,3,3,3,3,2,3,3,3,3,2,3,3,3,3,3,3,3,3,3
"PTHR10410_SF2",1,1,2,1,2,4,1,1,2,1,1,1,1,2,2,1,1,1,2,1,1,1,2,2,2,1,1,1,1,1,1,1,2,2,2,2,2,1,2,1,1,1,1,2,2
"PTHR10410_SF3",1,1,1,3,1,1,2,1,1,2,1,1,1,1,3,1,1,2,1,1,1,2,1,1,1,1,1,1,1,1,1,1,1,1,1,1,1,1,1,2,1,1,1,1,1
"PTHR10410_SF5",1,1,1,1,1,2,2,3,1,1,1,1,1,1,2,1,1,1,1,1,1,1,1,1,1,1,1,1,1,1,1,1,1,1,1,1,1,1,1,1,1,1,1,1,1
"PTHR10410_SF6",1,1,0,1,1,1,2,1,1,1,1,1,1,1,1,1,1,2,1,1,1,1,1,1,1,2,1,2,1,1,1,5,1,1,2,1,2,1,3,1,1,1,1,3,1
"PTHR10411",3,3,3,3,3,3,3,3,3,3,3,3,3,3,3,3,3,3,3,3,3,3,3,3,3,3,3,2,3,3,2,3,3,3,3,3,3,3,3,3,3,3,3,3,2
"PTHR10412",1,1,1,2,1,1,1,1,1,1,1,1,1,1,1,1,1,1,1,1,1,1,1,1,1,1,2,1,1,1,1,1,1,1,1,1,1,1,1,2,1,1,1,1,1
"PTHR10414",3,3,3,3,2,4,3,3,3,5,3,3,3,3,3,3,3,3,3,3,3,3,3,3,4,3,3,3,3,3,3,4,3,3,4,4,3,3,3,3,3,3,3,5,3
"PTHR10416",2,1,1,1,1,1,1,1,1,1,1,1,1,2,1,1,1,1,1,1,1,2,1,1,1,2,1,1,1,1,1,1,1,1,1,1,1,1,2,1,1,1,1,1,1
"PTHR10417",2,2,2,2,2,2,3,2,2,3,2,2,3,2,2,3,2,2,2,2,2,2,2,2,2,2,3,2,2,2,2,2,2,2,2,1,2,2,2,2,2,2,2,2,2
"PTHR10418",1,3,3,3,1,2,1,1,1,3,1,1,3,3,1,2,1,1,3,1,1,1,1,2,1,1,1,2,2,1,1,1,2,2,1,2,3,2,3,1,2,1,1,1,1
"PTHR10422",1,1,0,0,1,1,0,1,1,1,0,1,1,1,1,1,1,1,1,0,0,1,1,0,1,0,1,0,1,1,1,0,0,0,1,0,1,1,1,1,1,1,1,1,0
"PTHR10423",1,1,1,0,1,1,0,1,1,0,1,1,1,1,1,1,0,1,1,1,2,0,1,0,1,1,1,1,1,1,0,0,1,1,1,0,0,1,1,1,1,1,0,1,0
"PTHR10426",1,1,1,1,1,1,1,1,1,2,1,1,1,1,1,1,1,1,1,1,1,1,1,1,1,1,1,1,1,1,1,1,1,1,1,1,1,1,1,1,1,1,1,1,1
"PTHR10429",1,1,1,1,1,1,1,1,1,1,1,1,1,1,1,1,1,1,1,1,1,1,1,1,1,1,1,1,1,1,1,0,1,1,1,1,1,1,1,1,1,1,1,2,1
"PTHR10430",1,1,2,1,2,1,2,1,1,1,1,2,2,1,1,1,1,1,1,2,1,1,1,1,2,1,1,1,1,1,0,1,1,1,1,1,1,2,1,1,1,1,1,1,2
"PTHR10434",2,2,2,2,2,2,2,3,2,2,2,2,2,2,2,8,2,2,2,2,2,2,2,2,2,2,2,2,2,2,1,2,2,2,2,2,2,2,2,2,2,2,2,2,2
"PTHR10436_SF46",1,1,1,1,1,1,1,1,1,1,1,1,1,1,1,1,1,1,1,1,1,1,1,1,1,1,1,1,1,1,1,1,1,1,1,1,1,1,1,1,1,1,1,1,1
"PTHR10436_SF48",2,1,1,1,1,1,1,1,1,1,1,1,1,1,1,1,1,1,1,2,1,1,1,1,1,1,1,1,1,1,1,1,1,1,1,1,1,1,1,1,1,1,1,1,1
"PTHR10436_SF87",1,1,1,1,1,1,1,1,1,1,1,1,1,1,1,1,1,1,1,1,1,1,1,1,1,1,1,1,1,1,1,1,1,1,1,1,1,1,1,2,1,0,1,1,1
"PTHR10436_SF92",1,1,1,1,1,1,1,1,1,1,1,1,1,1,1,1,1,1,1,1,1,1,1,1,1,1,1,1,1,1,0,1,1,1,1,1,1,1,1,1,1,1,1,1,1
"PTHR10438_SF107",1,1,0,1,1,0,1,1,0,0,1,1,1,1,1,1,0,1,1,1,1,1,1,1,0,1,1,1,1,1,1,0,1,1,0,1,0,1,1,1,1,1,1,0,1
"PTHR10438_SF18",1,1,3,3,3,1,5,1,2,4,1,1,2,3,1,1,1,1,6,1,4,1,1,1,1,1,1,5,1,1,3,7,1,6,2,1,4,3,3,1,2,2,1,5,3
"PTHR10438_SF232",1,1,1,0,1,1,1,1,1,1,1,1,1,1,1,1,1,1,2,1,1,1,1,1,1,1,1,1,1,1,1,1,1,2,1,1,1,1,1,1,1,1,1,1,1
"PTHR10438_SF235",1,1,2,2,1,2,1,1,1,1,2,2,1,1,1,1,1,1,2,1,1,1,1,1,2,1,1,1,1,1,1,1,1,2,2,1,1,1,1,1,1,1,1,2,1
"PTHR10439",1,1,1,1,1,1,1,1,1,1,1,1,1,1,1,1,1,1,1,1,1,1,1,1,1,1,0,1,1,1,1,1,1,1,1,1,1,1,1,1,1,1,1,2,1
"PTHR10441",1,1,1,1,1,1,1,1,1,1,1,1,1,1,0,1,1,1,1,0,1,1,1,1,1,1,1,1,1,1,1,0,1,1,1,1,1,2,1,1,1,1,1,1,1
"PTHR10442_SF0",2,2,4,2,3,2,4,1,1,2,2,2,2,2,1,1,1,1,1,1,1,1,1,2,2,1,7,3,3,1,1,6,1,1,7,3,2,4,3,3,2,1,1,5,3
"PTHR10443_SF14",1,1,1,1,1,1,1,1,1,1,1,1,1,1,1,1,1,1,1,1,1,1,1,1,1,1,1,1,1,1,1,1,1,2,0,1,1,1,1,1,0,1,2,0,1
"PTHR10443_SF17",1,1,1,1,1,1,1,1,1,0,1,1,1,1,1,1,1,1,1,1,1,1,1,1,1,1,1,1,1,1,1,1,1,1,1,1,1,1,1,1,1,1,1,1,1
"PTHR10443_SF9",2,1,1,1,1,1,1,1,0,0,1,1,1,1,1,1,1,1,1,1,1,1,2,1,1,1,1,1,1,1,1,1,0,1,1,1,1,1,1,1,2,1,1,1,1
"PTHR10445",1,3,1,1,1,2,1,2,1,1,1,1,2,2,1,1,1,1,1,2,1,1,1,1,1,1,1,1,1,2,1,1,1,1,2,2,1,1,1,1,2,1,1,2,1
"PTHR10454_SF129",1,1,1,1,1,1,1,1,1,1,1,1,1,1,1,1,1,1,1,1,1,1,1,1,1,1,1,1,1,1,1,1,1,1,1,1,1,1,2,1,1,1,1,1,1
"PTHR10454_SF131",1,1,1,1,1,1,1,1,1,1,1,1,1,1,1,1,1,1,1,1,1,1,1,1,1,1,1,0,1,1,1,1,1,1,1,1,1,1,1,1,1,1,0,1,1
"PTHR10454_SF132",1,1,1,1,1,1,1,1,1,1,1,1,1,1,1,1,0,1,1,1,1,1,1,1,1,1,1,1,1,1,1,0,1,1,1,1,1,1,1,1,1,1,1,1,1
"PTHR10454_SF134",1,0,1,0,1,0,0,1,1,1,1,2,1,1,1,1,0,1,1,1,1,1,1,1,0,1,1,0,1,0,0,1,1,1,3,1,1,1,1,1,0,1,1,3,1
"PTHR10454_SF135",1,1,1,1,1,1,1,1,1,1,1,1,1,1,1,1,1,1,1,1,1,1,1,1,1,1,1,1,1,1,1,0,1,1,1,1,1,1,1,1,1,1,1,3,1
"PTHR10454_SF137",1,1,2,1,0,1,1,1,2,1,1,1,1,2,1,2,0,1,2,4,2,2,0,2,0,0,0,2,1,1,1,1,1,2,0,0,1,1,2,0,2,1,2,0,0
"PTHR10454_SF138",1,1,0,0,1,0,0,1,0,1,1,1,1,0,1,0,1,1,0,1,1,0,1,0,1,0,1,0,0,1,1,1,1,0,1,1,0,0,0,0,0,1,0,1,0
"PTHR10454_SF139",1,1,0,0,1,1,0,0,0,1,1,1,1,0,0,0,0,0,0,1,0,0,0,0,0,1,0,0,1,1,0,0,0,0,4,0,0,1,0,0,0,1,0,4,1
"PTHR10454_SF141",1,1,1,1,1,1,1,1,1,1,2,1,1,1,1,1,1,2,1,1,1,1,1,1,1,1,1,1,1,1,2,1,1,1,1,1,1,1,1,1,1,1,1,1,1
"PTHR10454_SF144",1,1,1,2,1,1,1,1,1,1,1,1,1,1,1,1,1,1,1,1,1,1,1,1,1,0,1,1,1,1,1,1,1,1,1,2,1,1,1,2,2,1,1,1,1
"PTHR10454_SF23",1,0,1,1,0,0,2,0,1,1,1,1,1,1,0,1,1,2,1,2,1,1,0,1,0,1,0,1,1,1,1,0,1,1,1,0,1,1,1,0,1,1,1,1,1
"PTHR10454_SF30",2,2,3,3,2,2,2,3,2,2,2,2,2,2,7,2,3,2,3,2,3,4,2,4,2,2,1,2,2,3,2,3,2,3,3,3,2,2,2,2,3,2,2,4,2
"PTHR10454_SF8",1,1,1,1,1,1,2,1,1,1,1,1,1,1,1,1,1,1,1,1,1,1,1,1,1,1,1,1,1,1,1,1,1,1,1,1,1,1,1,1,1,1,1,1,1
"PTHR10457",3,3,3,3,3,3,3,3,3,3,3,3,3,3,3,3,3,3,3,3,3,3,3,3,3,3,4,3,3,3,3,3,3,3,3,3,3,3,3,3,3,3,3,3,3
"PTHR10458_SF6",1,1,1,1,1,1,1,1,1,1,1,1,1,0,1,1,1,1,1,1,1,1,1,1,1,0,1,1,1,1,0,1,0,1,1,1,1,1,1,1,1,0,1,1,0
"PTHR10459_SF10",1,1,1,1,1,1,1,1,2,1,0,1,1,1,1,1,1,1,1,1,1,1,1,1,1,1,0,1,1,1,1,3,1,1,1,1,1,1,1,2,2,1,1,1,1
"PTHR10459_SF11",1,1,1,1,1,1,1,1,1,1,1,1,1,1,1,1,1,1,1,1,1,1,1,1,1,2,1,1,1,1,1,1,1,1,1,1,1,1,1,1,1,1,1,2,1
"PTHR10459_SF7",1,1,1,1,1,1,1,1,1,1,1,1,1,1,1,1,1,1,1,1,1,0,1,1,1,1,0,1,1,1,1,1,1,1,1,1,1,1,1,1,1,1,1,2,0
"PTHR10460_SF2",1,1,1,1,1,1,1,1,1,4,1,1,1,1,3,1,1,1,1,2,1,1,1,1,1,1,1,1,1,1,1,4,1,1,1,1,1,1,1,1,1,1,1,1,1
"PTHR10460_SF3",1,1,1,1,1,1,1,1,1,2,2,1,1,1,1,1,1,1,1,1,1,1,1,1,1,1,1,1,1,1,2,1,1,1,1,1,1,1,1,1,1,1,1,1,1
"PTHR10460_SF6",1,1,1,1,1,1,1,1,1,1,1,1,1,1,1,1,1,1,1,1,1,1,1,1,1,1,1,1,1,1,1,1,1,1,1,1,1,1,1,1,1,2,1,1,1
"PTHR10462",8,7,4,6,9,7,6,6,4,7,11,9,7,5,4,5,4,8,3,7,4,5,7,3,8,8,7,3,6,7,10,6,8,4,4,11,4,6,4,9,4,5,2,6,9
"PTHR10464",2,2,2,2,2,2,4,2,2,2,2,2,2,2,2,2,2,2,2,2,2,2,3,2,3,2,3,2,2,2,2,2,2,2,2,2,2,2,2,3,2,2,2,2,2
"PTHR10465",2,2,2,2,2,2,2,2,2,2,2,2,2,2,2,2,2,2,2,2,2,2,2,2,2,2,2,2,2,2,2,2,2,2,2,2,2,2,2,3,2,2,2,2,2
"PTHR10466",2,3,2,2,2,2,2,2,2,3,2,2,2,2,3,2,2,2,2,3,2,2,2,2,2,2,2,2,2,2,2,2,3,2,2,2,2,2,2,2,4,3,2,3,2
"PTHR10468",2,2,2,2,2,2,2,2,2,2,2,2,2,2,3,2,2,2,2,2,2,2,2,2,3,2,3,2,2,2,2,2,2,2,2,2,2,2,2,2,2,2,1,2,2
"PTHR10472",2,3,3,2,2,5,2,2,2,2,2,2,2,2,2,3,3,2,3,2,3,2,2,3,2,2,2,2,2,3,2,3,2,2,2,2,2,2,2,2,2,2,2,2,2
"PTHR10476",4,4,5,5,4,4,4,5,5,5,4,5,5,4,6,6,5,5,5,5,3,6,6,5,7,4,4,4,3,5,5,9,5,4,5,6,4,5,3,5,5,4,4,5,4
"PTHR10480_SF1",1,1,1,1,1,1,1,1,1,1,1,1,1,1,0,1,1,0,1,0,1,1,1,1,1,1,1,1,1,1,0,1,1,1,0,1,1,1,1,1,1,0,1,1,1
"PTHR10480_SF2",1,1,1,1,1,1,1,1,1,2,2,1,1,1,1,1,1,2,1,1,1,1,2,1,1,1,1,1,1,1,1,0,1,1,2,1,1,1,1,1,1,1,1,1,1
"PTHR10480_SF8",1,2,1,1,2,1,2,2,1,1,2,1,1,1,2,1,1,1,1,1,1,1,1,1,1,1,1,1,1,1,1,1,1,1,2,1,1,1,2,1,1,2,1,2,3
"PTHR10484",14,35,12,15,12,14,10,10,6,8,11,13,14,13,10,15,7,14,14,5,13,11,13,13,9,6,9,13,14,11,11,6,13,15,11,14,12,15,14,12,11,6,12,17,9
"PTHR10485",2,2,3,4,2,3,2,2,2,2,3,2,2,2,3,2,4,2,3,3,2,3,2,3,3,2,2,3,2,3,2,2,3,3,2,2,2,2,2,3,2,2,2,2,3
"PTHR10488",1,1,1,1,1,1,1,1,1,1,1,1,1,1,1,1,1,1,1,1,1,1,2,1,1,1,1,1,1,1,1,1,1,1,1,1,1,1,1,1,1,1,1,1,1
"PTHR10489_SF1",1,1,1,1,1,1,1,1,1,1,1,1,1,1,1,1,1,1,1,1,1,1,1,1,1,1,1,1,1,1,1,1,1,1,1,1,1,2,1,2,1,1,1,1,1
"PTHR10489_SF106",1,1,1,1,1,1,1,1,1,1,2,1,1,1,1,1,1,2,1,1,1,1,1,1,1,1,2,1,1,2,1,1,1,1,1,1,1,1,1,1,1,1,1,1,1
"PTHR10489_SF107",2,2,1,2,1,3,1,1,1,2,2,1,1,1,1,1,1,2,1,1,1,1,1,1,1,2,2,1,1,3,1,1,2,1,2,1,1,1,1,1,1,1,1,1,2
"PTHR10489_SF11",1,1,1,1,1,1,1,1,1,1,1,1,1,1,1,1,1,1,1,1,1,1,1,1,1,1,1,1,1,1,1,1,1,1,1,1,1,1,1,1,1,1,1,1,1
"PTHR10489_SF12",1,1,1,1,1,1,1,1,1,1,1,1,1,1,1,1,1,1,1,1,1,1,1,1,1,1,2,1,1,1,1,1,1,1,1,1,1,1,1,1,1,1,1,1,1
"PTHR10489_SF122",1,1,1,1,1,1,1,1,1,1,1,1,1,1,1,1,1,1,1,1,1,1,1,1,2,1,1,1,1,1,1,1,1,1,1,1,1,1,1,1,1,1,1,1,1
"PTHR10489_SF16",2,1,1,1,1,1,1,1,1,2,1,1,1,1,1,1,1,1,1,1,1,1,1,1,1,2,1,1,1,2,0,1,2,1,1,1,1,1,1,1,1,1,1,1,1
"PTHR10489_SF171",2,1,1,1,1,1,1,1,1,2,1,1,1,1,1,1,1,1,1,1,1,1,1,1,1,1,1,1,1,2,1,1,1,1,1,1,1,1,1,1,1,1,1,1,1
"PTHR10489_SF20",1,1,1,1,1,1,1,1,1,1,1,1,1,1,1,1,1,1,1,1,1,2,1,1,1,1,1,1,1,1,1,1,1,1,1,1,1,1,1,1,1,1,1,1,1
"PTHR10489_SF25",1,1,1,1,1,1,1,0,1,1,1,1,1,2,1,1,0,1,2,2,1,1,1,1,1,1,1,1,1,1,1,1,2,1,1,1,1,0,1,0,1,1,0,0,0
"PTHR10489_SF27",1,1,1,1,1,1,1,1,1,1,1,1,1,1,1,1,1,1,1,1,1,1,1,1,1,1,0,1,1,1,1,1,1,1,1,1,1,1,1,1,1,1,1,1,1
"PTHR10489_SF29",1,1,1,1,1,1,1,1,1,1,1,1,1,1,1,1,1,1,1,1,1,1,1,1,1,1,1,1,1,1,1,1,1,1,1,1,1,1,1,1,1,1,1,1,1
"PTHR10489_SF34",1,1,1,1,1,1,1,1,1,1,1,1,1,1,1,1,1,1,1,1,1,1,1,1,1,1,2,1,1,1,1,1,1,1,1,1,1,1,1,1,1,1,1,1,1
"PTHR10489_SF35",2,1,1,1,1,1,1,1,1,1,1,1,1,1,1,1,2,1,1,1,1,1,1,1,1,1,1,2,1,1,1,1,1,1,1,1,1,1,1,1,1,1,1,1,1
"PTHR10489_SF36",1,1,1,1,1,1,1,1,1,2,1,1,1,1,1,1,1,1,1,0,1,1,1,1,1,2,1,1,1,2,1,1,1,1,1,1,1,2,1,0,1,1,1,1,1
"PTHR10489_SF37",2,1,1,1,1,1,1,1,1,1,1,1,1,1,1,1,1,1,1,0,1,1,1,1,1,1,1,1,1,1,1,1,1,1,1,1,1,1,2,1,1,1,1,1,1
"PTHR10489_SF40",1,1,1,1,1,1,1,1,1,1,1,1,1,1,1,1,1,1,1,1,1,1,1,1,1,1,2,1,1,1,1,1,1,1,1,1,1,1,1,1,1,1,1,1,1
"PTHR10489_SF41",1,1,1,1,1,1,1,1,1,1,1,1,1,1,1,1,1,1,1,1,1,1,1,1,1,1,1,1,1,1,1,1,1,1,1,1,1,1,1,1,1,1,1,1,1
"PTHR10489_SF414",1,0,0,0,0,0,0,0,0,1,0,1,0,0,0,0,0,0,0,0,0,0,0,0,0,0,0,0,0,1,0,0,0,0,0,0,0,0,0,0,0,0,0,2,0
"PTHR10489_SF42",1,1,1,1,1,1,1,1,1,1,1,1,1,1,1,1,1,1,1,1,1,1,1,1,1,1,1,1,1,1,1,1,1,1,1,1,1,1,1,1,1,1,1,1,1
"PTHR10489_SF442",1,1,1,1,1,1,1,1,1,1,1,1,1,1,1,1,1,1,1,1,1,1,1,1,1,1,1,1,1,1,1,1,1,1,1,1,1,1,1,1,1,1,1,2,1
"PTHR10489_SF50",1,1,1,1,1,1,1,1,1,1,1,1,1,1,1,1,1,1,1,1,1,1,1,1,1,1,1,1,1,1,1,1,1,1,1,1,1,1,1,1,1,1,1,1,1
"PTHR10489_SF51",2,1,1,1,1,1,1,1,1,2,1,1,1,1,1,1,1,1,1,1,1,2,1,1,1,2,2,1,1,1,1,1,1,1,1,1,1,1,1,1,1,1,1,1,1
"PTHR10489_SF516",1,1,1,1,1,1,1,1,1,1,1,1,1,1,1,1,1,1,1,1,1,1,1,1,1,1,1,1,1,1,1,1,1,1,1,0,1,1,1,1,1,1,1,1,1
"PTHR10489_SF52",1,1,1,1,1,1,1,1,1,1,1,1,1,1,1,1,1,1,1,1,1,1,1,1,1,1,0,1,1,1,1,1,1,1,1,1,1,1,1,1,1,1,1,1,1
"PTHR10489_SF527",1,1,1,1,1,1,1,1,1,1,1,1,1,1,1,1,1,1,1,1,1,1,1,1,1,5,0,1,1,1,1,1,1,1,1,1,1,1,1,1,1,1,1,1,1
"PTHR10489_SF531",1,1,1,1,1,1,1,1,1,1,1,1,1,1,1,1,1,1,1,1,1,1,1,1,1,1,1,1,1,1,1,1,1,1,1,1,1,1,1,1,1,1,1,1,1
"PTHR10489_SF534",1,1,1,1,1,1,1,1,1,1,1,1,1,1,1,1,1,1,1,1,1,1,1,1,1,1,1,1,1,2,1,1,1,1,1,1,1,1,1,1,1,1,1,1,2
"PTHR10489_SF54",1,1,1,1,1,1,1,1,1,2,1,1,1,1,1,1,1,1,1,2,1,1,1,1,1,1,3,1,1,1,1,1,1,1,1,1,1,1,1,1,1,1,1,1,1
"PTHR10489_SF55",1,1,1,1,1,1,1,1,1,1,1,1,1,1,1,1,1,1,1,1,1,1,1,1,1,1,1,1,1,1,1,1,1,1,1,1,1,1,1,1,1,1,1,1,1
"PTHR10489_SF550",1,2,1,1,1,2,1,1,1,1,1,1,1,1,1,1,1,1,1,1,1,1,1,1,1,1,1,1,1,2,1,0,1,1,1,1,1,1,1,1,1,1,1,1,1
"PTHR10489_SF554",1,1,1,1,1,1,1,1,1,1,1,1,1,1,2,1,1,1,1,1,1,1,1,1,1,1,2,1,1,1,1,2,1,1,1,1,1,1,1,1,1,1,1,1,1
"PTHR10489_SF565",1,1,1,1,1,1,1,1,1,1,1,1,1,1,1,1,0,1,1,0,1,1,1,1,1,1,1,1,1,2,0,1,1,1,1,1,1,1,1,1,1,1,1,1,1
"PTHR10489_SF568",1,1,1,1,1,1,1,1,1,1,1,1,1,1,1,1,1,1,1,1,1,1,1,1,1,1,1,1,2,1,1,1,1,1,1,1,1,1,1,1,1,1,1,1,1
"PTHR10489_SF575",1,1,1,1,1,1,1,1,1,1,1,1,1,1,1,1,1,1,1,1,1,1,1,1,1,1,1,1,1,1,1,1,1,1,1,1,1,1,1,1,1,1,1,1,1
"PTHR10489_SF582",1,1,1,1,1,1,1,1,0,1,1,1,1,1,1,1,0,1,1,0,2,1,0,1,0,1,0,1,1,1,0,0,1,1,1,0,1,1,2,0,1,1,1,1,1
"PTHR10489_SF68",2,1,1,1,1,1,1,1,1,1,1,1,1,1,1,1,1,1,1,2,1,1,1,1,1,1,0,1,1,1,1,1,1,1,1,1,1,1,1,1,1,1,1,1,1
"PTHR10489_SF92",1,1,1,1,1,1,1,1,1,2,2,1,1,1,1,1,1,1,1,1,1,1,1,1,1,1,1,1,1,1,1,1,1,1,2,1,1,1,1,2,1,1,1,2,3
"PTHR10491",1,2,2,1,1,1,1,2,1,0,1,1,1,1,1,1,2,1,2,1,1,1,1,2,1,1,2,1,1,1,1,5,2,2,1,1,1,1,1,1,1,1,1,1,1
"PTHR10494",1,1,1,1,0,1,1,1,1,1,1,1,1,0,1,1,1,1,1,1,1,1,1,1,1,1,1,1,1,1,1,1,1,1,1,1,1,1,1,1,1,1,0,1,1
"PTHR10496",5,1,8,5,6,3,10,2,2,0,4,1,4,6,7,1,4,5,7,18,3,3,1,7,2,7,1,3,3,4,3,18,8,8,8,4,4,6,4,3,7,4,1,5,5
"PTHR10497",4,2,5,6,2,3,2,2,1,3,1,1,2,4,2,1,1,3,5,2,1,2,1,5,9,1,3,4,1,3,4,4,2,7,2,2,4,4,4,6,4,1,1,6,3
"PTHR10498_SF10",1,1,1,1,1,1,1,1,1,1,1,1,1,1,1,1,1,1,1,1,1,1,2,1,1,0,1,1,1,1,1,1,1,1,1,1,1,1,1,2,1,1,1,1,1
"PTHR10498_SF4",1,1,1,1,1,1,1,1,1,1,1,0,1,1,1,1,1,1,1,1,1,1,2,1,1,1,1,1,1,0,1,1,1,1,1,1,1,1,1,2,1,1,0,1,1
"PTHR10498_SF5",1,1,1,1,1,1,1,1,1,1,1,1,1,1,1,1,1,1,1,1,1,1,1,1,1,1,1,1,1,1,1,1,1,1,1,1,1,1,1,1,1,1,1,1,1
"PTHR10498_SF6",1,1,1,1,1,1,1,1,0,1,1,1,1,1,1,2,1,1,1,1,1,0,1,1,1,1,1,1,1,1,0,1,1,1,1,1,1,0,1,1,1,1,1,1,1
"PTHR10498_SF9",1,1,1,1,1,1,2,1,0,1,1,1,1,1,1,1,1,1,1,1,1,1,1,1,1,1,1,1,1,1,1,1,1,1,1,1,1,1,1,1,1,1,0,1,1
"PTHR10500",1,2,2,2,1,1,3,2,2,2,2,2,1,2,1,2,2,2,2,1,2,1,2,2,2,0,2,2,1,2,5,1,1,2,4,1,2,1,2,2,3,2,1,4,1
"PTHR10501",2,2,3,3,6,2,5,3,2,4,2,2,3,3,5,2,3,2,3,3,2,2,2,3,3,4,2,3,3,2,2,4,3,3,2,2,3,3,3,2,5,4,2,2,6
"PTHR10502_SF100",1,1,1,1,1,1,1,1,1,1,1,1,1,1,1,1,1,1,1,1,1,1,1,1,1,1,1,1,1,1,0,1,1,1,1,1,1,1,1,1,1,1,1,1,1
"PTHR10502_SF105",1,2,1,1,1,1,1,1,1,1,1,1,1,1,1,1,1,1,1,1,1,1,0,1,1,1,2,1,1,1,1,1,1,1,1,1,1,1,1,1,1,1,1,1,1
"PTHR10502_SF12",1,1,1,1,1,1,1,1,1,1,1,1,1,1,1,1,1,1,1,1,1,1,1,1,1,1,1,1,1,1,1,1,1,1,1,1,1,1,1,1,1,1,0,2,1
"PTHR10502_SF17",1,1,1,1,1,1,1,2,1,1,1,1,1,1,1,1,1,1,1,1,1,1,1,1,1,1,1,1,2,1,1,3,2,1,1,1,1,1,1,1,1,1,1,1,1
"PTHR10502_SF18",1,2,3,4,3,3,3,1,1,2,1,1,1,4,2,1,1,1,3,2,1,1,1,2,1,4,1,3,4,2,1,2,1,4,2,2,4,3,4,1,3,1,1,2,2
"PTHR10502_SF19",1,1,1,1,1,2,1,1,1,1,1,1,1,1,1,1,1,1,1,1,1,1,1,1,1,1,1,1,1,1,1,1,2,1,1,1,1,1,1,1,1,1,1,1,1
"PTHR10502_SF25",1,1,1,1,1,1,1,1,1,1,1,1,1,1,1,1,1,1,1,1,1,0,1,1,1,1,1,1,1,1,1,3,1,1,1,1,1,1,1,1,1,0,1,1,1
"PTHR10502_SF26",1,1,1,1,1,1,1,1,1,1,2,1,1,1,1,2,1,1,1,1,1,1,1,1,0,1,1,1,1,2,1,1,1,1,1,1,1,1,1,1,1,1,1,1,2
"PTHR10502_SF28",1,1,1,1,1,1,1,1,1,1,1,1,1,1,1,1,1,1,1,1,1,1,1,1,1,1,1,1,1,1,1,1,1,1,1,1,1,1,1,1,1,1,1,1,1
"PTHR10502_SF29",1,1,1,1,1,1,2,1,1,2,0,1,1,1,1,1,1,1,1,2,1,1,1,1,1,1,1,1,1,1,1,1,1,1,1,1,1,1,1,1,1,1,0,2,1
"PTHR10502_SF31",1,1,1,1,2,2,3,2,1,1,1,1,1,1,3,1,1,1,1,2,1,3,1,1,1,1,1,1,1,1,1,1,2,1,1,1,1,1,1,1,2,1,1,1,1
"PTHR10502_SF32",1,1,1,1,1,1,1,1,1,1,1,1,1,2,1,2,1,0,1,0,1,1,1,1,1,1,1,1,1,1,1,2,1,1,1,1,1,1,2,1,1,1,1,1,1
"PTHR10504",15,17,13,14,15,16,13,11,11,17,13,23,14,13,12,13,10,14,14,14,14,12,14,14,13,12,14,13,12,17,11,10,13,13,11,13,13,13,13,14,13,13,8,11,13
"PTHR10505_SF3",1,3,2,2,2,2,2,2,2,2,3,2,1,2,1,2,2,1,2,1,1,2,1,2,1,1,1,2,1,1,2,2,0,2,1,2,2,1,2,1,2,3,1,1,2
"PTHR10505_SF4",1,1,1,1,1,1,1,1,1,1,1,1,1,1,1,1,1,0,1,0,1,1,1,1,1,1,1,1,0,1,0,1,1,1,1,1,1,1,1,1,1,1,1,0,1
"PTHR10505_SF7",1,1,0,0,1,1,0,0,0,0,0,0,1,0,0,0,0,0,0,1,0,0,0,0,0,0,0,0,0,1,0,0,0,0,0,0,0,0,0,0,0,1,0,0,0
"PTHR10505_SF9",1,0,1,0,3,0,1,0,0,1,2,2,0,1,1,1,1,1,1,0,1,1,1,1,1,1,1,1,1,0,1,0,2,1,0,1,1,1,1,1,0,0,2,0,3
"PTHR10507",1,1,1,1,1,1,1,1,1,1,1,1,1,1,1,1,1,1,1,1,1,1,1,1,1,1,1,1,1,1,2,1,1,1,1,1,1,1,1,1,1,1,1,1,1
"PTHR10509_SF1",1,1,1,1,1,1,1,1,1,1,1,0,1,1,1,2,1,1,1,1,1,1,1,1,1,0,1,1,1,1,1,1,1,1,1,1,1,0,1,1,1,1,0,1,0
"PTHR10509_SF14",1,1,1,2,1,1,2,1,1,1,1,1,1,1,1,1,1,1,1,1,0,1,1,1,1,1,1,1,1,1,1,1,1,1,1,1,1,1,1,1,1,1,1,1,2
"PTHR10509_SF2",1,1,1,1,1,1,1,1,1,1,1,1,1,1,1,1,1,1,1,1,1,1,2,1,1,1,1,1,1,2,1,1,2,1,1,2,1,1,1,1,1,1,1,1,1
"PTHR10510_SF2",1,1,1,3,1,1,1,1,1,1,1,1,1,1,1,1,2,1,2,1,2,3,1,2,1,2,3,1,2,2,3,1,2,2,2,1,1,2,1,1,1,1,1,5,1
"PTHR10510_SF5",1,1,1,1,1,1,2,1,1,1,1,1,1,1,1,1,1,1,1,1,1,1,1,1,1,1,1,0,1,1,1,1,0,1,2,1,1,0,1,2,1,1,1,2,1
"PTHR10510_SF6",1,6,2,2,3,7,3,1,1,2,1,1,1,2,1,1,2,1,3,1,1,1,1,3,2,0,1,1,2,2,2,5,0,2,2,2,2,1,2,1,3,1,1,1,4
"PTHR10511",1,1,1,1,1,1,3,1,1,1,1,1,1,1,1,1,1,1,1,1,1,1,1,1,1,1,1,1,1,1,1,1,1,1,1,1,1,1,1,1,1,1,1,1,1
"PTHR10513_SF15",1,1,1,1,1,1,1,1,1,1,1,1,1,1,1,1,1,0,1,1,1,1,1,1,1,1,1,1,1,1,1,2,1,1,1,2,1,1,1,2,1,1,1,2,1
"PTHR10513_SF18",1,1,1,2,1,1,1,1,1,1,1,1,1,1,1,1,1,1,1,1,1,1,1,1,1,1,1,1,1,1,1,1,1,1,2,1,1,1,1,1,1,1,1,2,1
"PTHR10513_SF19",1,1,1,1,1,1,1,1,1,1,1,1,1,2,1,1,1,1,1,1,1,1,1,1,1,1,1,1,1,1,1,1,1,1,1,3,1,1,1,1,1,0,1,1,1
"PTHR10513_SF8",1,1,1,1,1,1,1,1,1,1,1,1,1,1,1,1,1,1,1,1,1,1,1,1,1,1,1,1,1,1,1,1,1,1,1,1,1,1,1,1,1,1,1,1,1
"PTHR10514_SF19",1,1,1,1,1,1,1,1,1,1,2,1,1,1,1,1,1,1,1,1,1,1,1,1,1,1,1,1,1,1,1,1,1,1,1,1,1,1,1,1,1,1,1,1,1
"PTHR10514_SF24",1,1,1,1,1,1,1,1,1,1,1,1,1,1,1,1,1,1,1,1,1,1,1,1,1,1,2,1,1,1,1,1,1,1,1,1,1,1,1,1,1,1,1,1,1
"PTHR10516_SF10",1,1,1,1,1,1,1,1,1,1,1,1,1,2,1,1,1,1,1,1,1,1,1,1,1,1,2,1,1,1,1,1,1,1,1,1,2,1,2,1,1,1,1,1,1
"PTHR10516_SF111",1,1,1,1,1,1,1,1,1,1,1,1,1,2,1,1,1,1,1,1,1,1,1,1,1,1,1,1,1,1,1,1,1,1,1,1,1,1,1,1,1,1,1,1,1
"PTHR10516_SF113",1,1,0,1,1,1,1,1,1,1,1,1,1,1,1,1,1,1,1,1,1,1,1,1,1,1,1,1,1,1,1,1,1,1,1,1,0,1,1,1,1,1,0,1,1
"PTHR10516_SF13",1,1,1,1,1,1,1,1,1,2,1,1,1,1,1,1,1,1,1,1,1,1,1,1,1,1,1,1,1,1,1,1,1,1,2,1,1,1,1,1,1,1,1,1,1
"PTHR10516_SF134",1,2,2,1,1,3,3,1,1,1,1,1,1,1,1,2,1,1,2,1,1,1,1,1,1,1,1,1,1,2,1,1,1,2,1,1,1,2,1,1,2,1,1,1,1
"PTHR10516_SF145",1,1,1,1,1,1,1,1,1,0,1,1,1,1,0,4,1,1,1,1,1,0,1,1,1,1,1,1,1,1,1,0,1,1,1,1,1,1,1,1,0,1,0,1,1
"PTHR10516_SF21",1,1,1,1,1,1,1,1,1,1,1,1,1,1,1,1,1,1,1,1,1,1,1,1,1,1,1,1,1,1,1,2,1,1,1,1,1,1,1,1,1,1,1,1,1
"PTHR10516_SF22",1,1,1,1,1,1,2,1,1,1,1,1,1,1,1,1,1,1,1,1,1,1,1,1,1,1,1,1,1,1,1,1,1,1,1,1,1,1,1,2,1,1,1,2,1
"PTHR10516_SF246",1,1,1,1,1,1,1,0,1,1,1,1,1,1,1,1,0,1,1,0,1,1,1,1,1,0,1,1,1,1,1,1,1,1,1,1,1,1,1,1,1,1,1,2,1
"PTHR10516_SF247",1,1,1,1,1,1,1,1,1,1,1,1,1,1,1,1,1,1,1,1,1,1,1,1,1,1,1,1,1,1,1,1,1,1,1,1,1,1,1,1,1,1,1,1,1
"PTHR10516_SF25",1,1,1,1,1,1,1,1,1,1,1,1,1,1,1,1,1,1,1,1,1,1,1,1,1,1,2,1,1,1,1,2,1,1,1,1,3,1,4,1,1,1,1,1,1
"PTHR10516_SF26",1,1,1,1,1,1,1,1,1,1,1,1,1,1,1,1,1,1,1,1,1,1,1,1,1,1,1,1,1,1,1,1,1,1,1,3,1,1,1,1,1,1,1,1,1
"PTHR10516_SF260",1,0,1,0,0,0,0,0,0,0,1,0,0,0,0,1,1,1,0,1,0,1,0,0,0,0,1,0,1,0,0,1,0,0,0,0,1,1,1,0,1,0,0,0,0
"PTHR10516_SF265",1,3,0,0,1,1,1,1,1,1,1,1,1,1,1,1,1,1,1,1,1,1,1,1,1,1,1,1,1,1,1,1,1,1,1,1,1,1,1,1,1,1,0,1,1
"PTHR10516_SF271",1,2,2,1,1,1,2,1,1,0,1,1,1,2,2,1,1,1,2,1,1,2,1,2,1,1,1,2,1,2,0,2,1,2,1,1,1,1,1,1,2,1,1,1,1
"PTHR10516_SF272",1,5,4,5,3,5,4,2,2,5,2,2,2,2,3,3,2,2,3,3,2,4,2,4,2,2,1,3,1,4,2,3,2,2,3,2,2,3,3,2,5,2,2,4,3
"PTHR10516_SF290",2,1,1,1,3,1,1,1,1,3,1,1,1,1,2,1,1,2,2,1,1,2,1,1,1,3,3,1,2,1,2,5,2,2,1,1,1,1,1,1,2,1,1,2,4
"PTHR10517",4,5,5,6,4,5,6,3,3,5,6,5,5,6,2,5,4,5,5,5,4,5,4,4,3,4,4,5,6,5,2,3,4,4,3,4,6,5,6,4,5,4,4,3,6
"PTHR10519_SF3",1,1,1,1,1,1,1,1,1,1,1,1,1,1,1,7,1,1,1,1,1,1,1,1,1,1,1,1,1,1,1,1,1,1,1,1,1,1,1,1,1,1,1,1,1
"PTHR10519_SF31",1,1,1,1,1,1,1,1,1,1,1,1,1,1,1,1,1,1,1,1,1,1,1,1,1,1,0,1,1,1,1,1,1,1,1,1,1,1,1,1,1,1,1,1,1
"PTHR10519_SF34",1,1,1,1,1,1,1,1,1,1,1,1,1,1,1,1,1,1,1,1,1,1,1,1,1,1,1,1,1,1,1,1,1,1,1,1,1,1,1,1,1,1,1,1,1
"PTHR10520",1,1,1,1,2,1,1,1,1,1,1,1,1,1,1,2,1,1,1,1,1,1,1,1,1,1,1,1,1,1,1,1,1,1,1,1,1,1,2,1,1,1,1,1,1
"PTHR10522_SF0",1,1,1,1,1,1,1,1,1,1,1,1,1,1,1,1,1,1,1,1,1,1,1,1,1,1,1,1,1,1,1,1,1,1,1,1,1,1,1,1,1,1,0,1,1
"PTHR10523",1,1,1,1,1,1,1,1,1,1,1,1,1,1,1,1,1,1,1,1,1,1,1,1,1,1,1,1,1,1,1,1,1,1,1,1,1,1,1,1,1,1,1,1,1
"PTHR10525",1,1,1,1,1,1,1,1,1,0,1,1,1,1,1,1,1,1,1,1,1,1,1,1,1,0,1,1,1,1,1,1,1,1,1,1,1,1,2,1,1,1,1,1,1
"PTHR10526",2,1,1,1,1,1,1,1,1,1,1,1,1,1,1,1,1,0,1,1,1,1,1,1,1,1,1,1,1,1,1,1,0,1,1,1,1,1,1,1,1,1,1,0,1
"PTHR10527_SF1",1,1,1,2,1,1,1,1,1,1,1,1,1,1,1,1,1,1,1,1,1,1,1,1,1,1,1,1,1,1,1,1,1,1,1,1,1,1,1,1,1,1,1,1,1
"PTHR10527_SF16",1,0,1,1,0,1,0,1,1,0,1,0,0,1,1,1,1,1,1,1,0,0,1,1,1,1,1,1,0,0,0,1,1,1,0,1,1,0,1,1,1,1,0,0,0
"PTHR10527_SF17",1,1,1,1,1,1,1,1,1,1,1,1,1,1,1,1,1,1,1,1,1,1,1,1,1,1,1,1,1,1,1,1,1,1,1,1,1,1,1,1,1,1,1,1,1
"PTHR10527_SF21",1,1,2,2,1,1,1,1,1,1,1,1,1,2,3,1,1,1,1,1,1,1,1,1,1,1,2,1,1,1,1,2,1,1,1,1,1,1,2,1,1,1,1,1,1
"PTHR10527_SF22",1,1,1,1,1,1,1,1,2,1,1,1,1,1,1,1,1,1,1,1,1,1,1,1,2,1,1,1,1,1,1,3,1,1,1,1,1,1,2,1,1,1,1,1,1
"PTHR10527_SF6",1,1,1,1,1,1,1,1,1,1,1,1,1,1,1,2,1,1,1,1,1,1,1,1,1,1,1,1,1,1,1,1,1,1,1,1,1,1,1,1,1,1,1,1,1
"PTHR10528",5,4,4,4,4,4,4,4,4,6,4,4,4,4,5,4,4,5,4,4,4,5,4,4,5,4,3,4,4,5,4,5,5,4,5,4,4,4,5,4,4,4,4,4,4
"PTHR10529_SF100",1,1,1,1,1,1,1,1,1,1,1,1,1,1,1,1,1,1,1,1,1,1,1,1,1,1,1,1,1,1,0,1,1,1,1,1,1,1,1,1,1,1,1,1,1
"PTHR10529_SF101",1,1,1,2,1,1,1,2,1,1,1,1,1,1,1,1,1,1,1,3,1,1,2,1,2,2,1,1,1,1,1,1,1,1,1,1,2,1,1,1,2,1,1,1,1
"PTHR10529_SF105",1,1,1,1,1,1,1,1,1,2,1,1,1,1,1,1,1,1,1,1,1,2,1,1,1,1,0,1,1,2,1,0,1,1,1,1,1,1,1,1,1,1,1,1,0
"PTHR10529_SF107",1,1,1,1,1,1,1,1,1,1,1,1,1,1,1,1,1,1,1,1,1,1,1,1,1,1,2,1,1,1,2,1,1,1,1,1,1,1,1,1,1,1,1,2,1
"PTHR10529_SF109",1,1,1,1,1,1,1,1,1,1,1,1,1,1,1,2,1,1,1,1,1,1,1,1,1,1,1,1,1,1,1,1,1,1,1,1,1,1,1,1,1,1,1,1,1
"PTHR10529_SF195",1,1,2,2,1,1,2,1,1,1,2,2,1,2,1,2,1,1,2,2,1,2,1,2,1,1,2,2,1,1,1,1,1,2,2,1,2,2,2,1,2,1,1,1,1
"PTHR10529_SF196",1,1,1,1,1,1,1,1,1,1,1,1,1,1,1,1,1,1,1,1,1,1,1,1,1,1,1,1,1,1,1,1,1,1,1,1,1,1,1,1,1,1,1,1,1
"PTHR10529_SF198",1,1,1,1,1,1,1,1,1,1,1,1,1,1,1,1,1,1,1,1,1,1,1,1,1,1,1,1,1,1,1,1,1,1,1,1,1,1,1,1,1,1,1,1,1
"PTHR10529_SF201",1,0,0,1,0,0,0,0,0,1,0,0,0,0,0,1,0,1,0,0,0,0,1,1,0,0,0,0,0,0,1,0,1,0,0,0,0,0,0,0,0,0,0,0,0
"PTHR10529_SF202",1,1,1,1,1,1,1,1,1,1,1,1,1,2,1,2,1,1,1,1,1,1,1,1,1,1,1,2,1,1,1,1,1,1,1,1,2,1,2,1,1,1,1,1,1
"PTHR10529_SF205",1,1,0,0,1,1,0,1,1,1,1,1,1,0,1,0,1,0,0,1,0,0,1,0,1,1,1,0,0,1,0,0,0,0,0,1,0,0,0,0,0,1,0,0,0
"PTHR10529_SF211",1,1,1,1,1,1,1,1,1,1,1,1,1,1,1,1,1,1,1,1,1,1,1,1,1,1,1,1,1,1,1,1,1,1,1,1,1,1,1,1,1,1,1,2,1
"PTHR10529_SF216",1,1,1,1,1,1,1,1,1,1,1,1,1,1,1,1,1,1,1,1,1,1,1,1,1,1,1,1,1,1,1,1,1,1,1,1,1,1,1,1,1,1,1,1,1
"PTHR10529_SF220",1,1,1,1,1,1,1,1,1,1,2,1,1,1,1,1,1,1,1,1,1,1,1,1,1,1,1,1,1,1,2,1,1,1,1,1,1,1,1,1,1,1,1,2,1
"PTHR10529_SF3",1,1,1,1,1,0,1,1,1,1,1,1,1,1,1,1,0,1,1,1,1,0,1,1,1,1,1,1,1,0,1,1,1,1,1,1,1,1,1,2,1,1,1,1,1
"PTHR10529_SF5",1,1,1,1,1,1,1,1,1,1,1,1,1,1,1,1,1,1,1,1,1,1,1,1,1,1,1,1,1,1,1,1,1,1,1,1,1,1,1,1,1,1,1,1,1
"PTHR10529_SF99",1,1,1,1,1,1,1,1,1,1,1,1,1,1,1,1,1,1,1,1,1,1,1,1,1,1,1,1,1,1,1,1,1,1,2,1,1,1,1,1,1,1,1,2,1
"PTHR10533_SF2",1,1,1,1,1,1,1,1,1,1,1,1,1,2,1,1,1,1,1,4,1,1,1,1,1,1,1,1,1,0,1,1,1,2,2,1,2,1,2,1,1,1,1,0,1
"PTHR10533_SF4",1,1,1,1,1,1,1,1,1,1,1,1,1,1,2,1,1,1,1,1,1,1,1,1,1,1,1,1,1,1,1,1,1,1,1,1,1,1,1,2,1,1,1,2,1
"PTHR10533_SF5",1,1,1,1,0,1,2,0,1,1,1,1,1,1,1,1,1,1,1,0,1,1,1,2,1,1,1,1,1,1,1,1,1,1,1,1,1,1,1,1,1,1,0,1,1
"PTHR10534",1,1,1,1,1,1,1,1,1,1,1,1,1,1,1,1,1,1,1,1,1,1,1,1,1,0,1,1,1,2,1,1,1,1,1,2,1,1,1,2,1,1,1,1,1
"PTHR10535",1,1,1,1,1,1,1,2,1,1,1,1,1,1,1,1,1,1,1,2,1,1,1,2,1,1,1,2,1,1,0,3,1,1,1,1,1,1,1,1,1,1,1,1,1
"PTHR10536",1,1,1,1,1,1,1,1,1,1,1,1,1,1,1,2,1,1,1,1,1,1,1,1,1,1,1,1,2,1,2,2,0,1,1,1,1,1,1,1,1,1,1,0,1
"PTHR10537",2,1,1,2,1,1,1,1,1,2,1,1,1,1,2,1,1,1,1,2,1,1,1,2,1,1,1,2,1,1,1,1,1,1,1,1,1,1,1,1,1,1,1,1,1
"PTHR10539",1,1,1,1,1,2,1,1,1,1,2,1,1,1,1,1,1,1,1,1,1,1,1,1,1,1,1,1,1,1,1,1,1,1,1,1,1,1,1,1,1,1,1,1,2
"PTHR10540",3,3,4,6,3,5,4,3,3,3,3,3,4,5,5,3,3,3,5,4,3,3,3,4,4,3,3,3,3,3,3,4,6,5,4,3,5,3,5,3,4,3,3,4,3
"PTHR10541",1,1,1,1,1,1,1,1,1,1,1,1,1,1,1,1,1,1,1,2,1,1,1,1,1,1,1,1,1,1,1,1,1,1,1,1,1,1,1,1,1,1,0,1,1
"PTHR10543",3,3,3,3,3,3,3,3,3,3,3,3,3,3,3,3,3,2,4,3,3,3,3,3,3,2,3,3,3,3,3,3,3,3,3,3,3,3,3,3,3,3,3,3,3
"PTHR10544_SF0",1,1,4,5,1,2,3,1,2,2,1,1,2,2,1,1,1,1,1,2,2,2,1,1,3,1,3,2,2,1,3,4,1,1,3,3,3,3,3,4,3,2,1,3,1
"PTHR10545",3,3,3,3,3,3,3,2,2,2,3,7,3,3,2,3,2,2,3,2,3,3,3,3,3,3,2,3,3,3,3,4,3,3,2,3,3,3,5,3,3,3,2,3,3
"PTHR10546",2,2,2,2,2,2,2,2,2,2,2,2,2,2,2,2,2,2,2,1,2,2,2,2,2,2,2,2,2,2,2,2,2,2,2,2,2,2,2,2,2,2,2,2,2
"PTHR10548_SF11",1,1,1,1,1,1,2,1,1,1,1,1,1,1,1,1,1,1,1,1,1,1,1,1,1,1,1,2,1,2,1,1,1,1,0,1,1,1,1,1,1,1,1,1,1
"PTHR10548_SF67",2,2,2,2,3,3,4,2,2,2,1,3,4,4,5,2,4,3,2,5,3,4,2,2,4,1,2,3,2,3,2,3,2,3,4,6,2,3,3,3,3,2,2,4,3
"PTHR10548_SF7",1,1,2,2,1,2,1,1,1,1,1,1,1,2,2,1,1,1,1,1,2,1,1,2,1,1,1,1,1,1,1,1,1,1,2,1,2,1,2,1,2,1,1,1,2
"PTHR10548_SF81",1,1,1,1,1,1,1,1,1,1,1,1,1,1,1,1,1,1,1,1,1,2,1,1,1,1,1,1,1,0,1,2,1,1,1,1,1,1,1,1,1,1,1,0,1
"PTHR10548_SF87",1,1,1,1,1,1,3,1,1,1,1,1,1,1,2,2,1,1,2,2,1,1,2,2,1,1,1,1,1,1,3,1,1,2,1,1,1,1,1,1,1,1,1,1,1
"PTHR10548_SF88",1,1,1,1,1,1,1,1,1,1,1,1,1,1,3,1,1,1,1,1,1,1,1,1,1,1,2,1,1,1,1,1,1,1,1,1,1,1,1,1,3,1,1,1,1
"PTHR10548_SF89",1,1,1,1,1,1,1,1,1,1,1,1,1,1,0,1,0,1,1,1,1,1,1,1,1,1,0,1,0,1,0,1,1,1,1,1,1,1,1,0,2,1,1,1,1
"PTHR10548_SF9",1,2,1,1,1,1,2,1,1,1,1,1,1,2,2,1,1,1,1,1,1,1,1,1,1,1,1,2,1,1,1,1,1,1,1,1,2,1,2,1,1,1,1,2,1
"PTHR10551",3,3,3,3,3,3,3,3,3,1,3,3,3,3,3,3,3,3,3,1,3,3,3,3,3,3,3,3,3,4,2,3,3,3,3,3,3,3,5,3,3,3,3,3,3
"PTHR10552",2,3,3,4,4,3,4,2,2,4,2,2,4,4,3,3,4,2,3,3,3,2,2,3,2,2,3,3,2,3,5,3,3,3,3,3,4,4,6,1,3,3,2,2,4
"PTHR10553_SF5",1,1,1,1,1,1,1,1,1,1,1,1,1,1,1,1,1,1,1,2,1,2,1,1,1,0,1,1,1,1,0,3,2,1,1,1,1,1,1,1,1,1,0,2,1
"PTHR10553_SF6",1,6,3,1,3,5,5,1,1,2,3,3,3,5,3,1,4,1,5,3,1,5,1,4,2,3,2,6,8,4,2,1,1,4,2,4,3,5,3,3,7,1,1,2,5
"PTHR10554",5,5,6,5,5,5,4,5,4,5,5,5,5,5,5,8,4,5,5,4,4,5,5,5,5,4,5,5,4,5,4,5,5,5,5,5,5,5,5,5,5,4,5,6,5
"PTHR10555_SF120",1,2,1,1,1,2,1,1,1,2,2,1,1,2,2,1,1,1,2,1,1,1,1,2,1,1,1,2,1,1,1,3,1,2,1,2,2,1,2,1,1,1,1,0,1
"PTHR10555_SF121",1,1,1,1,1,1,1,1,1,1,1,1,1,1,1,1,1,1,1,1,1,1,1,1,1,1,1,1,1,1,1,1,1,1,1,1,1,1,1,1,1,1,0,1,1
"PTHR10555_SF123",1,1,1,1,1,1,1,1,1,1,1,1,1,1,1,1,1,1,1,1,1,1,1,1,1,1,1,1,1,1,1,1,1,1,1,1,1,1,1,1,1,1,1,1,1
"PTHR10555_SF128",1,1,1,1,1,1,1,1,1,1,1,1,1,1,1,1,1,1,1,1,1,1,1,1,1,1,1,1,1,2,1,1,2,1,1,1,1,1,1,1,1,1,1,2,1
"PTHR10555_SF129",1,1,1,1,1,1,1,1,1,1,1,1,1,1,1,1,1,1,1,1,1,1,1,1,1,1,1,1,1,1,1,1,2,1,1,1,1,1,1,1,1,2,1,1,1
"PTHR10555_SF13",1,1,1,1,1,1,1,1,1,1,1,1,1,1,1,1,2,1,1,0,1,2,1,1,1,1,1,0,1,1,1,2,1,1,1,1,1,1,1,1,1,1,0,1,0
"PTHR10555_SF137",1,0,1,1,1,0,1,0,0,1,1,1,1,1,0,1,0,0,1,0,1,1,1,1,1,1,0,1,1,1,0,0,1,1,1,1,1,1,1,1,1,1,1,1,1
"PTHR10555_SF14",1,1,1,1,1,1,1,1,1,2,1,1,1,1,1,1,1,1,1,1,1,1,1,1,1,1,1,1,1,1,1,1,1,1,1,1,1,1,1,1,1,1,1,2,1
"PTHR10555_SF15",2,1,1,4,1,1,2,1,1,1,1,1,1,1,1,1,1,1,1,1,1,1,1,1,1,1,1,1,1,1,3,1,1,1,1,1,1,1,1,1,3,1,1,1,1
"PTHR10555_SF19",1,1,1,1,1,1,1,1,1,1,1,1,1,1,1,1,1,1,1,1,1,1,1,1,1,1,1,1,1,2,1,1,1,1,1,2,1,1,1,1,1,1,1,2,1
"PTHR10555_SF21",1,1,1,1,1,2,1,1,1,1,1,1,1,2,1,1,1,1,2,2,1,2,1,1,1,1,0,2,1,2,1,1,1,2,1,1,2,2,1,1,1,1,1,1,1
"PTHR10555_SF31",1,1,1,1,1,1,1,2,1,2,1,1,1,1,4,1,1,1,1,1,1,1,1,1,1,1,1,1,1,1,1,2,1,1,1,1,1,1,1,1,1,1,1,1,1
"PTHR10555_SF36",1,1,1,1,1,1,1,1,1,1,1,1,1,0,1,1,1,1,1,1,1,1,1,1,1,1,1,1,1,1,1,1,1,1,1,1,1,1,1,1,1,1,1,1,1
"PTHR10555_SF6",1,2,2,3,1,1,2,1,1,1,1,1,1,1,1,1,1,1,3,1,1,2,1,4,1,1,1,3,1,1,2,2,2,4,1,1,2,1,1,1,3,2,1,1,1
"PTHR10555_SF72",2,2,2,4,4,2,2,2,2,2,2,2,3,2,4,2,2,2,2,2,2,2,2,2,2,2,2,2,2,3,2,4,2,2,2,3,2,2,3,1,2,2,2,2,3
"PTHR10556",4,4,4,4,4,4,4,4,4,1,3,4,4,5,5,4,3,4,4,4,4,4,4,4,4,4,4,6,4,6,3,5,4,5,5,4,4,5,4,4,5,4,4,5,4
"PTHR10558",1,1,1,1,1,1,1,1,1,1,1,1,1,1,1,1,1,1,1,1,1,1,1,1,1,1,1,1,1,1,1,1,1,1,1,1,1,1,1,1,1,1,1,1,1
"PTHR10559",2,3,3,3,3,3,3,3,2,3,3,3,3,3,3,3,3,3,3,3,3,3,2,3,2,3,2,3,3,3,3,2,3,3,3,2,3,3,3,2,3,3,3,3,3
"PTHR10560",1,2,1,1,1,1,1,1,1,1,1,1,1,1,1,1,1,1,1,1,1,1,1,1,1,1,1,1,1,1,1,1,1,1,1,1,1,1,1,2,1,1,1,1,1
"PTHR10562_SF10",3,5,8,10,4,6,3,7,5,8,4,3,5,10,20,3,8,4,10,6,3,8,3,6,12,2,5,8,6,3,8,12,2,10,9,9,6,6,8,4,9,3,0,15,10
"PTHR10562_SF9",1,1,1,1,1,1,1,1,1,1,1,1,1,1,1,1,1,1,1,2,1,1,1,1,1,1,1,1,1,1,1,1,1,1,2,1,1,1,1,1,1,1,1,2,1
"PTHR10566_SF21",1,1,1,1,1,1,1,1,1,1,1,1,1,1,1,1,1,1,1,1,1,1,1,1,1,1,2,1,1,1,1,1,1,1,1,1,1,1,1,1,1,1,1,2,1
"PTHR10566_SF22",1,1,1,1,1,1,1,1,1,1,2,1,1,1,1,1,1,1,1,1,1,1,1,1,1,1,1,1,1,1,1,1,1,1,1,1,1,1,1,1,1,1,1,1,1
"PTHR10566_SF58",1,1,1,1,1,1,1,1,1,1,1,1,1,1,1,1,1,1,1,1,1,1,1,1,1,1,1,1,1,1,1,1,1,1,1,1,1,1,1,1,1,1,1,1,1
"PTHR10566_SF59",1,1,1,1,1,1,1,1,1,1,1,1,1,1,1,2,1,1,1,1,1,1,1,1,1,1,1,1,1,1,0,1,1,1,1,0,1,0,2,1,1,1,1,1,0
"PTHR10566_SF6",1,1,1,2,1,1,1,1,1,1,1,1,1,1,1,1,1,1,1,1,1,1,2,1,1,1,1,1,1,1,1,1,1,1,1,1,1,1,2,1,1,1,1,1,1
"PTHR10569",1,1,1,1,1,1,1,1,1,1,1,1,1,1,1,1,0,1,1,1,1,1,1,1,1,1,1,1,1,1,1,1,1,1,1,1,1,1,1,1,1,1,1,1,1
"PTHR10570",3,4,3,3,3,3,3,3,3,3,3,3,2,3,3,3,1,4,3,3,3,3,3,3,3,3,3,3,2,3,6,3,2,3,2,3,3,3,3,3,3,3,3,3,3
"PTHR10571",1,1,1,1,1,1,1,1,1,1,1,1,1,1,1,1,1,1,1,1,1,1,1,1,1,1,1,1,1,1,1,2,1,1,1,1,1,1,1,1,1,1,1,1,1
"PTHR10572",1,1,1,1,1,1,1,1,1,1,1,1,1,1,1,1,1,1,1,1,1,1,1,1,1,1,2,1,1,1,1,1,1,1,1,1,1,1,1,1,1,1,1,1,1
"PTHR10573",1,1,1,1,1,1,1,1,1,1,1,1,1,1,1,1,1,1,1,1,1,1,1,1,1,1,1,1,1,1,2,1,1,1,1,1,1,1,1,1,1,1,1,1,1
"PTHR10574_SF106",2,2,1,1,1,1,1,1,1,1,1,1,1,1,1,1,1,1,1,1,1,1,1,1,1,1,2,1,1,1,1,1,1,1,1,1,1,1,1,1,1,2,1,1,1
"PTHR10574_SF170",1,1,1,1,1,1,1,1,1,1,1,1,1,1,1,1,1,2,1,1,1,1,1,1,0,1,0,1,1,1,1,1,1,1,1,1,1,1,1,1,1,1,1,1,1
"PTHR10574_SF174",1,1,1,1,1,1,1,1,1,1,1,1,1,1,0,1,1,1,1,2,1,1,1,1,1,1,1,1,1,1,1,1,1,1,1,1,1,1,1,1,1,1,1,1,1
"PTHR10574_SF197",1,0,0,0,0,0,0,0,0,1,0,0,0,0,0,1,0,0,0,0,0,0,0,0,0,0,0,0,0,1,0,0,0,0,0,0,0,0,0,0,0,0,1,0,0
"PTHR10574_SF202",1,1,1,1,1,1,1,1,1,1,1,1,1,1,1,1,1,1,1,1,1,1,1,1,1,1,1,1,1,1,2,1,1,1,1,1,1,1,1,1,1,1,1,1,1
"PTHR10574_SF219",3,2,2,2,2,2,2,2,1,2,2,2,2,2,2,2,2,2,2,2,2,2,2,2,2,1,2,2,2,2,2,2,2,1,2,2,2,2,2,2,2,2,1,2,1
"PTHR10574_SF223",1,1,1,1,1,1,1,1,1,1,1,1,1,1,1,1,2,1,1,1,1,1,1,1,1,1,2,1,1,1,1,1,1,1,1,1,1,1,1,1,1,1,1,1,1
"PTHR10574_SF224",1,1,1,1,1,1,1,1,1,2,1,1,1,1,1,1,1,1,1,1,1,1,1,1,1,1,0,1,1,1,1,0,1,1,2,1,1,1,1,1,1,1,1,3,1
"PTHR10574_SF226",1,1,1,1,1,1,1,1,1,1,1,1,1,1,1,1,1,1,1,1,1,1,1,1,1,1,1,1,1,1,1,1,1,1,1,1,1,1,1,1,1,1,1,1,1
"PTHR10574_SF227",1,1,1,1,1,1,1,1,1,1,1,1,1,1,1,1,1,1,1,0,1,1,1,1,1,1,1,1,1,2,0,1,1,1,1,1,1,0,2,1,1,1,1,1,1
"PTHR10574_SF228",1,1,1,1,1,1,1,1,1,2,1,1,1,1,1,1,1,1,1,1,1,1,1,1,1,1,1,1,1,1,1,1,1,1,2,1,1,1,1,1,1,1,1,1,1
"PTHR10574_SF232",1,1,1,1,1,1,1,1,1,1,1,1,1,1,1,1,1,1,1,1,1,1,1,1,1,1,1,1,1,1,1,1,1,1,1,1,1,1,1,1,1,1,1,2,0
"PTHR10574_SF233",1,1,1,1,1,1,1,1,1,1,1,1,1,1,1,1,1,1,1,1,1,1,1,1,1,1,1,1,1,1,1,1,1,1,1,1,1,1,1,1,1,1,1,1,1
"PTHR10574_SF240",1,1,1,1,1,1,1,1,1,1,1,1,1,1,1,1,1,1,1,1,1,1,1,1,1,1,1,1,1,1,0,1,1,0,1,1,1,1,1,1,1,1,1,1,1
"PTHR10574_SF245",1,1,1,1,1,1,1,1,1,1,1,1,1,1,1,1,1,1,1,1,1,1,1,1,1,1,1,1,1,1,1,1,1,1,1,1,1,1,1,1,1,1,1,1,1
"PTHR10574_SF252",1,1,1,1,1,1,1,1,1,1,1,1,1,1,1,1,1,1,1,1,1,1,1,1,1,1,1,1,1,1,1,1,1,1,0,1,1,0,1,1,1,1,1,1,1
"PTHR10574_SF255",1,2,1,1,1,1,1,1,1,1,1,1,1,1,1,2,1,1,1,1,1,1,1,1,1,1,1,1,1,1,1,1,1,1,1,1,1,1,1,1,1,1,1,1,1
"PTHR10574_SF256",1,1,1,1,1,1,1,0,0,1,1,1,1,1,0,1,1,0,1,1,1,1,0,1,0,1,0,1,1,2,0,0,1,1,1,0,1,1,1,0,1,1,1,1,1
"PTHR10574_SF259",1,1,1,1,1,1,1,1,1,1,2,1,1,1,1,1,1,1,1,1,1,1,1,1,1,1,1,1,1,1,1,1,1,1,1,2,1,1,1,1,1,1,1,3,2
"PTHR10574_SF260",1,1,1,1,1,1,1,1,1,1,1,1,1,1,1,1,1,1,1,1,1,1,1,1,1,1,2,1,1,1,1,1,1,1,1,1,1,1,1,1,1,1,1,1,1
"PTHR10574_SF261",2,1,1,1,0,1,0,1,1,2,1,1,1,1,1,1,1,1,1,1,0,1,1,1,1,1,0,1,1,1,0,1,1,1,1,1,1,0,1,1,1,0,1,1,1
"PTHR10574_SF28",2,2,2,2,2,2,2,2,2,2,2,2,2,2,2,2,2,2,2,2,2,2,2,2,2,2,2,2,2,2,2,2,2,2,2,2,2,2,2,2,2,2,2,2,2
"PTHR10574_SF36",1,2,1,1,1,1,1,1,1,1,1,1,1,1,1,1,1,1,1,0,1,1,1,1,1,1,1,1,1,1,1,1,1,1,2,1,1,1,1,1,1,1,1,2,1
"PTHR10574_SF38",1,1,1,1,1,1,1,1,1,1,1,1,1,1,1,1,1,1,1,1,1,1,1,1,1,1,1,1,1,1,1,1,1,1,1,1,1,1,1,1,1,1,1,2,1
"PTHR10574_SF79",1,1,1,1,1,1,1,1,1,1,1,1,1,1,1,1,1,1,1,1,1,1,1,1,1,1,1,1,1,1,0,1,1,1,1,1,1,1,1,1,1,1,1,1,1
"PTHR10574_SF88",1,1,0,0,1,0,1,0,0,0,1,1,1,1,0,1,0,0,0,0,0,1,1,0,0,0,0,1,0,0,1,0,0,0,0,0,0,0,0,1,1,1,0,1,0
"PTHR10574_SF9",1,1,1,1,1,1,1,1,1,1,0,1,1,0,1,1,1,1,1,1,1,1,1,1,1,1,1,1,1,1,1,1,1,1,1,1,1,1,1,1,1,1,1,1,1
"PTHR10578",3,3,3,3,3,2,3,3,2,2,3,3,3,3,3,3,3,3,3,2,3,3,4,3,1,2,3,3,3,2,2,3,3,3,3,2,3,3,3,3,3,3,3,3,3
"PTHR10579_SF2",1,1,1,1,1,1,1,2,3,1,4,4,1,1,2,1,1,1,1,3,1,1,2,1,1,1,1,1,1,1,2,2,1,1,0,1,1,1,1,1,1,1,1,0,1
"PTHR10579_SF39",1,1,1,1,1,1,1,1,1,1,1,1,1,1,1,1,1,1,1,1,1,1,1,1,1,0,1,1,1,1,1,1,1,1,1,1,1,1,1,1,1,1,1,1,1
"PTHR10579_SF42",1,2,2,2,1,2,1,2,1,1,1,1,1,1,2,0,2,1,1,1,1,1,3,1,2,1,2,1,1,2,1,2,1,2,0,3,1,1,2,2,2,0,1,1,1
"PTHR10579_SF44",1,1,1,1,1,1,1,1,1,1,1,1,1,1,1,1,0,1,1,1,1,1,1,1,1,1,1,1,1,1,1,0,1,1,5,1,1,1,1,1,1,1,1,3,1
"PTHR10582_SF11",2,1,1,1,1,1,1,1,1,1,1,1,1,1,1,2,1,0,1,1,1,1,1,1,1,2,1,1,1,1,1,1,1,1,1,1,1,1,2,1,1,1,1,1,1
"PTHR10582_SF17",1,1,1,1,1,1,1,1,1,1,1,1,1,1,1,1,1,1,1,1,1,1,1,1,1,1,1,1,1,1,1,1,1,1,1,1,1,1,1,1,1,1,1,1,1
"PTHR10582_SF21",1,1,1,1,1,1,1,1,1,1,1,1,1,1,1,2,1,1,1,0,1,1,1,1,1,1,1,1,1,1,1,1,1,1,1,1,1,1,1,1,1,1,1,1,1
"PTHR10582_SF4",1,1,1,1,1,1,1,1,1,1,1,1,1,1,2,1,1,1,1,1,1,1,1,1,1,1,2,1,1,1,1,1,1,1,1,1,1,1,1,1,1,1,1,1,1
"PTHR10582_SF5",1,1,1,1,1,1,1,0,1,1,1,1,1,1,1,1,1,1,1,2,1,1,1,1,1,1,1,1,1,1,1,1,1,1,1,1,1,1,1,1,1,1,0,1,1
"PTHR10582_SF6",1,1,1,1,1,1,2,1,1,1,1,1,1,1,1,1,1,1,1,1,1,1,1,1,1,1,1,1,1,1,1,1,1,1,2,1,1,1,1,1,1,1,1,1,1
"PTHR10583",2,2,2,2,2,2,2,2,2,2,2,3,2,2,2,3,2,2,2,3,2,2,2,2,2,2,2,2,2,2,2,2,2,2,2,2,2,2,2,2,2,2,2,2,2
"PTHR10584_SF166",1,1,1,1,1,1,1,1,1,1,1,1,1,1,1,1,1,1,1,1,1,1,1,1,1,1,1,1,1,1,1,1,1,1,1,1,1,1,1,1,1,1,1,1,1
"PTHR10584_SF177",1,1,1,1,1,1,1,1,1,1,1,1,1,1,1,1,1,1,1,1,1,1,1,1,1,1,1,1,1,1,1,1,1,1,1,1,1,1,1,1,1,1,1,1,1
"PTHR10584_SF24",1,2,1,1,1,1,1,1,1,1,1,1,1,1,1,1,1,1,1,1,1,1,1,1,1,1,1,1,1,1,1,2,1,1,1,1,1,1,1,1,1,1,1,1,1
"PTHR10584_SF8",1,1,1,1,1,1,1,1,1,1,1,1,1,1,1,4,1,1,1,0,1,1,1,1,1,0,1,1,1,1,1,1,1,1,1,1,2,1,2,1,1,1,1,1,1
"PTHR10585",3,3,3,3,3,3,3,3,3,3,3,3,3,3,3,3,3,3,3,2,3,3,3,3,3,3,3,3,3,3,3,3,3,3,3,3,3,3,3,3,3,3,3,4,3
"PTHR10588_SF114",1,1,1,1,1,1,1,2,1,0,1,1,1,1,1,1,1,1,1,1,1,1,1,1,1,1,1,1,1,1,1,1,1,1,1,1,1,1,1,1,1,1,1,1,1
"PTHR10588_SF162",1,1,1,1,2,1,0,1,0,0,1,1,1,1,1,1,1,0,1,1,1,1,1,1,0,1,0,1,1,1,1,1,1,1,0,0,1,1,1,0,1,1,1,0,1
"PTHR10588_SF196",1,1,1,1,1,1,1,1,1,1,1,1,1,1,1,1,1,1,1,1,1,1,1,1,1,1,1,1,1,1,1,1,1,1,1,1,1,1,1,1,1,1,1,1,1
"PTHR10588_SF201",1,1,0,0,0,1,1,1,1,1,1,1,1,0,1,1,1,1,1,1,1,0,1,1,1,1,1,1,1,1,0,1,1,1,1,1,1,1,2,1,0,1,1,1,1
"PTHR10588_SF204",1,1,1,1,1,1,1,1,1,1,1,1,1,1,1,1,1,1,1,1,1,1,1,1,1,1,1,1,1,1,1,1,1,1,1,1,1,1,1,2,1,1,1,1,1
"PTHR10588_SF206",1,1,1,1,1,1,1,1,1,2,1,1,1,1,2,1,1,0,1,1,1,1,1,1,1,1,1,1,1,1,1,1,1,1,1,1,1,1,1,1,1,1,1,1,1
"PTHR10588_SF208",1,1,1,1,1,1,1,1,1,1,1,1,1,2,1,1,1,1,1,1,1,1,1,1,1,1,1,1,1,1,1,1,1,1,1,1,1,1,1,1,1,1,1,1,1
"PTHR10588_SF223",1,1,1,1,1,1,1,1,1,1,1,1,1,1,1,1,1,1,1,1,1,1,1,1,1,1,2,1,1,1,1,1,1,1,1,1,1,1,1,1,1,1,1,1,1
"PTHR10588_SF224",1,1,1,1,1,1,1,1,1,1,1,1,1,1,1,1,1,1,1,1,1,1,1,1,1,1,1,1,1,1,1,0,1,1,1,1,1,1,1,1,1,1,1,1,1
"PTHR10588_SF227",1,1,1,1,1,1,1,1,0,1,1,1,1,1,1,1,1,1,1,1,1,1,1,1,1,2,1,1,1,1,1,1,1,1,1,1,1,1,1,1,1,1,1,2,1
"PTHR10588_SF232",1,1,1,1,1,1,1,1,1,1,1,1,1,1,1,1,1,1,1,1,1,1,1,1,1,1,1,1,1,1,1,1,1,1,1,1,1,2,1,1,1,1,0,1,1
"PTHR10588_SF31",1,1,1,1,1,1,1,1,2,1,1,1,1,1,1,1,1,1,1,1,1,1,1,1,1,1,1,1,1,1,1,1,1,1,1,1,1,1,1,1,1,1,1,2,1
"PTHR10588_SF32",1,1,1,1,1,1,1,1,1,1,1,1,1,1,1,1,1,1,1,1,1,1,1,1,1,1,1,1,1,1,1,1,1,1,1,1,1,1,1,1,1,1,1,1,1
"PTHR10588_SF35",1,1,1,1,1,1,1,1,1,1,1,1,1,1,1,1,1,1,1,1,1,1,1,1,1,1,2,1,1,1,1,1,1,1,1,1,1,1,1,1,1,1,1,1,1
"PTHR10588_SF5",1,1,1,1,1,1,1,1,1,1,1,1,1,1,1,1,1,1,1,1,1,1,1,1,1,1,1,1,1,1,1,1,1,1,1,1,1,1,1,1,1,1,1,1,1
"PTHR10589_SF16",1,1,1,1,1,1,1,3,1,1,1,1,1,1,4,1,1,1,1,1,1,1,1,1,1,1,1,1,1,1,1,4,1,1,1,1,1,1,1,1,1,1,1,1,1
"PTHR10589_SF19",1,1,1,1,1,1,3,1,1,2,1,1,1,1,1,1,1,1,1,1,1,1,1,1,1,1,1,1,1,1,1,1,1,1,1,1,1,1,1,1,3,1,1,1,3
"PTHR10589_SF23",1,1,1,1,1,2,2,1,1,1,1,1,1,1,1,1,1,1,1,1,1,1,1,1,1,0,1,1,1,2,1,1,2,1,1,1,1,1,1,1,1,1,1,1,1
"PTHR10589_SF24",1,1,1,1,1,1,1,1,2,1,1,2,1,1,3,1,1,1,1,3,1,1,2,1,1,1,1,1,1,2,1,2,1,1,2,1,1,1,1,2,2,1,1,1,1
"PTHR10590",2,3,2,3,2,3,3,3,3,3,4,13,2,3,3,3,2,4,3,3,3,4,4,3,3,2,3,3,2,3,3,3,3,3,3,3,3,2,3,3,3,3,3,4,2
"PTHR10593_SF1",1,1,1,1,2,1,1,1,1,1,1,1,1,1,2,1,1,1,1,1,1,1,1,1,1,1,1,1,1,1,1,0,1,1,1,1,1,1,1,1,1,1,1,1,1
"PTHR10593_SF10",1,1,1,3,1,1,1,1,1,3,1,1,1,2,1,1,1,1,1,2,1,2,1,1,1,1,1,2,1,3,1,1,3,1,1,1,2,1,2,2,4,1,1,1,1
"PTHR10593_SF22",1,1,1,1,1,1,1,1,1,1,1,1,1,1,1,1,1,1,1,1,1,1,1,1,1,1,1,1,1,1,1,1,1,1,1,1,1,1,1,1,1,1,1,2,1
"PTHR10593_SF23",1,1,1,1,1,1,1,1,1,1,1,1,1,1,1,1,1,1,1,1,1,1,1,1,1,1,1,1,1,1,1,1,1,1,1,1,1,1,1,1,1,1,1,1,1
"PTHR10598",1,1,1,1,1,1,1,1,1,1,1,1,1,1,1,1,1,1,1,1,1,1,1,1,1,1,1,1,2,1,2,1,1,1,1,1,1,1,1,1,1,1,1,1,1
"PTHR10602",1,1,1,2,1,1,1,1,1,1,1,1,1,1,1,1,1,1,1,1,1,1,1,1,2,1,1,1,1,1,1,1,1,1,1,1,1,1,1,1,1,1,1,1,1
"PTHR10603",3,3,3,3,3,3,3,3,3,4,3,3,3,3,3,3,3,3,3,3,3,4,3,3,3,3,3,4,3,3,3,5,3,3,3,3,3,4,3,3,3,3,3,3,3
"PTHR10605_SF10",1,1,1,1,1,1,1,1,1,1,1,1,1,1,1,1,1,1,1,0,1,1,1,1,1,1,1,1,1,1,1,1,1,1,1,1,1,1,1,1,1,1,1,1,1
"PTHR10605_SF11",2,1,1,1,2,0,1,1,1,2,1,3,1,1,1,1,1,0,1,1,1,1,1,0,1,1,1,1,1,2,1,1,0,1,1,1,1,1,1,0,1,1,1,1,1
"PTHR10605_SF15",1,1,1,1,1,1,1,1,1,1,1,1,1,1,1,1,1,1,1,0,1,1,1,1,1,1,1,1,1,1,1,1,1,1,1,1,1,1,1,1,1,1,1,1,1
"PTHR10605_SF16",1,1,1,1,0,1,1,1,1,1,1,1,0,1,1,1,1,1,1,1,1,1,1,1,1,1,1,1,1,1,1,1,2,1,1,1,1,0,1,1,1,1,1,1,1
"PTHR10605_SF29",1,1,1,1,1,1,1,1,1,1,1,1,1,1,1,1,1,1,1,1,1,1,1,1,1,1,1,1,1,1,1,1,1,1,1,1,1,1,1,1,1,1,1,1,1
"PTHR10605_SF30",1,1,1,1,1,1,1,1,1,1,1,1,1,1,1,1,1,1,1,1,1,1,1,1,1,1,1,1,1,1,1,1,1,1,1,1,1,1,1,1,1,1,1,1,1
"PTHR10605_SF33",1,1,1,1,1,1,1,1,1,1,1,1,1,1,1,1,1,1,1,1,1,1,1,1,1,1,1,1,1,1,1,1,1,1,1,1,1,1,1,1,1,1,1,1,1
"PTHR10605_SF35",1,1,1,1,1,1,1,0,1,1,1,1,1,1,0,1,1,1,1,0,1,1,1,1,1,1,1,1,1,0,1,1,1,1,0,1,0,1,1,1,1,1,0,0,1
"PTHR10605_SF36",1,1,1,1,1,1,1,1,1,1,1,1,1,1,1,2,1,1,1,1,1,1,1,1,1,1,1,1,1,1,1,1,1,1,1,1,1,1,1,2,1,1,1,1,1
"PTHR10606",4,4,4,4,4,4,4,4,4,4,4,4,4,4,4,4,4,4,4,4,4,4,5,4,4,4,5,4,4,4,4,4,4,4,4,4,4,4,4,5,5,4,4,5,4
"PTHR10607",1,1,1,1,1,1,1,1,1,1,1,1,1,1,1,1,1,1,1,1,1,1,1,1,1,1,1,1,1,1,1,1,1,1,1,1,1,2,1,1,1,1,1,1,1
"PTHR10609",2,4,4,3,3,3,2,3,3,3,4,2,2,4,4,4,3,3,4,4,4,3,3,4,2,2,5,4,3,4,2,2,6,4,2,3,4,3,4,3,3,4,4,3,3
"PTHR10612_SF7",1,1,1,1,1,1,1,1,1,1,1,1,1,1,1,1,1,1,1,1,1,1,1,1,1,1,1,1,1,1,1,1,1,1,1,1,1,1,1,1,1,1,1,1,1
"PTHR10613",1,1,1,1,1,1,1,1,1,2,1,1,1,1,1,1,1,1,1,1,1,1,1,1,1,1,3,1,1,1,2,1,1,1,1,1,1,1,1,2,1,1,1,1,1
"PTHR10614_SF11",1,1,1,0,0,0,1,1,1,1,1,1,1,1,1,1,1,1,1,1,1,0,1,1,1,1,1,1,1,1,1,1,1,0,1,1,1,1,1,1,0,1,0,1,1
"PTHR10614_SF2",1,1,1,1,1,1,1,1,1,1,0,1,1,1,1,1,1,1,1,1,1,0,1,1,1,1,0,1,1,1,1,1,1,1,0,1,1,1,1,0,1,1,0,1,1
"PTHR10614_SF7",1,1,0,1,1,1,1,1,0,1,1,1,1,1,1,1,0,1,1,0,1,1,1,1,1,1,1,1,1,1,0,1,1,1,1,1,0,0,1,1,1,1,0,2,1
"PTHR10614_SF8",1,1,0,0,0,1,0,0,0,1,1,1,1,0,0,0,1,1,0,0,0,0,1,0,1,1,1,0,1,1,1,0,0,0,0,1,0,1,0,1,0,1,1,0,0
"PTHR10615_SF12",1,1,2,2,1,1,1,1,1,1,1,1,1,2,1,1,1,1,1,1,1,2,1,2,1,1,1,1,1,1,1,1,1,2,1,1,2,1,2,1,2,1,1,2,1
"PTHR10615_SF13",1,1,1,1,1,1,1,1,1,1,1,1,1,2,1,1,1,1,1,1,0,1,1,1,1,1,1,2,1,1,1,1,1,1,1,3,2,1,2,1,1,1,1,2,1
"PTHR10615_SF2",1,1,1,1,1,1,1,1,1,1,1,1,1,1,1,1,1,1,1,1,1,1,1,1,1,1,1,1,1,1,1,1,1,1,1,1,1,1,1,1,1,1,1,1,1
"PTHR10615_SF26",1,1,1,1,1,1,1,1,1,1,1,1,1,1,1,1,1,1,1,1,1,1,1,1,1,1,1,1,1,1,2,2,1,1,1,1,1,1,1,1,1,1,1,1,1
"PTHR10615_SF28",1,1,1,2,1,1,1,1,1,1,1,1,1,1,1,1,1,1,1,1,1,1,1,1,1,1,1,1,1,1,1,1,1,1,1,1,1,1,1,1,1,1,1,1,1
"PTHR10615_SF35",1,1,1,1,1,1,1,1,1,0,1,1,1,1,1,1,1,1,1,1,1,1,1,1,1,1,1,1,1,1,1,1,1,1,1,1,1,1,1,1,1,1,0,1,1
"PTHR10615_SF73",1,1,3,1,1,1,1,1,1,1,1,1,1,1,1,2,1,1,1,1,1,1,1,1,1,1,1,1,1,1,1,2,1,1,1,1,1,1,1,1,1,1,1,1,1
"PTHR10615_SF90",1,1,1,1,1,1,1,1,1,1,1,1,1,1,3,1,1,1,1,3,1,2,1,1,1,1,2,3,1,1,1,1,1,1,1,1,2,1,2,1,1,1,1,1,1
"PTHR10615_SF92",1,1,1,1,1,1,1,1,1,1,1,1,1,1,2,1,1,1,2,0,1,1,1,1,1,1,1,1,1,1,1,1,1,1,1,1,1,2,1,1,1,1,1,1,1
"PTHR10615_SF96",1,1,1,1,1,1,1,1,1,1,1,1,1,1,1,1,1,1,1,1,1,1,1,1,1,1,1,1,1,1,1,1,1,1,1,1,1,1,1,1,1,1,1,1,1
"PTHR10617_SF98",1,1,1,1,1,1,1,1,1,1,1,1,1,1,1,1,1,1,1,1,1,1,1,1,1,1,1,1,1,1,1,1,1,1,1,1,1,1,1,1,1,1,1,1,1
"PTHR10619",1,1,1,2,1,1,1,1,1,1,1,1,1,1,1,1,1,1,1,1,1,1,1,1,1,1,1,1,1,1,2,1,1,1,1,1,1,1,1,1,1,1,1,2,1
"PTHR10621",2,3,2,2,2,2,3,2,2,2,3,5,2,2,2,2,2,2,2,2,2,4,2,2,2,2,2,3,2,2,6,5,2,2,3,2,2,2,3,2,3,2,2,4,2
"PTHR10623",5,3,3,4,7,4,5,5,4,5,3,4,3,5,8,3,4,3,3,3,3,4,3,3,3,3,3,4,3,4,3,7,5,3,3,4,4,3,4,4,4,3,3,4,8
"PTHR10624",3,3,3,3,3,3,3,3,3,3,2,3,3,3,3,3,1,3,3,2,3,3,3,3,1,3,3,3,3,3,2,3,3,3,3,3,3,3,3,3,3,3,3,3,3
"PTHR10625_SF10",1,1,2,1,1,1,1,1,1,1,1,1,1,1,1,1,1,0,1,1,1,1,1,1,1,1,1,1,1,1,1,1,1,1,1,1,1,1,1,1,1,1,1,1,1
"PTHR10625_SF100",1,1,1,1,1,1,1,1,1,1,1,1,1,1,1,1,1,1,1,1,1,1,1,1,1,1,1,1,1,1,2,0,1,1,1,1,1,1,1,1,1,1,1,2,1
"PTHR10625_SF102",1,1,1,2,1,1,2,1,1,1,1,1,1,1,1,1,1,1,1,1,1,1,1,1,1,1,1,0,1,1,1,0,1,1,1,1,1,1,0,2,2,1,1,1,1
"PTHR10625_SF106",1,1,1,1,1,2,1,1,1,0,1,1,1,1,1,2,1,1,1,2,1,1,1,1,1,1,1,1,1,1,1,1,1,1,1,1,1,1,1,1,1,1,1,1,1
"PTHR10625_SF112",1,1,3,3,1,1,1,1,1,2,1,1,1,2,1,1,1,1,3,1,2,2,1,2,1,1,1,2,1,1,1,1,1,2,1,1,2,1,2,1,2,1,1,1,2
"PTHR10625_SF113",1,1,3,2,1,1,2,1,1,1,1,1,1,1,4,1,2,1,4,2,1,1,1,4,2,1,1,2,2,1,1,4,1,4,1,2,1,1,2,2,3,1,1,1,1
"PTHR10625_SF116",1,1,1,1,1,1,1,1,1,1,2,1,1,1,1,1,1,1,1,1,1,1,1,1,0,1,1,1,1,1,1,0,1,1,2,1,1,1,1,1,1,1,1,1,1
"PTHR10625_SF25",1,1,1,1,1,1,1,1,1,0,1,1,1,1,1,1,1,1,1,1,1,1,1,1,1,1,1,1,1,1,1,1,1,1,1,1,1,0,1,1,1,1,1,1,1
"PTHR10625_SF57",1,1,1,1,1,1,1,1,1,1,1,1,1,1,1,1,1,1,1,1,1,1,1,1,1,1,1,1,1,1,1,1,1,1,1,1,1,1,1,1,1,1,1,1,1
"PTHR10625_SF58",1,1,1,1,1,1,1,1,1,1,1,1,1,1,1,1,1,1,1,1,1,1,1,1,1,1,1,1,1,1,0,1,1,1,1,1,1,1,1,1,1,1,1,1,1
"PTHR10625_SF60",1,1,1,1,1,1,1,1,1,1,1,1,1,1,3,2,1,1,1,2,1,1,1,1,2,1,1,1,1,1,1,3,1,1,1,1,1,1,1,1,3,1,1,1,1
"PTHR10627_SF2",1,1,1,1,1,1,1,1,1,1,1,1,1,1,1,1,1,1,1,1,1,1,1,1,1,1,1,2,1,1,1,1,1,1,1,1,1,1,1,1,1,1,1,2,1
"PTHR10627_SF32",1,1,1,1,1,1,1,1,1,1,1,1,1,1,2,1,1,1,1,1,1,1,1,1,1,2,1,1,1,1,1,1,1,1,1,1,1,1,1,1,1,1,1,1,1
"PTHR10627_SF34",1,1,1,2,1,1,1,1,1,1,1,4,1,1,1,1,1,1,1,1,1,1,3,1,1,1,3,2,1,1,2,2,1,1,1,4,1,1,1,4,2,0,1,1,1
"PTHR10628",4,4,4,4,3,4,4,4,4,3,4,4,4,4,4,12,3,4,4,4,4,4,4,4,4,4,4,3,4,3,3,4,4,4,4,4,4,4,4,5,4,4,4,4,4
"PTHR10629_SF11",1,1,1,2,1,1,1,1,1,1,1,1,1,1,1,1,1,1,1,1,1,1,1,1,1,1,1,1,1,1,0,1,1,1,3,2,1,1,2,1,1,1,1,2,1
"PTHR10629_SF8",1,1,1,1,1,1,1,1,1,1,1,1,1,1,1,1,0,1,1,1,1,1,1,1,1,1,1,1,1,1,1,2,1,1,1,1,1,1,1,1,1,1,1,1,1
"PTHR10631",2,2,3,2,2,2,2,3,2,2,2,2,2,2,3,2,2,2,2,2,2,2,2,2,2,2,2,2,2,2,2,2,2,3,2,2,2,2,3,2,2,2,2,2,2
"PTHR10632",1,1,1,2,1,2,1,1,1,1,1,1,1,1,1,2,1,1,1,1,1,2,1,1,1,1,1,1,2,1,1,1,1,1,1,1,1,1,1,1,1,1,1,1,1
"PTHR10633",1,1,1,1,1,1,1,1,1,1,1,1,1,1,1,1,1,4,1,1,1,1,1,1,1,1,1,1,1,1,1,1,1,1,1,1,1,1,1,1,1,1,1,1,1
"PTHR10634_SF24",1,1,1,1,1,1,1,1,2,1,1,1,1,2,3,1,2,1,1,1,1,1,1,1,1,1,1,1,1,1,2,1,1,1,2,1,2,1,2,1,1,1,1,2,1
"PTHR10634_SF25",1,1,1,1,1,2,1,1,1,1,1,1,2,2,1,1,1,1,1,1,1,1,1,1,1,1,1,2,1,1,1,2,1,1,1,1,1,1,1,1,1,1,1,1,2
"PTHR10634_SF5",1,1,1,1,1,1,1,1,1,1,1,1,1,1,1,1,1,1,1,1,1,1,1,1,1,1,1,1,1,1,1,0,1,1,1,1,1,1,1,1,1,1,1,1,1
"PTHR10635",1,1,1,1,1,1,1,1,1,1,1,1,1,1,1,1,1,1,1,1,1,1,1,1,1,1,1,1,1,1,1,1,1,1,1,1,1,1,1,1,1,1,1,1,1
"PTHR10638",3,5,4,3,3,7,2,2,2,2,4,3,4,4,2,3,5,3,4,8,3,4,6,3,6,4,5,3,3,7,3,2,4,3,3,6,4,4,8,6,3,4,3,3,4
"PTHR10639_SF1",1,1,2,1,1,2,1,1,1,1,1,1,1,2,1,1,1,1,1,1,1,1,1,1,1,1,1,1,1,1,1,2,1,1,1,1,2,1,2,1,2,1,1,1,2
"PTHR10639_SF2",1,1,1,1,1,1,1,1,1,1,1,1,1,1,1,1,1,1,1,0,1,1,1,1,1,1,1,1,1,1,1,1,1,1,1,1,1,1,1,1,1,1,1,1,1
"PTHR10640",1,1,1,1,1,1,1,1,1,1,1,1,1,1,1,1,1,1,1,1,1,1,1,1,1,1,1,1,1,1,1,2,1,1,1,1,2,1,1,1,1,1,1,1,1
"PTHR10641_SF153",1,1,1,1,1,1,1,1,1,1,1,1,1,1,1,1,1,1,1,1,1,1,1,1,1,2,1,1,1,1,1,1,1,1,1,1,1,1,1,1,1,1,1,2,1
"PTHR10641_SF17",1,1,1,1,1,1,1,1,1,1,1,1,1,1,1,1,1,1,1,1,1,1,9,1,1,1,1,1,1,1,1,1,1,1,1,1,1,1,1,1,1,1,1,1,1
"PTHR10641_SF191",1,1,1,1,1,1,1,1,1,1,1,1,1,1,1,1,1,1,1,1,1,1,1,1,1,1,1,1,1,1,0,0,1,1,1,1,1,0,1,1,1,1,1,1,1
"PTHR10641_SF37",1,1,1,1,1,1,1,1,1,0,1,1,1,1,1,1,1,1,1,1,1,1,1,1,1,1,1,1,1,1,1,1,1,1,1,1,1,1,1,1,1,1,1,1,1
"PTHR10641_SF454",1,1,1,1,1,1,1,1,1,1,1,1,1,1,2,1,1,1,1,1,1,1,1,1,2,1,1,1,1,1,1,2,1,1,1,1,1,1,1,1,1,1,1,1,1
"PTHR10641_SF463",1,1,1,1,1,1,1,1,1,1,1,1,1,1,2,1,1,1,1,1,1,1,2,1,1,1,2,1,1,1,1,1,1,1,1,1,1,1,2,2,1,1,1,1,1
"PTHR10641_SF470",1,1,1,1,1,1,1,1,1,1,1,1,1,1,1,1,1,1,1,1,1,1,1,1,1,1,1,1,1,1,1,1,1,1,1,1,1,1,1,1,1,1,1,1,1
"PTHR10642_SF0",1,1,1,1,1,2,1,1,1,1,1,1,1,1,1,2,1,1,2,0,1,1,1,2,1,1,2,2,1,1,1,1,1,2,2,1,1,1,2,1,1,1,1,2,1
"PTHR10643",1,1,1,1,1,1,1,1,1,1,1,1,1,1,1,1,1,1,1,1,1,1,1,1,1,1,1,1,1,1,1,1,1,1,1,1,1,1,1,1,1,1,1,2,1
"PTHR10644",3,3,3,3,3,3,3,3,3,3,3,3,3,4,3,4,3,3,3,3,2,3,3,3,3,3,3,3,2,3,2,3,3,3,3,4,4,2,5,3,3,3,3,3,3
"PTHR10648",4,5,4,4,5,4,4,5,4,6,5,4,4,4,6,3,3,4,4,5,4,5,3,4,4,4,4,3,4,4,3,3,3,4,4,3,4,4,4,3,4,4,5,5,4
"PTHR10649",2,4,2,2,2,2,4,2,2,2,3,2,4,2,2,4,2,2,2,2,3,2,2,2,2,2,2,2,2,2,3,2,2,2,3,2,2,2,2,2,2,2,1,4,3
"PTHR10652",2,3,2,3,5,3,2,2,3,4,3,3,2,4,4,2,2,2,3,2,2,2,2,2,3,2,2,5,2,2,3,4,2,3,2,2,4,2,4,2,3,2,2,2,3
"PTHR10653",4,3,3,3,4,4,3,3,3,7,3,5,4,5,9,3,5,3,6,3,3,2,4,5,3,3,3,4,3,5,5,7,2,5,3,4,7,3,6,4,4,2,3,5,4
"PTHR10654",4,4,4,5,4,4,4,4,4,4,4,4,4,4,4,5,4,4,4,4,4,4,4,4,4,4,4,4,4,4,4,4,5,4,4,4,4,4,4,4,4,4,4,4,4
"PTHR10655_SF13",1,1,1,1,1,2,1,1,1,1,1,1,1,2,1,1,1,1,1,1,1,2,1,1,2,1,1,2,1,1,1,2,1,1,1,1,3,1,2,1,1,1,1,2,1
"PTHR10655_SF18",1,1,1,1,1,1,1,1,1,1,1,1,1,1,1,1,1,1,1,1,1,1,1,1,1,1,1,1,1,1,1,1,1,1,1,1,1,1,1,1,1,1,1,1,1
"PTHR10655_SF22",1,2,4,3,1,2,1,2,1,2,1,1,1,2,6,1,1,1,4,2,2,1,1,4,1,1,1,4,1,1,1,3,1,4,1,2,3,1,3,2,1,1,1,2,0
"PTHR10656",10,10,9,9,8,10,10,10,9,9,10,10,10,10,10,11,10,8,9,8,10,8,10,9,10,10,11,9,10,9,7,10,10,8,9,9,10,9,10,10,9,10,7,11,10
"PTHR10657_SF3",1,1,4,6,4,1,3,1,1,2,1,1,1,1,1,1,1,1,4,1,1,4,1,3,3,1,2,2,2,1,2,5,1,1,1,3,1,2,2,1,6,1,1,1,0
"PTHR10657_SF4",1,1,1,1,1,1,2,1,1,0,1,1,1,2,1,1,1,1,1,1,1,2,2,1,1,1,1,2,2,1,1,2,1,1,1,2,2,1,2,1,1,1,1,1,1
"PTHR10658_SF27",1,1,2,1,1,1,1,1,1,1,1,1,1,1,2,2,1,1,1,1,1,1,1,1,1,1,1,1,1,1,1,3,1,1,1,1,1,1,1,1,1,1,1,2,2
"PTHR10658_SF37",1,1,1,1,1,1,1,1,1,1,1,1,1,1,1,1,1,1,1,1,1,1,1,1,1,0,2,1,1,0,1,1,1,1,1,1,1,1,1,1,1,1,1,1,1
"PTHR10658_SF39",1,1,1,1,1,1,1,1,1,1,1,1,1,1,2,1,1,1,1,0,1,1,1,1,1,1,1,1,1,2,1,1,1,1,1,1,1,1,1,1,1,1,1,1,1
"PTHR10658_SF40",1,1,1,1,1,1,1,1,1,1,1,1,1,1,1,1,1,1,1,1,1,1,2,1,1,1,1,1,1,1,0,1,1,1,1,1,1,1,1,1,1,1,1,1,1
"PTHR10658_SF41",2,2,2,2,2,2,2,2,2,2,2,2,2,2,2,2,2,2,2,1,2,2,2,2,2,2,2,2,2,2,2,2,2,2,3,2,2,2,2,2,2,2,2,2,2
"PTHR10660",4,3,4,7,4,4,8,4,3,3,3,3,4,5,3,5,3,4,3,3,3,3,5,3,5,3,3,3,3,3,3,9,5,3,3,3,5,5,6,4,7,3,3,3,4
"PTHR10661_SF113",1,1,1,1,1,1,1,1,1,1,1,1,1,1,1,1,0,1,1,1,1,1,1,1,1,1,1,1,1,1,1,1,1,1,1,1,1,1,1,1,1,1,1,0,1
"PTHR10661_SF115",1,1,1,1,1,1,1,1,1,1,1,1,1,1,1,2,1,1,1,1,1,1,1,1,1,1,1,1,1,1,1,1,1,1,1,1,1,1,1,1,1,1,1,1,1
"PTHR10661_SF116",1,2,1,1,1,1,1,1,1,1,1,1,1,1,1,2,1,2,1,1,1,1,1,1,1,1,1,1,1,1,1,1,1,1,1,1,1,1,1,1,1,1,1,0,1
"PTHR10661_SF120",1,1,1,1,1,1,1,1,1,1,1,1,1,1,1,1,1,1,1,1,1,2,1,1,1,1,1,1,1,1,1,2,1,1,1,1,1,1,1,1,1,1,1,1,1
"PTHR10661_SF122",1,1,1,1,1,1,1,1,1,1,1,1,1,1,1,1,1,1,1,1,1,1,1,1,1,1,1,1,1,1,1,1,1,1,1,1,1,1,1,1,1,1,1,1,1
"PTHR10661_SF125",1,1,3,1,2,1,1,2,1,1,1,1,1,2,2,1,1,1,2,1,1,1,2,1,2,1,2,3,1,1,0,1,1,1,2,2,3,1,2,1,1,1,1,2,2
"PTHR10661_SF127",1,1,1,1,1,1,1,1,1,1,1,1,1,1,1,1,1,1,1,1,1,1,1,1,1,1,1,1,1,1,1,1,1,1,1,1,1,1,1,1,1,1,1,1,1
"PTHR10661_SF14",1,1,1,1,1,1,2,1,1,1,1,1,1,1,1,1,1,1,1,1,1,1,1,1,1,1,1,1,1,1,1,1,1,1,1,1,1,1,2,1,1,1,1,1,1
"PTHR10661_SF15",1,1,1,1,1,1,1,1,1,1,1,1,1,1,4,1,1,1,1,1,1,1,1,1,1,1,1,1,1,1,1,1,1,1,1,1,1,1,1,1,1,1,1,1,1
"PTHR10661_SF4",1,1,1,1,1,1,1,1,1,1,1,1,1,1,1,1,1,1,1,1,1,1,1,1,1,1,1,1,1,1,1,1,1,1,1,1,1,1,1,1,1,1,1,1,1
"PTHR10661_SF6",1,1,1,1,1,1,1,1,1,1,1,1,1,1,1,1,1,1,1,1,1,1,1,1,1,1,1,1,1,1,1,1,1,1,1,1,1,1,1,1,1,1,1,1,1
"PTHR10661_SF68",1,1,1,1,2,1,1,1,1,0,1,1,1,1,1,1,1,1,1,1,1,1,1,1,1,1,1,1,1,1,1,1,1,1,1,1,1,1,1,1,1,1,1,1,1
"PTHR10661_SF8",1,1,1,1,1,1,1,1,1,1,1,1,1,1,1,1,1,1,1,1,1,1,1,1,1,1,2,1,1,2,1,1,1,1,1,1,1,1,1,1,1,1,1,1,1
"PTHR10662",3,4,4,3,7,5,6,1,2,5,3,6,5,4,2,5,2,15,4,5,4,4,4,4,3,4,1,4,2,5,6,1,8,5,3,5,4,3,5,5,3,4,5,1,5
"PTHR10663_SF105",1,1,1,1,1,1,1,1,1,1,1,1,1,1,1,1,1,1,1,1,1,1,1,1,1,1,1,1,1,1,1,1,1,1,1,1,1,1,1,1,1,1,1,1,1
"PTHR10663_SF106",1,1,1,1,1,1,1,1,1,3,1,1,1,2,1,1,1,1,1,1,1,1,1,1,2,1,3,1,2,1,1,2,1,1,1,1,1,1,1,1,1,1,1,1,1
"PTHR10663_SF109",1,1,1,1,1,1,1,1,1,1,1,1,1,1,1,1,1,1,1,0,1,1,1,1,1,1,1,1,1,1,1,1,1,1,1,1,1,1,1,1,1,1,1,1,1
"PTHR10663_SF113",1,1,1,1,1,1,1,1,1,1,1,1,1,1,1,1,1,1,1,1,1,1,1,1,1,1,1,1,1,1,1,0,1,1,1,1,1,1,1,1,1,1,1,1,1
"PTHR10663_SF115",1,1,1,1,1,1,1,1,1,1,1,1,1,1,1,1,1,1,1,1,1,1,1,1,1,1,1,1,1,1,1,1,1,1,1,1,1,1,1,1,1,1,1,1,1
"PTHR10663_SF123",1,1,1,1,1,1,1,1,1,1,1,1,1,1,2,2,1,1,1,0,1,1,1,1,1,1,1,1,1,1,1,1,1,1,1,1,1,1,1,1,1,1,1,1,1
"PTHR10663_SF124",1,1,1,1,1,1,1,1,1,1,1,1,1,1,1,1,1,1,1,1,1,1,1,1,1,1,1,1,1,1,1,1,1,1,1,0,1,1,1,1,1,1,1,1,1
"PTHR10663_SF129",1,1,1,1,1,1,1,2,1,1,1,1,1,1,3,1,1,1,1,1,1,1,1,1,1,1,1,1,1,1,0,1,1,1,1,1,1,1,2,1,1,1,1,2,1
"PTHR10663_SF137",1,1,1,1,1,1,1,1,1,1,1,1,1,1,1,1,1,1,1,1,1,1,1,1,1,2,1,1,1,1,1,1,1,1,1,1,1,1,1,1,1,1,1,2,1
"PTHR10663_SF138",1,1,1,1,1,1,1,1,1,1,1,1,1,1,1,1,1,1,1,1,1,1,1,1,1,1,1,1,1,1,1,1,1,1,1,1,1,1,1,1,1,1,1,1,1
"PTHR10663_SF140",1,1,1,1,1,1,1,1,1,1,1,1,1,1,1,1,1,1,1,1,1,1,1,1,1,1,1,1,1,1,1,1,1,1,1,1,1,1,1,1,1,1,1,1,1
"PTHR10663_SF60",1,1,1,1,1,1,2,1,1,1,1,1,1,1,1,1,1,1,1,1,1,1,1,1,1,1,1,1,1,1,1,1,1,1,1,1,1,1,1,1,1,1,1,1,1
"PTHR10663_SF61",1,1,1,1,1,1,1,1,1,1,1,1,1,1,1,1,1,1,1,1,1,1,1,1,1,1,1,1,1,1,1,1,1,1,1,1,1,1,1,1,1,1,1,0,1
"PTHR10663_SF62",1,1,1,1,1,1,1,1,1,1,1,1,1,1,1,3,1,1,1,1,1,1,1,1,1,1,1,1,1,2,1,1,1,1,1,1,1,1,1,1,1,2,1,1,1
"PTHR10663_SF63",1,1,1,1,1,1,1,1,1,1,1,1,1,1,1,1,1,1,1,1,1,1,1,1,1,1,1,1,1,1,1,1,1,1,1,1,1,1,1,1,1,1,1,2,1
"PTHR10663_SF65",1,1,1,1,1,1,1,1,1,1,1,1,1,1,1,1,0,1,1,1,1,1,1,1,1,1,1,1,1,1,1,1,1,1,1,1,1,1,1,1,1,0,1,1,1
"PTHR10665",2,3,2,2,2,2,2,2,2,2,2,2,2,3,4,2,2,2,2,2,2,2,2,2,3,2,2,2,2,2,3,3,2,2,2,2,3,2,4,3,2,2,2,2,2
"PTHR10666_SF107",1,1,1,0,0,0,0,0,0,0,0,0,0,0,0,0,0,0,1,0,0,0,0,0,1,0,0,0,0,0,1,0,0,0,0,0,0,0,0,1,0,0,0,0,0
"PTHR10666_SF108",1,1,0,1,1,0,1,1,1,1,1,1,1,1,1,1,0,1,0,0,0,1,1,0,1,1,1,0,0,0,1,0,1,0,0,1,1,0,1,0,1,1,1,1,1
"PTHR10666_SF109",1,1,1,1,1,2,1,1,1,1,1,1,1,1,1,1,1,0,1,1,1,1,1,1,1,1,2,1,1,1,1,1,1,1,1,1,1,1,1,1,1,1,1,1,1
"PTHR10666_SF112",1,1,0,0,0,2,1,0,1,1,0,2,1,1,1,2,0,2,1,1,2,0,1,1,0,1,1,1,0,1,2,0,0,1,2,0,0,1,1,0,0,1,2,0,0
"PTHR10666_SF76",1,2,3,5,2,2,6,3,2,4,2,2,2,5,2,2,2,2,4,4,3,3,1,4,4,1,3,4,1,1,1,4,2,5,2,2,3,2,4,4,5,2,1,2,2
"PTHR10666_SF81",1,1,1,1,1,1,1,1,1,1,1,1,1,1,1,1,0,1,1,0,1,1,1,1,1,1,1,0,1,1,1,1,2,1,1,1,1,1,2,1,1,1,1,1,1
"PTHR10666_SF85",1,2,1,1,1,1,1,1,1,1,1,1,1,1,2,1,1,1,1,1,1,1,1,1,1,1,1,1,1,1,1,1,1,1,1,1,1,1,1,1,1,1,0,1,0
"PTHR10666_SF93",2,1,4,5,2,3,5,1,2,1,2,1,1,1,3,1,2,1,4,5,1,2,3,5,2,3,2,1,2,3,1,18,1,5,1,2,1,1,3,1,2,1,1,3,2
"PTHR10666_SF97",1,2,1,2,1,1,2,1,1,0,1,1,1,1,2,4,1,1,3,0,1,3,1,1,2,0,2,1,1,1,1,3,1,3,2,2,1,1,2,1,3,1,1,1,1
"PTHR10666_SF99",2,1,3,0,2,0,6,1,1,0,1,2,2,1,1,4,1,0,0,0,1,2,1,1,3,0,2,3,2,1,3,6,1,0,1,2,5,3,4,0,5,0,0,2,4
"PTHR10668_SF4",1,1,1,1,1,1,1,1,1,1,1,1,1,1,1,1,1,1,1,1,1,1,1,1,1,1,1,1,1,1,1,1,1,1,1,1,1,1,1,1,1,1,1,1,1
"PTHR10668_SF61",1,1,1,2,1,1,1,1,1,1,2,1,1,2,1,1,1,1,2,1,1,1,1,2,1,1,2,1,1,1,1,1,1,2,3,1,1,1,2,1,1,1,1,2,1
"PTHR10668_SF66",1,2,1,2,1,1,1,1,1,1,2,1,1,1,1,1,0,1,1,1,1,1,1,1,1,1,1,0,1,1,1,1,1,1,8,1,1,1,1,1,1,1,1,5,1
"PTHR10670",1,1,1,1,1,1,1,1,1,1,1,1,1,1,1,1,1,1,2,1,1,1,1,1,1,1,1,1,1,1,1,1,1,1,1,1,1,1,1,1,1,1,1,1,1
"PTHR10671",9,9,10,11,9,9,11,9,8,7,7,9,10,12,8,11,8,7,11,5,11,10,10,11,11,9,9,11,8,9,8,10,9,11,8,10,10,10,11,8,11,11,9,9,10
"PTHR10672_SF4",1,1,1,1,1,1,1,1,1,1,1,1,1,1,1,1,1,1,1,1,1,1,1,1,1,1,1,1,1,1,1,1,1,1,1,1,1,1,1,1,1,1,1,1,1
"PTHR10672_SF5",1,1,1,1,1,1,1,1,1,1,3,1,1,2,3,1,1,1,1,1,1,1,1,1,1,1,1,1,1,1,1,1,1,1,1,2,1,1,1,1,1,1,1,1,1
"PTHR10672_SF6",1,1,1,1,1,1,1,1,1,1,1,1,1,1,1,1,1,1,1,1,1,1,1,1,1,1,1,1,1,1,1,1,1,1,1,1,1,1,1,1,1,1,1,1,1
"PTHR10676_SF132",1,1,1,1,1,1,1,0,1,1,2,2,1,1,0,1,1,1,1,1,0,1,1,1,1,1,1,0,2,1,2,0,1,1,2,1,1,1,1,1,1,2,0,2,2
"PTHR10676_SF135",1,1,1,1,1,1,1,1,1,1,1,1,1,1,1,2,1,1,1,1,1,1,1,1,1,1,2,1,1,1,0,1,2,1,1,1,1,1,1,0,1,1,2,1,1
"PTHR10676_SF136",2,1,1,1,1,2,1,1,1,1,1,1,1,1,1,1,1,1,1,1,1,1,1,1,1,1,1,1,1,1,1,1,1,1,1,1,1,1,1,1,1,1,3,3,1
"PTHR10676_SF137",1,2,1,1,1,1,1,1,1,2,1,1,1,1,1,1,1,1,1,1,1,1,1,1,1,2,1,1,1,1,1,1,1,1,1,1,1,1,1,1,1,1,1,1,1
"PTHR10676_SF138",1,1,1,1,1,1,1,1,1,1,1,1,1,1,1,1,1,1,1,1,1,1,3,1,1,1,2,1,1,1,1,1,1,1,1,1,1,1,1,1,1,1,1,3,1
"PTHR10676_SF183",1,1,1,1,1,1,1,1,1,2,0,1,1,1,1,1,1,1,1,1,1,1,1,1,1,1,1,1,1,1,1,1,1,1,1,1,1,0,1,1,1,2,1,1,1
"PTHR10676_SF227",2,1,1,1,1,1,1,1,1,1,1,1,1,1,1,1,1,1,1,3,0,1,1,1,1,1,1,1,1,1,0,1,1,1,1,1,1,1,1,1,1,1,1,2,1
"PTHR10676_SF228",3,1,1,1,1,1,1,2,2,0,2,2,2,1,2,2,2,3,1,2,0,1,2,1,4,1,1,1,1,1,3,1,1,1,2,1,1,1,2,1,2,1,1,2,2
"PTHR10676_SF240",2,1,1,2,1,1,1,1,1,0,1,1,1,1,1,1,1,1,1,1,1,1,1,1,1,1,2,1,1,1,1,1,1,1,1,1,1,1,1,1,1,1,1,1,1
"PTHR10676_SF242",1,2,1,2,1,1,3,1,1,1,2,1,1,1,1,1,1,1,1,1,1,1,1,1,1,1,1,1,1,1,1,1,1,1,1,1,1,1,1,1,1,3,1,2,3
"PTHR10676_SF244",1,1,1,1,2,1,2,1,1,1,1,1,1,1,1,1,1,2,1,1,1,1,1,1,1,1,1,1,1,1,1,1,1,1,1,1,1,0,1,1,1,2,3,1,0
"PTHR10676_SF250",1,1,1,1,1,1,1,2,2,2,1,1,1,1,2,1,2,1,1,1,2,1,2,1,3,1,3,1,1,1,1,3,1,1,3,1,1,1,1,1,1,1,3,1,2
"PTHR10676_SF28",1,1,1,1,1,1,1,1,1,1,1,1,1,1,1,1,1,1,1,2,1,1,1,1,1,1,1,1,1,1,1,1,1,1,1,1,1,0,1,1,1,1,1,1,2
"PTHR10676_SF34",1,3,1,1,1,1,1,1,1,2,3,1,1,1,1,1,1,1,1,1,1,1,1,1,1,1,1,1,1,1,1,1,1,1,1,1,1,1,1,1,1,1,1,1,1
"PTHR10676_SF36",1,1,1,1,1,1,1,1,1,0,1,1,1,1,1,1,1,2,1,0,1,1,1,1,1,1,1,1,1,2,1,1,1,1,1,1,1,1,1,1,1,1,1,1,1
"PTHR10677_SF10",1,1,0,0,1,1,0,1,1,1,0,1,1,0,0,0,1,1,0,0,0,0,1,0,1,0,1,0,1,0,1,1,0,0,1,1,0,0,0,1,0,1,0,1,1
"PTHR10677_SF16",1,1,1,1,1,1,1,1,1,1,1,1,1,1,3,1,1,1,1,1,1,1,1,1,1,1,1,1,1,1,1,1,1,1,1,1,1,1,1,1,1,1,1,2,1
"PTHR10677_SF18",1,1,1,1,1,1,1,1,1,1,1,1,1,1,1,2,1,1,2,1,1,1,1,2,1,1,1,2,1,1,1,2,1,2,1,2,1,1,1,1,1,1,1,1,1
"PTHR10677_SF20",1,1,2,1,1,1,1,1,1,2,1,1,1,2,1,1,1,1,2,2,1,1,1,2,3,1,1,0,1,1,1,1,1,1,1,1,1,1,2,1,1,1,1,1,1
"PTHR10677_SF4",1,1,0,0,1,1,1,1,1,1,1,1,1,1,0,1,1,1,1,0,1,0,1,1,1,1,1,1,1,1,1,0,1,0,1,1,1,1,1,1,0,1,1,1,1
"PTHR10677_SF5",1,1,1,1,0,0,0,1,1,1,1,0,1,1,1,1,1,1,0,2,1,1,1,1,0,1,1,1,1,1,1,1,1,1,0,1,1,1,1,1,1,1,0,0,1
"PTHR10677_SF9",1,1,1,1,1,1,0,1,0,1,1,1,1,1,0,1,1,1,1,0,1,0,1,1,0,1,1,0,0,1,1,0,1,1,1,1,1,0,0,1,0,1,0,1,0
"PTHR10678",2,3,2,3,2,2,2,2,2,2,2,2,2,2,3,2,2,2,2,2,3,3,2,3,3,2,2,2,2,2,2,6,2,2,2,2,2,2,2,2,3,2,2,2,2
"PTHR10680_SF13",1,1,1,1,1,1,1,1,1,1,1,1,1,1,1,1,1,1,1,1,1,1,1,1,1,1,1,1,1,1,1,1,1,1,1,1,1,1,1,1,1,1,1,1,1
"PTHR10681_SF101",3,2,2,2,4,2,2,2,2,2,2,2,2,2,3,2,2,2,3,2,2,2,2,3,2,2,2,3,3,2,3,6,3,3,3,2,3,2,3,2,2,2,2,3,3
"PTHR10681_SF43",2,1,2,3,1,2,2,1,1,1,1,1,1,2,1,1,2,1,1,1,2,1,1,2,2,1,1,1,1,1,0,1,2,3,1,1,2,2,2,1,2,1,1,1,1
"PTHR10681_SF75",1,2,2,2,4,3,2,2,1,1,1,2,1,2,3,1,1,1,2,1,1,1,1,2,3,1,3,2,2,1,2,8,2,2,1,3,2,4,2,2,5,1,2,2,6
"PTHR10681_SF77",1,2,2,2,1,2,2,1,1,2,2,1,1,2,1,1,1,1,1,1,1,1,2,1,3,1,1,1,1,1,1,4,1,1,1,2,2,1,2,1,2,1,1,1,1
"PTHR10682_SF6",1,1,1,1,1,1,1,1,1,1,1,1,1,1,1,1,1,1,1,1,1,1,1,1,1,1,1,1,1,1,1,1,1,1,1,2,1,1,1,1,1,1,1,1,1
"PTHR10682_SF9",1,3,1,2,1,5,3,1,1,1,2,1,1,1,3,1,1,1,1,1,1,1,1,1,1,1,1,1,1,2,1,3,1,1,1,1,1,1,1,1,2,1,1,1,1
"PTHR10683",1,1,1,1,2,1,1,1,1,2,1,1,1,1,1,1,1,1,1,1,1,1,1,1,1,1,1,1,1,1,0,3,1,1,1,1,1,1,1,1,1,1,1,1,1
"PTHR10684",3,3,3,3,3,3,3,3,3,3,3,3,3,3,5,3,3,3,3,3,3,3,3,3,3,4,3,3,3,3,3,3,4,3,3,2,3,3,3,3,3,3,3,4,3
"PTHR10686",3,3,4,3,4,3,3,3,3,6,3,3,4,4,3,4,3,3,3,3,3,4,3,4,3,3,3,2,5,3,3,3,3,4,3,3,4,4,4,3,3,3,3,3,4
"PTHR10687_SF11",1,1,1,1,1,1,1,1,1,1,1,1,1,1,1,1,1,1,1,1,1,1,1,1,1,1,0,1,1,1,0,1,1,1,1,1,1,1,1,1,1,1,0,1,1
"PTHR10687_SF5",1,1,1,1,1,1,1,1,1,1,1,1,1,1,1,1,1,1,1,1,1,1,1,1,1,1,1,1,1,1,1,1,1,1,1,1,1,1,1,1,1,1,1,1,1
"PTHR10687_SF7",1,1,1,1,1,1,1,1,1,1,1,1,1,1,1,1,1,1,1,1,1,1,1,1,1,1,1,1,1,2,1,1,1,1,1,1,1,1,1,1,1,1,1,1,1
"PTHR10687_SF8",1,1,1,1,1,1,1,1,1,1,1,1,1,1,1,1,1,1,1,1,1,1,1,1,1,1,1,1,1,1,1,1,1,1,1,1,1,1,1,1,1,1,1,1,1
"PTHR10689",2,2,3,2,2,2,2,1,2,2,2,2,2,2,2,2,2,2,2,1,2,2,2,2,2,2,2,2,2,2,2,1,3,2,2,2,2,2,3,2,2,2,2,3,2
"PTHR10693",3,2,4,4,2,2,2,3,2,4,2,2,2,3,2,2,3,2,3,2,2,4,2,3,2,2,3,3,3,2,6,7,4,3,3,3,3,2,3,3,3,2,2,2,4
"PTHR10694_SF17",1,1,1,1,1,1,1,1,1,1,1,1,1,1,1,1,1,1,1,1,1,1,1,1,1,1,1,1,1,1,1,1,1,1,2,1,1,1,1,1,1,1,1,1,1
"PTHR10694_SF21",2,2,1,0,1,2,1,1,1,0,2,1,2,1,2,1,1,2,1,5,1,0,1,1,1,1,2,1,2,2,5,1,1,1,0,1,0,2,1,2,0,4,0,0,1
"PTHR10694_SF3",1,1,1,1,1,1,1,1,1,1,1,1,1,1,1,1,1,1,1,3,1,1,1,1,1,1,1,1,1,1,1,1,1,1,1,1,1,1,1,1,1,1,1,1,1
"PTHR10694_SF30",2,1,1,1,1,1,1,1,1,1,1,1,1,1,1,1,1,1,1,1,1,1,1,1,1,1,1,1,2,1,0,1,0,1,1,1,1,1,1,1,1,1,1,1,1
"PTHR10694_SF31",1,1,1,2,1,1,1,1,1,1,2,1,1,1,1,2,1,1,1,1,2,1,2,1,1,1,1,1,1,1,1,1,1,1,0,1,1,1,2,2,1,2,1,1,2
"PTHR10694_SF32",1,0,1,2,1,1,1,1,1,2,1,1,1,1,2,1,1,1,1,1,1,1,1,1,1,1,1,1,1,1,1,3,2,1,1,1,1,1,1,1,1,1,1,1,2
"PTHR10694_SF36",1,1,1,1,1,1,1,1,2,1,1,1,1,1,1,2,1,1,1,1,1,1,1,1,1,1,1,1,1,1,1,1,1,1,1,1,1,1,1,1,1,1,1,1,1
"PTHR10694_SF40",1,1,1,1,1,1,1,1,1,1,1,1,1,1,1,1,1,1,1,1,1,1,1,1,1,1,2,1,1,1,1,0,1,1,1,1,1,1,1,1,1,1,1,0,1
"PTHR10695_SF20",1,1,1,1,1,1,1,1,1,1,1,1,1,1,1,1,1,1,1,1,1,1,1,1,1,0,1,1,1,1,1,1,1,1,1,1,1,1,1,1,1,1,1,1,1
"PTHR10695_SF26",1,1,1,1,1,1,1,1,1,1,1,1,1,1,1,1,1,1,1,1,1,1,1,1,1,1,1,1,1,1,1,1,1,1,1,1,1,1,1,1,1,1,1,1,1
"PTHR10696",3,2,2,2,2,2,3,2,2,2,2,2,2,2,2,2,1,2,2,1,2,2,2,2,2,2,1,2,2,2,2,2,1,2,2,2,2,1,3,2,2,2,2,2,2
"PTHR10698",1,2,1,1,1,1,1,1,1,1,1,1,1,1,1,1,1,1,1,1,1,1,1,1,1,1,1,1,1,1,1,1,1,1,1,1,1,1,1,1,1,1,1,2,1
"PTHR10699_SF14",1,0,1,1,1,1,1,0,0,0,0,1,1,1,1,1,1,1,1,1,1,1,1,1,0,1,2,1,1,1,1,1,0,1,1,1,1,1,1,1,1,0,0,2,1
"PTHR10699_SF15",1,1,1,3,1,1,1,1,1,1,1,1,1,1,1,1,2,1,1,1,1,1,1,1,3,1,1,1,1,1,1,1,1,1,1,1,1,1,1,1,1,1,1,1,1
"PTHR10699_SF16",1,1,1,1,1,1,1,1,1,1,1,1,1,1,1,1,1,1,1,1,1,1,1,1,1,1,1,1,1,1,1,1,1,1,1,1,1,1,1,1,1,1,1,1,1
"PTHR10701_SF1",1,1,1,1,2,1,2,1,1,1,1,1,3,2,4,1,1,1,1,3,2,1,1,1,1,2,1,1,1,1,2,4,1,1,1,3,2,2,2,1,2,1,1,1,1
"PTHR10701_SF2",1,2,1,2,4,2,3,1,1,2,1,1,1,1,2,1,2,1,1,1,1,2,1,1,2,1,1,1,2,1,5,3,2,1,1,1,1,3,1,1,1,2,1,1,4
"PTHR10704_SF13",1,1,2,0,1,1,2,1,1,1,1,1,1,2,1,2,0,1,1,1,1,1,0,1,0,1,0,2,1,1,0,1,1,1,0,0,2,1,2,0,1,1,1,0,0
"PTHR10704_SF3",1,1,1,1,0,1,1,1,1,1,1,1,1,1,1,1,1,1,1,1,1,1,1,1,1,1,1,1,1,1,1,1,1,1,1,1,0,0,1,1,1,1,0,1,1
"PTHR10704_SF36",1,1,1,1,0,1,1,1,1,1,1,1,1,0,1,1,1,1,1,1,1,1,1,0,1,1,1,0,1,1,1,1,1,1,1,1,0,1,1,1,1,1,1,1,1
"PTHR10704_SF37",1,1,0,0,0,1,1,0,0,0,0,0,0,0,0,0,0,0,0,0,0,0,0,0,0,1,0,0,1,1,0,0,1,0,0,0,0,0,0,0,1,0,0,0,0
"PTHR10704_SF40",1,1,0,0,1,1,1,1,1,1,1,1,1,1,1,1,1,1,1,1,1,1,1,1,0,1,1,0,1,1,1,0,1,1,3,1,1,1,1,1,0,1,0,2,1
"PTHR10704_SF5",1,1,0,1,1,1,1,1,1,1,1,1,1,1,1,1,1,0,1,0,1,0,1,1,1,1,1,1,1,1,1,1,1,1,1,1,1,1,1,1,1,1,0,1,1
"PTHR10705",1,1,1,3,2,1,1,1,2,1,1,1,1,1,1,1,1,1,1,1,1,1,1,1,1,1,1,1,1,1,1,3,1,1,1,1,1,1,1,1,1,1,1,2,1
"PTHR10706_SF125",1,1,1,1,1,1,1,1,1,1,1,1,1,1,1,1,1,1,1,1,1,1,1,1,1,1,1,1,1,1,1,1,1,1,1,1,1,1,1,1,1,1,0,1,1
"PTHR10706_SF126",1,1,1,1,1,1,1,1,1,1,1,1,1,1,1,1,1,1,1,69,1,1,1,1,1,1,1,1,1,1,1,1,1,1,1,1,1,1,1,1,1,1,1,1,1
"PTHR10707",3,2,3,3,2,4,2,2,2,2,1,2,2,2,2,2,2,2,5,2,2,2,2,3,2,1,2,2,2,2,2,3,2,5,2,2,2,3,3,2,2,2,2,3,4
"PTHR10709",2,4,5,3,3,6,4,2,3,4,3,2,1,5,6,3,2,2,4,2,1,4,2,4,2,1,3,4,2,5,2,4,2,4,2,2,4,2,4,2,1,2,2,2,3
"PTHR10715_SF0",1,2,10,7,4,5,10,2,1,2,2,3,1,6,3,1,1,1,10,1,3,7,1,7,5,3,1,6,2,6,8,20,8,5,1,2,3,6,5,4,8,1,1,2,1
"PTHR10720",2,2,2,2,2,2,2,2,2,2,2,2,2,2,2,3,2,2,2,2,2,2,2,2,2,2,3,2,2,2,2,3,3,2,3,2,2,2,2,2,2,2,2,3,2
"PTHR10721",1,1,1,1,1,2,1,1,1,1,1,1,1,1,1,1,1,1,1,1,1,1,1,1,1,1,0,1,1,1,1,1,1,1,1,1,1,1,1,1,1,1,1,3,1
"PTHR10722",2,1,5,5,1,5,4,1,1,1,1,2,1,6,2,1,1,2,7,1,3,1,1,5,4,1,4,3,3,2,4,5,3,8,2,3,3,2,4,13,5,2,1,3,1
"PTHR10724",1,1,1,1,1,1,1,1,1,1,1,1,1,1,2,1,1,2,1,1,1,1,1,1,1,1,1,1,1,1,1,1,1,1,1,1,1,1,1,1,1,1,1,1,1
"PTHR10725",1,1,1,1,1,1,1,0,1,1,0,1,1,1,1,1,1,1,1,1,1,1,0,1,0,1,0,1,1,1,1,0,1,1,0,0,1,1,1,0,1,1,1,0,0
"PTHR10728",5,5,6,5,5,5,5,6,5,4,5,5,5,5,5,7,6,5,6,5,6,5,7,6,6,5,5,6,5,5,6,3,5,6,6,5,5,5,6,6,5,5,5,6,5
"PTHR10730",6,6,6,6,6,6,6,6,6,5,6,7,6,6,6,6,6,6,6,8,7,8,6,6,6,6,6,6,6,6,7,6,6,6,6,6,6,6,7,6,6,6,6,6,6
"PTHR10732",1,1,8,7,2,3,3,2,2,0,2,2,2,4,2,2,1,2,7,2,5,2,1,5,3,2,3,6,3,1,3,5,3,3,2,4,4,3,6,9,2,3,1,3,4
"PTHR10736_SF1",1,1,1,1,1,1,1,1,1,0,1,1,1,1,1,1,1,1,1,1,1,1,1,1,1,0,1,1,1,1,1,1,1,1,1,1,1,1,1,1,1,1,1,1,1
"PTHR10736_SF2",1,1,1,1,1,1,1,1,1,1,1,1,1,1,1,1,1,1,1,1,1,1,1,1,1,1,1,1,1,1,1,1,1,1,1,1,1,2,1,1,1,1,1,1,1
"PTHR10736_SF3",1,1,1,1,1,1,1,1,1,1,1,1,1,1,1,1,1,1,1,1,1,1,0,1,1,1,1,1,1,1,1,1,1,1,1,1,1,1,1,1,1,1,1,1,1
"PTHR10736_SF4",1,1,1,1,1,1,1,1,1,1,1,1,1,1,1,1,1,1,1,0,1,1,1,1,1,1,1,1,1,1,1,1,1,1,1,1,1,2,1,1,1,1,1,1,1
"PTHR10738",1,1,1,1,1,1,1,1,1,1,1,1,1,1,2,1,1,1,1,1,1,1,1,1,1,1,1,1,1,1,1,1,1,1,1,1,1,1,1,1,1,1,1,1,1
"PTHR10739_SF19",1,1,1,1,1,1,1,1,1,1,1,1,1,1,1,1,1,1,1,1,1,2,1,1,1,1,2,1,1,1,1,1,1,1,1,1,1,1,1,1,1,1,1,1,1
"PTHR10739_SF20",1,1,1,1,1,1,1,1,1,1,1,1,1,1,1,1,1,1,1,1,1,1,1,1,1,1,1,1,1,1,1,1,1,1,1,1,1,1,1,1,1,1,1,1,1
"PTHR10739_SF23",1,1,1,1,1,1,1,1,1,1,1,1,1,1,1,1,1,1,1,1,1,1,1,1,1,1,1,0,1,1,0,1,1,1,1,1,1,1,1,1,1,1,1,1,1
"PTHR10740_SF1",1,1,1,1,1,1,1,1,1,1,1,1,1,1,1,1,1,1,1,1,1,1,1,1,1,1,1,1,1,1,1,1,1,1,1,1,1,1,1,1,1,1,1,1,0
"PTHR10740_SF10",1,1,1,1,1,1,2,1,1,1,1,1,1,1,0,1,1,1,1,1,1,1,1,1,1,1,2,1,1,1,1,1,1,1,1,1,1,1,1,1,1,1,1,1,1
"PTHR10740_SF11",1,1,1,1,1,1,1,1,1,1,1,1,1,1,1,1,1,1,1,1,1,1,1,1,1,1,2,1,1,1,1,1,1,1,1,1,1,1,1,1,1,1,1,1,1
"PTHR10740_SF12",1,1,1,1,1,1,1,1,1,1,1,1,1,1,1,1,1,1,1,1,1,1,1,1,1,1,1,1,1,1,1,1,1,1,1,1,1,1,1,1,1,1,1,1,1
"PTHR10740_SF3",1,1,1,1,1,1,1,1,1,1,1,1,1,1,1,1,1,1,1,2,1,1,1,1,1,1,1,1,1,1,1,1,1,1,0,1,1,1,1,1,1,1,1,0,0
"PTHR10740_SF4",1,1,1,1,1,1,1,1,1,1,1,1,1,1,2,1,1,1,1,1,1,1,1,1,1,1,1,1,1,1,1,1,1,1,1,1,1,1,1,1,1,1,1,1,1
"PTHR10741",2,2,2,3,2,2,4,2,2,2,2,1,2,2,2,3,2,2,2,3,2,3,2,2,2,2,2,2,2,2,2,4,3,2,2,2,2,4,2,2,3,2,2,3,2
"PTHR10742_SF16",1,1,1,2,1,2,1,1,1,1,1,1,1,1,1,1,1,1,1,1,1,2,1,1,1,1,1,1,1,2,1,1,1,1,1,1,1,1,1,1,1,1,1,1,1
"PTHR10742_SF21",1,1,1,1,1,1,1,1,1,1,1,1,1,1,1,1,1,1,1,1,1,1,1,1,1,1,2,1,1,1,0,1,1,1,1,1,1,1,1,1,1,1,1,1,1
"PTHR10742_SF219",1,1,1,1,1,1,1,1,1,1,1,1,1,1,1,1,1,1,1,1,1,1,1,1,2,1,2,1,1,1,1,1,2,1,1,1,1,1,1,1,1,1,1,1,1
"PTHR10742_SF235",1,1,0,0,1,1,0,1,0,2,1,1,1,0,0,0,1,1,0,1,0,0,1,0,1,1,3,0,1,1,1,1,0,0,1,1,0,1,0,1,0,0,0,1,1
"PTHR10742_SF241",1,1,1,1,1,1,1,1,1,1,1,1,1,1,1,1,1,1,1,1,1,1,1,1,1,2,1,1,1,1,1,1,1,1,1,1,1,1,1,1,1,1,1,2,1
"PTHR10742_SF245",1,1,1,1,1,1,1,1,1,1,1,1,1,1,2,1,1,1,1,1,1,1,1,1,1,1,1,1,1,1,1,1,1,1,1,1,1,1,1,1,1,1,1,1,1
"PTHR10742_SF253",1,1,1,1,1,2,1,1,1,1,1,1,1,1,1,1,1,1,1,1,1,1,1,1,1,1,1,1,1,1,1,1,1,1,1,1,1,1,1,1,1,1,1,1,1
"PTHR10742_SF43",1,1,1,1,0,1,1,1,1,1,1,1,1,1,1,2,1,1,1,1,1,1,1,1,1,1,1,1,1,1,1,1,1,1,1,1,1,1,1,1,1,1,1,1,1
"PTHR10742_SF44",1,1,1,1,1,1,1,1,1,1,1,1,1,1,1,1,1,1,1,1,1,1,1,1,1,1,1,1,1,1,1,1,1,1,1,1,1,1,1,1,1,1,1,1,1
"PTHR10743_SF0",1,1,1,1,2,1,1,1,1,1,1,1,1,1,1,1,1,1,1,1,1,1,1,1,1,1,1,1,1,1,1,1,1,1,1,2,1,2,1,1,1,1,1,2,1
"PTHR10744_SF6",2,1,3,3,5,2,3,3,1,1,1,1,2,1,2,1,1,1,4,1,2,2,1,3,5,1,3,2,1,1,3,5,3,4,1,4,1,3,1,2,1,1,1,4,3
"PTHR10744_SF8",1,0,1,0,0,0,0,0,0,0,0,0,0,0,0,1,0,0,0,0,0,0,0,1,0,0,2,1,0,0,0,0,0,0,0,3,1,0,1,0,0,0,0,0,0
"PTHR10745",2,2,2,2,2,2,2,2,2,2,2,2,2,2,2,2,2,2,2,2,2,2,2,2,2,2,2,2,2,2,2,2,2,2,2,2,2,2,2,2,2,2,2,2,2
"PTHR10746",1,1,1,1,1,1,1,1,1,2,1,1,1,1,1,1,1,1,1,1,1,1,1,1,1,1,1,1,1,1,1,1,1,1,1,1,1,1,1,1,1,1,1,1,1
"PTHR10747",5,4,4,6,4,5,4,4,4,7,6,4,4,4,4,4,5,4,4,5,4,5,4,4,4,5,4,4,4,5,4,5,4,4,5,4,5,3,4,4,4,4,4,4,6
"PTHR10749",4,4,3,3,3,4,3,3,3,4,3,3,3,3,3,3,3,3,3,4,3,3,3,3,3,3,2,3,3,3,3,3,3,3,3,3,3,3,3,3,3,3,3,3,2
"PTHR10751_SF1",1,1,1,1,1,1,1,1,1,0,1,1,1,1,1,1,1,1,1,1,1,1,1,1,1,1,1,1,1,1,0,1,1,1,1,1,1,1,1,1,1,1,1,0,1
"PTHR10751_SF15",1,1,1,1,1,1,1,1,1,1,1,1,1,1,1,1,1,1,1,1,1,1,1,1,1,1,1,1,1,1,1,1,1,1,1,1,1,1,1,1,1,1,1,0,1
"PTHR10751_SF21",1,4,2,1,1,3,2,2,1,3,2,1,1,2,1,1,1,4,1,6,1,3,0,1,0,1,2,1,1,3,1,1,3,3,0,6,2,1,2,2,2,1,1,0,1
"PTHR10751_SF32",1,1,1,1,1,1,1,1,1,1,1,1,1,1,1,1,1,1,1,1,1,1,1,1,1,1,1,2,1,1,1,1,1,1,1,1,1,1,1,1,1,1,1,1,1
"PTHR10751_SF33",1,3,2,2,1,3,2,2,1,2,1,1,1,1,1,1,1,1,2,5,2,0,7,1,2,1,2,1,3,5,1,2,0,2,2,1,1,1,1,1,2,1,1,6,1
"PTHR10751_SF36",2,6,0,0,0,1,0,1,1,1,2,2,1,0,1,0,0,4,0,9,0,0,0,1,1,2,0,0,2,4,2,1,0,0,0,0,0,2,0,0,0,1,1,0,0
"PTHR10751_SF40",1,1,0,1,1,1,1,1,1,2,1,1,1,1,2,1,1,1,0,2,0,1,1,0,1,0,1,0,0,1,2,1,1,0,0,1,1,1,1,1,1,0,0,0,1
"PTHR10751_SF42",1,1,1,1,1,1,1,1,2,1,1,1,1,1,2,1,3,1,1,1,1,1,1,1,1,1,1,1,1,1,1,2,1,1,1,1,1,1,1,1,1,1,1,1,1
"PTHR10755",1,1,1,1,1,1,1,1,1,1,1,1,1,1,1,2,1,1,1,1,1,1,1,1,1,1,1,1,1,1,1,1,1,1,1,1,1,1,1,1,1,1,1,1,1
"PTHR10758",2,2,2,3,2,2,3,2,2,2,2,2,2,2,2,2,2,2,2,3,2,2,2,2,2,2,2,3,2,2,2,4,2,2,2,2,2,2,2,2,2,2,2,2,3
"PTHR10759_SF5",1,1,5,5,4,4,5,1,1,6,2,2,1,5,2,1,1,1,5,4,3,3,1,4,9,2,4,4,2,3,6,6,2,5,3,3,6,1,5,2,3,1,1,3,4
"PTHR10760",5,5,5,4,4,5,6,5,5,5,5,5,5,5,5,5,5,5,5,5,5,4,5,4,5,4,5,5,5,4,4,4,5,4,5,4,5,4,5,5,5,4,5,6,6
"PTHR10762",2,2,2,2,2,2,2,2,2,2,2,2,2,2,2,2,2,2,2,3,2,2,2,2,2,2,2,2,2,2,2,2,2,2,2,2,2,2,2,2,2,2,2,2,2
"PTHR10763",2,2,2,2,2,2,2,2,2,1,2,2,2,2,2,2,2,2,2,2,2,2,2,2,2,2,2,2,2,2,2,2,2,2,2,2,2,2,2,2,2,2,2,3,2
"PTHR10766_SF14",2,1,1,1,1,1,1,1,1,1,1,1,1,1,1,6,1,1,1,1,1,2,2,1,1,0,1,1,1,1,1,1,1,1,1,1,1,1,1,1,1,1,1,1,1
"PTHR10766_SF34",1,1,1,1,1,1,1,1,1,2,1,1,1,1,1,1,1,1,1,1,1,1,1,1,1,1,1,1,1,1,1,1,1,1,2,1,1,1,1,1,1,1,1,1,1
"PTHR10766_SF36",1,1,1,1,1,1,1,1,1,1,1,1,1,1,1,1,1,1,1,1,1,1,1,1,1,1,1,1,1,1,1,1,1,1,1,1,1,1,1,1,1,1,1,1,1
"PTHR10766_SF41",1,1,1,1,1,1,1,1,1,1,1,1,1,1,1,1,1,1,1,1,1,1,1,1,1,1,1,2,1,1,1,1,1,1,1,1,1,1,1,1,1,1,1,1,1
"PTHR10766_SF43",1,1,0,0,1,1,0,0,0,0,1,1,1,0,0,0,0,0,0,0,0,0,1,0,0,1,0,0,1,1,1,0,1,0,1,1,0,1,0,0,0,0,0,1,1
"PTHR10768_SF2",1,0,1,0,0,0,0,0,0,0,0,0,1,0,0,0,0,0,0,0,0,0,0,0,1,0,0,0,0,0,0,0,1,0,0,0,0,0,0,0,0,0,1,0,0
"PTHR10769_SF5",1,1,1,3,1,3,4,2,1,6,1,1,2,1,1,1,1,1,3,1,1,1,1,2,9,0,5,3,1,3,1,2,2,1,3,3,1,2,1,3,2,1,0,3,1
"PTHR10772_SF5",3,1,7,10,3,2,5,5,2,6,1,1,5,3,3,1,4,2,5,1,3,6,2,6,3,1,2,3,2,3,5,7,3,6,2,3,3,4,4,2,7,1,1,4,3
"PTHR10773_SF12",1,1,1,1,1,1,1,1,1,1,1,1,1,1,1,1,1,1,1,2,1,1,1,1,1,1,2,1,1,1,1,1,1,1,1,1,1,1,1,1,1,1,1,1,1
"PTHR10774_SF26",1,1,1,1,1,1,1,1,1,1,1,1,1,1,1,1,1,1,1,1,1,1,1,1,1,1,1,1,1,1,1,1,1,1,0,1,1,1,1,1,1,1,1,1,1
"PTHR10774_SF27",2,1,1,1,1,1,1,1,1,1,1,1,1,1,1,1,1,1,1,1,1,1,1,1,1,1,1,1,1,1,1,1,1,1,1,1,1,1,1,1,1,1,1,1,1
"PTHR10774_SF6",1,1,1,1,1,1,1,1,1,2,1,1,1,1,1,1,1,1,1,1,1,1,1,1,1,1,1,1,1,1,1,1,1,1,1,1,1,1,1,1,1,1,1,1,1
"PTHR10778_SF10",1,1,1,1,1,1,2,1,1,1,1,1,1,1,1,1,1,1,1,1,1,1,1,1,1,1,1,1,1,1,1,1,1,1,1,2,1,1,1,1,1,1,1,1,1
"PTHR10778_SF13",1,1,1,1,1,1,1,1,1,1,1,1,1,1,1,1,1,1,1,1,1,1,1,1,1,1,1,1,1,1,1,1,1,1,1,1,1,1,1,1,1,1,1,1,1
"PTHR10778_SF4",1,1,1,1,1,1,1,1,1,1,1,1,1,1,1,1,1,1,1,1,1,1,1,1,1,1,1,1,1,1,1,1,1,1,1,1,1,1,1,1,1,1,1,1,1
"PTHR10778_SF8",1,1,1,1,1,1,1,1,1,1,1,1,1,1,1,1,1,1,1,1,1,1,1,1,1,1,1,1,1,1,1,1,1,1,1,1,1,1,1,1,1,1,1,1,1
"PTHR10779_SF2",2,2,2,3,3,2,9,2,2,2,2,3,2,2,3,2,3,2,2,2,2,2,2,2,3,2,3,2,3,2,4,3,3,3,2,4,2,2,2,2,2,2,1,2,3
"PTHR10780",2,2,2,3,2,2,3,2,2,1,2,2,2,2,2,3,3,2,3,2,2,2,3,3,2,2,2,4,2,3,2,2,3,2,2,2,3,2,3,2,3,3,2,4,3
"PTHR10782",6,6,6,6,6,7,6,7,7,7,6,6,6,6,7,6,6,6,6,8,5,6,6,6,6,7,7,5,6,6,5,9,6,6,6,6,6,6,7,7,6,6,6,7,6
"PTHR10783_SF4",1,1,1,1,1,1,1,1,1,1,1,1,1,1,1,1,1,1,1,1,1,1,1,1,1,1,1,1,1,1,1,1,1,1,1,1,1,1,1,1,1,1,1,1,1
"PTHR10784",1,1,1,2,1,1,1,1,1,1,1,1,1,1,2,2,1,1,1,1,1,1,1,1,1,1,1,1,1,1,1,2,1,1,1,1,1,1,1,1,1,1,1,1,1
"PTHR10786",1,1,1,1,1,1,1,1,1,1,1,1,1,1,1,1,1,1,1,1,1,1,1,1,1,1,1,1,1,1,2,1,1,1,1,1,1,1,1,1,1,1,1,1,1
"PTHR10791",1,1,1,1,1,1,1,1,1,1,1,1,1,1,1,1,1,1,1,1,1,1,1,1,1,1,1,1,1,1,3,1,1,1,1,1,1,1,1,1,1,1,1,2,1
"PTHR10792",2,2,7,8,2,3,9,2,3,6,2,3,3,9,2,2,6,2,10,7,4,4,2,6,6,2,4,6,3,3,4,8,2,8,4,5,6,5,8,3,6,2,2,3,4
"PTHR10794",4,4,4,4,4,4,4,4,4,4,4,4,4,4,4,4,4,4,4,3,4,4,4,4,4,3,5,4,3,4,5,4,4,4,4,4,4,4,4,4,4,4,4,5,4
"PTHR10795_SF11",1,1,1,1,1,1,1,1,1,1,1,1,1,1,1,1,1,1,1,1,1,1,1,1,1,2,1,1,1,1,1,1,1,1,1,1,1,1,1,1,1,1,1,1,1
"PTHR10795_SF30",1,1,1,1,1,1,1,1,1,1,1,1,1,1,1,1,1,1,1,1,1,1,1,1,1,1,1,1,1,1,1,1,1,1,1,1,1,1,1,1,1,1,1,1,1
"PTHR10795_SF324",1,1,1,1,1,1,1,1,1,1,1,1,1,1,1,1,1,1,1,1,1,1,1,1,1,1,2,1,1,1,1,1,1,1,1,1,1,1,1,1,1,1,1,1,1
"PTHR10795_SF325",2,1,1,1,1,1,1,1,1,1,1,1,1,1,1,1,1,1,1,0,1,1,1,1,1,1,2,1,1,1,1,1,1,1,1,1,1,1,1,1,1,1,1,1,1
"PTHR10795_SF327",1,1,1,1,1,1,1,1,1,1,1,1,1,1,1,1,1,1,1,1,1,1,1,1,1,1,3,1,1,1,1,1,1,1,1,1,1,1,1,1,1,1,1,1,1
"PTHR10795_SF338",1,1,1,1,1,1,1,1,1,0,0,1,1,1,0,1,1,0,1,1,1,1,1,1,1,1,1,1,1,1,0,1,1,1,1,1,1,0,1,1,1,1,1,1,1
"PTHR10795_SF343",1,1,1,1,1,1,1,1,1,1,1,1,1,1,1,1,1,1,1,1,1,1,1,1,1,1,1,1,1,1,1,1,1,1,1,1,1,1,1,2,1,1,1,1,1
"PTHR10795_SF345",1,1,1,1,1,1,1,1,1,1,1,1,1,1,1,1,1,1,1,1,1,1,1,1,1,1,1,1,1,1,1,1,1,1,1,1,1,1,1,1,1,1,1,1,1
"PTHR10795_SF9",1,1,1,1,1,1,1,1,1,1,1,1,1,1,1,1,1,1,1,1,1,1,1,1,1,1,1,1,1,1,1,1,1,1,1,1,1,1,1,1,1,1,1,1,1
"PTHR10796_SF115",1,1,1,1,1,1,1,1,1,1,1,1,1,1,1,1,1,1,1,1,1,1,1,1,1,1,3,1,1,1,1,1,1,1,1,1,1,1,1,1,1,1,1,2,1
"PTHR10796_SF15",2,2,1,1,1,1,1,1,1,1,1,3,2,1,1,1,1,1,1,1,1,1,1,1,1,1,2,1,2,1,2,1,1,1,2,1,1,3,1,1,1,1,1,2,1
"PTHR10796_SF35",1,1,1,1,1,2,1,1,1,1,1,1,1,1,1,1,1,1,1,1,1,1,1,1,1,1,1,1,1,2,1,1,1,1,1,1,1,1,1,1,1,1,1,2,1
"PTHR10796_SF36",1,1,1,1,1,1,1,1,1,1,1,1,1,1,1,1,1,1,1,1,1,1,1,1,1,1,3,1,1,1,1,1,1,1,1,1,1,1,1,1,1,1,1,1,1
"PTHR10796_SF49",1,1,1,1,1,1,1,1,1,1,1,1,1,1,1,1,1,1,1,1,1,1,1,1,1,1,1,1,1,1,0,1,1,1,1,1,1,1,1,1,1,1,1,1,1
"PTHR10796_SF53",1,1,1,1,1,1,1,1,1,1,1,1,1,2,1,1,1,1,1,1,1,1,1,1,1,1,1,1,1,1,1,1,0,1,1,1,1,1,1,1,1,1,1,1,1
"PTHR10796_SF58",1,1,1,1,1,1,1,1,1,1,1,1,1,1,1,1,1,1,1,1,1,1,1,1,1,1,1,1,1,1,1,0,1,1,1,1,1,1,1,1,1,1,1,1,1
"PTHR10796_SF60",1,1,1,1,2,1,1,1,1,1,1,1,1,1,0,2,1,1,1,1,1,1,1,1,1,2,1,1,1,4,1,1,1,2,1,1,1,2,1,1,1,1,1,1,0
"PTHR10796_SF61",1,1,1,1,1,1,1,1,1,1,1,1,1,1,1,1,1,1,1,1,1,1,1,1,1,1,1,1,1,1,1,1,1,1,1,1,1,1,1,1,1,1,1,1,1
"PTHR10796_SF62",1,1,1,1,1,1,1,1,1,1,1,1,1,1,1,1,1,1,1,1,0,1,1,1,1,1,1,1,1,2,1,1,1,1,1,1,1,1,1,1,1,1,1,1,1
"PTHR10796_SF89",1,1,1,1,0,1,1,1,0,1,1,1,1,1,1,1,1,1,1,1,1,1,1,1,1,1,1,1,1,1,1,1,1,1,1,1,1,1,1,1,1,1,1,1,1
"PTHR10797",2,2,3,3,2,2,2,2,2,3,2,2,2,4,3,2,3,2,3,2,2,3,2,3,3,2,2,4,2,2,3,5,2,3,5,3,5,2,5,2,3,2,2,7,2
"PTHR10799_SF205",1,1,1,1,1,1,2,1,1,1,1,1,1,1,1,1,1,1,1,1,1,1,1,1,0,1,0,1,1,1,1,1,1,1,1,1,1,1,1,1,1,1,1,1,1
"PTHR10799_SF208",1,1,1,1,1,1,1,1,1,1,1,1,1,1,1,1,1,1,1,1,1,1,1,1,1,1,2,1,1,1,1,1,1,1,1,1,1,1,1,1,1,1,1,1,1
"PTHR10799_SF213",1,1,1,1,1,1,2,1,1,1,1,1,1,1,1,1,1,1,1,1,1,1,1,1,1,1,1,1,0,1,1,1,1,1,1,1,1,1,1,1,1,1,1,1,1
"PTHR10799_SF225",1,1,1,1,1,1,1,1,1,1,1,1,1,1,1,1,1,1,1,1,1,1,1,1,1,1,1,1,1,1,1,1,1,1,1,1,1,1,1,1,1,1,1,1,1
"PTHR10799_SF271",1,1,1,1,1,1,1,0,1,2,1,1,1,1,1,1,1,1,1,1,1,1,1,1,1,1,1,1,1,1,1,1,1,1,1,1,1,1,1,1,1,1,1,1,1
"PTHR10799_SF48",1,1,1,1,1,1,1,1,1,1,1,1,1,1,1,2,1,1,1,1,1,1,1,1,2,1,3,1,1,1,2,1,1,1,1,1,2,1,1,1,1,1,1,1,1
"PTHR10799_SF49",1,1,1,1,1,1,1,1,1,1,1,1,1,1,1,1,1,1,1,1,1,1,1,1,1,1,1,1,1,1,1,1,1,1,1,1,1,1,1,1,1,1,1,1,1
"PTHR10799_SF51",1,1,1,1,1,1,1,1,1,1,1,1,1,1,1,1,1,1,1,1,1,1,1,1,1,1,1,1,1,1,1,1,1,1,1,1,1,1,1,2,1,1,1,1,1
"PTHR10799_SF535",1,1,1,1,1,1,1,1,1,1,1,1,1,1,2,1,1,1,1,1,1,1,1,1,1,1,2,1,1,1,1,1,1,1,1,1,1,1,1,1,1,1,1,2,1
"PTHR10799_SF538",2,2,1,1,1,1,1,1,1,1,1,1,1,1,1,2,1,1,1,1,1,1,1,1,1,1,1,1,1,1,3,1,1,1,1,1,1,1,1,1,1,1,1,1,2
"PTHR10799_SF541",1,1,1,1,1,1,1,1,2,1,1,1,1,1,1,1,1,1,1,1,1,1,1,1,1,1,1,1,1,1,1,7,1,1,1,1,1,1,1,1,1,1,1,1,2
"PTHR10799_SF544",2,1,1,1,1,1,1,1,1,1,1,1,1,1,1,1,1,1,1,2,1,1,1,1,1,1,1,1,1,1,1,1,1,1,1,1,1,1,1,1,1,1,1,1,1
"PTHR10799_SF547",1,1,1,1,1,1,1,1,1,1,1,1,1,1,4,1,1,1,1,1,1,2,1,1,1,1,2,1,1,1,1,1,1,1,1,1,1,1,1,2,1,1,1,2,1
"PTHR10799_SF551",2,2,3,3,2,2,2,2,2,2,3,2,2,3,2,2,2,2,3,2,2,3,2,3,2,2,2,2,2,2,2,3,2,3,2,2,2,2,3,2,3,2,2,3,2
"PTHR10799_SF552",1,1,1,1,1,1,1,1,1,1,1,1,1,1,1,1,1,1,1,1,1,1,1,1,1,1,2,1,1,1,1,1,1,1,1,1,1,1,1,1,1,1,1,1,1
"PTHR10799_SF554",1,1,1,1,1,1,1,1,1,1,1,1,1,1,1,2,1,1,1,1,1,1,1,1,1,1,1,1,1,1,1,1,1,1,1,1,1,1,1,1,1,1,1,1,1
"PTHR10799_SF558",1,1,1,1,1,1,1,1,1,1,1,1,1,1,1,1,1,1,1,1,1,1,1,1,1,1,1,1,1,1,1,1,1,1,1,1,1,1,1,1,0,1,1,1,1
"PTHR10799_SF561",1,0,0,0,0,0,0,0,1,1,0,0,1,0,0,0,0,0,1,0,0,1,0,0,0,0,1,0,0,0,0,0,0,1,0,1,0,1,0,1,0,0,0,0,1
"PTHR10799_SF566",2,1,1,1,1,1,1,1,1,0,1,1,1,1,1,1,1,1,1,2,1,1,1,1,2,1,0,1,1,1,1,1,1,1,1,1,1,1,1,1,1,1,1,2,1
"PTHR10799_SF568",1,1,1,1,1,1,1,1,1,1,1,1,1,1,1,3,1,1,1,1,1,1,1,1,1,1,1,1,1,1,1,2,1,1,1,1,1,1,1,1,1,1,1,1,0
"PTHR10799_SF571",1,1,1,1,1,1,1,1,1,1,1,1,1,1,1,1,1,1,1,1,1,1,1,1,1,1,1,1,1,1,1,1,1,1,1,2,1,1,1,1,1,1,1,1,1
"PTHR10799_SF575",1,1,1,1,1,2,1,1,1,1,1,1,1,1,4,1,1,1,1,1,1,1,1,1,2,3,1,1,1,1,1,3,1,1,1,1,1,1,1,2,1,1,1,1,1
"PTHR10799_SF581",1,1,1,1,1,1,1,1,1,1,1,1,1,1,1,2,1,1,1,1,1,1,2,1,1,1,1,1,1,1,1,1,1,1,1,1,1,1,1,1,1,1,1,1,1
"PTHR10799_SF583",1,1,1,1,1,1,1,1,1,1,1,1,1,1,1,1,1,1,1,0,1,1,1,1,1,1,1,1,1,1,1,1,1,1,1,1,1,1,1,1,1,1,1,1,1
"PTHR10799_SF589",1,1,1,1,1,1,1,1,1,1,1,1,1,1,1,1,1,1,1,1,1,1,1,1,1,1,1,1,1,1,1,2,1,1,1,1,1,1,1,1,1,1,1,1,1
"PTHR10799_SF596",1,1,1,1,1,1,1,1,1,1,1,1,1,1,1,1,1,1,1,1,1,1,1,1,1,1,1,1,1,1,1,1,1,1,1,1,1,1,1,1,1,1,1,1,1
"PTHR10799_SF599",1,1,2,2,1,1,1,1,1,2,2,1,2,2,1,1,1,1,2,1,1,1,1,2,1,1,1,1,1,1,1,1,1,2,1,1,2,2,2,1,2,1,1,2,2
"PTHR10799_SF602",1,1,1,1,1,1,1,1,1,1,1,1,1,1,1,1,1,1,1,1,1,1,1,1,1,2,1,1,1,1,1,1,1,1,2,1,1,1,1,1,1,1,1,1,1
"PTHR10799_SF65",1,1,1,1,1,1,0,1,1,0,0,0,0,1,1,1,0,1,1,1,0,1,1,1,1,1,1,1,1,1,1,1,1,1,1,1,1,1,1,1,0,0,1,1,0
"PTHR10799_SF67",1,1,1,1,1,1,1,2,1,1,1,1,1,1,1,1,0,1,1,1,1,1,1,1,1,1,1,1,1,1,1,1,2,1,1,1,1,1,1,1,1,1,1,1,1
"PTHR10799_SF76",1,1,1,1,2,1,1,1,1,1,1,1,1,1,1,1,1,1,1,2,1,1,1,1,1,1,1,1,1,1,1,1,1,1,1,1,1,1,1,1,1,1,1,1,1
"PTHR10800",1,1,1,1,1,1,1,1,1,1,1,1,1,3,1,1,1,1,1,1,1,1,1,1,1,1,1,1,1,1,1,1,1,1,1,1,1,1,1,1,1,1,1,1,1
"PTHR10801",1,1,1,2,1,1,1,1,1,1,1,1,1,1,1,1,1,1,1,1,1,1,1,1,1,1,1,1,1,1,1,1,1,1,1,1,1,1,1,1,1,1,1,1,1
"PTHR10802",2,2,2,2,2,2,3,2,2,2,3,2,2,4,2,2,3,2,2,2,3,2,2,2,2,2,2,3,2,2,2,3,3,2,3,2,4,2,5,2,3,2,2,2,2
"PTHR10803",1,1,1,2,1,1,1,1,1,1,1,1,1,1,1,1,1,1,1,1,1,1,1,1,1,1,1,1,1,1,2,1,1,1,1,1,1,1,1,1,1,1,1,1,2
"PTHR10804_SF13",1,1,1,1,1,1,1,1,1,2,1,1,1,1,2,1,1,1,1,1,1,1,1,1,2,1,1,1,1,1,1,1,2,1,1,1,1,1,1,1,1,1,1,1,1
"PTHR10804_SF17",3,2,2,2,2,2,2,2,2,2,2,2,2,1,2,2,2,2,2,2,2,2,2,2,2,2,2,2,2,2,2,2,2,2,2,2,2,2,2,1,2,2,2,3,2
"PTHR10804_SF82",1,1,1,1,1,1,1,1,1,1,1,1,1,1,1,1,1,1,1,1,1,1,1,1,1,1,1,1,1,1,1,1,1,1,1,1,1,1,1,1,1,1,1,1,1
"PTHR10804_SF83",1,1,3,3,1,2,1,1,1,1,1,1,1,5,3,2,1,1,4,2,1,1,1,4,1,2,1,6,1,2,1,5,1,3,1,1,7,1,7,2,2,2,1,1,1
"PTHR10804_SF84",1,1,1,1,1,1,1,1,1,1,1,1,1,1,1,1,1,1,1,1,1,1,1,1,1,1,1,1,1,1,1,1,1,1,1,1,1,1,1,1,1,1,1,1,1
"PTHR10804_SF87",1,1,1,1,1,1,1,1,1,1,1,1,1,1,2,1,1,1,1,2,1,1,1,1,1,1,1,1,1,1,1,1,1,1,1,1,1,1,1,1,1,1,1,1,1
"PTHR10804_SF95",1,1,1,4,1,2,1,2,1,1,1,1,1,1,2,1,1,1,1,1,1,2,1,1,2,1,1,1,1,1,1,3,4,1,1,1,1,1,1,1,1,1,1,1,1
"PTHR10805",1,1,1,1,1,1,1,1,1,1,1,1,1,1,1,1,1,1,1,1,1,1,1,1,1,1,1,1,1,1,0,1,1,1,1,1,1,1,1,1,1,2,1,1,2
"PTHR10806",2,2,2,3,3,3,2,2,2,4,2,3,2,3,3,2,2,2,3,3,3,2,2,3,2,2,2,3,2,2,2,5,2,3,5,2,3,3,2,2,2,2,2,2,3
"PTHR10807_SF34",1,1,1,1,1,1,1,1,1,1,1,1,1,1,1,1,1,1,1,1,1,1,1,1,1,1,1,1,1,1,1,1,1,1,1,1,1,1,1,1,1,1,2,1,1
"PTHR10807_SF35",1,1,1,2,1,1,3,1,1,1,1,1,1,1,1,1,1,1,1,1,1,1,1,1,1,1,1,1,1,1,1,1,1,1,1,1,1,1,1,1,1,1,1,1,1
"PTHR10807_SF37",1,1,1,1,2,1,1,1,1,1,1,1,1,1,1,1,1,1,1,1,1,1,1,1,1,1,1,2,1,1,1,1,1,1,1,1,1,1,1,1,1,1,1,1,1
"PTHR10807_SF39",1,1,1,1,1,1,1,1,1,1,1,1,1,1,1,2,1,1,1,1,1,1,1,1,1,1,1,1,1,1,1,2,1,1,1,1,1,1,1,1,1,1,1,1,1
"PTHR10807_SF4",1,1,1,1,1,1,1,1,1,1,1,1,1,1,1,1,1,1,1,1,1,1,1,1,1,1,1,1,1,1,1,2,1,1,1,1,1,1,1,1,1,1,1,1,1
"PTHR10807_SF40",2,2,2,2,2,2,2,2,3,2,3,3,2,2,5,2,2,2,2,2,2,2,2,2,2,2,2,3,2,2,2,2,2,2,2,2,2,2,2,2,2,2,2,3,2
"PTHR10807_SF43",1,1,1,1,1,2,1,1,1,1,0,1,1,2,1,1,1,1,2,1,1,1,1,2,1,1,0,1,1,2,0,1,1,2,1,1,2,1,2,1,1,1,1,1,1
"PTHR10807_SF51",1,1,1,1,1,1,1,1,1,1,1,1,1,1,1,1,1,1,1,1,1,1,1,1,1,1,1,1,1,1,1,1,1,1,1,1,1,1,1,1,1,1,1,2,1
"PTHR10807_SF52",1,1,0,0,0,1,0,0,0,1,1,1,1,0,0,0,1,1,0,0,0,1,0,0,0,1,0,0,1,1,1,0,0,0,1,0,0,1,0,0,0,1,0,1,1
"PTHR10807_SF56",1,1,1,1,1,1,1,1,1,1,1,1,1,1,1,2,1,1,1,1,1,1,1,1,1,1,1,1,1,1,1,1,1,1,2,1,2,1,2,1,1,1,1,1,1
"PTHR10807_SF62",1,1,1,1,1,1,1,1,1,1,1,1,1,1,3,1,1,1,1,1,1,1,1,1,1,1,1,1,1,1,1,1,1,1,1,1,1,1,1,1,1,1,1,1,1
"PTHR10807_SF64",1,1,1,1,1,1,1,1,1,1,1,1,1,1,1,1,1,1,1,1,1,1,1,1,1,1,1,1,1,1,1,1,1,1,1,1,1,1,1,1,1,1,1,1,1
"PTHR10807_SF66",1,1,1,1,1,1,1,1,1,1,1,1,1,1,1,1,1,1,1,1,1,1,1,1,1,1,1,1,1,1,1,2,1,1,1,1,1,1,1,1,1,1,1,1,1
"PTHR10809_SF12",1,2,1,1,1,1,1,1,1,1,1,1,1,1,2,1,1,1,1,1,2,1,1,1,1,1,1,2,1,1,1,1,1,1,1,1,1,1,1,1,1,1,1,1,1
"PTHR10809_SF40",1,2,2,1,1,1,1,1,1,2,1,1,1,2,1,1,1,1,2,1,1,1,1,2,1,1,2,2,1,1,2,1,1,2,1,2,2,1,2,2,1,1,1,5,2
"PTHR10811_SF1",1,1,1,1,1,1,1,1,1,1,1,1,1,1,1,1,1,0,1,1,1,1,1,1,1,0,1,1,1,1,0,1,1,1,2,1,1,1,1,1,1,1,1,1,1
"PTHR10811_SF5",1,1,1,1,1,1,1,1,1,1,1,1,1,1,1,1,1,1,1,1,1,1,1,1,1,1,0,1,1,1,1,1,1,1,1,1,1,1,1,1,1,1,1,1,1
"PTHR10811_SF6",1,1,1,1,1,2,1,1,1,1,1,1,1,1,1,1,1,1,1,1,1,1,1,1,1,1,1,1,1,1,1,1,1,1,1,1,1,1,1,1,1,1,1,1,1
"PTHR10811_SF7",1,1,1,1,1,1,1,1,2,0,1,1,1,1,1,1,1,1,1,0,1,1,1,1,1,1,1,1,1,1,1,1,1,1,1,1,1,1,2,1,1,1,0,1,1
"PTHR10812",5,5,5,5,5,5,5,5,5,5,5,5,5,5,5,5,5,5,5,10,5,5,5,5,5,5,6,5,5,5,5,6,6,5,5,5,5,5,6,5,6,5,5,5,4
"PTHR10814",6,6,7,7,6,7,10,6,6,5,7,6,7,7,6,7,6,5,7,6,6,8,7,7,8,6,7,7,7,7,5,7,8,7,6,7,8,7,8,7,7,7,6,7,7
"PTHR10815_SF5",1,1,1,1,1,1,2,1,1,1,1,1,1,1,1,1,1,1,1,1,1,1,1,1,1,1,1,1,1,1,1,1,0,1,1,1,1,1,1,1,1,1,1,1,1
"PTHR10816_SF10",1,1,1,1,1,1,1,1,1,1,2,1,1,1,1,3,1,1,1,1,1,1,1,1,1,1,2,1,1,1,1,1,1,1,1,1,1,1,1,1,1,1,1,1,1
"PTHR10816_SF11",1,1,2,1,1,1,1,1,1,1,1,1,1,1,1,1,1,1,2,1,2,1,1,1,1,1,1,1,1,1,1,1,1,2,2,1,1,1,1,1,1,1,1,2,1
"PTHR10816_SF14",1,1,1,0,0,1,1,0,1,2,1,1,1,1,0,1,1,1,1,1,0,0,1,0,1,1,1,0,1,1,1,0,1,0,1,1,1,1,0,1,1,0,1,1,1
"PTHR10816_SF18",1,1,1,1,1,1,1,1,0,1,1,1,1,1,1,1,1,1,1,1,1,1,1,1,1,1,1,1,1,1,1,1,1,1,1,1,0,1,1,1,1,1,1,2,1
"PTHR10816_SF9",1,1,1,1,1,1,1,1,1,1,1,1,1,1,1,1,1,1,1,1,1,1,1,1,1,1,1,1,1,1,1,1,1,1,1,1,1,1,1,1,1,1,1,2,1
"PTHR10819",1,1,1,1,1,1,1,1,1,1,1,1,1,1,1,1,1,1,1,1,1,1,1,1,1,1,1,1,1,1,1,1,1,1,0,1,1,1,1,1,1,1,1,0,1
"PTHR10822",8,7,6,6,6,6,6,6,6,7,8,6,6,6,6,6,6,6,6,5,6,6,7,6,6,8,5,5,7,7,5,6,6,6,6,6,6,6,7,5,6,6,6,8,8
"PTHR10824",4,6,4,4,3,6,3,5,4,5,4,5,4,4,2,6,6,5,4,6,2,7,10,4,8,5,8,5,4,4,5,4,4,4,4,9,4,5,4,9,4,5,4,7,4
"PTHR10825_SF15",1,1,1,1,1,1,1,1,1,1,1,1,1,1,1,1,1,1,1,1,1,1,1,1,1,1,2,1,1,1,1,1,1,1,1,1,1,1,1,2,1,2,1,1,1
"PTHR10825_SF17",1,1,1,1,1,1,0,1,1,1,1,1,1,1,1,1,1,1,1,1,1,1,1,1,1,1,1,1,1,2,1,1,1,1,2,1,1,1,1,1,1,1,1,2,1
"PTHR10825_SF19",1,1,1,2,1,1,1,1,1,1,1,3,1,1,1,1,1,1,1,1,1,2,1,1,1,1,1,1,1,1,1,1,1,1,1,1,1,1,1,1,1,1,1,1,1
"PTHR10825_SF21",1,1,1,1,1,1,1,2,1,1,1,1,2,1,2,2,1,1,1,1,1,2,1,1,1,1,1,1,1,1,3,2,1,1,1,1,1,1,1,1,2,1,1,1,1
"PTHR10825_SF22",1,1,1,1,1,1,1,1,1,2,1,1,1,1,1,2,1,1,1,1,1,1,1,1,1,1,1,1,1,1,1,0,1,1,1,1,1,1,1,1,1,1,1,1,1
"PTHR10825_SF24",1,1,1,1,1,1,1,1,1,1,1,1,1,2,2,1,1,1,1,1,1,1,1,1,1,1,1,1,1,1,1,1,1,1,1,2,1,1,2,2,1,1,1,1,1
"PTHR10825_SF25",1,1,2,2,1,2,2,5,1,1,1,1,1,1,6,1,2,2,2,1,1,3,1,2,1,1,1,2,1,1,2,1,1,2,1,1,2,1,2,1,1,1,1,1,2
"PTHR10825_SF6",1,1,1,1,1,1,1,1,1,1,1,1,2,1,1,6,1,1,1,1,1,1,1,1,1,1,1,1,2,1,0,1,1,1,1,1,1,1,1,1,2,1,1,1,1
"PTHR10826_SF1",2,1,1,2,1,1,1,1,1,1,1,1,1,2,1,1,1,1,2,1,1,1,1,2,1,1,1,2,1,1,0,2,1,2,1,1,1,1,1,1,4,1,1,2,1
"PTHR10827",5,5,6,5,5,5,5,5,5,7,5,4,5,6,6,6,6,5,6,4,6,5,5,5,5,5,7,6,5,6,4,5,5,5,5,5,6,5,6,5,6,5,5,5,5
"PTHR10828_SF19",1,1,1,1,1,1,1,1,1,1,1,1,1,1,1,1,1,1,1,3,1,1,1,1,1,1,1,1,1,1,1,1,1,1,1,1,1,1,1,1,1,1,1,1,1
"PTHR10828_SF28",1,1,1,2,1,1,0,0,0,1,1,1,1,1,1,1,1,1,1,1,1,1,1,1,1,1,1,1,1,1,1,0,1,1,1,1,1,1,1,1,1,1,1,1,1
"PTHR10828_SF46",1,1,1,1,1,2,1,1,1,1,1,1,1,1,1,1,2,1,1,1,1,1,1,1,1,1,1,2,1,1,1,1,1,1,1,1,1,1,1,1,1,1,1,1,1
"PTHR10829_SF1",1,1,1,1,1,1,1,1,1,1,1,1,1,1,1,1,1,1,1,1,1,1,1,1,1,1,1,1,1,1,1,1,1,1,1,1,1,1,1,1,1,1,1,1,1
"PTHR10829_SF12",1,1,1,1,1,1,1,1,1,1,1,1,1,1,1,1,1,1,1,1,1,1,1,1,1,1,1,1,1,1,1,1,1,1,1,1,1,1,2,1,1,1,1,1,1
"PTHR10829_SF13",1,1,1,3,1,1,1,1,1,1,1,1,1,1,1,1,1,1,1,1,1,1,1,1,1,1,1,1,1,1,1,1,1,1,1,1,1,1,1,1,2,0,1,1,1
"PTHR10829_SF15",1,1,1,1,1,1,1,1,1,1,1,1,1,1,1,2,1,1,1,1,1,1,1,1,1,1,1,1,1,1,1,1,1,1,1,1,1,1,1,2,1,1,1,1,1
"PTHR10829_SF5",1,1,1,1,1,1,1,1,1,1,1,1,1,1,1,1,1,1,1,1,1,1,1,1,1,1,1,1,1,1,1,1,1,1,1,1,1,1,1,1,1,1,1,1,1
"PTHR10830",1,1,1,1,1,1,1,1,1,1,1,1,1,1,2,1,1,1,1,1,1,1,1,1,1,1,1,1,1,1,1,1,1,1,1,1,1,1,1,1,1,1,1,1,1
"PTHR10835",1,1,1,1,1,1,1,1,1,1,1,1,1,1,1,1,1,1,1,1,1,1,1,1,1,1,1,1,1,1,1,1,1,1,1,1,1,1,1,1,1,1,1,2,1
"PTHR10836_SF26",1,1,1,1,1,1,1,1,1,1,1,1,1,1,1,1,1,1,1,2,1,1,1,1,1,1,1,1,1,1,1,1,1,1,1,1,1,2,1,1,1,1,1,0,1
"PTHR10836_SF29",19,1,1,1,21,5,3,4,0,28,0,0,4,5,5,0,1,1,5,4,0,0,3,6,4,21,2,4,5,2,2,4,7,1,4,3,4,6,5,24,7,0,0,4,14
"PTHR10836_SF31",2,1,5,13,8,2,6,1,1,7,5,4,1,4,2,1,2,2,1,2,1,8,4,2,9,2,2,3,5,1,3,10,3,8,4,4,4,3,3,4,6,1,1,2,10
"PTHR10837",5,5,5,6,4,4,4,5,5,5,4,3,5,5,5,9,5,5,5,5,5,5,5,5,4,5,5,5,5,5,3,5,5,5,5,5,5,5,5,5,5,5,4,4,5
"PTHR10838",4,4,2,4,3,4,4,4,4,5,4,4,4,4,4,4,4,4,5,2,4,4,4,5,4,4,4,4,4,4,2,4,3,5,4,4,6,4,6,4,4,4,4,4,5
"PTHR10840_SF0",1,1,1,2,1,3,6,6,1,1,1,1,1,1,5,1,1,1,1,1,1,1,1,1,2,1,2,1,1,2,1,2,1,1,2,1,1,1,2,3,3,1,1,2,2
"PTHR10841_SF18",1,1,1,1,1,1,1,1,1,1,1,1,1,1,1,1,1,1,1,1,1,1,1,1,1,1,1,1,1,1,1,1,1,1,1,1,1,1,1,1,1,1,1,2,1
"PTHR10841_SF6",1,2,1,1,1,2,1,1,1,3,2,1,1,1,1,1,1,1,1,1,1,1,1,1,1,2,2,1,1,2,1,2,2,1,1,1,1,1,2,1,1,1,1,1,2
"PTHR10841_SF8",1,1,1,1,1,1,1,1,1,1,1,1,1,1,1,1,1,1,1,1,1,1,1,1,0,1,0,1,1,1,1,1,1,1,1,1,1,1,1,1,1,1,1,1,1
"PTHR10844",3,3,3,3,3,3,3,2,2,2,2,3,3,3,3,3,3,3,3,2,3,3,3,3,3,3,3,3,3,3,3,2,3,3,3,3,3,3,3,3,3,3,3,3,2
"PTHR10845_SF103",1,1,1,1,1,1,1,1,1,1,1,1,1,1,1,1,1,1,1,1,1,1,1,1,1,1,1,1,1,1,1,1,1,1,1,1,1,1,1,1,1,1,1,1,1
"PTHR10845_SF11",1,1,1,1,1,1,1,1,1,1,1,1,1,1,1,1,1,1,1,1,1,1,1,1,1,1,1,1,1,1,2,1,1,1,1,1,1,1,1,0,1,1,1,2,1
"PTHR10845_SF132",2,1,1,1,1,1,1,1,1,1,1,1,1,1,1,1,1,0,1,1,1,1,1,1,1,1,1,1,1,1,1,1,1,1,1,1,1,1,1,1,1,1,1,1,1
"PTHR10845_SF133",1,1,2,1,2,1,1,1,1,1,1,1,1,1,1,2,1,1,1,1,1,1,1,1,1,1,1,1,1,1,1,1,1,1,1,1,1,1,1,1,1,2,1,3,1
"PTHR10845_SF136",1,1,1,1,1,1,1,1,1,1,1,1,1,1,1,1,1,1,1,1,1,1,1,1,1,1,1,1,1,1,1,1,1,1,1,1,1,1,1,1,1,1,1,0,1
"PTHR10845_SF137",1,1,1,1,1,1,1,1,1,1,1,1,1,1,0,1,1,0,1,1,1,1,1,1,1,1,1,1,1,1,0,1,1,1,1,1,1,1,1,1,1,1,1,1,1
"PTHR10845_SF145",1,1,1,1,1,1,1,1,1,1,1,1,1,1,1,1,1,1,1,0,1,1,1,1,1,1,2,1,1,1,1,1,1,1,1,1,1,1,1,1,1,1,1,1,1
"PTHR10845_SF147",2,2,2,2,2,2,2,2,2,2,2,2,2,2,2,2,2,2,2,2,2,2,2,2,2,2,2,2,2,2,1,2,2,2,2,2,2,2,2,2,1,2,2,2,2
"PTHR10845_SF149",1,2,1,1,1,1,1,2,1,1,2,1,1,1,1,1,1,2,1,1,1,1,1,1,1,1,1,1,1,1,0,1,1,1,1,2,1,1,2,1,1,1,1,1,1
"PTHR10845_SF150",1,1,1,1,1,1,1,1,1,1,1,1,1,1,1,1,1,0,1,1,1,0,1,1,1,1,1,1,1,1,1,1,1,1,1,0,1,1,1,1,1,1,1,1,1
"PTHR10845_SF153",1,1,1,1,1,1,1,1,1,1,1,1,1,1,1,1,1,1,1,1,1,1,1,1,1,1,1,1,1,1,1,1,1,1,1,1,1,1,1,1,1,1,1,1,1
"PTHR10845_SF154",1,1,1,1,1,1,1,1,1,1,1,1,1,1,1,1,1,1,1,1,1,1,1,1,1,1,1,1,1,1,1,1,1,1,1,1,1,1,1,1,1,1,1,1,1
"PTHR10845_SF155",1,1,1,1,1,1,1,1,1,1,1,1,1,1,1,1,1,1,1,1,1,1,1,1,1,0,1,1,1,1,1,1,1,1,1,1,1,1,1,1,1,1,1,1,1
"PTHR10845_SF20",2,1,1,1,1,1,1,1,1,1,2,1,1,1,1,1,1,1,1,1,1,1,1,1,1,1,2,1,1,1,1,1,1,1,1,1,1,1,1,1,1,1,1,2,1
"PTHR10845_SF21",1,1,1,1,1,1,1,1,1,0,1,1,1,1,1,1,1,0,1,1,1,1,1,1,1,1,1,1,1,1,1,1,1,1,1,2,1,1,1,0,1,1,1,2,1
"PTHR10845_SF26",1,1,1,1,1,2,1,1,1,1,1,1,1,1,1,1,1,1,1,1,1,1,1,1,1,1,1,1,2,1,1,1,1,1,1,1,1,1,1,1,1,1,1,2,1
"PTHR10845_SF27",1,1,1,1,1,1,1,1,1,1,1,1,1,1,1,1,1,1,1,1,1,2,1,1,1,1,1,1,1,1,1,1,1,1,1,1,1,1,1,1,1,1,1,2,1
"PTHR10845_SF32",1,1,1,1,1,1,1,1,1,1,1,1,1,1,1,1,1,1,1,1,1,1,1,1,1,1,1,1,1,1,1,1,1,1,1,1,1,1,1,1,1,1,1,1,1
"PTHR10845_SF34",1,1,1,1,1,1,1,1,1,1,1,1,1,1,1,1,1,1,1,1,1,1,1,1,1,1,1,1,1,1,1,1,1,1,1,1,1,1,1,1,1,1,1,1,1
"PTHR10845_SF4",1,1,1,1,1,2,1,1,1,1,1,1,1,1,2,1,3,1,1,1,1,1,1,1,2,1,1,1,1,1,1,2,1,1,1,1,1,2,1,1,1,1,1,1,1
"PTHR10845_SF40",1,1,1,1,1,1,1,1,1,1,1,1,1,1,1,1,1,1,1,1,1,1,1,1,2,1,1,1,1,1,1,1,1,1,1,1,1,1,1,1,1,1,1,1,1
"PTHR10845_SF42",1,1,1,1,1,1,0,1,1,1,1,1,1,1,1,1,1,1,1,1,1,1,1,1,2,1,1,1,1,1,1,1,1,1,1,1,1,1,1,1,2,1,1,1,1
"PTHR10845_SF43",1,2,1,1,1,3,1,1,1,1,1,1,1,1,1,1,1,1,1,1,1,1,1,1,1,1,1,1,1,1,3,1,1,1,1,1,1,1,1,1,1,1,1,1,1
"PTHR10846",5,5,5,5,5,5,5,5,5,5,5,6,5,5,5,5,5,4,5,5,5,5,5,5,5,5,5,5,5,5,5,5,5,5,5,5,5,5,5,5,5,5,5,5,5
"PTHR10848",1,1,1,1,1,1,1,1,1,1,1,1,1,1,1,1,1,1,1,1,1,1,1,1,1,1,2,1,1,1,1,1,1,1,1,1,1,1,1,1,1,1,1,1,1
"PTHR10849_SF13",1,1,1,2,2,2,2,1,1,1,1,1,1,1,1,1,1,1,1,1,1,2,1,1,0,1,1,1,1,1,0,2,1,1,1,1,1,1,1,1,1,1,1,1,2
"PTHR10851",1,1,1,1,1,1,1,1,1,1,1,1,1,1,1,1,1,1,1,1,1,2,1,1,1,1,1,1,1,1,1,1,1,1,1,1,1,1,1,1,1,1,1,1,1
"PTHR10853",1,1,1,1,1,1,1,1,1,1,1,1,1,1,1,1,1,1,1,1,1,1,1,1,1,0,1,1,1,1,1,1,1,1,1,1,1,1,1,1,1,1,1,1,1
"PTHR10855",2,2,3,3,2,2,3,2,2,2,2,2,2,1,2,2,2,2,2,2,2,2,2,2,2,2,2,2,2,2,2,6,2,2,2,2,2,2,3,2,3,2,2,2,2
"PTHR10856_SF10",1,1,1,1,1,1,1,1,1,1,1,1,1,1,1,1,1,1,1,1,1,1,1,1,1,2,2,1,2,1,1,1,1,1,2,1,1,1,1,1,1,1,1,1,1
"PTHR10856_SF16",1,1,1,1,1,1,1,1,1,1,1,1,1,1,1,1,1,1,1,1,1,1,2,1,1,1,1,1,1,1,0,2,1,1,1,1,1,1,1,1,1,1,1,1,1
"PTHR10856_SF17",1,1,1,1,1,1,1,1,1,1,1,1,1,1,1,1,1,1,1,1,1,1,1,1,1,1,1,1,1,1,1,1,1,1,1,1,1,1,1,1,1,1,1,1,1
"PTHR10856_SF18",1,1,1,1,1,1,1,1,1,1,1,1,1,1,1,1,1,1,1,1,1,1,1,1,1,1,1,1,1,1,1,1,1,1,1,1,1,1,1,1,1,1,1,1,1
"PTHR10856_SF2",1,2,1,1,1,2,1,1,1,1,1,1,1,1,1,1,1,1,1,1,1,1,1,1,1,1,1,1,1,2,1,1,1,1,1,1,1,1,1,1,1,1,1,2,1
"PTHR10856_SF20",1,1,1,1,1,1,1,1,1,1,1,1,1,1,1,4,1,1,1,1,1,1,1,1,1,1,1,1,1,1,1,1,1,1,1,1,1,1,1,1,1,1,1,1,1
"PTHR10856_SF4",1,1,1,1,1,1,1,1,1,1,2,1,2,1,1,3,1,1,1,1,1,1,1,1,1,1,1,1,1,1,1,1,1,1,1,1,1,1,1,2,1,1,1,1,1
"PTHR10857_SF10",1,1,1,1,1,1,2,1,1,1,1,1,1,1,1,1,1,1,1,1,1,1,1,1,1,1,1,1,1,1,1,1,1,1,1,1,1,1,1,1,1,1,1,1,1
"PTHR10857_SF2",1,1,1,1,2,1,2,1,1,1,1,1,1,1,1,1,1,1,1,1,1,1,1,1,1,2,1,1,1,1,1,1,1,1,1,1,1,1,2,2,1,1,0,1,1
"PTHR10857_SF22",1,1,1,1,1,1,1,1,1,1,1,1,1,1,2,1,1,1,1,2,1,1,1,1,1,1,1,1,1,1,1,1,1,1,1,1,1,1,1,1,1,1,1,1,1
"PTHR10857_SF3",1,1,1,1,1,1,1,1,1,1,1,1,1,1,1,1,1,1,1,1,1,1,1,1,1,1,1,1,1,1,1,1,1,1,1,1,1,1,1,1,1,1,1,1,1
"PTHR10857_SF4",1,4,1,1,1,2,1,1,1,2,1,1,1,1,1,1,2,1,1,1,1,1,1,1,1,1,1,1,1,2,1,1,1,1,1,1,1,1,1,1,1,1,1,2,2
"PTHR10857_SF5",1,1,1,1,1,1,1,1,1,1,1,1,1,1,1,2,1,1,1,1,1,1,1,1,1,1,1,1,1,1,1,1,1,1,1,1,1,1,1,1,1,1,1,1,3
"PTHR10857_SF6",1,1,1,1,1,1,1,1,1,0,1,1,1,1,0,1,1,1,1,0,1,1,1,1,1,1,1,1,1,1,0,1,1,1,1,1,1,2,2,1,1,1,1,1,1
"PTHR10857_SF8",1,1,1,1,1,1,1,1,1,1,1,1,1,1,1,1,1,1,1,1,1,1,1,1,1,1,1,1,1,1,1,1,1,1,1,1,1,1,1,1,1,1,1,1,1
"PTHR10857_SF9",1,1,1,1,1,1,1,1,1,1,1,1,1,1,1,1,1,1,1,1,1,1,1,1,1,1,1,1,1,1,1,1,1,1,0,1,1,1,1,1,1,1,1,0,1
"PTHR10858",2,2,2,3,2,2,1,2,2,2,2,2,2,2,2,2,2,2,2,2,2,2,2,2,2,2,1,2,2,2,2,2,2,2,2,2,2,2,2,2,2,2,2,2,2
"PTHR10859",2,2,2,2,2,2,2,3,2,2,2,2,2,2,4,2,3,1,2,2,2,2,3,2,2,2,2,2,2,2,2,6,2,2,2,2,2,2,2,2,2,2,2,2,2
"PTHR10865",6,6,6,6,6,6,7,6,6,7,6,6,6,6,9,6,6,6,6,6,6,6,6,6,6,6,7,6,6,7,6,8,6,6,7,6,6,6,7,6,6,6,6,6,6
"PTHR10867",2,3,2,3,3,4,3,3,3,2,5,4,2,3,3,4,3,3,3,2,3,2,3,3,3,2,3,3,2,3,3,3,3,3,3,3,3,3,3,3,3,3,2,1,3
"PTHR10868",1,1,1,1,1,1,1,1,1,1,1,1,1,1,1,1,1,1,1,1,1,2,1,1,1,1,1,1,1,1,1,1,1,1,1,2,1,1,1,1,1,1,1,1,1
"PTHR10869_SF14",1,1,1,1,1,1,1,1,1,1,1,1,1,1,1,1,1,1,1,1,1,1,1,1,1,1,1,1,1,1,1,0,1,1,1,1,1,1,1,1,1,1,1,1,1
"PTHR10869_SF2",1,1,1,1,1,1,1,1,1,1,1,1,1,1,1,1,1,1,1,1,1,1,1,1,1,0,1,1,1,1,1,1,1,1,1,1,1,1,1,1,1,1,1,1,1
"PTHR10869_SF40",1,1,1,1,1,1,1,1,1,1,1,1,1,1,1,1,1,1,1,1,1,1,1,1,1,1,1,1,1,1,1,1,1,1,1,1,1,1,1,1,1,1,1,1,1
"PTHR10869_SF41",1,1,1,1,1,1,1,1,1,1,1,1,1,1,1,1,1,1,1,1,1,1,1,1,1,1,1,1,1,1,1,1,1,1,1,1,1,1,1,1,1,1,1,1,1
"PTHR10870",1,1,2,2,1,2,1,1,1,1,1,1,1,1,1,1,1,1,2,1,1,1,1,3,1,1,1,1,1,1,1,1,1,2,1,1,1,1,2,1,1,1,1,1,1
"PTHR10871",1,1,5,6,1,2,4,1,1,2,1,1,3,4,1,5,4,2,7,4,4,4,3,4,4,1,3,4,2,1,3,4,1,3,2,3,6,2,6,8,6,2,1,1,1
"PTHR10872",3,3,3,3,3,3,3,3,3,22,3,3,3,3,3,3,3,3,3,3,3,3,3,3,3,3,3,3,3,3,3,3,3,3,2,3,2,3,6,3,3,3,3,3,2
"PTHR10876_SF0",1,1,1,1,1,1,1,1,1,1,1,1,1,2,2,1,1,1,2,1,1,2,1,2,1,1,1,1,1,1,1,2,1,1,1,2,2,1,3,1,1,1,1,1,1
"PTHR10877_SF105",1,1,1,1,1,1,1,1,1,1,1,1,1,1,1,1,0,1,1,1,1,1,1,1,1,1,1,1,1,1,1,1,1,1,1,1,1,1,1,1,1,1,1,1,1
"PTHR10877_SF110",2,1,1,1,1,1,1,1,1,1,1,1,1,1,1,1,1,1,1,1,1,1,1,1,1,1,1,1,1,1,1,1,2,1,1,1,1,1,1,1,1,1,1,2,1
"PTHR10877_SF113",1,3,1,0,1,1,1,1,1,1,1,1,1,1,0,1,1,1,1,1,1,1,1,0,0,1,0,1,0,1,1,1,1,1,1,1,1,0,1,1,1,0,0,1,1
"PTHR10877_SF114",1,1,1,1,1,1,1,1,1,1,1,1,1,1,1,1,1,1,1,1,1,1,1,1,1,1,1,1,1,1,1,1,1,1,1,1,1,1,1,1,1,1,1,1,1
"PTHR10877_SF123",1,0,1,1,0,1,0,1,1,1,1,1,1,3,1,1,1,1,1,1,1,1,1,1,1,1,0,1,1,3,1,1,1,1,1,1,0,0,2,1,1,1,1,1,1
"PTHR10877_SF32",1,0,1,1,0,0,1,1,0,0,0,1,1,1,1,1,1,1,1,1,1,1,1,1,0,6,1,1,0,0,0,0,1,1,1,1,1,0,2,1,1,0,0,0,1
"PTHR10877_SF45",2,2,2,2,2,2,2,2,2,2,2,2,2,2,2,2,2,2,2,2,2,2,2,2,2,2,2,2,2,2,2,2,2,2,2,2,2,2,2,2,2,2,2,2,2
"PTHR10877_SF47",1,1,1,1,1,1,1,1,1,1,1,1,1,1,1,1,1,1,1,1,1,1,1,1,1,1,1,1,1,1,1,1,1,1,1,1,1,1,1,1,1,1,1,1,1
"PTHR10878",5,4,4,5,4,4,4,4,4,4,4,4,4,5,4,4,4,4,4,3,4,4,4,4,5,4,4,4,4,4,3,4,4,4,4,4,4,5,4,4,4,5,4,4,4
"PTHR10880",4,5,8,6,3,5,3,10,6,4,3,4,4,3,8,3,7,3,5,3,4,3,4,3,5,4,5,9,4,5,6,14,10,7,11,5,6,2,8,4,7,3,3,9,3
"PTHR10881",1,1,10,2,1,1,4,1,1,1,2,1,1,9,1,33,1,1,12,1,24,1,2,9,1,1,1,8,1,1,2,1,1,12,1,2,8,1,18,2,2,1,1,1,1
"PTHR10882",1,1,1,1,1,1,1,1,1,1,1,1,1,1,1,1,1,1,1,1,1,1,1,1,1,1,1,1,1,1,1,2,1,1,1,1,1,1,1,1,1,1,1,1,1
"PTHR10884",1,1,1,1,2,1,1,1,1,1,2,2,1,1,1,2,1,1,1,1,1,1,2,1,1,1,1,1,1,1,1,1,1,1,1,1,1,1,1,1,1,1,1,1,2
"PTHR10885",1,1,1,2,1,1,2,1,1,1,1,1,1,2,2,2,3,2,2,1,1,2,3,3,1,0,5,3,1,1,3,1,2,3,1,3,2,1,1,7,2,1,1,3,0
"PTHR10887_SF140",1,1,1,1,1,1,1,1,1,1,1,1,2,1,1,1,1,1,1,0,1,1,1,1,1,1,1,1,1,1,0,1,1,1,1,1,1,1,1,1,1,0,1,1,1
"PTHR10887_SF321",1,1,1,1,1,1,1,1,1,3,1,1,2,1,1,1,1,1,1,1,1,1,1,1,1,1,1,1,1,1,1,1,1,1,1,1,1,1,1,1,1,2,1,1,1
"PTHR10887_SF325",1,0,0,0,0,1,0,1,1,1,1,1,1,0,1,1,1,1,0,1,0,1,1,0,1,1,1,0,1,1,0,1,1,0,1,1,0,1,0,2,0,1,1,1,0
"PTHR10887_SF326",1,1,1,1,1,1,1,1,1,1,1,1,1,1,1,1,2,1,1,1,1,1,1,1,1,1,1,1,1,1,1,1,1,1,1,1,1,1,1,1,1,1,1,1,1
"PTHR10887_SF327",1,1,0,0,1,0,0,0,0,0,0,1,0,0,0,0,1,2,0,0,0,0,1,0,1,1,0,0,0,1,6,0,0,0,0,1,0,0,0,0,0,1,0,0,0
"PTHR10887_SF332",1,0,1,1,1,0,1,1,1,1,1,1,1,1,1,1,1,1,1,1,1,1,1,1,1,1,2,2,1,0,0,1,1,1,1,1,1,1,1,1,1,1,0,1,1
"PTHR10887_SF336",1,1,1,1,1,1,1,1,1,1,1,1,1,1,1,1,1,1,1,1,1,1,1,1,1,1,1,1,1,1,1,0,1,1,1,1,1,1,1,1,1,1,1,1,1
"PTHR10887_SF339",1,1,1,1,1,1,1,1,1,1,1,1,1,1,1,1,1,1,2,2,1,1,1,1,1,1,1,2,1,1,1,1,1,1,1,1,1,1,1,1,1,1,1,1,1
"PTHR10887_SF340",1,1,1,1,1,1,1,1,1,0,1,1,1,1,1,1,1,1,1,1,1,1,1,1,1,1,1,1,1,1,0,1,1,1,1,1,1,1,1,1,1,1,1,1,1
"PTHR10887_SF341",1,1,1,1,1,1,1,1,1,1,1,1,1,1,1,1,1,1,1,1,1,1,1,1,1,1,1,1,1,1,1,1,1,1,1,0,1,1,1,1,1,1,1,1,1
"PTHR10887_SF5",1,1,1,1,1,1,1,1,1,1,1,1,1,1,1,1,1,1,1,1,1,1,1,1,1,1,1,1,1,1,1,1,1,1,1,1,1,1,1,1,1,1,1,1,1
"PTHR10887_SF9",1,1,1,1,1,1,1,1,1,1,1,1,1,1,1,1,1,1,1,1,1,1,1,1,2,1,1,1,2,1,1,2,1,1,1,1,1,1,1,1,1,1,1,1,1
"PTHR10889",1,1,1,1,1,1,1,1,1,1,1,1,1,1,1,1,1,1,1,1,1,1,1,1,1,1,2,1,1,2,1,1,1,1,1,1,1,1,1,1,1,1,1,1,1
"PTHR10890",2,2,2,2,2,5,2,2,2,2,2,2,2,2,2,3,2,1,2,1,2,2,2,2,2,2,2,2,2,3,2,2,2,2,2,2,2,2,2,2,2,2,2,3,2
"PTHR10891_SF220",1,1,1,2,1,1,1,1,1,1,1,1,1,1,1,1,1,1,1,1,1,1,1,1,1,1,1,1,1,1,1,1,1,1,1,1,1,1,1,1,1,1,1,1,1
"PTHR10891_SF222",1,1,1,1,1,1,1,1,1,1,1,1,1,1,1,1,1,1,1,1,1,1,0,1,0,1,1,1,1,1,0,1,1,1,1,1,1,1,1,0,1,1,0,1,0
"PTHR10891_SF548",1,1,1,1,1,1,1,1,1,1,1,1,1,1,1,1,1,1,1,1,1,1,1,1,1,1,1,1,1,1,1,1,1,1,1,1,1,1,1,1,1,1,0,1,1
"PTHR10891_SF551",1,1,1,1,1,1,1,1,1,1,1,3,1,1,1,1,1,1,1,1,1,1,1,1,1,1,1,1,1,1,1,1,1,1,1,1,1,1,1,1,1,1,1,2,1
"PTHR10891_SF556",1,1,1,1,1,1,1,1,1,1,1,1,1,1,1,1,1,1,1,1,1,1,1,1,1,1,1,1,1,1,1,1,1,1,1,1,1,1,1,1,1,1,1,1,1
"PTHR10891_SF565",1,1,1,1,1,1,1,1,0,1,2,1,1,1,0,1,0,1,1,1,1,1,1,1,0,1,1,2,1,1,1,0,1,1,0,1,1,1,1,1,1,1,1,0,1
"PTHR10894",2,2,2,2,2,2,2,2,2,2,2,2,2,2,5,2,2,2,2,2,2,3,2,2,3,2,2,2,2,2,2,3,2,2,2,2,2,2,2,2,2,2,2,3,2
"PTHR10896_SF21",1,1,1,1,1,1,1,1,1,1,1,1,1,1,1,1,1,1,1,1,1,1,1,1,1,1,1,0,1,1,1,1,1,1,1,1,1,1,1,1,1,1,1,1,1
"PTHR10896_SF8",1,1,1,1,1,1,1,1,1,1,1,1,1,1,1,1,1,1,1,1,1,1,1,1,1,1,1,1,1,1,1,1,1,1,1,1,1,1,1,1,1,1,0,1,1
"PTHR10896_SF9",1,1,1,2,1,2,1,1,1,1,1,1,1,1,1,1,1,1,1,1,1,1,1,1,1,1,1,2,1,1,1,1,1,1,1,1,2,1,2,1,1,1,1,1,1
"PTHR10900",2,2,2,2,2,2,2,2,2,2,2,2,2,2,2,2,2,2,2,2,2,2,2,2,2,2,2,2,2,2,2,2,2,2,2,2,2,2,2,2,2,2,2,2,2
"PTHR10901_SF12",1,1,1,1,1,1,1,1,1,1,1,1,1,1,1,1,1,1,1,1,1,1,1,1,1,1,1,1,1,1,1,1,1,1,1,1,1,1,1,2,1,1,1,1,1
"PTHR10901_SF15",1,1,1,1,1,1,1,1,1,1,1,1,1,1,1,1,1,1,1,1,1,1,1,1,1,1,1,1,1,1,2,1,1,1,1,1,1,1,1,1,1,1,1,1,1
"PTHR10901_SF17",1,1,1,1,1,1,1,1,1,2,1,1,1,1,1,1,1,1,1,2,1,1,1,1,1,1,1,1,1,1,1,1,1,1,1,1,1,1,1,1,1,1,1,1,1
"PTHR10901_SF3",1,1,1,1,1,1,1,1,1,1,1,1,1,1,1,1,1,1,1,1,1,0,1,1,1,1,1,1,1,1,1,1,1,1,1,1,1,1,1,1,1,0,1,1,1
"PTHR10901_SF5",1,1,2,1,0,1,1,1,1,1,1,1,1,1,1,1,1,1,1,0,1,1,1,1,1,1,1,1,1,1,1,1,1,1,1,1,1,1,1,1,1,1,1,1,1
"PTHR10901_SF8",1,1,1,1,1,1,1,1,1,1,1,1,1,1,1,1,1,1,1,1,1,1,1,1,1,1,1,1,1,1,1,1,1,1,1,1,1,1,1,1,1,1,1,1,1
"PTHR10901_SF9",1,1,1,1,1,1,1,1,1,1,1,1,1,1,1,1,1,1,1,1,1,1,1,1,1,1,1,1,1,1,1,1,1,1,1,1,1,1,1,1,1,1,1,2,1
"PTHR10902_SF0",5,3,4,6,3,5,2,2,2,4,3,2,8,5,2,1,1,2,1,6,1,7,1,6,11,3,6,4,7,5,7,9,3,4,5,4,4,5,3,9,6,6,1,3,6
"PTHR10903_SF28",1,0,1,1,1,0,1,0,0,0,0,2,2,1,0,1,0,0,1,1,1,1,0,1,0,0,0,1,0,1,1,0,1,1,0,0,1,1,2,0,0,1,1,0,1
"PTHR10903_SF38",2,2,1,1,1,7,1,0,1,0,0,2,3,1,1,1,0,0,1,6,1,1,1,1,1,0,1,1,0,6,1,1,4,1,3,1,1,2,2,1,1,1,1,4,1
"PTHR10903_SF40",1,1,1,1,1,2,1,1,0,1,1,0,1,1,1,1,1,1,1,1,1,1,1,1,1,1,1,1,1,1,1,1,1,1,0,1,1,1,1,1,1,1,0,1,1
"PTHR10903_SF44",1,1,0,1,0,4,0,0,1,0,0,0,0,0,0,0,1,0,0,2,0,0,1,0,0,1,0,0,0,4,1,1,2,0,0,1,0,4,0,1,0,1,0,0,0
"PTHR10903_SF45",1,1,1,1,1,3,1,0,0,0,1,1,1,1,0,1,1,0,1,1,1,1,1,1,1,1,1,1,1,2,1,0,1,1,0,1,1,1,2,1,1,1,1,1,1
"PTHR10903_SF46",1,2,1,2,1,5,2,0,1,0,0,5,3,1,1,1,1,0,2,0,2,1,1,2,1,0,1,1,1,3,2,1,3,2,1,1,1,4,1,1,2,2,1,2,0
"PTHR10903_SF51",1,1,1,1,1,4,1,1,1,0,1,1,1,1,1,1,0,0,1,1,1,1,1,1,1,0,1,0,0,1,2,0,1,1,1,1,1,1,2,1,1,1,1,2,1
"PTHR10906",2,2,3,2,2,2,2,2,2,3,2,2,2,3,3,2,2,2,3,2,2,3,2,3,2,2,3,3,2,2,2,2,2,3,2,2,3,2,3,2,2,2,2,2,3
"PTHR10907_SF52",3,1,1,1,1,1,1,1,1,1,1,1,1,1,1,1,1,1,1,1,1,1,1,1,1,1,1,1,1,1,1,2,1,1,1,1,1,2,2,1,1,1,1,1,1
"PTHR10908",1,2,1,1,1,2,1,1,1,0,1,1,1,1,1,1,1,1,1,0,1,1,1,1,1,1,1,1,1,2,1,1,1,1,1,1,1,1,1,1,1,1,1,1,1
"PTHR10909_SF10",1,1,1,1,1,1,1,1,1,1,1,1,1,1,1,1,1,1,1,1,1,1,1,1,1,1,1,1,1,1,1,1,1,1,1,1,1,1,1,1,1,1,1,1,1
"PTHR10909_SF11",1,1,1,1,1,1,1,1,1,1,1,1,1,1,1,1,1,1,1,0,1,1,1,1,1,1,1,1,1,1,0,1,1,1,1,1,1,1,1,1,1,1,1,1,1
"PTHR10909_SF121",1,1,1,1,1,1,1,1,1,1,1,1,1,1,1,1,1,1,1,1,1,1,1,1,1,1,1,1,1,1,1,1,1,1,1,1,1,0,1,1,1,1,1,1,1
"PTHR10909_SF145",1,2,1,1,1,1,1,1,1,1,1,1,1,1,1,1,1,1,1,1,1,1,1,1,1,1,1,1,1,1,0,2,1,1,1,1,1,1,1,1,1,0,1,1,1
"PTHR10909_SF152",1,1,1,1,1,1,1,1,1,1,1,1,1,1,1,1,1,1,1,1,1,1,1,1,1,1,1,1,1,1,1,1,1,1,1,1,1,1,1,1,1,1,1,1,1
"PTHR10909_SF187",1,1,0,0,1,0,0,0,0,0,1,1,1,1,1,1,0,0,1,0,0,1,1,1,1,1,1,1,1,1,1,0,1,2,1,1,1,1,1,1,1,1,1,1,1
"PTHR10909_SF195",1,1,1,1,1,1,1,1,1,1,1,1,1,1,1,1,1,1,1,1,1,1,1,1,1,1,1,1,1,1,1,1,1,1,1,0,1,1,1,1,1,1,0,1,1
"PTHR10909_SF196",1,1,1,0,1,1,0,1,1,1,0,1,1,1,4,1,1,1,1,1,1,1,1,1,1,1,1,1,1,1,1,1,1,1,1,1,1,1,1,1,0,1,1,1,1
"PTHR10909_SF211",1,1,1,1,1,1,1,1,1,2,1,1,1,1,1,1,1,1,1,1,1,1,1,1,1,1,1,1,1,1,1,1,1,1,1,1,1,1,1,1,1,1,1,1,1
"PTHR10909_SF212",1,1,1,1,1,1,1,1,1,1,1,2,1,1,1,1,1,1,1,1,1,1,1,1,1,1,1,1,1,1,1,1,1,1,1,1,1,1,1,2,1,1,1,1,1
"PTHR10909_SF240",1,1,1,1,1,2,1,1,1,1,1,1,1,1,3,1,0,1,1,1,1,1,1,1,1,1,1,1,1,0,1,1,1,1,2,1,1,1,1,1,1,1,1,2,1
"PTHR10909_SF263",1,1,1,1,1,1,1,1,1,2,1,1,1,1,1,1,1,1,1,1,1,2,1,1,1,1,1,1,1,1,1,1,1,1,1,1,1,1,1,1,1,1,1,1,1
"PTHR10909_SF264",1,1,1,1,1,1,1,2,2,1,1,1,1,1,2,1,1,1,1,1,1,1,1,1,1,1,1,1,1,1,1,1,1,1,1,1,1,1,1,1,1,1,1,2,1
"PTHR10909_SF266",1,1,1,1,1,1,1,1,1,1,1,1,1,1,1,1,1,1,1,1,1,1,1,1,1,1,1,1,1,1,1,1,1,1,1,1,1,1,1,1,1,1,1,1,1
"PTHR10910_SF17",1,1,1,2,1,1,1,1,1,1,1,1,1,1,1,1,1,1,1,1,1,1,1,1,1,1,1,1,1,1,1,1,1,1,1,1,1,1,1,1,1,1,1,1,1
"PTHR10910_SF27",1,1,1,1,2,3,1,1,1,1,1,1,2,1,3,1,1,1,1,1,1,1,1,1,1,1,1,1,1,2,1,2,1,1,1,1,1,1,1,1,1,1,1,2,1
"PTHR10910_SF34",1,1,1,1,1,1,1,1,1,1,1,1,1,1,4,1,1,1,1,1,1,1,1,1,1,1,1,1,1,1,1,1,2,1,1,2,1,1,1,1,1,1,1,1,1
"PTHR10910_SF44",1,1,1,1,1,1,1,1,1,1,1,1,1,1,1,1,1,1,1,1,1,1,1,1,1,1,1,1,1,1,1,1,1,1,3,1,1,1,1,1,1,1,1,1,1
"PTHR10910_SF58",1,1,1,1,1,1,1,1,1,1,1,1,1,1,1,1,1,1,1,1,1,1,1,1,1,1,1,1,1,1,1,1,1,1,1,1,1,1,1,1,1,1,1,1,1
"PTHR10910_SF59",1,1,1,1,1,2,1,2,1,1,1,1,1,1,1,1,1,1,1,1,1,1,1,1,1,1,1,1,1,1,1,1,2,1,1,0,1,1,1,1,1,1,1,1,1
"PTHR10910_SF60",1,1,3,1,1,1,2,1,2,1,1,1,1,2,1,1,1,1,2,1,1,2,1,2,1,1,1,2,1,1,1,1,1,2,1,1,2,1,3,1,1,1,1,2,2
"PTHR10910_SF61",1,1,1,2,1,1,1,1,1,1,1,1,1,1,1,1,1,1,1,1,1,1,1,1,1,1,1,1,1,1,1,1,1,1,1,1,2,1,2,1,2,1,1,1,1
"PTHR10910_SF62",1,1,1,1,1,1,1,1,1,1,1,1,1,1,0,1,1,1,1,2,1,1,1,1,1,1,1,1,1,1,1,1,1,1,1,1,1,1,1,1,1,1,1,1,1
"PTHR10910_SF8",1,1,2,1,2,1,1,1,2,1,1,1,1,1,2,1,1,1,1,2,2,1,1,2,1,1,1,1,1,1,1,2,1,2,1,1,1,2,1,1,1,1,1,1,1
"PTHR10910_SF83",1,1,1,1,1,1,1,1,1,1,0,1,1,1,1,1,1,1,1,1,1,1,1,1,1,1,1,1,1,1,1,1,1,1,1,1,1,1,1,1,1,1,1,1,1
"PTHR10910_SF85",1,1,1,1,1,1,1,1,0,0,1,1,1,1,1,2,1,1,1,0,1,1,1,1,1,2,1,1,1,1,0,0,1,1,1,1,1,1,1,1,0,1,1,1,1
"PTHR10910_SF87",1,1,2,1,2,1,1,1,1,1,1,1,1,1,1,1,1,1,1,1,1,1,1,1,1,2,1,1,1,1,1,1,1,1,1,1,1,1,1,1,1,1,1,1,2
"PTHR10910_SF89",1,2,1,1,1,1,2,1,1,2,1,1,1,1,1,1,3,1,2,2,1,2,1,2,1,1,1,1,1,1,1,3,0,1,1,1,1,1,2,1,2,1,1,2,1
"PTHR10910_SF93",1,1,1,1,1,1,1,1,1,1,1,1,1,1,1,1,1,1,1,1,1,1,1,1,1,1,1,1,1,1,1,1,1,1,1,1,1,1,1,1,1,1,1,2,1
"PTHR10912",2,3,2,2,2,2,2,2,2,2,2,2,2,2,2,2,2,2,2,2,2,2,2,2,2,2,2,2,1,1,2,2,2,2,2,2,2,2,2,2,2,2,2,2,2
"PTHR10913_SF10",1,1,1,1,1,1,1,1,1,1,1,1,1,1,1,1,0,1,1,1,1,1,1,1,1,1,1,1,1,1,1,1,1,1,1,1,1,1,1,4,1,1,1,1,1
"PTHR10913_SF16",1,1,1,1,1,1,1,1,1,1,1,1,1,1,1,1,1,1,1,1,1,1,1,1,1,1,1,0,1,1,0,1,1,1,1,1,0,1,1,1,0,1,1,1,1
"PTHR10913_SF38",1,1,1,1,1,1,1,1,1,1,1,1,1,2,1,1,1,1,1,1,1,1,1,1,1,1,1,1,1,1,1,1,1,1,1,1,1,1,1,1,1,1,1,1,1
"PTHR10913_SF42",1,1,1,1,1,1,1,1,1,1,1,1,1,1,1,1,1,0,1,1,1,1,1,1,1,0,1,1,1,1,1,1,0,1,0,1,1,1,1,3,1,1,1,1,1
"PTHR10913_SF44",1,1,1,1,1,1,1,1,1,1,1,1,1,1,1,1,1,1,1,3,1,1,1,1,1,4,0,1,1,1,1,0,1,1,1,1,1,1,1,1,1,1,1,1,1
"PTHR10913_SF6",1,1,1,1,1,1,1,1,1,1,1,1,1,1,1,1,1,1,1,1,1,1,1,1,1,1,1,1,1,1,1,1,1,1,1,1,1,1,1,1,1,1,1,1,1
"PTHR10913_SF9",1,1,1,1,1,1,1,1,1,2,1,1,1,1,1,1,1,1,1,1,1,1,1,1,1,1,1,1,1,1,1,1,1,1,1,1,1,1,1,1,1,1,1,1,1
"PTHR10915_SF3",1,1,1,1,1,1,1,1,1,1,1,1,1,1,1,1,1,1,1,1,1,1,1,1,1,1,1,1,1,1,1,0,1,1,1,1,1,1,1,1,1,1,1,1,1
"PTHR10915_SF5",1,1,1,1,1,1,1,1,1,1,1,1,1,1,1,1,1,1,1,1,1,1,1,1,1,1,1,1,1,1,1,1,1,1,1,1,1,1,1,1,1,1,1,1,1
"PTHR10915_SF6",1,1,1,1,1,1,1,1,1,1,1,1,1,1,1,1,1,1,1,1,1,1,1,1,1,1,1,1,1,1,1,2,1,1,1,1,1,1,1,1,1,1,1,1,1
"PTHR10915_SF7",1,2,1,1,1,2,1,1,1,1,1,1,1,1,1,1,1,1,1,1,1,1,1,1,1,1,1,1,1,2,1,1,1,1,1,1,1,1,1,1,1,1,0,1,1
"PTHR10917",1,1,1,1,1,1,1,1,1,1,1,1,1,1,1,1,1,1,1,1,1,3,1,1,1,1,1,1,1,1,1,2,1,1,1,1,1,1,1,2,1,1,1,1,1
"PTHR10918_SF2",1,1,1,1,1,1,1,1,1,2,1,1,1,1,1,1,1,1,1,1,1,1,1,1,1,1,1,1,1,1,1,1,1,1,1,1,1,1,1,1,1,1,1,1,1
"PTHR10918_SF3",1,1,1,1,1,1,1,1,1,1,1,2,1,1,1,1,1,1,1,1,1,1,1,1,1,1,2,1,1,1,1,1,2,1,1,1,1,1,1,1,1,1,1,1,1
"PTHR10918_SF4",1,1,1,1,1,1,1,1,1,1,1,1,1,1,1,2,1,1,1,1,1,2,1,1,1,1,1,1,1,1,0,1,1,1,1,1,1,1,1,1,1,1,1,1,1
"PTHR10920_SF12",1,2,1,1,1,3,1,1,1,2,1,1,1,1,1,1,1,1,1,1,1,1,1,1,3,1,1,1,1,2,3,1,2,1,1,2,1,1,1,1,1,1,1,2,1
"PTHR10920_SF13",1,1,1,2,1,1,1,1,1,1,1,1,1,1,1,1,1,1,1,1,1,1,1,1,1,1,1,1,1,1,1,1,1,1,1,1,1,1,1,1,1,1,1,1,1
"PTHR10920_SF18",1,1,1,1,1,1,2,0,1,2,1,1,1,1,1,2,1,1,1,1,1,0,1,1,1,1,1,1,1,1,1,1,1,1,1,1,1,1,1,1,2,1,1,1,1
"PTHR10921",3,2,2,2,3,2,2,2,2,2,2,2,2,2,5,3,3,2,2,3,2,2,2,2,2,2,2,2,2,2,2,6,3,2,2,2,3,2,4,2,2,2,2,2,2
"PTHR10924",4,6,5,5,5,6,5,5,5,4,6,6,5,6,6,5,4,5,5,4,5,5,5,5,5,5,5,5,6,7,5,5,5,5,5,5,5,5,5,5,5,5,5,6,5
"PTHR10925",1,1,1,1,1,1,1,1,1,1,1,1,1,1,1,1,2,1,1,1,1,1,1,1,1,1,2,1,1,1,1,1,1,1,1,1,1,1,1,1,1,1,1,1,1
"PTHR10926",3,3,2,3,2,3,3,5,4,3,3,2,3,3,6,2,3,2,3,2,3,2,3,3,3,3,3,3,3,3,3,5,3,3,3,3,3,3,3,3,2,2,1,2,3
"PTHR10927",1,1,1,1,1,1,2,2,1,1,1,1,1,2,1,1,1,1,1,1,2,1,1,1,1,1,1,1,1,1,1,4,2,1,1,1,1,1,4,1,1,1,1,1,1
"PTHR10928",1,1,1,1,1,1,1,1,1,1,1,1,1,1,1,1,1,1,1,1,1,1,1,1,1,1,1,1,1,1,1,1,1,1,1,2,1,1,1,1,1,1,1,1,1
"PTHR10933",1,2,3,4,1,1,5,1,1,2,1,1,2,3,2,2,1,1,3,2,2,1,2,4,1,1,2,2,1,1,2,2,2,3,1,2,2,1,2,2,3,1,1,1,1
"PTHR10934",2,1,7,3,5,2,1,1,2,2,3,3,2,5,2,1,4,1,7,1,5,2,1,7,4,3,3,10,1,1,2,6,3,6,7,5,4,3,4,1,3,2,1,9,5
"PTHR10937_SF10",1,1,1,1,1,1,1,1,1,1,1,1,1,1,1,1,1,1,1,1,1,1,2,1,1,1,1,1,1,1,1,1,1,1,1,1,1,1,1,1,1,1,1,1,1
"PTHR10937_SF2",1,1,1,1,1,1,1,1,1,1,1,1,1,1,1,1,1,1,1,1,1,1,1,1,1,1,1,1,1,1,1,1,1,1,1,1,1,1,1,1,1,1,1,1,1
"PTHR10938_SF0",1,1,1,1,1,2,1,1,1,1,1,1,1,1,1,1,1,1,1,1,1,1,1,1,1,1,0,1,1,1,1,1,1,1,1,1,1,1,1,1,1,1,1,1,1
"PTHR10942_SF6",1,0,1,1,1,0,1,0,0,1,0,1,1,1,0,1,0,0,1,0,1,0,1,1,0,0,1,1,1,0,1,0,0,1,0,1,1,1,1,1,1,0,0,0,0
"PTHR10943",2,2,3,2,2,2,2,2,2,2,2,2,2,3,2,2,2,2,2,2,2,2,3,3,2,2,3,2,2,2,2,5,2,3,2,2,3,2,3,2,2,2,2,2,2
"PTHR10947",2,3,2,2,2,2,2,2,2,2,2,2,2,2,2,2,2,2,2,1,2,2,2,2,2,2,2,2,2,2,1,2,2,2,2,2,2,2,2,2,2,3,2,3,2
"PTHR10949",1,1,1,2,1,1,2,1,1,1,1,1,1,1,2,1,1,1,1,2,1,1,1,1,1,1,1,1,1,1,1,2,1,1,2,1,1,1,1,1,1,1,1,1,1
"PTHR10953_SF102",1,1,1,1,1,1,1,1,1,1,1,1,1,1,1,1,1,1,0,1,1,0,1,1,1,1,1,1,1,1,1,1,1,1,0,1,1,1,1,1,1,1,1,1,1
"PTHR10953_SF136",1,1,1,2,1,3,3,1,1,1,2,1,1,1,1,1,1,1,1,1,1,1,2,1,1,1,2,1,1,1,1,1,1,1,1,1,1,1,1,2,1,2,1,2,2
"PTHR10953_SF141",1,1,1,1,1,1,1,1,1,1,1,1,1,1,1,1,1,1,1,1,1,1,1,1,1,1,2,1,1,1,1,1,1,1,1,1,1,1,1,1,1,1,1,1,1
"PTHR10953_SF142",1,1,2,1,1,1,1,1,1,1,1,1,1,2,2,1,1,1,2,1,1,1,1,2,3,1,2,2,1,1,1,2,1,2,1,1,2,1,3,1,1,1,1,2,1
"PTHR10953_SF143",1,1,1,1,1,1,1,1,1,1,1,1,1,1,1,1,1,1,1,1,1,1,1,1,1,1,1,1,1,1,1,1,1,1,1,1,1,1,1,1,1,1,1,1,1
"PTHR10953_SF29",1,1,1,1,1,1,1,1,1,1,1,1,1,1,2,1,1,1,1,1,1,1,1,1,1,1,1,1,1,1,1,2,1,1,1,1,1,1,1,1,2,1,1,2,2
"PTHR10953_SF3",1,1,1,1,1,1,1,1,1,1,1,1,1,1,1,1,1,1,1,1,1,1,1,1,1,1,1,1,1,1,1,1,1,1,1,1,1,1,1,1,1,1,1,1,1
"PTHR10953_SF5",1,1,1,1,1,1,1,1,1,1,1,1,1,1,2,1,1,2,1,2,1,1,1,1,1,1,1,1,1,1,1,0,1,1,1,1,1,1,1,1,1,1,1,2,1
"PTHR10953_SF6",1,1,1,2,1,1,1,1,1,1,1,1,1,1,2,1,1,1,1,1,1,2,1,1,1,1,1,1,2,1,1,5,1,1,1,1,1,1,1,1,2,1,1,1,1
"PTHR10953_SF9",1,1,1,1,1,1,1,1,1,5,1,1,1,1,1,1,1,1,1,1,1,1,1,1,1,1,1,1,1,1,1,1,1,1,1,1,1,1,1,1,1,1,1,1,1
"PTHR10954",1,1,1,1,1,1,1,1,1,1,1,1,1,1,1,1,1,1,1,1,1,1,1,1,1,1,1,1,1,1,0,1,1,1,1,1,1,1,1,1,1,1,1,1,1
"PTHR10956",11,2,12,7,17,8,10,5,1,8,1,1,4,8,2,1,4,4,10,9,4,7,1,10,11,6,7,7,4,4,7,11,19,6,3,7,9,7,8,19,7,3,1,7,18
"PTHR10957",1,1,1,1,2,1,1,1,1,1,1,1,1,1,2,1,1,1,1,1,1,1,1,1,1,1,2,1,1,1,1,1,1,1,2,1,1,1,1,1,1,1,1,1,1
"PTHR10959",3,3,3,3,3,3,3,3,3,2,3,3,3,3,3,3,3,3,3,2,3,4,3,3,3,3,3,3,3,3,3,3,3,3,3,3,3,3,3,3,3,3,3,3,3
"PTHR10960",1,1,1,1,1,1,1,1,1,1,1,1,1,1,1,1,1,1,1,1,1,0,1,1,1,1,1,1,1,1,1,1,1,1,1,1,1,1,1,1,1,1,1,1,1
"PTHR10961",1,1,1,1,1,1,1,1,1,1,1,1,1,1,1,1,1,1,1,1,1,1,1,1,1,1,1,1,1,1,1,1,1,1,1,1,1,1,1,1,1,1,1,1,1
"PTHR10962",3,2,3,3,2,3,3,3,2,2,3,5,3,3,5,3,3,3,3,3,3,3,3,3,3,3,3,3,3,3,3,7,2,3,3,3,3,3,3,3,3,3,3,3,2
"PTHR10965_SF0",2,2,4,3,3,5,2,1,1,4,2,3,3,1,4,1,1,1,3,3,1,2,1,1,2,1,4,6,0,3,4,5,3,1,5,5,2,3,2,10,3,1,1,5,2
"PTHR10966",1,1,1,3,2,1,2,3,1,1,1,1,1,2,7,1,1,1,3,1,1,2,1,2,2,0,1,2,2,1,1,6,1,2,1,1,3,2,3,1,1,2,1,1,3
"PTHR10969_SF14",1,1,1,1,1,1,1,1,1,1,1,1,1,1,1,1,1,1,1,1,1,1,1,1,1,1,1,1,1,1,0,1,1,1,2,1,1,1,1,1,1,1,1,1,1
"PTHR10969_SF15",1,1,3,3,2,2,1,1,1,4,4,6,3,3,2,2,2,1,4,3,2,2,1,4,1,1,3,2,2,1,3,4,1,4,1,5,3,3,2,2,2,1,1,1,1
"PTHR10969_SF16",1,1,2,1,1,1,1,1,1,1,2,2,1,2,1,1,1,1,2,2,1,1,1,2,1,1,1,1,1,1,2,1,1,2,2,1,2,1,2,1,2,1,1,1,1
"PTHR10969_SF20",1,1,2,1,1,1,3,2,1,0,1,1,1,2,1,1,1,2,2,1,2,1,1,2,2,1,1,2,0,1,2,1,1,3,1,2,2,1,1,1,1,2,1,1,1
"PTHR10969_SF24",2,1,1,1,1,1,1,0,0,0,1,2,2,1,1,1,1,2,2,0,2,1,0,1,0,1,0,1,1,1,2,0,1,1,1,0,1,2,1,0,1,1,0,2,1
"PTHR10969_SF4",1,1,1,1,1,1,1,1,1,1,1,1,1,1,1,1,1,1,1,1,1,3,1,1,2,1,2,1,1,1,1,4,1,1,1,2,1,1,1,3,1,1,1,2,1
"PTHR10970",2,3,2,2,2,3,2,2,2,1,2,2,2,2,2,2,2,2,2,2,2,2,1,2,1,2,2,2,2,3,2,1,2,2,2,2,2,2,2,2,2,2,2,3,2
"PTHR10971",3,3,3,3,3,3,3,3,3,3,3,3,3,4,4,3,4,3,5,4,3,3,3,4,3,3,4,4,3,4,3,8,3,4,4,3,4,3,5,3,3,3,3,4,3
"PTHR10972_SF15",1,1,1,1,1,1,1,1,1,1,1,1,1,1,1,1,1,1,1,1,1,1,1,1,1,1,1,1,1,1,1,1,1,1,1,1,1,1,1,1,1,1,1,2,1
"PTHR10972_SF27",2,1,1,2,1,2,2,2,1,1,1,2,2,1,5,1,3,1,1,1,1,2,1,1,1,1,1,2,2,2,1,1,1,1,1,1,1,1,1,1,1,1,1,1,1
"PTHR10972_SF46",1,1,1,1,1,1,1,1,1,1,1,1,1,1,1,1,0,1,1,1,1,1,1,1,1,1,1,1,1,1,1,1,1,2,1,1,1,1,1,1,1,1,1,1,1
"PTHR10972_SF47",1,1,1,1,1,1,1,1,1,1,1,1,1,1,1,1,1,1,1,1,1,1,1,1,1,1,1,1,1,1,1,1,1,1,1,1,1,1,1,1,1,1,1,2,1
"PTHR10972_SF51",1,1,1,1,1,1,1,1,2,1,1,1,1,1,2,1,1,1,1,1,1,1,1,1,1,1,1,1,1,1,1,1,1,1,1,1,1,1,1,1,1,1,1,1,1
"PTHR10972_SF52",1,1,1,1,1,1,1,1,1,1,1,1,1,1,1,1,1,1,1,1,1,1,1,1,1,1,1,1,1,1,1,1,1,1,1,1,1,1,1,1,1,1,1,2,1
"PTHR10972_SF53",1,3,1,1,1,2,1,1,1,1,1,1,1,1,1,1,1,1,1,2,1,1,1,1,2,1,2,2,1,2,1,2,1,1,1,1,1,0,1,1,1,1,1,2,1
"PTHR10972_SF54",1,1,1,1,1,1,1,1,1,1,1,1,1,1,1,1,1,1,1,1,1,1,1,1,1,1,1,1,1,1,1,1,1,1,1,1,1,1,1,1,1,1,1,1,1
"PTHR10972_SF75",1,1,1,1,1,1,1,1,1,1,1,1,1,1,1,1,1,1,1,1,1,1,1,1,1,1,1,1,1,1,1,1,1,1,1,1,1,1,1,1,1,1,1,1,1
"PTHR10972_SF76",1,1,1,1,1,1,1,1,1,1,1,1,1,1,2,1,1,1,1,1,1,1,1,1,1,1,1,1,1,1,1,1,1,1,1,1,1,1,1,1,1,1,1,1,1
"PTHR10972_SF77",1,1,1,2,1,1,1,1,1,1,1,1,1,1,2,1,1,1,1,1,1,1,1,1,1,1,1,1,1,1,1,1,1,1,1,1,1,1,1,1,1,1,1,1,1
"PTHR10972_SF79",1,1,1,1,1,1,1,1,1,1,1,1,1,1,1,1,1,1,1,0,1,1,1,1,1,1,1,1,1,1,1,1,1,1,1,1,1,1,1,1,1,1,1,1,1
"PTHR10977",1,1,1,1,1,1,1,1,1,1,1,1,1,1,1,1,1,1,1,1,1,1,1,1,1,1,1,1,1,1,0,1,1,1,1,1,1,1,1,1,1,1,1,1,1
"PTHR10978",1,2,4,2,1,1,1,1,1,1,1,1,1,3,1,1,1,1,4,1,3,1,1,6,1,1,1,4,1,1,1,1,1,5,1,2,3,1,3,1,1,1,1,1,2
"PTHR10980",4,3,3,3,3,3,5,3,3,1,3,3,4,3,4,3,3,3,3,3,3,3,3,3,3,2,3,2,3,3,1,5,3,3,3,3,3,4,3,2,3,3,3,4,3
"PTHR10981",1,2,1,1,1,1,1,1,1,1,1,1,1,1,1,2,1,1,1,1,1,1,1,1,1,1,1,1,1,1,1,1,1,1,1,1,0,1,1,1,1,1,0,2,1
"PTHR10982_SF12",1,1,1,1,1,1,1,1,1,2,1,1,1,1,1,1,1,1,1,1,1,1,1,1,1,1,1,1,0,1,1,1,1,1,1,1,1,1,1,1,1,1,1,1,1
"PTHR10983",5,5,5,5,5,5,4,6,5,5,5,5,5,5,5,6,5,5,5,5,5,6,5,5,5,5,6,5,5,5,4,5,5,5,6,5,5,5,5,6,6,5,5,8,5
"PTHR10984",3,3,3,3,3,3,3,3,3,3,3,3,3,3,3,3,3,3,3,3,3,3,3,4,3,3,4,3,3,3,4,4,3,3,3,3,3,3,3,3,3,3,3,3,3
"PTHR10985_SF10",1,1,1,1,1,1,1,1,1,1,1,1,1,1,1,1,1,1,1,1,1,1,1,1,1,1,1,1,1,1,1,1,1,1,1,1,1,1,1,1,1,1,1,1,1
"PTHR10985_SF11",1,1,0,1,0,1,1,1,1,0,1,1,1,1,1,1,1,0,1,0,1,1,1,1,1,0,1,0,1,0,0,1,1,1,1,1,0,1,1,1,0,1,1,1,0
"PTHR10985_SF15",1,1,0,1,1,1,1,1,1,0,1,1,1,1,0,1,1,1,1,0,1,1,1,1,1,1,1,0,1,0,1,1,1,1,1,1,1,0,1,1,1,1,1,1,1
"PTHR10985_SF19",1,1,1,1,0,1,1,1,1,1,1,1,1,1,1,1,1,1,1,1,1,1,1,1,1,1,1,0,1,1,1,1,1,1,1,1,1,1,1,1,1,1,1,1,1
"PTHR10985_SF20",1,1,0,1,1,1,1,0,0,1,1,1,1,1,0,1,0,0,1,0,1,1,0,1,0,1,0,0,0,1,0,0,0,1,1,0,0,1,2,0,0,1,1,1,1
"PTHR10985_SF3",1,1,1,1,1,1,1,1,1,1,1,1,1,1,1,1,1,1,1,0,1,1,1,1,1,1,1,2,1,1,1,1,1,1,1,1,1,1,1,1,1,1,1,1,1
"PTHR10985_SF5",1,1,0,1,1,1,1,1,1,1,1,1,1,0,1,1,1,1,0,1,1,1,1,1,1,1,1,1,1,1,1,1,1,1,1,1,1,2,1,1,1,1,0,1,1
"PTHR10985_SF76",1,1,1,1,0,1,1,1,1,0,1,1,1,1,1,1,1,1,1,1,1,1,1,1,1,1,1,1,1,1,1,1,1,1,1,1,1,1,1,1,1,1,1,1,1
"PTHR10985_SF78",1,1,1,1,1,1,1,1,1,1,1,1,1,1,1,1,1,1,1,1,1,1,1,1,1,1,1,1,1,1,1,1,1,1,1,1,1,1,1,1,1,1,1,2,1
"PTHR10985_SF79",1,1,1,1,0,1,1,1,1,1,1,1,1,1,1,1,1,1,1,1,1,1,1,1,1,1,1,1,1,1,1,0,1,1,1,1,1,1,1,1,1,1,1,1,0
"PTHR10985_SF8",1,1,1,1,1,1,1,1,1,1,1,1,1,1,1,1,1,1,1,1,1,1,1,1,1,1,1,1,1,1,1,1,1,1,1,1,1,1,1,1,1,1,1,1,1
"PTHR10985_SF81",1,1,0,1,1,1,1,1,1,0,1,1,1,1,1,2,1,1,1,0,1,1,1,1,1,0,1,0,0,1,0,1,1,1,1,1,0,1,2,1,0,1,1,1,1
"PTHR10985_SF84",1,1,0,1,1,1,1,1,1,0,1,1,1,1,1,1,1,1,1,1,1,1,1,1,1,1,1,1,1,1,1,1,1,1,1,1,1,1,1,1,1,1,1,1,1
"PTHR10986",1,1,1,1,2,1,1,2,1,1,1,1,1,1,1,1,0,1,2,1,1,1,1,2,2,0,1,1,1,1,2,1,1,2,1,2,1,1,1,1,1,1,1,1,1
"PTHR10989_SF11",1,1,1,1,1,1,1,1,1,1,1,1,1,1,1,1,1,1,1,1,1,1,1,1,1,1,1,1,1,1,1,1,1,1,1,1,1,1,1,1,1,1,1,1,1
"PTHR10989_SF15",1,1,1,1,1,1,1,1,1,1,1,1,1,1,1,1,1,1,1,2,1,0,1,1,1,1,2,1,1,1,1,1,1,1,2,1,1,1,1,1,2,1,1,1,1
"PTHR10992_SF21",1,1,1,1,1,1,1,1,1,1,1,1,1,1,1,1,1,1,1,1,1,1,1,1,1,1,1,1,1,1,1,1,1,1,1,1,1,1,1,1,1,1,1,1,1
"PTHR10992_SF23",1,1,1,1,1,1,1,1,1,1,1,1,1,1,1,1,1,1,1,1,1,1,1,1,1,1,1,1,1,1,0,1,1,1,1,1,1,1,1,1,1,1,1,1,1
"PTHR10992_SF25",1,1,2,2,2,1,1,1,1,1,1,1,1,3,1,1,3,1,2,1,2,1,1,2,2,1,1,4,1,1,1,3,1,1,1,1,4,1,4,1,2,1,1,1,2
"PTHR10992_SF277",1,1,1,1,1,1,1,1,1,2,1,1,1,1,1,1,1,1,1,1,1,1,1,1,1,1,1,1,1,1,1,1,1,1,1,1,1,1,1,1,1,1,1,1,1
"PTHR10992_SF278",1,1,1,1,0,1,1,1,1,1,1,1,1,1,1,1,1,1,1,1,1,1,1,1,1,1,1,1,1,1,1,1,1,1,1,1,1,1,1,1,1,1,1,1,1
"PTHR10992_SF281",1,1,1,1,1,1,1,1,1,1,1,1,1,1,1,1,1,1,1,0,1,1,1,1,2,1,1,1,1,1,1,1,1,1,1,1,1,1,1,1,1,0,1,1,1
"PTHR10992_SF737",2,2,2,2,2,2,2,2,2,2,2,2,2,2,2,2,2,2,3,2,3,2,2,3,2,2,2,2,2,2,2,2,2,3,3,2,2,2,2,2,2,2,2,3,2
"PTHR10992_SF758",1,1,1,1,1,1,1,1,1,1,1,1,1,1,1,1,1,1,1,1,1,1,1,1,1,1,1,1,1,1,1,1,1,1,1,1,1,1,1,1,1,1,1,1,1
"PTHR10992_SF768",1,1,1,1,1,1,1,1,1,1,1,1,1,1,1,1,1,1,1,1,1,1,1,1,2,1,1,1,1,1,1,0,1,1,3,1,1,1,2,1,1,1,1,5,1
"PTHR10992_SF772",1,1,1,2,1,1,2,1,1,1,1,1,1,1,1,1,1,1,1,1,1,1,1,1,1,1,1,1,1,1,1,1,1,1,1,1,1,1,1,1,2,1,1,1,2
"PTHR10993_SF7",1,1,1,1,1,1,1,1,1,1,1,1,1,1,1,1,1,1,1,1,1,1,1,1,1,1,1,1,1,1,0,1,1,1,1,1,1,1,1,1,1,1,1,1,1
"PTHR10994_SF1",1,1,1,1,1,1,1,1,1,2,1,1,1,1,2,1,1,1,1,1,1,1,1,1,1,1,1,1,1,1,1,1,1,1,1,1,2,1,2,1,1,1,1,1,1
"PTHR10994_SF25",1,1,1,1,1,1,1,1,1,1,1,1,1,1,1,1,1,1,1,1,1,1,1,1,1,1,1,1,1,1,1,1,1,1,1,1,1,1,1,1,1,1,1,2,1
"PTHR10994_SF26",1,1,1,1,1,2,1,1,1,2,1,1,1,1,1,1,1,1,1,3,1,1,1,1,1,1,1,1,1,1,0,1,2,2,2,1,2,1,1,1,1,1,1,1,1
"PTHR10994_SF66",1,1,1,1,1,1,1,1,1,1,1,1,1,1,1,1,1,1,1,1,1,1,1,1,1,1,1,1,1,1,1,1,1,1,1,1,1,1,1,1,1,1,1,3,1
"PTHR10996_SF106",1,1,1,1,1,1,1,1,1,1,1,1,1,1,1,1,1,1,1,1,1,1,1,1,1,1,1,1,1,1,1,2,1,1,1,1,1,1,1,1,1,1,1,1,1
"PTHR10996_SF118",1,1,0,0,0,1,0,0,0,1,1,1,1,0,0,0,1,1,0,1,0,1,0,0,0,0,0,0,0,1,1,0,1,0,1,0,0,1,0,0,0,1,0,1,0
"PTHR10996_SF128",1,1,1,1,1,1,4,1,1,1,1,1,1,1,1,1,1,1,1,1,1,1,1,1,1,1,1,1,1,1,0,3,1,1,1,1,1,1,1,1,1,1,2,1,1
"PTHR10996_SF20",1,1,1,3,3,1,2,1,1,1,1,1,1,1,1,1,1,1,1,1,1,1,1,1,3,1,1,1,1,1,1,2,1,1,1,1,1,1,1,1,3,1,1,2,0
"PTHR10996_SF72",1,1,2,2,1,2,1,1,1,3,1,1,1,4,8,1,2,1,3,1,1,1,1,3,1,2,1,1,1,1,2,2,2,3,1,1,3,1,4,1,2,1,1,1,1
"PTHR10997_SF26",1,1,1,1,1,1,1,1,1,1,1,1,1,1,1,1,1,1,1,1,1,1,1,1,1,1,1,1,1,1,1,1,1,1,1,1,1,1,1,1,1,1,1,1,1
"PTHR10997_SF27",1,1,3,1,1,1,1,1,1,1,1,3,1,3,2,1,1,1,3,1,1,1,1,3,1,1,1,1,1,1,1,1,1,3,1,1,3,1,3,1,1,1,1,1,2
"PTHR10997_SF7",1,1,1,1,1,1,1,1,1,0,1,1,1,1,1,1,1,1,1,1,1,2,1,1,1,1,1,1,1,1,2,1,1,1,1,1,1,1,1,1,1,1,1,1,1
"PTHR10997_SF8",1,1,1,1,1,1,1,1,2,1,1,1,1,1,2,1,1,1,1,1,1,1,1,1,1,1,1,1,1,1,1,2,1,1,1,0,1,1,1,1,1,1,1,1,1
"PTHR10997_SF9",1,1,1,1,1,1,1,1,1,1,1,1,1,1,1,1,1,1,1,1,1,1,1,1,1,1,1,1,1,1,1,1,1,1,1,1,1,1,1,1,1,1,1,1,1
"PTHR11001",1,1,1,1,1,1,1,1,1,1,1,1,1,1,1,1,1,1,1,1,1,1,1,1,1,1,1,1,1,1,1,1,1,1,1,1,1,1,1,1,1,1,1,3,1
"PTHR11003_SF101",1,1,1,1,1,1,1,1,1,0,1,1,1,1,1,1,1,1,1,1,1,1,1,1,1,1,1,1,1,1,1,1,1,1,1,1,1,1,1,1,1,1,1,1,1
"PTHR11003_SF11",1,1,0,1,1,1,1,1,1,1,1,1,1,1,1,1,1,1,1,1,1,1,1,1,1,1,1,0,1,1,1,1,1,1,1,1,0,1,1,1,1,1,1,1,1
"PTHR11003_SF18",1,1,0,1,1,1,1,1,1,0,1,1,1,1,1,1,1,1,1,1,0,1,1,1,1,1,1,1,0,1,1,1,1,1,1,1,1,1,1,1,0,1,0,1,0
"PTHR11003_SF21",1,1,1,1,1,1,1,1,1,1,1,1,1,1,1,1,1,1,1,1,1,1,1,1,1,1,1,1,1,1,1,1,2,1,1,1,1,1,1,1,1,1,1,1,1
"PTHR11003_SF22",1,1,1,1,1,1,1,1,1,2,1,1,1,1,1,1,1,1,1,1,1,1,1,1,1,1,1,1,1,1,1,1,1,1,1,1,1,1,1,1,1,1,1,2,1
"PTHR11003_SF24",1,1,1,1,1,1,1,0,0,1,1,1,1,1,0,1,1,1,1,0,1,1,0,1,0,1,1,1,1,1,1,0,1,1,1,1,1,1,1,0,1,1,1,2,1
"PTHR11003_SF28",1,1,1,1,1,1,1,1,1,1,1,1,1,1,1,1,1,1,1,1,1,1,1,1,1,1,1,1,1,1,1,1,1,1,1,1,1,1,1,2,1,1,1,1,1
"PTHR11003_SF30",1,1,1,1,1,1,1,1,1,1,1,1,1,1,1,1,1,1,1,1,1,1,1,1,1,1,1,0,1,1,1,1,1,1,1,1,1,1,1,1,1,1,1,1,1
"PTHR11003_SF31",1,1,1,1,1,1,0,1,1,1,1,1,1,1,1,1,1,1,1,1,1,1,1,1,1,1,1,1,1,1,1,1,1,1,1,1,1,1,1,1,1,1,1,1,1
"PTHR11003_SF32",1,1,1,1,1,1,1,1,1,1,1,1,1,1,1,1,1,1,1,1,1,1,1,1,1,1,1,1,1,1,1,1,1,1,1,1,1,1,1,1,1,1,1,1,1
"PTHR11003_SF56",1,1,1,1,1,1,1,1,1,1,1,1,1,1,2,1,1,1,1,1,1,1,1,1,1,1,2,1,1,1,1,0,1,1,1,1,1,1,1,1,1,1,1,2,1
"PTHR11003_SF57",1,1,1,1,1,0,1,1,1,1,1,1,1,1,2,1,1,1,1,1,1,1,1,1,2,1,1,1,1,0,1,1,1,1,1,1,1,1,1,1,1,1,1,1,1
"PTHR11003_SF59",1,1,1,1,1,1,1,1,1,1,1,1,1,1,1,1,1,1,1,1,1,1,1,1,1,1,1,1,1,1,1,1,1,1,1,1,1,1,1,1,1,1,1,2,1
"PTHR11003_SF75",1,1,1,1,1,1,1,1,1,2,1,1,1,1,1,1,1,1,1,0,1,1,1,1,1,1,1,1,1,1,1,1,1,1,1,1,1,1,1,1,1,1,1,1,1
"PTHR11003_SF91",1,1,1,1,1,1,1,0,1,1,1,1,1,1,0,1,0,0,1,1,1,0,1,1,1,0,0,1,1,1,0,0,1,1,1,1,1,1,1,1,1,0,1,0,1
"PTHR11005_SF11",1,1,1,1,1,1,1,1,0,0,1,1,1,1,0,1,0,1,1,0,1,1,0,1,0,0,0,1,1,1,1,1,1,1,0,0,1,1,1,0,1,0,0,0,1
"PTHR11005_SF12",1,1,1,1,1,1,1,1,1,1,1,1,1,1,1,1,1,1,1,1,1,1,1,1,1,1,1,1,1,1,1,1,1,1,1,1,1,1,1,1,1,1,1,1,1
"PTHR11005_SF15",1,1,1,1,1,1,1,1,1,1,1,1,1,1,0,1,1,1,1,1,1,1,5,1,1,1,1,1,1,1,1,1,1,1,4,1,1,1,1,3,1,0,1,3,1
"PTHR11005_SF16",1,1,1,1,1,1,1,1,1,1,1,1,1,1,1,1,1,1,1,1,1,1,1,1,1,2,1,1,1,1,1,1,1,1,1,1,1,1,1,1,1,1,1,1,1
"PTHR11005_SF25",1,1,1,1,1,4,1,1,1,0,2,5,1,1,1,1,1,1,1,1,1,1,2,1,1,1,2,1,1,0,1,1,1,1,1,4,1,1,1,1,1,0,1,1,1
"PTHR11005_SF26",1,1,1,1,1,1,1,1,1,24,1,1,1,1,1,1,1,1,1,1,1,1,1,1,1,1,1,1,1,1,1,1,1,1,1,1,1,1,1,1,1,1,1,1,1
"PTHR11006_SF4",1,1,1,1,1,1,1,1,1,1,1,1,1,1,1,1,1,1,1,1,1,1,1,1,1,1,1,1,1,1,1,1,1,1,1,1,1,1,1,1,1,1,1,1,1
"PTHR11006_SF45",1,1,1,1,1,1,1,1,1,1,1,1,1,1,2,1,1,1,1,1,1,1,1,1,1,1,1,1,1,1,1,1,1,1,1,1,1,1,1,1,1,1,1,1,2
"PTHR11006_SF47",1,1,1,1,1,1,1,1,1,1,1,1,1,1,1,1,1,1,1,1,1,1,1,1,1,1,1,1,1,1,1,1,1,1,1,1,1,1,1,1,1,1,1,1,1
"PTHR11006_SF48",1,1,1,1,1,1,1,1,1,1,1,1,1,1,1,1,1,1,1,1,1,1,1,1,0,1,1,1,1,1,1,1,1,1,1,1,1,1,1,1,1,1,1,1,1
"PTHR11006_SF49",1,0,0,0,1,0,0,0,0,0,1,1,1,0,1,0,0,0,0,1,0,1,0,0,0,1,0,0,0,1,1,0,0,0,1,0,0,1,0,0,0,1,0,0,1
"PTHR11006_SF50",1,1,1,2,1,1,4,1,1,1,1,1,1,1,1,1,1,1,1,1,1,1,1,1,1,1,1,1,1,1,2,1,1,1,1,1,1,1,1,2,1,1,1,1,1
"PTHR11006_SF51",1,1,1,1,2,1,1,1,1,1,1,1,1,1,1,1,1,1,1,1,1,1,1,1,1,1,1,2,1,1,1,1,1,1,2,1,1,1,1,1,1,1,1,5,1
"PTHR11006_SF52",1,1,1,1,1,1,1,1,1,2,1,1,1,1,1,1,1,1,1,1,1,1,1,1,1,1,2,1,1,1,1,1,1,1,1,1,1,1,1,1,1,1,1,1,2
"PTHR11006_SF54",2,1,3,2,1,2,3,1,1,1,1,1,2,2,1,1,1,1,2,2,2,1,1,2,3,1,2,2,1,2,1,3,1,2,1,1,2,3,2,2,1,1,1,1,1
"PTHR11009",3,3,3,4,3,3,5,3,3,3,2,6,3,3,3,4,3,3,3,3,3,3,3,3,3,3,3,3,3,2,3,3,3,3,3,3,3,3,3,4,3,3,3,3,2
"PTHR11010_SF11",1,1,1,1,1,1,1,1,1,1,1,1,1,1,1,1,1,1,1,1,1,1,1,1,1,1,2,1,1,1,1,1,1,1,1,2,1,1,1,1,1,1,1,1,1
"PTHR11010_SF22",1,1,1,1,1,2,1,1,1,0,1,1,1,1,1,1,1,1,1,1,1,1,1,1,1,1,1,1,1,1,1,1,1,1,1,1,1,1,1,1,1,1,1,1,1
"PTHR11010_SF29",1,1,1,1,1,1,1,1,1,1,1,1,1,1,1,1,1,1,1,0,1,1,1,1,1,1,2,1,1,0,0,1,1,1,1,1,1,0,1,1,1,1,1,1,1
"PTHR11011",2,2,2,3,2,2,3,4,3,2,2,2,3,2,6,2,2,2,3,2,2,2,2,3,2,2,3,2,2,2,2,2,2,3,2,2,2,2,2,2,4,2,2,2,2
"PTHR11014_SF51",1,1,1,1,1,1,2,1,1,1,1,1,1,1,1,1,1,1,1,1,2,1,1,1,1,1,1,1,1,1,1,1,1,1,1,1,1,1,1,1,1,1,1,1,1
"PTHR11014_SF58",1,1,1,1,1,1,1,1,1,1,1,1,1,1,1,1,0,1,1,1,1,1,1,1,1,1,1,1,1,1,1,1,1,1,1,1,1,1,1,1,1,1,1,1,1
"PTHR11014_SF66",1,1,1,1,1,1,1,1,1,1,1,1,1,1,1,1,1,1,1,1,1,1,1,1,1,1,1,1,1,1,1,1,1,1,1,1,1,1,2,1,1,2,1,1,1
"PTHR11014_SF8",1,1,1,1,1,1,1,1,1,1,1,1,1,1,1,2,1,1,1,1,1,1,1,1,1,1,1,1,1,0,1,1,1,1,1,1,1,1,1,1,1,1,1,1,1
"PTHR11019_SF4",1,1,3,5,1,1,3,1,1,2,1,1,1,2,1,1,1,1,3,1,1,3,1,4,1,1,1,1,1,1,1,1,1,1,1,1,2,1,2,1,3,1,1,1,1
"PTHR11021_SF0",2,2,1,3,3,0,1,1,1,3,0,1,2,3,2,1,1,1,1,5,1,2,1,1,3,1,1,1,1,1,1,1,1,1,1,1,3,2,3,1,4,1,1,4,2
"PTHR11021_SF1",1,2,3,2,1,3,1,2,1,2,1,1,1,1,1,1,1,1,1,1,1,2,1,2,1,1,1,1,1,2,1,4,2,1,1,1,1,1,1,2,2,1,1,2,1
"PTHR11022_SF13",1,1,1,1,1,1,1,1,1,1,1,2,1,1,1,1,1,1,1,1,1,1,1,1,1,1,1,1,1,1,1,1,1,1,1,1,1,2,1,1,1,1,1,1,1
"PTHR11022_SF32",1,1,1,1,1,1,1,1,1,1,0,2,1,1,1,1,1,2,1,1,1,1,1,1,1,1,1,1,1,1,1,1,1,1,1,1,1,1,1,1,1,1,1,2,1
"PTHR11024",3,2,2,2,2,3,2,2,2,4,2,2,2,2,3,2,2,2,2,2,2,4,2,2,2,2,2,3,2,1,2,3,2,3,3,2,2,3,2,2,3,2,2,3,2
"PTHR11027",1,1,1,1,1,1,1,1,1,1,1,1,0,1,1,1,1,1,1,1,1,0,1,1,1,1,1,1,1,1,1,1,1,1,0,1,1,0,1,1,1,1,1,0,1
"PTHR11028",2,2,3,3,2,2,2,2,2,2,2,2,4,2,3,2,2,2,2,2,2,2,2,2,3,2,2,2,2,2,2,2,2,2,2,2,2,3,2,2,3,2,2,2,3
"PTHR11032",1,1,1,1,1,1,1,1,1,0,1,1,1,1,1,1,1,1,1,0,1,1,1,1,1,1,1,1,1,1,0,1,0,1,1,1,1,1,1,1,1,0,1,1,1
"PTHR11034",6,4,5,4,5,4,6,4,4,3,4,4,6,4,4,4,4,4,4,4,4,4,4,4,4,4,6,4,5,4,4,5,4,4,5,5,4,5,4,4,5,5,4,4,4
"PTHR11035",4,4,3,4,4,4,5,4,4,3,4,4,4,3,5,4,4,4,4,5,4,5,4,4,4,4,5,4,4,4,4,7,4,4,4,4,4,4,4,4,3,4,4,4,4
"PTHR11036_SF10",1,0,1,1,1,1,1,1,1,1,1,1,1,0,1,1,1,0,1,1,1,1,1,1,1,1,1,1,1,1,0,1,1,1,1,1,1,0,1,1,1,1,1,1,1
"PTHR11036_SF11",1,1,1,1,1,1,1,1,1,1,1,1,1,1,1,1,1,1,1,1,1,1,1,1,1,1,1,1,1,1,1,1,1,1,1,1,1,1,1,1,1,1,1,2,1
"PTHR11036_SF12",1,2,1,1,1,1,2,1,1,1,1,1,1,1,1,1,1,1,1,1,1,1,1,1,1,1,1,1,1,1,1,1,1,1,1,1,1,1,1,1,1,1,1,1,1
"PTHR11036_SF14",1,1,1,1,1,1,1,1,1,1,1,1,1,1,1,1,1,1,1,1,1,1,1,1,1,1,2,1,1,1,1,1,0,1,1,1,1,1,1,1,1,1,1,1,1
"PTHR11036_SF15",1,1,1,1,1,1,1,1,1,2,1,1,1,1,1,1,1,1,1,1,1,1,1,1,1,1,1,1,1,1,1,1,1,1,1,1,1,1,1,1,1,1,1,1,2
"PTHR11036_SF16",1,1,1,1,1,1,1,1,1,1,1,1,1,1,1,1,1,1,1,1,1,1,1,1,1,1,1,1,1,1,1,1,1,1,1,1,1,1,1,1,1,1,1,1,1
"PTHR11036_SF17",1,1,1,1,1,1,0,1,1,1,1,1,1,1,1,1,1,1,1,1,1,1,1,1,1,1,1,1,1,1,1,1,1,1,1,1,1,1,1,1,1,1,1,1,1
"PTHR11036_SF18",1,1,1,1,1,1,1,1,1,1,1,1,1,1,1,1,1,1,1,1,1,1,1,1,1,1,1,1,0,1,1,1,1,1,1,1,1,1,1,1,1,1,1,1,1
"PTHR11036_SF20",1,1,1,1,1,1,1,1,1,1,1,1,1,1,1,1,1,1,1,1,1,1,1,1,1,1,1,1,1,1,1,1,1,1,1,1,1,1,1,1,1,1,1,1,1
"PTHR11036_SF22",1,1,1,1,1,1,1,1,1,1,1,1,1,1,1,1,1,1,1,1,1,1,1,1,1,1,1,1,1,1,0,1,1,1,1,1,1,1,1,1,1,1,1,1,1
"PTHR11036_SF23",1,1,1,1,1,1,1,1,1,1,1,1,1,1,1,1,0,1,1,1,1,1,1,1,1,1,1,1,1,1,1,1,1,1,1,1,1,1,1,1,1,1,1,1,1
"PTHR11036_SF25",1,1,1,1,1,1,1,1,1,1,1,1,1,1,1,1,1,1,1,1,1,1,1,1,1,1,1,1,1,1,1,1,1,1,1,1,1,1,1,1,1,1,1,1,1
"PTHR11036_SF27",1,1,1,1,1,1,1,1,1,1,1,1,1,1,1,1,1,1,1,0,1,1,1,1,1,1,1,1,1,1,1,1,1,1,1,1,1,1,1,1,1,1,1,1,1
"PTHR11036_SF36",1,1,1,1,1,1,1,1,1,1,1,1,1,1,1,1,1,1,1,1,1,1,1,1,1,1,1,1,1,1,1,1,1,1,1,1,1,1,2,1,1,1,1,1,1
"PTHR11036_SF37",1,1,1,1,1,1,1,1,1,1,1,1,1,1,1,1,1,1,1,0,1,1,1,1,1,1,1,1,1,1,1,1,1,1,1,1,1,1,1,1,1,1,1,1,1
"PTHR11036_SF39",1,1,1,1,1,1,1,1,1,1,1,1,1,1,1,1,1,1,1,1,1,0,1,1,1,1,1,1,1,1,1,1,1,1,1,1,1,1,1,1,1,1,1,1,1
"PTHR11036_SF65",1,1,1,1,1,1,1,1,1,1,1,1,1,1,1,1,1,1,1,1,1,1,1,1,1,1,1,1,1,1,1,1,1,1,1,1,1,1,1,1,1,1,1,1,1
"PTHR11036_SF67",1,1,1,1,1,1,1,1,1,1,1,1,1,1,1,2,1,1,1,1,1,1,1,1,1,1,1,1,1,1,1,1,1,1,1,1,1,1,1,1,1,1,1,1,1
"PTHR11036_SF72",1,1,1,1,1,1,1,1,1,1,1,1,1,1,1,1,1,1,1,6,1,1,1,1,1,1,1,1,1,1,1,1,1,1,1,1,1,1,1,1,1,1,1,1,1
"PTHR11036_SF78",1,1,1,1,1,1,1,1,1,1,1,1,1,1,1,1,1,1,1,1,1,1,1,1,1,1,1,1,1,1,1,1,1,1,1,1,1,1,1,1,1,1,1,1,1
"PTHR11037_SF11",1,1,1,1,1,1,1,1,1,2,1,1,1,1,1,1,1,1,1,1,1,1,1,1,1,2,1,1,1,1,1,2,1,1,1,1,1,1,1,1,1,1,1,1,1
"PTHR11037_SF12",1,1,0,0,1,0,0,0,0,1,1,1,1,0,0,0,0,1,0,1,0,0,0,0,0,0,0,0,0,1,0,0,0,0,1,0,0,1,0,0,1,1,0,1,1
"PTHR11037_SF13",1,1,1,1,1,1,1,1,1,2,1,1,1,1,2,1,1,2,1,1,1,0,1,1,1,1,1,1,1,1,1,1,1,1,2,1,1,1,1,1,1,1,1,1,1
"PTHR11037_SF15",1,1,1,1,1,1,1,1,1,1,1,1,1,1,1,1,1,1,1,1,1,1,1,1,1,1,1,1,1,1,1,1,1,1,1,1,1,1,1,1,1,1,1,1,1
"PTHR11037_SF16",1,1,1,1,1,2,1,1,1,1,2,1,1,1,1,1,1,1,1,1,1,1,1,1,1,1,1,1,1,1,1,1,1,1,1,1,1,2,1,1,1,1,1,1,1
"PTHR11037_SF17",1,1,1,1,1,1,1,1,1,1,1,1,1,1,1,1,1,1,1,1,1,1,1,1,1,1,4,1,1,1,1,1,1,1,1,1,1,1,1,1,1,1,1,1,1
"PTHR11037_SF6",1,1,1,1,1,1,1,1,1,1,1,1,1,1,1,1,1,1,1,2,1,1,1,1,1,1,1,1,1,1,1,1,1,1,1,1,1,1,1,1,1,1,1,1,1
"PTHR11038",1,1,1,1,1,3,1,1,1,1,1,1,1,1,1,1,1,1,1,1,1,1,1,1,2,2,1,1,1,1,1,1,1,1,1,1,1,1,1,1,1,1,1,1,1
"PTHR11039_SF3",2,2,2,2,2,2,3,2,1,1,2,2,2,2,2,2,2,1,2,2,2,2,2,2,2,1,1,2,2,1,1,2,1,2,2,2,2,2,2,2,1,1,1,2,1
"PTHR11039_SF30",1,1,1,1,1,1,1,1,1,1,2,1,1,1,1,1,1,1,1,1,1,1,1,1,2,1,3,1,1,1,1,2,1,1,2,1,1,1,1,1,1,1,1,1,4
"PTHR11039_SF31",1,1,1,1,1,1,1,1,1,1,1,1,1,1,1,1,1,1,1,1,1,1,1,1,1,1,1,1,1,1,1,1,1,1,1,1,1,1,1,1,1,1,1,1,1
"PTHR11039_SF37",1,1,1,1,1,1,1,1,1,1,1,1,2,1,1,1,1,1,1,1,0,1,1,1,1,1,2,1,1,1,1,1,1,1,1,1,1,1,1,1,1,1,1,1,1
"PTHR11039_SF39",1,1,1,1,1,1,1,1,1,1,1,1,1,1,1,1,1,1,1,1,1,1,1,1,1,1,1,1,1,1,1,1,1,1,1,1,1,1,1,1,1,1,1,1,1
"PTHR11040_SF30",1,1,1,2,1,1,1,1,1,1,1,1,1,1,2,1,1,1,1,1,1,2,1,2,2,1,1,1,1,1,1,1,1,2,1,1,1,1,1,1,2,1,1,2,1
"PTHR11040_SF38",1,1,1,1,1,1,1,1,2,1,1,1,1,1,1,1,1,1,1,2,1,1,1,1,1,1,1,1,0,1,1,1,0,1,1,1,1,1,1,1,1,1,1,1,1
"PTHR11040_SF45",1,1,1,1,1,1,1,1,1,1,1,1,1,1,1,1,1,1,1,1,1,1,1,1,1,1,1,1,1,1,0,1,1,1,1,1,1,1,1,1,1,0,0,1,1
"PTHR11042_SF38",1,1,1,1,1,1,1,1,1,1,1,1,1,1,1,1,1,1,1,1,1,1,1,1,1,1,1,1,1,1,1,1,1,1,1,1,1,1,1,1,1,1,1,1,1
"PTHR11042_SF58",1,1,1,1,1,1,1,1,2,2,1,1,1,1,1,1,1,1,1,1,1,3,1,1,1,1,1,1,1,1,1,1,1,1,1,1,1,1,1,1,1,1,1,1,1
"PTHR11042_SF59",1,1,1,1,1,1,1,1,1,1,1,1,1,1,1,1,1,1,1,1,1,1,1,1,1,1,2,1,1,1,1,1,1,1,1,1,1,1,1,1,1,1,1,1,1
"PTHR11042_SF70",1,1,1,1,1,1,1,1,1,1,1,1,1,1,1,1,1,1,1,1,1,1,1,1,1,1,1,1,1,1,1,1,1,1,1,1,1,1,1,1,1,1,1,1,1
"PTHR11042_SF72",1,1,1,1,1,1,1,1,1,1,1,1,1,1,1,1,1,1,1,1,1,1,1,1,1,1,1,1,1,1,1,1,1,1,1,1,1,1,1,1,1,1,1,1,1
"PTHR11042_SF73",1,1,1,1,1,1,1,1,1,1,1,1,1,1,1,1,1,1,1,1,1,1,1,1,1,1,1,1,1,1,1,1,1,1,1,1,1,1,1,1,1,1,1,2,1
"PTHR11042_SF75",1,1,1,1,1,2,1,1,2,1,1,1,1,1,1,2,0,1,1,1,1,1,1,1,1,1,1,1,1,1,1,1,2,1,0,1,1,1,1,1,1,1,1,0,1
"PTHR11042_SF77",1,1,0,1,1,1,1,1,1,1,1,1,1,1,1,1,1,1,1,3,1,1,1,1,1,1,2,1,1,1,1,0,1,1,1,1,1,1,1,1,1,1,1,1,1
"PTHR11042_SF88",1,1,1,2,1,1,1,1,1,1,1,1,1,2,1,2,1,1,2,1,1,2,1,2,1,1,1,1,1,1,1,1,1,2,1,1,2,1,3,1,1,1,1,3,1
"PTHR11043",2,2,3,2,3,2,3,2,2,2,2,2,2,2,2,2,3,3,2,1,3,2,2,2,2,2,2,2,2,2,3,2,2,3,3,2,2,2,2,2,2,2,2,2,2
"PTHR11046",1,1,1,1,1,1,3,1,1,1,1,1,1,1,1,1,1,1,1,1,1,1,1,1,1,1,1,1,1,1,1,3,1,1,1,1,1,1,1,1,1,1,1,1,1
"PTHR11048",2,2,2,2,2,3,3,2,2,2,2,2,2,2,2,2,2,1,2,2,2,2,2,2,2,2,2,2,2,2,2,2,3,2,2,2,2,2,2,2,2,2,2,2,2
"PTHR11049_SF1",1,1,1,1,1,1,1,1,1,1,1,1,1,1,1,1,1,1,1,1,1,1,1,1,1,1,1,1,1,1,1,1,1,1,2,1,1,1,1,1,1,1,1,1,1
"PTHR11049_SF3",1,1,1,1,1,1,1,1,1,1,1,1,1,1,1,1,1,1,1,1,1,1,1,1,1,1,1,1,1,1,1,1,1,1,1,1,1,1,1,1,1,1,1,1,1
"PTHR11049_SF4",1,1,2,2,1,1,4,1,1,1,1,1,1,1,1,1,1,1,2,1,1,1,1,2,1,2,1,1,1,1,1,2,1,2,1,1,2,1,2,1,2,1,1,1,1
"PTHR11051",1,1,1,1,1,1,1,1,1,1,1,1,1,1,1,1,1,1,1,0,1,1,1,1,1,1,1,1,1,1,1,1,1,1,1,0,1,0,1,1,1,1,1,1,1
"PTHR11054",1,1,1,1,1,1,1,1,1,1,1,1,1,1,1,1,1,1,1,1,1,1,1,1,1,1,1,1,1,1,0,1,1,1,1,1,1,1,1,1,1,1,1,1,1
"PTHR11055",2,2,2,2,2,2,2,2,2,2,2,2,2,2,2,2,2,2,2,2,2,2,2,2,2,2,2,2,2,4,2,2,2,2,2,2,2,2,2,2,2,2,2,2,2
"PTHR11056",1,1,1,1,1,1,1,1,1,1,1,1,1,1,1,1,1,1,1,1,1,1,1,1,1,1,1,1,1,1,1,1,1,1,1,1,1,1,1,1,1,1,1,1,1
"PTHR11058_SF9",1,1,0,0,1,1,0,1,1,1,0,1,1,1,1,1,1,1,1,0,0,1,1,0,1,0,1,0,1,1,1,0,0,0,1,0,1,1,1,1,1,1,1,1,0
"PTHR11060",1,1,2,1,1,3,3,1,1,2,1,1,1,2,3,1,1,1,2,1,1,2,1,2,1,1,1,2,3,2,2,3,1,2,2,1,3,1,3,1,1,1,1,2,1
"PTHR11061",2,1,2,2,1,2,2,1,1,1,2,2,2,2,1,2,2,2,2,2,2,2,3,2,2,2,1,2,2,2,2,1,1,2,4,2,2,2,3,1,2,2,2,4,1
"PTHR11062_SF45",2,1,1,1,1,1,1,1,1,1,1,1,1,0,1,1,1,1,1,1,1,1,1,1,1,1,2,1,1,1,1,1,1,1,1,1,1,1,1,1,1,1,1,1,1
"PTHR11062_SF55",1,1,1,1,1,1,1,1,1,1,1,1,1,1,1,1,1,1,1,2,1,1,1,1,1,1,1,1,1,1,1,1,1,1,1,1,1,1,1,1,1,1,1,1,1
"PTHR11062_SF57",1,1,1,1,1,1,1,1,1,1,1,1,1,1,1,1,1,1,1,1,1,1,1,1,1,1,1,1,1,1,1,1,1,1,1,1,1,1,1,1,1,1,1,1,1
"PTHR11062_SF6",1,1,1,1,1,1,1,1,1,1,1,1,1,1,1,1,1,1,1,1,1,1,1,1,1,1,1,1,1,1,1,1,1,1,1,1,1,1,1,1,1,1,1,1,1
"PTHR11062_SF8",1,1,1,1,1,1,1,1,1,1,1,1,1,1,1,1,1,1,1,1,1,1,1,1,1,1,1,1,1,1,1,1,1,1,1,1,1,1,1,1,1,1,1,1,1
"PTHR11063",1,1,1,1,1,1,1,1,1,1,1,1,1,1,1,1,1,1,1,1,1,1,1,1,1,1,1,1,1,1,1,1,1,1,1,1,1,1,1,2,1,1,1,1,1
"PTHR11064_SF22",1,2,1,1,1,1,1,0,0,1,1,1,1,1,1,2,1,1,1,1,1,1,1,1,1,1,1,1,1,1,1,0,1,1,1,1,1,1,1,1,1,1,1,1,1
"PTHR11064_SF24",1,2,2,1,1,1,2,1,1,3,1,1,1,2,1,1,2,1,2,1,1,1,1,2,1,1,1,2,1,2,1,1,1,1,1,1,2,1,2,1,1,1,1,1,1
"PTHR11064_SF25",1,1,0,0,1,1,1,0,0,1,1,1,1,0,0,0,0,2,0,7,0,0,2,0,0,1,3,0,1,1,1,0,2,0,0,3,0,0,0,3,0,1,1,0,2
"PTHR11064_SF26",1,1,1,1,1,1,1,1,1,1,1,1,1,1,3,1,1,1,1,1,1,1,1,1,1,1,1,1,1,1,1,1,1,1,1,1,1,2,1,2,1,1,1,1,1
"PTHR11065",2,1,1,1,1,1,1,1,1,1,1,1,1,1,1,1,1,1,1,1,1,1,1,1,0,1,1,1,1,1,1,1,1,1,1,1,1,1,1,1,1,1,1,1,1
"PTHR11066",1,1,1,2,1,1,1,1,1,1,1,1,1,1,1,1,1,1,1,1,1,1,1,1,1,1,1,1,1,1,1,1,1,1,1,0,1,1,1,1,1,1,1,1,1
"PTHR11067",1,1,1,1,2,1,1,1,1,1,1,1,1,1,1,1,1,1,1,1,1,1,1,1,2,1,1,1,1,1,1,1,1,1,1,2,1,1,1,1,1,1,1,1,1
"PTHR11069",1,1,2,1,1,1,1,1,1,1,1,1,1,1,1,2,1,1,1,1,1,1,1,2,1,1,1,2,1,1,1,1,1,2,1,1,2,1,2,1,1,1,1,1,1
"PTHR11070",1,1,1,1,1,1,1,1,1,1,1,1,1,1,1,1,1,1,1,1,1,1,1,1,0,1,1,1,1,1,1,1,1,1,1,1,1,1,1,1,1,1,1,1,1
"PTHR11071_SF116",1,1,1,1,1,1,1,1,1,1,1,1,1,1,1,1,1,1,1,1,1,1,1,1,1,1,1,1,1,1,1,1,2,1,1,1,1,1,1,1,1,1,1,1,1
"PTHR11071_SF147",4,4,3,3,3,3,3,3,3,3,3,3,3,4,3,3,3,2,4,3,3,3,3,4,4,3,3,3,2,3,3,4,3,4,2,4,4,3,4,3,4,3,2,4,3
"PTHR11071_SF152",1,1,1,1,1,1,1,1,2,1,0,1,1,1,2,1,1,1,1,1,1,1,1,1,1,1,2,1,1,1,1,3,1,1,1,1,1,1,1,1,1,1,1,1,1
"PTHR11071_SF156",1,1,1,1,1,1,1,1,1,1,1,1,1,1,1,1,1,1,1,1,1,1,1,1,2,1,2,1,1,1,2,1,2,1,1,1,1,1,1,1,1,1,1,1,1
"PTHR11071_SF168",1,1,1,1,1,1,1,1,1,1,1,1,1,1,1,1,1,1,1,1,1,1,1,1,1,1,1,1,1,1,1,1,1,1,1,1,1,1,1,1,1,1,1,1,1
"PTHR11071_SF210",1,1,1,1,1,1,1,1,1,0,1,1,1,1,1,1,1,0,1,1,1,1,1,1,1,1,1,1,1,1,1,0,0,1,1,1,1,1,1,1,1,1,1,1,1
"PTHR11071_SF213",1,1,1,2,1,1,1,1,1,1,2,4,1,1,1,1,1,1,1,1,1,1,1,1,1,1,1,1,1,1,1,1,1,1,1,1,1,1,1,1,1,1,1,1,1
"PTHR11071_SF237",5,6,22,4,10,5,13,3,2,9,3,2,8,12,3,9,3,2,16,9,10,2,2,6,12,9,9,10,8,8,7,11,4,13,8,8,8,5,11,6,12,3,1,5,8
"PTHR11071_SF30",1,1,1,1,1,1,1,1,1,1,2,1,1,1,1,1,1,1,1,1,1,1,1,1,1,1,1,1,1,1,1,1,1,1,1,1,1,1,1,1,1,1,1,1,1
"PTHR11071_SF56",1,1,1,1,1,1,1,1,1,1,1,1,1,1,1,1,1,1,1,1,1,1,1,1,1,1,1,1,1,1,2,1,1,1,1,1,1,1,1,1,1,1,1,1,1
"PTHR11071_SF58",1,2,1,2,1,2,3,1,1,1,1,1,1,2,1,1,1,1,1,1,1,2,2,1,2,2,2,1,1,1,2,5,1,2,2,1,3,2,3,1,1,1,1,1,1
"PTHR11071_SF63",1,1,1,1,2,1,1,1,1,1,1,1,1,1,2,1,1,1,1,1,1,1,1,1,1,1,1,1,1,1,1,1,1,1,1,1,1,1,1,1,1,1,1,1,1
"PTHR11071_SF78",1,1,1,3,1,2,2,1,1,1,1,1,1,1,2,1,1,1,3,1,2,3,1,2,1,1,1,1,2,2,1,4,1,2,0,1,1,1,1,2,2,1,1,0,1
"PTHR11073",5,4,4,4,4,5,4,5,5,5,5,5,4,4,9,5,5,5,3,3,4,4,5,4,5,4,4,4,4,5,4,6,5,4,5,6,4,4,4,5,4,4,4,5,4
"PTHR11075_SF42",1,1,3,1,1,1,1,1,0,2,1,1,1,1,1,1,1,1,2,1,1,1,1,2,1,1,1,1,1,1,2,1,1,2,1,1,1,1,1,1,1,1,1,2,0
"PTHR11075_SF44",1,1,1,1,1,1,2,1,1,1,1,1,1,1,1,1,1,2,1,1,1,1,1,1,1,1,1,1,1,1,1,1,2,1,1,1,1,1,1,1,1,1,1,1,1
"PTHR11075_SF49",1,1,1,1,1,1,1,1,1,1,1,1,1,1,1,1,1,1,2,1,2,1,1,1,1,1,1,1,1,1,1,1,1,2,1,1,1,1,1,1,1,1,1,1,1
"PTHR11076_SF10",1,1,1,1,1,1,1,1,1,1,1,1,1,1,1,1,1,1,1,1,1,1,1,1,1,1,1,2,1,1,2,0,1,1,1,1,1,1,1,1,1,1,1,1,1
"PTHR11076_SF11",1,1,1,2,1,1,1,1,1,1,1,1,1,1,1,1,1,1,1,1,1,1,1,1,1,1,1,1,1,1,1,1,1,1,1,1,1,1,1,1,1,1,1,1,1
"PTHR11076_SF12",1,1,1,1,1,1,1,1,1,1,1,1,1,1,1,1,2,1,1,1,1,1,1,1,1,1,2,1,1,1,1,1,1,1,1,1,1,1,1,1,1,1,1,1,1
"PTHR11076_SF13",1,1,1,1,1,1,1,1,1,1,1,1,1,1,1,1,1,1,1,1,1,1,1,1,1,1,1,1,1,1,1,1,1,1,1,1,1,1,1,1,1,1,1,1,1
"PTHR11076_SF26",1,1,1,1,1,1,1,1,1,1,1,1,1,1,1,1,1,1,1,1,1,1,1,1,1,1,2,1,1,1,1,1,2,1,1,1,1,1,1,1,1,1,1,2,1
"PTHR11076_SF28",1,1,1,1,1,1,1,1,1,1,1,1,1,1,1,1,1,1,1,1,1,1,1,1,1,1,1,1,1,1,1,1,1,1,1,1,1,1,1,1,1,1,1,1,1
"PTHR11079_SF3",1,0,0,0,0,0,0,0,1,1,0,0,0,0,1,1,0,1,0,1,1,0,2,1,1,1,0,1,0,0,0,1,1,1,0,1,1,0,0,0,1,1,0,0,1
"PTHR11079_SF47",1,1,1,1,1,1,1,1,1,0,1,1,1,1,1,1,1,1,1,1,1,1,1,1,1,1,1,1,1,1,1,1,1,1,1,1,1,1,1,1,1,1,1,1,1
"PTHR11081_SF23",1,1,1,1,1,1,1,1,1,1,1,1,1,1,1,1,1,1,1,1,1,1,1,1,1,1,1,1,1,1,1,1,1,1,1,1,1,1,1,1,1,1,1,1,1
"PTHR11081_SF8",1,1,1,1,1,1,1,1,1,1,1,1,1,1,1,1,0,1,1,2,1,1,1,1,1,1,1,1,1,1,1,1,1,1,1,1,1,1,1,1,1,1,1,2,1
"PTHR11081_SF9",1,1,1,1,1,1,1,1,1,1,1,1,1,2,1,1,1,0,1,1,1,1,1,1,1,1,1,2,1,1,1,1,1,1,1,1,2,1,2,1,1,1,1,1,1
"PTHR11082_SF25",1,1,1,1,1,1,1,1,1,1,1,1,1,1,1,3,1,1,1,1,1,2,1,1,1,1,1,1,1,1,1,1,1,1,1,1,1,1,1,1,1,1,1,1,1
"PTHR11082_SF4",1,1,1,1,1,1,2,1,1,1,1,1,1,1,1,1,1,1,1,1,1,1,1,1,1,1,1,1,1,1,1,0,1,1,1,1,1,1,1,1,1,0,1,1,1
"PTHR11082_SF5",1,1,1,1,1,1,2,1,1,1,1,1,1,1,1,1,1,1,1,1,1,1,1,1,1,0,1,1,1,1,0,1,1,1,1,1,1,1,2,1,1,1,1,1,1
"PTHR11082_SF8",1,1,1,1,1,1,1,1,1,1,1,1,1,1,1,2,1,1,1,1,1,1,1,1,1,1,1,1,1,1,0,1,1,1,1,1,1,1,1,1,1,1,1,1,1
"PTHR11085_SF1",1,1,1,1,1,1,1,1,1,1,1,1,1,1,1,1,1,1,1,1,1,1,1,1,1,0,1,1,1,1,0,1,1,1,1,1,1,1,1,1,1,1,1,1,1
"PTHR11085_SF13",1,1,1,2,1,1,1,1,1,1,1,1,1,1,1,1,1,1,1,1,1,1,1,2,2,1,1,1,1,1,1,1,2,1,1,1,1,1,1,1,1,1,1,1,2
"PTHR11085_SF14",1,1,1,1,1,1,1,1,1,1,1,1,1,1,1,1,1,1,1,0,1,1,1,1,1,1,1,1,1,1,1,1,1,1,1,1,1,1,1,1,1,1,1,1,1
"PTHR11085_SF15",1,1,1,1,1,1,1,1,1,1,1,1,1,1,1,1,1,1,1,1,1,1,1,1,1,1,1,1,1,1,1,1,1,1,1,1,1,1,2,1,1,1,1,1,0
"PTHR11085_SF17",1,1,1,1,1,1,1,1,0,1,1,1,1,1,1,1,1,1,1,1,1,1,1,1,1,1,1,1,1,1,0,1,1,1,1,1,1,1,1,1,1,1,1,1,1
"PTHR11085_SF3",1,1,1,1,2,1,1,1,1,1,1,1,1,1,1,2,1,1,1,1,1,1,1,1,1,1,1,1,1,1,1,1,1,1,1,1,1,1,1,1,1,1,1,1,2
"PTHR11085_SF6",1,1,1,1,1,1,1,1,1,1,1,1,1,1,1,1,1,1,1,0,1,1,1,1,1,1,1,1,1,1,1,1,1,1,1,1,1,1,1,1,1,1,1,1,1
"PTHR11086",2,2,2,2,2,2,2,2,2,2,2,3,2,2,2,2,2,2,2,3,2,2,2,2,2,2,2,2,2,2,2,2,2,3,2,2,2,2,2,2,2,2,2,3,2
"PTHR11088_SF25",1,1,1,1,1,1,1,1,1,1,2,1,1,1,2,1,1,1,1,1,1,1,1,1,1,1,1,1,1,1,1,1,1,1,1,1,1,1,1,1,1,1,1,2,2
"PTHR11089_SF11",1,1,1,1,1,1,2,1,1,1,1,1,1,1,1,1,1,1,1,1,1,1,1,1,1,1,1,1,1,1,1,1,1,1,1,1,1,1,1,1,1,1,1,1,2
"PTHR11089_SF24",1,1,1,1,1,1,1,1,1,1,1,1,1,1,1,8,1,1,1,1,1,1,1,1,1,1,1,1,1,1,1,1,2,1,1,1,1,1,1,1,1,1,1,1,1
"PTHR11089_SF27",1,1,2,1,1,0,1,1,1,1,1,1,1,1,2,1,1,1,2,1,1,1,1,2,1,1,1,2,1,2,1,4,1,2,1,1,2,1,2,1,2,1,1,1,1
"PTHR11089_SF33",1,1,1,1,1,1,1,1,1,1,1,1,1,1,1,1,1,1,1,1,1,1,1,1,1,1,1,1,1,1,1,1,1,1,1,1,1,1,1,1,1,1,1,1,1
"PTHR11089_SF4",1,1,1,1,1,1,1,1,1,1,1,1,1,1,1,1,1,1,1,1,1,1,1,1,1,0,1,1,1,1,1,1,1,1,1,1,1,1,1,1,1,1,1,1,1
"PTHR11089_SF7",1,1,1,1,1,1,1,1,1,1,1,1,1,1,1,1,1,1,1,1,1,1,1,1,1,1,1,1,1,1,1,1,1,1,1,2,1,1,1,1,1,1,1,1,1
"PTHR11089_SF9",1,1,1,1,1,1,2,1,1,2,1,1,1,1,2,1,1,1,1,1,1,0,1,1,1,1,1,1,1,1,1,0,1,1,1,1,1,1,1,1,1,1,1,1,1
"PTHR11092",1,1,1,1,1,1,1,1,1,1,1,1,1,1,1,1,1,1,1,1,1,1,1,1,1,1,1,1,1,1,1,1,1,1,1,1,1,1,1,1,1,1,1,1,1
"PTHR11093",2,2,2,2,2,2,3,2,2,2,2,2,2,2,4,3,2,2,2,2,2,2,2,2,2,2,4,2,2,2,2,4,2,2,2,2,2,2,2,3,2,2,2,2,2
"PTHR11096",2,1,2,2,2,2,2,2,2,2,2,2,2,3,3,2,3,2,2,2,2,2,2,2,2,2,2,2,2,2,2,2,2,2,2,2,2,2,2,2,2,2,2,2,2
"PTHR11097",3,3,3,3,3,3,3,3,3,3,3,3,4,3,5,3,4,3,3,2,3,3,3,3,3,3,3,3,4,3,3,6,3,3,3,3,3,5,3,3,3,3,3,5,3
"PTHR11098",2,2,2,2,2,2,3,2,2,2,3,2,2,2,6,3,2,2,2,1,2,2,2,2,2,2,2,2,2,2,2,5,2,2,2,2,3,2,4,2,2,2,2,2,2
"PTHR11099",1,1,1,1,1,1,2,1,1,1,1,1,1,1,2,1,1,1,2,1,1,1,1,2,1,1,1,2,1,1,1,2,1,2,1,1,1,1,1,1,1,1,1,1,1
"PTHR11100_SF18",2,1,1,1,1,2,1,1,1,1,1,1,1,1,1,1,2,1,1,1,1,1,1,2,1,3,2,1,1,1,1,1,1,1,1,1,1,1,1,1,1,1,1,1,1
"PTHR11100_SF20",1,1,1,1,1,1,1,1,1,2,1,1,1,1,1,1,1,1,1,1,1,1,1,1,1,1,1,1,1,1,1,1,1,1,1,1,1,1,1,1,1,1,1,1,1
"PTHR11100_SF7",1,2,1,1,1,1,1,1,1,1,1,1,1,1,1,1,1,1,1,2,1,1,1,1,1,1,1,1,1,2,1,1,1,1,1,1,1,1,1,1,1,1,1,1,1
"PTHR11101",2,2,2,2,2,2,2,2,2,2,2,2,2,2,3,2,2,2,2,2,2,2,2,2,2,2,2,2,2,2,2,2,2,2,2,2,2,2,2,2,2,2,2,2,2
"PTHR11102_SF43",1,1,1,1,1,1,1,1,1,1,1,1,1,1,1,1,1,1,1,1,1,1,1,1,1,1,1,1,1,1,1,1,1,1,1,1,1,1,1,1,1,1,1,1,1
"PTHR11102_SF49",1,1,1,1,1,1,1,1,1,1,1,1,1,1,1,1,1,1,1,1,1,1,1,1,1,1,1,1,1,1,1,1,1,1,1,1,1,1,1,1,1,1,1,1,1
"PTHR11102_SF53",1,1,1,1,1,1,1,1,1,1,1,1,1,1,1,1,1,1,1,1,1,1,1,1,1,1,1,1,1,1,1,1,1,1,1,1,1,1,1,1,1,1,1,0,1
"PTHR11102_SF55",1,1,1,1,1,1,1,1,1,1,1,1,1,1,1,1,1,1,1,1,1,1,1,1,1,1,1,1,1,1,1,1,1,1,1,1,1,1,1,1,1,1,1,1,1
"PTHR11102_SF58",1,1,1,1,1,1,1,1,1,1,1,1,1,1,1,1,1,1,1,1,1,1,1,1,1,1,1,1,1,1,1,1,1,1,1,1,1,1,1,1,1,1,1,1,1
"PTHR11105",1,1,1,1,1,1,1,1,1,1,1,1,1,1,1,1,1,1,1,1,1,1,1,1,1,1,1,1,1,1,1,1,1,1,1,1,1,1,1,1,1,1,1,1,1
"PTHR11106_SF54",1,2,1,1,1,2,1,1,1,2,2,1,1,1,1,1,1,1,1,1,1,1,1,2,1,2,2,1,2,2,1,3,1,1,1,1,1,1,1,1,1,1,1,1,2
"PTHR11106_SF56",1,1,1,1,1,1,1,1,1,1,1,1,1,1,1,1,1,1,1,1,1,1,1,1,1,1,1,0,1,2,0,1,1,1,1,1,1,1,1,1,1,1,1,1,1
"PTHR11106_SF59",1,1,1,1,1,1,1,1,1,1,1,1,1,1,2,1,1,1,1,1,1,1,1,1,1,1,1,1,1,1,1,1,1,1,1,1,1,1,1,1,1,1,1,1,1
"PTHR11107",1,1,2,1,1,1,1,1,1,1,1,1,1,1,1,1,1,1,1,1,1,1,1,1,1,1,1,1,1,1,1,1,1,1,1,3,1,1,1,1,1,1,1,1,1
"PTHR11108",1,1,1,1,1,1,1,1,1,1,1,1,1,1,1,1,1,1,1,1,1,1,1,1,1,1,1,1,1,1,1,1,1,1,1,1,1,1,1,1,1,1,1,1,1
"PTHR11109",2,1,1,1,1,1,1,1,1,1,1,1,1,1,1,1,2,1,1,1,1,1,1,1,1,1,1,1,1,1,2,1,1,1,1,1,1,1,1,1,1,1,1,1,1
"PTHR11113",1,1,1,1,1,1,1,1,1,1,1,1,1,1,1,2,1,1,1,1,1,1,1,1,1,1,1,1,1,1,1,1,1,1,1,1,1,1,1,1,1,1,1,1,1
"PTHR11117",1,1,1,1,1,1,1,1,1,1,1,1,1,1,1,1,1,1,1,1,1,1,1,1,1,1,1,1,1,1,1,1,1,1,1,1,1,1,1,1,1,1,1,1,1
"PTHR11118",1,1,1,1,2,3,1,1,0,1,1,1,1,1,2,1,1,1,1,1,1,2,1,1,1,1,2,1,1,1,1,2,1,1,1,1,1,1,1,1,1,1,1,1,1
"PTHR11119",4,6,3,3,3,4,3,4,4,5,6,4,4,3,5,3,6,4,3,4,3,4,4,3,4,3,4,3,4,4,3,4,4,3,4,4,3,4,3,4,3,4,3,5,4
"PTHR11124",2,1,1,1,1,1,1,1,1,2,1,1,1,1,1,1,1,2,1,1,1,2,1,1,2,0,1,1,2,1,1,4,2,1,2,1,1,2,1,1,2,1,1,1,2
"PTHR11125_SF7",1,1,1,1,1,1,1,1,1,1,1,1,1,1,1,1,1,1,1,2,1,1,1,1,1,1,1,1,1,1,1,1,1,1,1,1,1,1,1,1,1,1,1,1,1
"PTHR11127",1,1,5,3,3,2,1,1,1,2,1,1,2,2,2,1,1,1,5,1,2,3,1,5,4,2,1,3,1,0,1,1,2,5,4,1,4,2,4,3,2,2,1,4,2
"PTHR11129_SF1",1,1,2,1,1,3,1,1,1,2,1,1,1,2,3,1,2,1,2,1,1,4,1,2,1,1,1,2,1,1,1,3,1,2,1,1,2,1,2,1,1,1,1,1,0
"PTHR11129_SF2",1,1,1,1,1,1,1,0,1,1,1,1,1,1,1,2,1,1,1,1,1,1,1,1,1,1,1,1,1,1,1,1,1,1,1,1,1,1,1,1,1,1,1,1,1
"PTHR11129_SF3",1,1,1,1,1,1,1,1,1,2,1,1,1,1,1,1,1,1,1,1,1,2,1,1,1,1,1,1,1,1,1,1,1,1,1,1,1,1,1,1,1,1,1,1,1
"PTHR11130",1,1,1,1,1,1,1,1,1,1,1,1,1,1,1,1,1,1,1,1,1,1,1,1,1,1,1,1,1,1,1,1,1,1,1,1,1,1,1,1,1,1,1,1,1
"PTHR11132_SF24",1,1,1,1,1,1,1,1,1,1,0,1,1,1,1,1,1,1,1,1,1,1,1,1,1,1,1,1,1,1,1,1,1,1,1,1,1,1,1,1,1,1,1,1,1
"PTHR11132_SF25",1,1,1,1,1,1,1,1,1,1,1,1,1,1,1,1,1,1,1,1,1,1,1,1,1,1,1,1,1,1,1,1,1,1,1,1,1,1,1,1,1,1,1,1,1
"PTHR11132_SF29",1,1,1,1,1,1,1,1,1,1,0,1,1,1,1,1,1,1,1,1,1,1,1,1,1,1,1,1,1,1,1,1,1,1,1,1,1,1,1,1,1,1,1,2,1
"PTHR11132_SF31",1,1,1,1,1,1,1,1,1,1,1,1,1,1,1,1,1,1,1,1,1,1,1,1,2,1,2,1,1,1,0,1,1,1,1,1,1,1,1,1,1,1,1,1,1
"PTHR11132_SF32",1,1,1,1,1,1,1,1,1,1,1,1,1,1,1,1,1,1,1,1,1,1,1,1,1,1,1,1,1,1,1,1,1,1,1,0,1,1,1,1,1,1,1,1,1
"PTHR11132_SF36",1,1,1,1,1,1,1,1,1,1,1,1,1,1,1,1,1,1,1,1,1,1,1,1,1,1,1,1,1,1,1,1,1,1,1,2,1,1,1,1,1,1,1,1,1
"PTHR11132_SF41",1,1,1,1,1,1,1,1,1,1,1,1,1,1,1,1,1,1,1,1,1,1,1,1,1,1,1,1,1,1,1,1,1,1,1,1,1,1,1,1,1,1,1,1,1
"PTHR11132_SF43",1,1,1,1,1,1,1,1,1,2,1,1,1,1,1,2,1,1,1,1,1,1,1,1,1,1,1,1,1,1,1,1,1,1,1,1,1,1,1,1,1,1,1,1,1
"PTHR11132_SF46",1,1,1,1,1,1,1,1,1,1,1,1,1,1,1,2,1,1,1,1,1,1,1,1,1,1,1,1,1,1,1,1,1,1,1,1,1,1,1,1,1,1,1,1,1
"PTHR11132_SF47",1,1,1,1,0,1,1,1,1,2,1,1,1,1,1,1,1,1,1,1,1,1,1,1,1,1,1,1,1,1,1,1,1,1,1,1,1,1,1,1,1,1,1,1,1
"PTHR11133_SF11",1,1,1,2,1,1,1,1,1,1,1,1,1,1,1,1,1,1,1,1,1,1,1,1,1,1,1,1,1,1,1,1,1,1,1,1,1,1,1,1,1,1,1,1,1
"PTHR11134_SF10",1,1,1,1,1,1,1,1,1,1,1,1,1,1,1,2,1,1,1,1,1,1,1,1,1,1,1,1,1,1,1,1,1,1,2,1,1,1,1,1,1,1,1,1,1
"PTHR11134_SF11",1,1,1,1,1,1,1,1,1,1,1,1,1,1,1,1,1,1,1,1,1,1,1,1,1,1,1,1,1,2,1,1,1,1,1,1,1,1,1,1,1,1,1,1,1
"PTHR11134_SF12",1,1,2,1,1,1,1,1,1,1,1,1,1,1,1,2,1,1,1,1,1,1,1,2,1,1,1,1,1,1,1,1,1,2,1,1,1,1,1,1,1,1,1,1,1
"PTHR11134_SF4",1,1,1,1,1,1,1,1,1,1,1,1,1,1,1,1,1,1,1,2,1,1,2,1,1,1,1,1,1,1,1,1,1,1,1,1,1,1,1,1,1,1,1,1,1
"PTHR11134_SF9",1,2,1,3,1,2,2,1,2,1,1,1,1,2,2,1,1,1,1,3,1,1,3,1,1,1,1,3,2,1,1,1,1,1,1,1,2,1,3,1,1,1,1,2,1
"PTHR11135",1,1,1,1,1,1,1,1,1,1,1,1,1,1,1,1,1,1,1,1,1,1,1,1,1,1,1,1,1,1,1,1,1,1,1,1,1,1,1,1,1,1,1,1,2
"PTHR11136",1,1,1,1,1,1,1,1,1,1,1,1,1,1,1,1,1,1,1,1,1,1,1,1,1,1,1,1,2,1,2,1,1,1,1,1,1,1,1,1,1,1,1,1,1
"PTHR11138",1,1,1,1,2,1,1,1,1,1,1,1,1,1,1,3,1,1,1,1,1,1,2,1,1,1,2,1,1,1,2,2,1,1,1,1,1,1,1,1,1,1,1,1,1
"PTHR11139_SF1",1,1,2,1,1,1,1,1,1,1,2,1,1,1,1,1,1,2,1,2,1,1,1,1,1,1,1,1,2,1,1,1,1,1,1,1,1,1,1,0,1,1,1,2,1
"PTHR11139_SF54",2,1,1,1,1,1,1,1,1,1,1,1,1,1,1,1,1,2,1,1,1,1,1,1,1,1,1,1,1,1,0,1,1,1,1,1,1,1,1,1,1,1,1,2,1
"PTHR11139_SF59",1,1,1,1,1,1,1,1,1,1,1,1,1,3,1,6,1,1,1,1,1,1,1,1,1,1,1,2,1,1,1,1,1,1,1,1,1,1,4,0,1,1,1,2,1
"PTHR11139_SF63",1,1,1,1,1,1,1,1,1,1,1,1,1,1,1,1,1,1,1,2,1,1,1,1,1,1,1,1,1,1,1,1,1,1,2,1,1,1,1,1,1,1,1,1,1
"PTHR11139_SF64",1,1,1,1,1,1,1,1,1,1,1,1,1,1,1,1,1,1,1,1,1,1,1,1,1,1,3,1,1,1,1,1,1,1,1,1,1,1,1,1,1,1,1,1,1
"PTHR11139_SF66",1,1,1,1,1,1,1,1,1,1,1,1,1,1,1,1,1,1,1,2,1,1,1,1,1,1,1,1,1,1,1,1,1,1,2,2,1,1,1,1,1,1,1,1,1
"PTHR11140",1,1,1,2,1,1,1,1,1,1,1,1,1,1,1,2,1,1,1,1,1,1,1,1,1,1,1,1,1,1,1,1,1,1,1,1,1,1,1,1,1,1,1,1,1
"PTHR11141",2,2,2,2,2,2,2,2,2,2,2,2,2,2,2,2,2,2,2,2,2,3,2,2,2,2,3,2,2,2,2,3,2,2,2,3,2,2,2,2,2,2,2,2,2
"PTHR11142",3,3,3,3,3,3,3,3,3,2,3,3,3,3,7,3,3,3,3,2,3,3,3,3,3,3,4,4,2,3,2,3,3,3,3,3,3,3,3,3,3,3,3,3,3
"PTHR11143",4,3,6,13,4,2,8,2,3,14,3,2,2,3,2,3,2,3,5,8,3,6,1,7,8,2,2,5,2,4,2,5,8,5,4,2,3,5,4,6,7,2,2,5,2
"PTHR11145",3,3,4,3,3,3,3,3,3,3,3,3,3,3,3,3,3,3,3,3,3,3,3,3,3,3,4,3,3,3,3,3,3,3,3,3,4,3,5,3,3,3,3,3,3
"PTHR11153",5,5,5,5,5,5,5,4,4,5,5,5,5,5,5,5,5,4,5,5,6,6,5,5,4,5,7,5,5,5,5,4,4,5,6,4,5,5,5,6,5,5,5,5,6
"PTHR11157",7,8,7,8,7,9,8,7,7,7,7,7,6,7,7,7,8,7,7,7,7,7,7,7,7,7,7,7,7,8,7,10,7,7,15,7,7,7,7,8,7,7,7,9,7
"PTHR11158",4,5,6,10,4,8,6,4,4,6,4,4,5,6,11,4,7,4,8,8,4,7,4,9,6,4,4,7,6,6,6,10,4,8,6,4,6,5,5,4,8,5,4,5,4
"PTHR11161_SF0",1,1,0,0,1,1,1,1,1,0,1,1,1,0,1,0,1,1,1,1,1,0,1,0,1,1,1,0,1,1,1,1,1,1,0,1,0,1,0,1,0,1,0,0,1
"PTHR11164",1,1,1,1,1,1,1,1,1,1,1,1,1,1,1,1,1,1,1,2,1,1,1,1,1,1,1,1,1,1,1,2,1,1,1,1,1,1,1,1,1,1,1,1,1
"PTHR11165_SF24",2,5,4,4,4,4,3,3,2,6,1,1,2,2,6,1,2,3,3,7,2,2,1,2,4,1,1,3,4,4,3,9,1,2,2,1,2,2,2,1,4,2,1,1,2
"PTHR11176",2,2,2,2,2,3,2,2,2,2,2,2,2,2,2,6,2,2,2,2,4,2,2,2,2,2,2,2,3,2,2,2,2,2,3,2,2,2,6,3,2,2,2,2,2
"PTHR11177_SF108",1,0,1,1,0,0,1,1,1,1,1,1,1,1,1,1,1,1,1,0,1,1,1,1,0,1,1,1,1,0,1,1,1,1,1,1,1,1,1,1,1,1,1,1,0
"PTHR11177_SF114",1,2,1,1,1,2,1,1,1,1,1,0,1,1,0,1,1,1,1,1,1,0,1,1,1,1,1,1,1,2,1,1,0,1,1,2,1,1,1,0,0,1,1,1,1
"PTHR11177_SF135",1,1,1,1,1,1,1,1,1,1,1,1,1,1,1,1,1,1,1,1,1,1,1,1,1,1,1,1,1,1,1,1,1,1,1,1,1,1,1,2,1,1,1,1,1
"PTHR11177_SF150",1,1,1,1,1,1,1,1,1,1,1,1,1,1,1,1,1,1,1,1,1,1,1,1,1,1,1,1,1,1,1,1,1,1,1,1,1,1,1,1,1,1,1,1,1
"PTHR11177_SF37",1,1,2,2,1,1,2,0,0,1,0,0,1,2,0,1,1,1,2,2,2,1,5,2,3,1,3,2,1,1,0,0,2,2,1,5,2,1,2,3,2,1,1,4,1
"PTHR11177_SF81",1,1,1,1,1,1,1,1,1,1,1,1,1,1,1,1,1,1,1,2,1,1,1,1,1,1,1,1,1,1,1,1,1,1,1,1,1,1,1,1,1,1,1,1,1
"PTHR11178_SF1",1,1,2,1,1,2,1,1,1,0,1,1,1,1,2,1,1,1,2,1,1,0,1,1,1,2,1,2,1,1,1,1,1,2,1,1,1,1,1,1,1,1,1,1,1
"PTHR11183_SF18",1,1,1,2,1,1,2,1,1,1,1,1,1,3,3,1,1,1,2,1,1,1,1,2,1,2,1,2,1,1,2,1,1,2,1,1,2,1,2,1,2,1,1,1,1
"PTHR11183_SF41",1,1,1,1,1,1,1,1,0,1,1,1,1,1,1,1,0,1,1,1,1,1,0,1,0,1,0,1,1,1,0,0,1,1,1,0,1,1,1,0,1,1,1,1,1
"PTHR11188_SF11",1,1,1,1,1,1,0,1,1,1,1,1,1,1,2,1,1,1,1,0,1,1,1,1,1,1,1,1,1,1,1,1,1,1,1,1,1,1,1,1,1,1,1,1,1
"PTHR11188_SF14",1,1,1,1,1,1,1,1,1,1,1,1,1,1,2,1,1,1,1,1,1,1,1,1,1,1,1,1,1,1,1,1,1,1,1,1,0,1,1,1,1,1,1,2,1
"PTHR11188_SF16",1,1,1,1,1,1,1,1,1,1,1,1,1,1,2,1,1,1,1,2,1,1,1,1,1,1,1,1,1,1,1,1,1,1,1,1,1,1,1,1,1,1,1,1,1
"PTHR11188_SF48",1,1,1,2,1,1,2,1,1,0,1,1,1,1,1,1,1,1,1,1,1,1,2,1,1,1,1,1,1,1,0,1,1,1,1,1,1,1,1,1,1,1,1,1,1
"PTHR11188_SF49",2,1,1,1,1,1,1,1,1,1,1,1,1,1,1,1,1,1,1,1,1,1,1,1,1,1,1,1,1,1,1,1,1,1,1,1,1,1,1,1,1,1,1,1,1
"PTHR11188_SF56",1,1,1,1,1,1,1,1,1,1,1,2,1,1,1,1,1,1,1,1,1,1,1,1,1,1,1,1,0,1,0,1,1,0,0,1,0,1,1,1,1,1,1,0,1
"PTHR11193",1,8,4,4,4,6,3,3,8,5,1,1,1,6,1,1,2,1,5,2,2,4,1,3,1,2,1,4,2,1,1,7,1,5,5,1,4,4,5,2,2,1,0,4,6
"PTHR11199",4,4,3,3,4,3,3,3,3,3,3,3,3,3,3,3,3,3,3,3,3,4,3,3,4,4,3,3,3,3,3,3,3,3,5,3,4,4,5,3,3,3,3,4,5
"PTHR11200_SF11",1,1,1,1,1,1,1,1,1,1,1,1,1,1,1,1,3,1,1,1,1,1,1,1,1,1,1,1,1,1,1,1,1,1,1,1,1,1,1,1,1,1,1,1,1
"PTHR11200_SF114",1,1,1,1,1,1,1,1,1,1,1,1,1,1,1,1,2,1,1,0,1,1,1,1,1,1,1,1,1,0,0,1,1,1,1,1,1,1,1,1,1,1,1,1,1
"PTHR11200_SF117",1,1,1,1,1,1,2,1,1,1,1,1,1,1,1,1,1,1,1,1,1,1,1,1,1,1,1,1,1,1,1,1,1,1,1,1,1,1,1,1,1,1,1,2,1
"PTHR11200_SF121",1,1,1,1,1,1,1,1,1,1,1,1,1,1,1,1,1,1,1,1,1,1,1,1,1,1,1,1,1,1,1,1,1,1,2,1,1,1,1,1,1,1,1,2,1
"PTHR11200_SF123",2,1,1,1,2,1,1,1,1,2,2,1,2,1,1,1,1,1,1,1,1,2,1,1,1,2,2,1,2,1,2,1,1,1,2,1,1,2,1,1,1,2,1,2,2
"PTHR11200_SF126",1,1,1,1,1,1,1,1,1,1,1,1,1,1,1,1,1,1,1,2,1,1,1,1,0,1,1,1,1,1,1,1,1,1,1,1,1,1,2,1,1,1,1,1,1
"PTHR11200_SF127",1,1,1,1,1,1,1,1,1,1,1,1,1,1,1,1,1,1,1,1,1,1,1,1,1,1,1,1,1,1,1,1,1,1,1,1,1,1,1,1,1,1,1,1,1
"PTHR11200_SF129",1,1,1,1,1,1,1,1,1,1,1,1,1,1,1,1,1,1,1,1,1,1,1,1,1,1,1,1,1,1,1,1,1,1,1,1,1,1,1,1,1,1,1,1,1
"PTHR11200_SF15",1,1,1,1,1,1,1,1,1,1,1,1,1,1,1,1,1,1,1,1,1,1,1,1,1,1,1,1,1,1,1,1,1,1,1,1,1,1,1,1,1,1,1,1,1
"PTHR11200_SF30",1,1,1,1,1,1,1,1,1,1,1,1,1,1,1,1,1,1,1,1,1,1,1,1,1,1,1,1,1,1,1,1,1,1,1,1,1,1,1,2,1,1,1,1,1
"PTHR11200_SF69",1,1,1,1,1,1,1,1,1,2,1,1,1,1,1,2,1,1,1,1,1,1,1,1,1,1,1,1,1,1,1,1,1,1,1,1,1,1,1,1,1,1,1,1,1
"PTHR11200_SF9",1,1,1,1,1,1,1,1,1,1,1,1,1,1,1,1,1,1,1,1,1,1,1,1,1,1,1,1,1,1,1,1,1,1,1,1,1,1,1,1,1,1,1,1,1
"PTHR11200_SF98",1,1,1,1,1,1,1,1,1,1,1,1,1,1,1,1,1,1,1,1,1,1,1,1,1,1,1,1,1,1,1,1,1,1,1,1,1,1,1,1,1,1,1,2,1
"PTHR11202_SF1",1,1,1,1,1,2,1,1,1,1,1,1,1,1,2,1,1,1,1,1,1,1,1,1,1,1,1,1,1,1,1,1,1,1,2,1,1,1,1,1,1,1,1,2,1
"PTHR11202_SF11",1,1,1,1,1,1,1,1,1,1,1,1,1,1,1,1,1,1,1,1,1,1,1,1,1,1,1,1,1,1,1,1,1,1,1,1,1,1,1,1,1,1,1,1,1
"PTHR11202_SF12",1,1,2,2,2,1,2,1,1,1,1,1,1,1,1,1,2,1,1,0,1,2,1,1,1,1,1,1,1,1,1,1,1,1,1,1,1,1,1,1,2,1,1,2,1
"PTHR11202_SF18",1,1,1,1,1,1,1,1,1,1,1,1,1,1,1,1,1,1,1,1,1,1,1,1,1,1,1,1,1,1,1,1,1,1,1,1,1,1,1,1,1,1,1,1,1
"PTHR11202_SF19",1,1,1,1,1,1,1,1,1,1,1,1,1,1,1,1,1,1,1,1,1,1,1,1,1,1,1,1,1,1,1,2,1,1,0,1,1,1,2,1,1,1,1,1,0
"PTHR11202_SF4",1,1,1,1,1,1,1,1,1,1,1,1,1,1,1,1,1,1,1,1,1,1,1,1,1,1,1,1,1,1,2,1,1,1,1,1,1,3,1,1,1,1,1,1,1
"PTHR11203_SF11",1,1,1,1,1,1,1,1,1,1,1,1,1,1,1,1,1,1,1,0,1,1,1,1,1,1,1,1,1,1,0,1,1,1,2,1,1,1,1,1,1,1,1,1,1
"PTHR11203_SF2",1,1,1,1,1,1,1,1,1,1,1,1,1,1,1,1,1,1,1,1,1,1,1,1,1,1,1,1,1,1,1,1,1,1,1,1,1,1,1,1,1,1,1,1,1
"PTHR11203_SF32",1,1,1,1,1,2,1,1,1,1,1,1,1,1,1,1,1,1,1,1,1,1,1,1,1,1,1,1,1,1,1,1,1,1,1,1,1,1,1,1,1,1,1,1,1
"PTHR11203_SF5",2,1,1,1,1,1,1,1,1,1,1,1,1,1,1,1,1,1,1,1,1,1,1,1,1,1,1,1,1,1,1,1,2,1,1,1,1,1,1,1,1,1,1,1,1
"PTHR11205_SF18",1,1,4,3,1,1,1,1,1,2,1,1,1,7,1,1,2,1,3,1,2,1,1,3,2,1,2,6,2,1,1,2,1,2,2,1,5,1,7,1,2,1,1,2,1
"PTHR11205_SF19",1,1,1,2,1,1,3,1,1,2,1,1,1,1,1,1,1,1,1,1,1,1,1,1,1,1,1,1,1,1,1,2,1,1,1,1,1,2,1,1,1,1,1,1,1
"PTHR11206_SF73",1,1,2,1,1,1,1,1,1,2,2,1,1,1,1,1,1,1,1,0,1,1,1,1,1,1,1,1,1,1,1,1,1,1,1,1,1,1,1,1,1,1,0,1,1
"PTHR11206_SF81",1,1,1,1,1,1,1,0,0,1,1,1,1,1,0,1,0,1,1,1,1,0,0,1,0,1,0,1,1,1,1,0,0,1,1,0,1,1,1,0,1,1,1,1,1
"PTHR11206_SF98",1,0,0,0,1,0,0,1,1,0,1,1,2,0,1,0,1,1,0,0,0,0,1,0,1,1,1,0,2,0,1,1,1,0,0,1,0,1,0,1,0,1,0,0,1
"PTHR11207_SF0",1,1,1,1,1,1,1,1,1,1,1,1,1,1,1,1,1,1,1,1,1,1,1,1,1,1,1,1,1,0,1,1,1,1,1,1,1,1,1,1,1,1,1,1,1
"PTHR11208_SF29",1,1,1,1,1,1,1,1,1,1,1,1,1,1,3,1,1,1,1,1,1,1,1,1,1,1,1,1,1,1,1,1,1,1,1,1,1,1,1,1,1,1,1,1,1
"PTHR11208_SF30",1,1,1,1,1,1,3,1,1,1,1,1,1,1,1,1,1,1,1,1,1,1,1,1,1,1,1,1,1,1,1,1,1,1,1,1,1,1,1,1,1,1,1,1,1
"PTHR11208_SF34",1,1,1,1,1,1,1,1,1,1,1,1,1,1,1,1,1,1,1,1,1,1,1,1,1,1,1,1,1,1,1,1,1,1,1,1,1,1,1,1,1,1,1,1,1
"PTHR11208_SF36",1,1,1,1,1,1,1,2,1,0,1,1,1,1,3,1,1,1,2,1,1,1,1,2,1,1,0,1,1,1,1,1,1,2,1,1,1,1,1,1,1,1,1,2,1
"PTHR11208_SF45",1,1,1,2,1,1,1,1,1,1,1,1,1,1,1,1,2,1,1,2,1,1,2,1,1,1,1,1,1,1,1,1,1,1,1,1,1,1,1,1,2,1,1,1,1
"PTHR11210_SF1",1,2,1,1,1,1,1,0,1,0,1,1,0,0,1,1,1,1,1,2,1,1,1,1,2,1,1,1,1,1,1,1,1,0,1,1,0,1,0,1,1,1,0,1,2
"PTHR11210_SF20",1,2,1,1,1,2,2,2,1,0,1,1,1,1,1,1,2,1,2,5,1,1,1,2,1,1,1,1,1,1,1,1,1,2,1,1,1,1,1,1,1,2,1,1,1
"PTHR11210_SF3",1,1,1,1,1,1,2,0,1,1,1,1,1,1,2,1,1,1,2,1,1,1,2,2,2,1,1,2,1,1,0,3,1,1,1,1,1,1,1,1,1,1,1,1,2
"PTHR11211_SF11",1,1,0,1,1,1,1,1,1,1,1,1,1,1,1,1,1,1,1,2,1,1,1,1,1,1,1,1,1,1,1,1,1,1,1,1,1,1,1,1,1,1,1,1,1
"PTHR11211_SF13",1,1,1,1,1,1,1,1,1,1,1,1,1,2,1,1,1,1,1,0,1,1,1,1,1,1,1,0,1,1,1,1,1,1,1,1,1,1,1,1,1,1,1,1,0
"PTHR11211_SF14",1,1,1,1,1,1,1,1,1,1,1,1,1,1,1,1,1,1,1,0,1,1,1,1,1,1,1,1,1,1,0,1,1,1,0,1,1,1,1,1,1,1,0,1,1
"PTHR11211_SF15",1,1,0,1,1,1,1,1,1,1,1,1,1,1,1,1,1,1,1,1,1,1,1,1,1,1,1,1,1,0,1,1,1,1,1,1,0,1,1,1,0,1,1,1,1
"PTHR11211_SF16",1,1,0,1,1,1,1,1,1,1,1,1,1,1,1,1,1,1,1,1,1,1,1,1,1,1,1,1,1,1,1,1,1,1,1,1,1,2,1,1,1,1,1,1,1
"PTHR11211_SF17",1,1,1,1,1,1,1,1,1,1,1,1,1,1,1,1,1,1,1,1,1,1,1,1,1,1,1,1,1,1,1,1,1,1,1,1,1,1,1,1,1,1,0,1,1
"PTHR11211_SF3",1,1,1,1,3,1,1,1,1,1,1,1,1,1,1,1,1,1,1,1,1,1,1,1,1,1,1,1,1,1,1,1,1,1,1,1,1,1,1,1,1,1,1,1,1
"PTHR11213",3,3,3,3,3,3,3,3,3,3,3,3,3,3,3,3,3,3,3,3,3,3,3,3,3,3,2,3,3,3,3,3,3,3,2,3,3,3,3,3,3,3,3,2,3
"PTHR11214_SF17",1,0,0,0,0,1,0,1,1,1,1,1,0,0,1,1,1,1,0,2,1,2,1,0,1,1,1,1,0,1,0,1,1,0,1,1,0,0,0,1,0,1,1,1,0
"PTHR11214_SF18",1,1,1,0,1,1,1,1,1,1,1,1,1,1,1,1,1,2,1,2,1,1,1,1,2,1,1,1,1,1,1,0,1,1,2,1,1,1,1,1,0,1,1,2,1
"PTHR11214_SF19",1,1,1,1,1,1,1,1,1,1,1,1,1,1,1,1,1,1,1,1,1,1,1,1,1,1,1,1,1,1,1,1,1,1,2,1,1,1,1,1,1,1,1,2,1
"PTHR11214_SF20",1,0,1,1,1,1,1,1,1,1,1,1,1,1,1,1,1,1,1,1,1,1,1,1,1,1,1,1,1,1,1,1,1,1,1,1,0,1,1,1,1,1,0,1,1
"PTHR11214_SF21",1,1,1,0,1,1,1,1,1,1,1,1,1,1,1,1,1,1,1,1,1,1,1,1,1,1,1,1,1,1,1,1,1,1,1,1,1,1,1,1,0,1,0,1,1
"PTHR11214_SF23",1,1,1,1,1,1,1,1,1,0,1,1,1,1,1,1,0,1,1,1,1,1,1,1,1,1,1,1,0,1,0,1,1,1,1,1,1,1,1,1,1,1,1,1,1
"PTHR11214_SF24",1,1,1,0,1,1,1,1,1,1,1,1,1,1,0,1,1,1,1,0,1,0,1,1,1,0,1,1,0,1,1,1,1,1,0,1,1,1,1,1,1,1,0,0,0
"PTHR11214_SF27",1,1,1,1,1,1,1,0,0,1,1,1,1,1,1,1,1,1,1,1,1,1,1,1,0,1,1,1,1,1,0,0,1,1,1,1,1,0,1,1,1,1,0,1,1
"PTHR11214_SF28",1,1,0,1,1,1,1,1,1,1,1,1,1,0,1,1,1,1,1,0,1,0,1,0,1,0,1,0,1,1,0,1,1,1,1,1,0,1,1,1,0,1,0,1,0
"PTHR11214_SF29",1,1,1,1,0,0,1,0,1,1,0,1,1,1,1,1,0,0,1,1,1,1,1,1,0,1,1,1,1,1,1,0,0,1,1,1,1,1,1,0,1,0,1,1,0
"PTHR11214_SF77",1,1,0,0,0,1,1,0,1,0,1,0,2,0,0,5,1,1,0,1,1,0,1,0,1,1,1,1,1,1,1,1,1,0,1,1,1,1,0,1,0,1,0,1,1
"PTHR11214_SF79",1,1,1,1,1,1,1,1,1,1,1,1,1,1,1,2,1,1,1,2,1,2,1,1,1,1,1,1,1,1,1,2,1,1,1,0,1,1,1,1,1,1,1,2,1
"PTHR11214_SF87",1,1,1,1,0,1,1,1,1,1,1,1,1,1,1,1,1,0,1,1,1,0,1,1,1,1,1,1,1,1,1,1,1,1,1,1,1,2,1,1,0,1,1,1,1
"PTHR11214_SF91",1,1,1,0,1,1,1,0,1,1,1,1,1,1,0,1,1,1,1,1,1,0,1,1,1,1,1,0,1,1,0,1,1,1,1,1,1,0,1,1,0,1,0,1,1
"PTHR11215",1,1,1,1,1,1,1,1,1,1,1,1,1,1,1,1,1,1,1,1,1,1,1,1,1,1,1,1,1,1,1,1,1,1,2,1,1,2,1,1,1,1,1,1,1
"PTHR11216_SF29",1,2,1,1,1,1,2,1,1,1,1,1,1,1,2,1,1,1,1,1,1,1,1,1,1,1,1,1,1,1,1,2,1,1,1,2,1,1,1,1,1,1,1,1,1
"PTHR11216_SF54",1,1,1,1,1,1,1,1,1,1,1,1,1,1,3,1,2,1,1,1,1,2,1,1,1,1,1,2,1,1,1,1,1,1,1,1,1,1,1,1,1,1,1,1,1
"PTHR11216_SF57",1,1,1,1,1,1,1,1,1,1,1,1,1,1,1,1,1,1,1,1,1,1,1,1,1,1,1,1,1,1,1,1,1,1,1,1,1,1,2,1,1,1,1,1,1
"PTHR11216_SF60",1,1,1,1,1,3,1,1,1,1,1,1,1,1,1,1,1,1,1,1,1,1,2,1,1,1,1,1,1,1,1,1,1,1,2,1,1,1,1,1,1,1,1,2,1
"PTHR11216_SF62",1,1,1,1,1,1,1,1,1,2,1,1,1,1,1,1,1,1,1,0,1,1,1,1,1,1,2,1,1,1,0,1,1,1,1,1,1,1,2,1,1,1,1,1,1
"PTHR11216_SF63",1,1,1,1,2,1,1,1,1,1,1,1,1,1,1,1,1,1,1,1,1,1,1,1,1,1,1,1,1,1,1,1,1,1,1,1,1,1,1,1,1,1,1,1,1
"PTHR11216_SF64",1,1,1,1,1,1,1,1,1,2,1,1,1,1,1,2,1,1,1,1,1,1,2,1,1,1,0,1,1,1,1,1,2,1,1,1,1,1,1,1,1,1,1,1,1
"PTHR11216_SF66",1,1,1,1,1,1,1,1,1,1,1,1,1,1,1,1,1,1,1,1,1,1,1,1,1,1,1,1,1,1,1,1,1,1,1,1,1,1,1,1,1,1,1,1,1
"PTHR11216_SF67",1,1,1,1,1,1,1,1,1,1,1,1,1,1,1,1,1,1,1,1,1,1,1,1,1,1,1,1,1,1,1,1,1,1,1,1,1,1,1,1,1,1,1,1,1
"PTHR11216_SF68",1,1,1,1,2,1,1,1,1,1,1,1,1,1,1,1,1,1,1,1,1,1,1,1,1,1,1,1,1,1,1,1,1,1,1,1,1,1,2,1,1,1,1,1,1
"PTHR11216_SF69",1,2,2,2,1,1,1,1,1,1,1,1,1,1,1,1,1,1,1,1,1,1,1,1,1,1,1,1,1,2,1,1,1,1,1,1,1,1,1,1,1,1,1,1,1
"PTHR11219",7,6,5,5,5,7,5,5,5,9,6,5,5,5,5,5,5,7,5,6,5,7,5,5,5,7,8,5,5,8,6,6,7,5,6,5,5,5,5,4,5,4,5,5,6
"PTHR11220_SF2",1,3,1,1,1,1,1,1,1,1,1,1,1,1,1,1,1,1,1,1,1,1,1,1,1,1,1,1,1,1,1,1,1,1,1,1,1,1,1,1,1,1,0,1,1
"PTHR11220_SF3",1,1,1,1,1,1,1,1,1,2,1,1,1,1,1,1,1,1,1,1,1,1,1,1,1,1,1,1,1,1,1,1,1,1,1,1,1,1,1,1,1,1,1,1,1
"PTHR11223",2,2,2,2,2,2,2,2,2,2,2,2,2,2,2,2,2,2,2,2,2,2,2,2,2,3,2,2,2,2,2,2,2,2,2,2,2,2,2,2,2,2,2,2,2
"PTHR11224",3,3,7,5,4,5,4,3,2,9,2,4,3,7,4,4,4,3,5,5,4,2,3,4,3,3,3,6,2,5,3,5,4,5,4,3,7,3,9,3,5,3,1,3,2
"PTHR11225",1,1,1,1,1,1,1,1,1,1,1,1,1,1,1,1,1,1,1,1,1,1,1,1,1,1,2,1,1,1,1,1,1,1,1,1,1,1,1,1,2,1,1,1,1
"PTHR11226",2,2,2,3,2,2,2,2,2,2,4,2,2,2,2,2,2,2,2,2,2,2,2,2,2,2,3,2,2,2,2,3,2,2,3,2,2,2,2,1,2,2,2,2,2
"PTHR11227_SF18",1,1,1,1,1,1,1,1,1,1,1,1,1,2,1,1,1,1,1,1,2,1,1,1,1,1,1,1,1,2,1,1,1,1,1,1,1,1,1,1,2,1,1,1,1
"PTHR11227_SF23",1,1,1,1,1,1,1,1,1,1,1,1,1,1,1,1,1,1,1,1,1,1,1,1,1,1,1,1,1,2,1,1,1,1,1,1,1,1,1,1,1,1,1,1,1
"PTHR11227_SF26",1,1,3,1,1,1,1,1,1,1,2,1,1,2,3,2,1,1,2,3,1,1,2,2,1,1,1,1,1,1,1,1,1,2,0,1,2,1,2,1,1,1,1,1,1
"PTHR11227_SF27",1,1,1,2,1,1,1,1,1,2,1,1,1,1,1,1,1,1,1,1,1,1,1,1,1,1,1,2,1,1,1,1,3,1,3,1,1,1,2,1,2,1,1,1,1
"PTHR11229",1,1,1,1,1,1,1,1,1,1,1,1,1,2,1,1,1,1,1,1,1,2,1,1,1,1,1,1,1,1,1,2,1,1,1,1,2,1,2,1,1,1,1,1,1
"PTHR11232_SF30",1,1,1,1,1,1,1,2,2,5,1,1,2,1,1,1,1,1,1,1,1,1,1,1,1,1,1,1,1,1,1,1,1,1,1,1,1,1,1,1,1,1,1,1,1
"PTHR11232_SF31",1,1,1,1,1,1,1,1,1,1,1,1,1,1,1,1,1,1,1,1,1,1,1,1,1,1,0,1,1,1,1,1,1,1,1,1,1,1,1,1,1,1,1,1,1
"PTHR11232_SF32",1,1,1,1,1,1,1,1,1,1,1,1,1,1,1,1,1,1,1,1,1,1,1,1,1,1,1,1,1,1,1,1,1,1,1,1,1,1,1,1,1,1,1,1,1
"PTHR11232_SF33",1,1,1,1,1,1,1,2,1,1,1,1,1,1,3,1,2,1,1,1,1,2,1,1,1,1,1,1,1,1,1,1,1,1,1,1,1,2,1,1,1,1,1,1,1
"PTHR11232_SF35",1,1,1,1,1,1,1,1,1,1,1,1,1,1,1,1,1,1,0,1,1,1,1,1,1,1,1,1,1,1,1,1,1,1,1,1,1,1,1,1,1,1,1,3,1
"PTHR11232_SF36",1,1,1,1,1,1,1,1,1,1,1,1,0,1,1,1,1,0,1,1,0,1,1,1,1,1,1,1,1,1,1,1,1,1,1,1,1,0,1,2,1,1,1,1,1
"PTHR11232_SF39",1,1,2,2,1,1,1,1,2,2,1,1,1,2,2,3,2,2,2,1,1,1,1,1,2,1,1,1,2,1,1,2,1,1,2,2,1,1,1,1,1,1,1,1,1
"PTHR11232_SF40",1,1,1,1,1,1,1,1,1,2,1,1,1,1,1,1,1,1,1,1,1,1,1,1,1,1,1,1,1,1,1,1,1,1,1,1,1,1,1,1,1,1,1,1,1
"PTHR11232_SF41",1,1,1,1,1,1,1,1,1,1,1,1,1,1,1,1,1,1,1,1,1,1,1,1,1,1,1,1,1,1,1,1,1,1,1,1,1,0,1,1,1,1,1,1,1
"PTHR11232_SF44",1,1,1,1,1,1,1,1,1,1,1,1,1,1,1,1,1,1,1,1,1,1,1,1,1,1,1,2,1,1,1,1,1,1,1,1,1,1,1,1,1,1,1,1,1
"PTHR11237",1,1,1,1,1,1,1,1,1,1,1,1,1,1,1,1,1,1,2,1,2,1,1,2,1,1,1,1,1,1,1,1,1,1,3,1,1,1,1,1,1,1,0,2,1
"PTHR11239_SF1",1,1,1,2,1,1,1,1,1,1,1,1,1,1,1,1,1,1,1,1,1,1,1,1,1,1,1,1,1,1,3,2,1,1,2,1,1,1,1,2,2,1,1,1,1
"PTHR11239_SF11",1,1,1,1,1,1,1,1,1,1,1,1,1,1,1,8,1,1,1,2,1,1,1,1,1,1,2,1,0,1,1,1,1,1,1,1,1,1,1,1,1,1,0,1,1
"PTHR11239_SF12",1,1,1,1,1,1,1,1,1,1,1,2,1,1,2,1,1,1,1,1,1,3,1,0,1,0,1,1,1,1,2,1,2,1,1,1,1,1,1,1,1,1,1,2,1
"PTHR11240",1,1,1,1,1,1,1,1,1,1,1,1,1,2,1,2,1,1,1,0,1,1,4,1,1,1,2,1,1,1,0,1,1,1,1,1,1,1,1,1,1,1,1,1,1
"PTHR11241",1,2,1,1,1,4,1,1,1,4,2,2,3,1,1,1,2,1,3,1,2,2,1,3,1,1,1,2,1,3,2,3,1,3,6,1,1,2,1,2,3,1,1,3,1
"PTHR11242",2,2,2,2,2,3,2,2,2,2,2,2,2,2,2,2,2,2,2,1,2,2,3,2,2,3,2,2,2,2,2,3,2,2,2,2,2,2,2,2,2,2,2,2,2
"PTHR11243_SF14",1,1,1,1,1,1,1,1,1,1,1,1,1,1,1,1,1,2,1,1,1,1,1,1,1,1,1,1,1,1,2,1,1,1,1,1,1,1,1,1,1,1,1,1,1
"PTHR11243_SF15",2,1,1,1,1,1,1,1,1,1,1,1,1,1,1,1,1,1,1,1,1,1,1,1,1,1,1,1,1,1,1,1,1,1,1,1,1,1,1,1,1,1,1,1,1
"PTHR11243_SF22",1,1,1,1,2,1,1,1,1,1,1,1,1,1,1,1,1,1,1,1,1,1,1,1,1,1,1,1,1,1,1,1,1,1,1,1,1,1,1,1,1,1,1,1,1
"PTHR11243_SF24",1,1,1,1,1,1,1,1,1,1,2,1,1,1,1,1,1,1,1,1,1,1,1,1,1,1,1,1,1,1,1,1,1,1,1,1,1,1,1,1,1,1,1,1,1
"PTHR11243_SF4",1,1,1,1,1,1,1,1,1,1,1,1,1,1,1,1,1,1,1,1,1,1,1,1,1,1,1,1,1,1,1,0,1,1,1,1,1,1,1,1,1,1,2,0,1
"PTHR11245",2,2,2,2,2,2,2,2,2,2,2,2,2,2,2,2,2,2,2,2,2,2,2,2,2,2,2,2,2,2,2,2,2,2,2,2,2,2,2,2,2,2,2,2,2
"PTHR11246_SF12",1,1,1,1,1,1,1,1,1,1,1,1,1,1,1,1,1,1,1,0,1,1,1,1,1,1,2,1,1,1,1,1,1,1,1,1,1,1,1,1,1,1,1,1,1
"PTHR11246_SF13",1,1,1,1,1,1,1,1,1,1,1,1,1,1,1,1,1,1,1,2,1,1,1,1,1,1,0,1,1,1,1,1,1,1,1,2,1,1,1,1,1,1,1,1,1
"PTHR11246_SF3",1,1,1,1,1,1,1,1,1,1,1,1,1,1,1,1,1,1,1,1,1,1,1,1,2,1,2,1,1,1,1,1,1,1,1,1,1,1,1,2,1,1,1,2,1
"PTHR11247_SF1",1,1,1,1,1,1,1,1,1,1,1,1,1,1,1,1,1,1,1,1,1,1,1,1,1,1,1,1,1,1,1,2,1,1,1,1,1,1,2,1,1,1,1,1,1
"PTHR11247_SF22",1,1,1,1,1,1,1,1,1,2,1,1,1,1,1,11,1,1,1,1,1,1,1,1,1,1,1,1,1,1,1,1,1,1,1,1,1,1,2,1,1,1,1,1,1
"PTHR11247_SF8",1,2,1,1,1,1,1,1,1,1,1,1,1,1,1,1,1,1,1,1,1,2,1,1,1,1,1,1,1,1,1,1,1,1,1,1,1,1,1,1,1,1,1,1,1
"PTHR11249",2,2,3,2,2,2,3,2,2,2,2,2,2,3,2,2,2,2,3,2,2,3,2,3,2,1,2,2,2,2,2,3,2,3,2,2,2,2,2,2,2,2,1,2,2
"PTHR11250",1,1,1,1,1,1,1,1,1,1,1,1,1,1,1,1,1,1,1,1,1,1,1,1,1,1,1,1,1,1,1,1,1,1,1,1,1,1,1,1,1,1,1,1,1
"PTHR11252",1,1,2,1,1,1,1,1,1,1,1,1,1,2,2,1,1,1,2,1,1,1,1,2,1,1,3,2,1,1,1,1,1,2,1,1,2,1,2,1,1,1,1,1,1
"PTHR11254_SF127",1,1,2,2,1,1,1,1,1,1,1,1,1,1,1,1,1,1,2,1,1,1,1,2,1,2,3,1,1,1,1,1,1,2,1,1,1,1,1,1,1,0,1,1,1
"PTHR11254_SF277",1,1,1,1,2,1,1,0,1,1,1,1,1,1,1,1,1,1,1,2,1,1,0,1,0,1,0,1,1,1,1,0,1,1,0,0,1,1,1,0,1,1,1,0,1
"PTHR11254_SF278",1,1,1,1,1,1,1,1,1,1,1,1,1,1,2,1,1,1,1,1,1,1,1,1,1,3,1,1,1,1,2,1,1,1,1,1,1,1,1,1,1,1,1,1,1
"PTHR11254_SF282",1,1,1,1,1,1,1,1,1,1,1,1,1,1,1,1,1,1,1,1,1,1,1,1,1,1,1,1,1,1,1,1,1,1,1,1,1,1,1,1,1,1,1,1,1
"PTHR11254_SF284",1,1,1,1,1,1,1,1,1,1,1,1,1,1,1,1,1,1,1,2,1,1,1,1,1,1,1,1,1,1,1,1,1,1,1,1,1,1,1,1,1,1,1,1,1
"PTHR11254_SF285",1,1,1,1,1,1,1,1,1,1,1,1,1,1,1,2,1,1,1,1,1,1,1,1,1,1,1,1,1,1,1,2,1,1,1,1,1,1,1,1,1,1,1,1,1
"PTHR11254_SF286",1,1,1,1,1,1,1,1,1,1,1,1,1,1,1,1,1,1,1,1,1,1,1,1,1,1,1,1,1,2,1,1,1,1,1,1,1,1,1,1,1,1,1,1,1
"PTHR11254_SF287",1,1,1,1,1,1,1,1,1,1,1,1,1,1,1,1,1,1,1,1,1,1,1,1,1,1,1,1,1,1,1,1,1,1,1,1,1,1,1,1,1,1,1,1,2
"PTHR11254_SF290",1,1,1,1,1,1,1,1,1,1,2,1,1,1,1,1,1,1,1,1,1,1,1,1,1,1,1,1,1,1,1,1,1,1,1,1,1,1,1,1,1,1,1,1,1
"PTHR11254_SF293",1,1,1,1,1,1,1,1,1,1,1,1,1,1,1,2,1,1,1,1,1,1,1,1,1,1,1,1,1,1,1,1,1,1,1,1,1,1,1,1,1,1,1,1,1
"PTHR11254_SF297",1,1,1,1,1,1,1,0,1,1,1,1,1,1,0,1,1,1,1,2,1,0,1,1,1,1,1,1,1,2,1,0,1,1,1,1,1,1,1,1,1,1,1,1,1
"PTHR11254_SF299",1,1,3,1,1,1,2,2,1,1,1,1,1,1,3,2,1,1,3,1,2,2,2,2,1,1,1,2,1,2,1,2,1,3,1,1,3,1,3,1,2,1,1,1,1
"PTHR11254_SF300",1,1,1,1,1,1,1,1,1,1,1,1,1,1,1,1,1,1,1,1,1,1,1,1,1,1,1,1,1,1,1,1,1,1,1,1,1,1,1,1,1,1,1,1,1
"PTHR11254_SF301",1,1,1,3,1,1,1,1,1,1,1,1,1,1,1,1,1,1,2,1,1,1,1,2,1,1,1,1,1,1,1,1,1,2,1,1,2,1,2,1,1,1,1,1,1
"PTHR11254_SF303",1,1,1,1,1,1,1,1,1,1,1,1,1,1,1,1,1,1,1,1,1,1,1,1,1,1,2,1,1,1,1,1,1,1,1,1,1,1,1,1,1,1,1,1,1
"PTHR11254_SF308",2,1,2,1,1,1,1,1,1,1,1,1,1,1,1,4,1,1,1,1,1,2,1,1,1,1,1,1,1,1,1,1,1,1,1,1,1,1,2,1,1,1,1,1,1
"PTHR11254_SF310",1,1,1,2,1,1,1,1,1,1,1,1,1,1,1,1,1,1,1,1,1,1,1,1,1,1,1,1,1,1,1,1,1,1,1,1,1,1,1,1,1,1,1,1,1
"PTHR11254_SF66",1,1,1,1,1,1,1,1,1,1,1,1,1,1,1,1,1,1,1,1,1,1,1,1,1,1,1,1,1,1,1,1,1,1,1,1,1,1,1,1,1,1,1,1,1
"PTHR11254_SF67",2,1,1,1,1,1,1,1,1,1,1,1,1,1,1,1,1,1,1,1,1,1,1,1,1,1,1,1,1,1,1,1,1,1,0,1,1,1,1,1,1,1,1,2,1
"PTHR11254_SF69",1,1,1,1,1,1,1,2,1,1,1,1,1,1,1,1,1,1,1,1,1,1,1,1,1,1,1,1,1,1,1,1,1,1,1,1,1,1,1,1,1,1,1,1,1
"PTHR11254_SF73",1,1,1,1,1,1,1,2,1,2,1,1,1,1,1,1,1,1,1,1,1,1,1,1,1,1,1,1,1,1,1,1,1,1,1,1,1,1,1,1,1,1,1,1,1
"PTHR11254_SF75",1,1,1,1,1,1,1,1,1,1,1,1,1,1,1,1,1,1,1,1,1,1,1,1,1,1,1,1,1,1,1,1,0,1,1,1,1,1,1,1,1,1,1,1,1
"PTHR11254_SF77",1,1,1,1,1,1,1,1,1,1,1,1,1,1,1,1,1,2,1,1,1,1,1,1,1,1,1,1,1,1,1,1,1,1,1,1,1,1,1,1,1,1,1,1,1
"PTHR11254_SF79",1,1,1,1,1,1,1,1,1,1,1,1,1,1,1,1,1,1,1,1,1,1,1,1,1,0,3,1,1,1,1,1,1,1,1,1,1,1,1,1,1,1,1,1,1
"PTHR11254_SF85",1,1,1,1,1,1,1,1,1,1,1,1,1,1,1,1,2,1,1,1,1,1,1,1,1,1,2,1,1,1,1,1,1,1,1,1,1,1,1,1,1,1,1,1,1
"PTHR11255_SF30",1,1,1,1,1,1,1,1,1,1,1,1,1,1,1,2,1,1,1,1,1,1,1,1,1,1,1,1,1,1,1,1,1,1,1,1,1,1,1,1,1,1,1,1,1
"PTHR11255_SF32",1,1,1,1,1,1,1,1,1,1,1,1,1,1,1,1,1,1,1,1,1,1,1,1,1,1,1,1,1,1,1,1,1,1,1,1,1,1,1,1,1,1,1,1,1
"PTHR11255_SF36",2,1,1,1,1,1,1,1,1,2,2,1,1,1,1,1,1,1,1,1,1,1,1,1,1,1,2,1,2,1,1,1,1,1,3,1,1,1,1,1,1,1,1,1,2
"PTHR11255_SF37",1,1,1,1,1,1,1,1,1,1,1,1,1,1,1,1,1,1,1,1,1,1,1,1,1,1,2,1,1,1,1,1,1,1,1,1,1,1,1,1,1,1,1,1,1
"PTHR11255_SF38",1,1,1,1,1,1,1,1,1,1,1,1,1,1,1,1,1,1,1,1,1,1,1,1,1,1,3,1,1,1,1,1,1,1,1,1,1,1,1,1,1,1,1,1,1
"PTHR11255_SF39",1,1,1,1,1,1,1,1,1,1,1,1,1,1,1,1,0,1,1,2,1,1,1,1,1,1,1,1,1,1,1,1,1,1,1,1,1,1,1,1,1,1,1,1,1
"PTHR11255_SF41",1,1,1,1,1,2,1,1,1,1,1,1,1,1,1,1,1,1,1,1,1,1,1,1,1,1,1,1,1,1,1,1,1,1,2,1,1,1,1,1,1,1,1,1,1
"PTHR11255_SF42",2,1,1,1,1,1,1,1,1,0,1,1,1,1,1,1,1,0,1,1,1,1,2,1,1,1,1,1,0,1,1,1,1,1,0,1,1,1,1,1,1,1,1,0,1
"PTHR11255_SF43",1,1,1,1,1,1,1,1,1,1,1,2,1,1,1,1,1,1,1,1,1,1,1,1,1,1,1,1,1,1,1,2,1,1,1,1,1,1,1,1,1,1,1,1,1
"PTHR11255_SF8",1,1,1,1,1,1,1,1,1,1,0,1,1,1,1,1,1,1,1,0,1,1,1,1,1,1,1,1,1,1,0,1,1,1,1,1,1,1,1,1,1,1,1,1,1
"PTHR11256",9,11,9,8,7,11,7,7,8,8,8,7,9,10,8,9,9,8,9,5,10,10,12,9,8,9,9,8,9,9,9,9,9,9,8,9,10,10,10,9,7,9,8,12,7
"PTHR11258",3,5,4,4,6,4,4,5,5,4,5,6,6,4,4,4,4,4,4,5,4,4,12,4,3,6,6,4,5,4,5,5,5,4,7,9,4,5,4,12,4,3,3,6,5
"PTHR11259",3,6,4,5,4,4,6,4,4,4,4,4,4,4,3,4,3,4,4,4,4,5,4,4,3,4,4,4,4,5,4,4,3,4,3,4,4,4,4,5,5,4,3,3,4
"PTHR11260_SF126",1,0,1,0,1,0,0,0,1,1,0,0,0,1,0,4,2,0,1,1,2,1,1,1,1,1,1,1,1,0,1,0,1,1,2,1,1,1,2,3,0,0,0,0,1
"PTHR11260_SF127",1,2,1,1,1,1,1,1,1,1,1,1,1,1,1,1,1,1,1,1,1,1,1,1,0,1,1,1,1,1,1,1,1,1,1,1,1,1,1,1,1,1,1,2,1
"PTHR11260_SF129",1,1,1,1,1,1,1,1,1,1,1,1,1,1,1,1,1,1,1,0,1,1,1,1,1,1,1,1,1,0,0,1,1,1,1,1,1,1,1,1,1,1,1,1,1
"PTHR11260_SF130",1,1,1,1,1,1,1,1,1,1,1,1,1,1,1,1,1,1,1,1,1,1,1,1,1,1,1,1,1,1,1,1,1,1,1,1,1,1,1,1,1,1,1,1,1
"PTHR11260_SF132",1,2,2,1,1,2,2,1,1,1,1,1,1,1,1,1,1,1,2,1,2,1,1,2,1,1,1,2,2,3,1,1,1,1,3,2,1,1,2,1,2,2,1,2,2
"PTHR11260_SF133",1,1,1,1,1,1,1,1,1,1,1,1,1,1,0,1,1,1,1,1,1,0,0,1,0,1,0,1,1,1,1,1,0,1,1,1,1,1,2,1,1,1,1,1,1
"PTHR11260_SF139",1,1,2,2,1,1,2,1,1,1,1,1,1,2,0,3,1,1,2,1,2,1,1,2,1,0,1,1,1,1,1,1,1,2,0,1,1,1,1,1,2,1,1,0,1
"PTHR11260_SF142",1,2,1,1,1,2,1,1,1,1,1,1,1,1,1,1,1,1,1,0,1,1,1,1,1,1,1,1,1,2,0,1,1,1,1,1,1,1,1,1,1,1,1,1,1
"PTHR11260_SF147",1,1,1,1,1,1,1,1,1,1,1,1,1,1,0,1,1,1,1,1,1,1,1,1,1,1,1,1,1,1,1,1,1,1,0,1,1,1,1,2,1,1,1,0,1
"PTHR11260_SF152",1,1,1,1,1,1,1,1,1,1,1,1,1,1,1,1,1,1,1,1,1,1,1,1,1,1,1,1,1,1,1,1,1,1,1,1,1,1,1,1,1,1,1,1,1
"PTHR11260_SF161",1,1,4,6,7,2,3,1,1,2,1,1,1,3,1,1,2,1,3,1,2,1,1,5,2,1,1,3,1,1,3,3,1,2,1,1,3,1,3,1,3,1,1,1,4
"PTHR11260_SF165",2,1,3,2,4,1,3,1,1,1,1,2,1,2,1,7,1,1,4,1,1,1,1,3,1,1,1,3,1,1,2,3,1,4,2,1,3,2,2,1,2,2,1,2,2
"PTHR11260_SF168",2,2,1,1,1,2,1,2,2,1,2,1,2,1,2,1,2,1,1,2,1,1,3,1,2,2,2,1,3,2,2,2,2,1,0,2,1,2,1,2,1,1,0,0,2
"PTHR11260_SF176",1,1,1,1,1,1,1,1,1,1,1,1,1,1,1,1,1,1,1,1,1,1,1,1,1,1,1,1,1,1,1,1,1,1,1,1,1,1,1,1,1,1,1,1,1
"PTHR11260_SF177",1,1,0,0,0,0,0,0,0,1,0,0,1,0,0,0,0,0,0,0,0,0,0,0,0,1,0,0,1,0,0,0,0,0,3,0,0,1,0,0,0,0,0,2,1
"PTHR11260_SF185",1,1,2,1,1,1,1,1,1,3,1,1,1,2,2,1,2,1,3,1,1,1,1,3,1,1,1,2,1,1,1,1,1,2,1,2,3,1,3,1,1,1,1,1,1
"PTHR11261",1,1,1,1,1,1,1,1,1,0,1,1,1,1,0,1,1,1,1,0,1,1,1,1,1,1,1,1,1,1,1,1,1,1,1,1,1,1,1,1,1,1,1,1,1
"PTHR11262_SF4",1,1,2,2,1,1,1,1,1,1,1,1,1,1,1,1,1,1,2,1,2,1,1,2,1,1,1,1,1,1,1,1,1,2,1,1,1,1,1,1,1,1,1,1,1
"PTHR11264",1,1,1,2,2,1,2,1,2,2,2,1,1,1,2,1,1,1,1,1,1,1,1,1,1,1,2,2,1,1,1,1,1,1,1,2,1,1,2,1,1,1,1,1,2
"PTHR11265",1,1,3,2,1,1,2,1,1,1,1,1,1,2,1,1,1,1,2,1,1,1,1,1,1,1,1,3,1,1,1,1,1,2,1,1,2,1,2,1,2,1,1,1,1
"PTHR11266_SF17",1,1,1,1,0,1,1,1,1,1,1,1,1,1,1,1,1,0,1,1,1,1,1,1,1,0,1,1,1,1,1,1,1,1,1,1,1,1,1,1,1,1,1,1,1
"PTHR11266_SF19",1,1,1,1,1,1,1,1,1,1,1,1,1,1,1,1,1,1,1,1,1,1,2,1,1,1,1,0,1,1,0,1,0,1,1,0,1,1,1,1,1,1,1,1,1
"PTHR11266_SF7",1,1,1,1,1,1,1,1,1,0,1,1,1,1,1,1,1,1,1,1,1,1,1,1,1,1,1,1,1,1,1,0,1,1,1,1,1,1,1,1,1,1,1,1,1
"PTHR11266_SF9",1,1,0,1,1,1,1,1,1,0,1,1,1,1,1,5,1,1,1,1,2,1,1,3,1,1,1,3,1,1,1,1,1,2,1,1,0,1,1,1,1,1,1,2,1
"PTHR11267_SF13",1,1,1,1,1,1,1,1,1,1,1,1,1,1,1,1,1,1,1,1,1,1,1,1,1,1,1,1,1,1,1,1,1,1,1,1,1,1,1,1,1,1,1,1,1
"PTHR11267_SF16",1,1,1,1,1,1,1,1,1,1,1,1,1,1,1,1,1,1,1,1,1,1,1,1,1,1,1,1,1,1,1,1,1,1,1,1,1,1,1,1,1,1,1,0,1
"PTHR11267_SF20",1,1,1,2,1,1,1,1,1,1,1,1,1,1,1,1,1,1,1,1,1,1,1,1,1,1,1,1,1,1,1,1,1,1,1,1,1,1,1,1,2,1,1,1,1
"PTHR11267_SF27",2,2,2,2,2,0,1,2,2,2,1,1,2,1,2,2,2,2,2,1,2,1,1,2,1,2,2,2,2,1,1,2,1,2,2,1,2,2,2,1,2,2,1,2,2
"PTHR11267_SF28",1,1,1,1,1,1,1,1,1,1,1,1,1,1,1,1,1,1,1,1,1,1,1,1,1,1,1,1,1,1,1,1,1,1,1,1,1,1,1,1,1,1,1,1,1
"PTHR11267_SF29",1,1,1,1,1,1,1,1,1,1,1,1,1,1,1,1,1,1,1,1,1,1,1,1,1,1,1,1,1,1,1,1,1,1,1,1,1,1,1,1,1,1,1,1,1
"PTHR11267_SF32",1,1,1,1,1,1,1,1,1,1,1,1,1,1,1,1,1,1,1,1,1,1,1,1,1,1,1,1,1,1,1,1,1,1,1,1,1,1,1,1,1,1,1,1,1
"PTHR11267_SF82",1,1,1,1,1,1,1,1,1,1,1,1,1,1,1,1,1,1,1,1,1,1,1,1,1,1,1,1,1,1,1,1,1,1,1,1,1,1,1,1,1,1,1,1,1
"PTHR11267_SF83",1,1,1,1,1,1,1,1,1,2,1,1,1,1,1,1,1,1,1,1,1,1,1,1,1,1,1,1,1,1,1,1,1,1,1,1,1,1,1,1,1,1,1,1,1
"PTHR11267_SF85",1,1,1,1,1,1,1,1,1,1,1,1,1,1,1,1,1,1,1,1,1,1,1,1,1,1,1,1,1,1,1,1,1,1,1,1,1,1,1,1,1,1,1,1,1
"PTHR11267_SF88",1,1,1,1,1,1,1,1,1,1,1,1,1,1,1,1,1,1,1,1,1,1,1,1,1,1,1,2,1,1,0,1,1,1,1,1,1,1,1,1,1,1,1,1,1
"PTHR11267_SF90",1,1,1,1,1,1,1,1,1,1,1,1,1,1,1,1,1,1,1,1,1,1,1,1,1,1,1,1,1,1,1,1,1,1,1,1,1,1,1,1,1,1,1,1,1
"PTHR11267_SF91",1,1,1,1,1,1,1,1,1,1,1,1,1,1,1,1,1,1,1,1,1,1,1,1,1,1,1,1,1,1,2,2,1,1,1,1,1,1,1,1,1,1,1,1,1
"PTHR11267_SF95",1,1,1,1,1,1,1,1,1,1,1,1,1,1,1,1,1,1,1,1,1,1,1,1,1,1,1,1,1,1,1,1,1,1,3,1,1,1,1,1,1,1,1,1,1
"PTHR11267_SF97",1,1,1,0,0,1,1,1,0,0,1,1,1,1,1,2,1,1,1,1,1,1,1,1,1,1,1,1,1,1,1,1,1,1,1,1,1,1,1,1,0,1,1,1,0
"PTHR11267_SF98",1,1,1,1,1,1,1,1,1,1,1,1,1,1,1,1,1,1,1,1,1,1,1,1,1,1,1,1,1,1,1,1,1,1,1,1,1,1,1,1,1,1,1,1,1
"PTHR11269_SF13",1,1,1,1,1,1,2,1,1,2,1,1,1,1,1,1,1,1,1,1,1,1,1,1,1,1,1,1,1,1,0,1,1,1,1,1,1,1,1,1,1,2,1,1,1
"PTHR11269_SF8",1,1,1,1,1,1,1,1,1,1,1,1,1,1,1,1,1,1,1,1,1,1,1,1,1,1,1,1,1,1,1,2,1,1,1,2,1,1,1,1,1,1,1,1,1
"PTHR11269_SF9",1,1,1,1,1,1,1,1,1,1,1,1,1,1,1,1,1,1,1,1,1,1,1,1,1,1,1,1,1,2,1,1,1,1,1,1,1,0,1,1,1,1,1,1,1
"PTHR11271",1,1,1,1,1,1,1,1,1,1,1,1,1,1,1,1,1,1,1,1,1,1,1,1,1,1,1,1,1,1,1,1,1,1,1,1,1,1,1,1,1,1,1,1,1
"PTHR11274",1,1,1,1,1,1,1,1,1,1,1,1,1,1,1,1,1,1,1,1,1,1,1,1,1,1,1,1,1,1,1,1,1,1,1,1,1,1,1,1,1,1,1,1,1
"PTHR11276_SF1",1,1,1,1,1,1,1,1,1,1,2,1,1,1,2,1,1,1,1,1,1,1,1,1,1,1,1,1,1,1,1,1,1,1,1,1,1,1,1,1,1,1,1,1,1
"PTHR11276_SF18",1,1,1,1,1,1,1,1,1,1,1,1,1,1,1,1,1,1,1,1,1,1,1,1,1,1,1,1,1,1,1,1,1,1,1,1,1,1,1,1,1,1,1,1,1
"PTHR11276_SF21",1,1,1,1,1,1,1,1,1,1,1,1,1,1,1,1,1,1,1,1,1,1,1,1,1,1,1,1,1,1,1,1,1,1,1,1,1,1,1,1,1,1,1,1,1
"PTHR11276_SF24",1,1,1,1,1,1,2,1,1,1,1,1,1,1,1,1,1,1,1,1,1,1,1,1,1,1,1,1,1,1,1,1,1,1,1,1,1,1,2,1,1,1,1,1,1
"PTHR11278",1,3,6,5,1,2,10,1,1,5,1,1,2,5,1,1,1,2,3,7,2,1,1,4,4,1,3,5,2,2,6,4,2,5,1,7,7,2,9,2,4,1,1,1,3
"PTHR11280",2,2,2,2,2,3,2,2,2,2,2,2,2,2,2,2,3,2,2,4,2,2,2,2,2,2,2,2,2,3,2,2,2,2,3,2,2,2,2,2,2,2,2,2,2
"PTHR11289_SF0",1,1,1,1,1,1,1,1,1,1,1,1,1,1,1,1,1,1,1,1,1,1,1,1,1,1,0,1,1,1,1,1,1,1,0,1,1,1,1,1,0,2,1,1,1
"PTHR11292",1,1,1,1,1,1,1,1,1,1,1,1,1,1,1,2,0,1,1,1,1,1,1,1,1,1,1,1,1,1,1,1,1,1,1,1,1,1,1,1,1,1,1,1,1
"PTHR11304_SF17",1,1,1,1,1,1,1,1,1,1,1,1,1,1,1,1,1,1,1,1,1,1,1,1,1,1,1,1,1,1,1,1,1,1,1,1,1,1,1,1,1,1,1,1,1
"PTHR11304_SF18",1,1,1,1,1,1,1,1,1,1,1,1,1,1,1,1,1,1,1,1,1,1,1,1,1,1,1,1,1,1,1,1,1,1,1,1,1,1,1,1,1,1,1,2,1
"PTHR11304_SF19",1,1,1,1,1,1,1,1,1,1,1,1,1,1,1,1,1,1,1,1,1,1,1,1,1,1,1,1,1,1,1,1,1,1,1,1,1,1,1,1,1,1,1,2,1
"PTHR11304_SF33",1,1,1,1,1,1,1,1,1,1,1,1,1,1,1,1,1,1,1,1,1,1,1,1,1,1,1,1,1,1,1,1,1,1,1,1,1,1,1,1,1,1,1,1,1
"PTHR11304_SF34",1,1,1,1,1,1,1,1,1,1,1,1,1,1,1,1,1,1,1,1,1,1,1,1,1,1,1,1,1,1,1,1,1,1,1,1,1,1,1,1,1,1,1,1,1
"PTHR11304_SF4",1,1,1,0,0,1,0,1,1,0,1,1,1,1,1,1,1,0,1,1,1,1,1,1,1,0,1,1,0,1,0,1,1,1,1,1,1,1,1,1,1,1,1,1,1
"PTHR11304_SF5",1,1,1,1,1,1,1,1,1,0,1,1,1,1,1,2,1,1,1,1,1,1,1,1,1,1,1,1,1,1,1,1,1,1,1,1,1,1,1,1,1,1,1,2,1
"PTHR11304_SF6",1,1,1,1,1,1,1,1,1,1,1,1,1,1,1,1,1,1,1,1,1,1,1,1,1,1,1,1,1,1,1,1,1,1,1,1,1,1,1,1,1,1,1,2,1
"PTHR11306_SF0",1,1,1,2,2,1,1,1,1,2,1,1,1,1,1,1,1,1,1,1,1,1,1,1,1,1,1,1,1,1,1,1,1,1,1,1,1,1,1,1,1,1,1,1,2
"PTHR11309_SF12",1,0,0,0,0,0,0,0,0,0,0,0,0,0,0,0,0,0,0,0,0,0,0,0,0,1,0,0,1,0,1,0,0,0,1,0,0,1,0,0,0,0,0,0,0
"PTHR11309_SF22",1,1,1,1,1,1,1,1,1,1,1,1,1,1,1,1,1,1,1,1,1,1,1,1,1,1,1,1,1,2,1,1,1,1,1,1,1,1,1,1,1,1,1,1,1
"PTHR11309_SF23",1,1,1,1,1,1,1,1,1,1,1,1,1,1,1,1,1,1,1,1,1,1,1,1,1,1,1,1,1,1,1,1,1,1,1,1,1,1,1,1,1,1,1,1,1
"PTHR11309_SF31",1,1,1,1,1,1,1,1,1,1,1,1,1,1,1,1,1,1,1,1,1,1,1,1,1,1,1,1,1,1,1,1,1,1,1,1,1,1,1,1,1,1,1,1,1
"PTHR11309_SF34",1,1,1,1,1,0,1,0,1,0,1,1,1,1,1,1,1,1,1,0,1,1,1,1,1,1,1,1,0,1,1,1,1,1,1,1,0,1,1,1,0,1,0,1,1
"PTHR11309_SF35",1,1,1,1,1,1,1,1,1,1,1,1,1,1,1,1,1,1,1,1,1,1,1,1,1,1,1,1,1,1,1,1,1,1,1,1,1,1,2,1,1,1,1,1,1
"PTHR11309_SF45",1,1,1,1,1,1,1,1,1,1,1,1,1,1,1,1,1,1,1,1,1,1,1,1,1,1,1,1,1,1,1,1,1,1,1,1,1,1,1,1,1,1,1,1,1
"PTHR11309_SF46",1,1,1,1,1,1,1,1,1,1,1,1,1,1,1,1,1,1,1,1,1,1,1,1,1,1,1,1,1,1,2,1,1,1,1,1,1,1,1,1,1,1,1,1,1
"PTHR11309_SF7",1,1,1,1,1,1,1,1,1,1,1,1,1,1,1,1,1,1,1,1,1,1,1,1,1,1,1,1,1,1,1,1,1,1,1,1,1,1,1,1,1,1,1,1,1
"PTHR11309_SF75",1,1,1,1,1,1,1,1,1,1,1,1,1,1,1,1,1,1,1,1,1,1,2,1,1,1,2,1,1,1,1,1,1,1,1,1,1,1,1,1,1,1,1,1,1
"PTHR11309_SF76",2,1,1,1,1,1,1,1,1,1,1,1,1,1,1,1,1,1,1,2,1,1,1,1,1,1,1,1,1,1,1,1,1,1,1,1,1,2,1,1,1,1,1,1,1
"PTHR11309_SF77",1,1,1,1,1,1,1,0,0,1,1,1,1,0,1,1,1,1,1,0,1,1,1,1,1,0,1,0,1,0,1,1,1,1,1,1,0,1,1,2,1,1,0,1,1
"PTHR11309_SF79",1,1,0,1,1,1,1,1,1,1,1,0,1,1,1,1,1,0,1,1,1,1,1,0,0,2,1,1,1,1,1,1,1,1,1,1,1,1,1,1,0,1,0,1,1
"PTHR11309_SF81",1,1,0,0,1,1,1,1,1,1,1,1,1,1,1,1,1,1,0,1,0,0,1,0,1,1,1,0,1,1,1,1,1,0,1,1,0,1,2,1,0,1,1,1,1
"PTHR11309_SF85",1,1,1,1,1,1,1,1,1,1,1,1,1,1,1,1,1,1,1,1,1,1,1,1,1,1,0,1,1,1,1,1,1,1,1,1,1,1,1,1,1,1,1,1,1
"PTHR11309_SF86",1,1,0,0,1,1,1,1,1,1,1,1,1,1,1,1,1,1,1,0,1,0,1,1,1,1,1,1,1,0,0,2,1,1,1,1,0,0,1,0,0,1,1,1,1
"PTHR11311_SF6",1,1,1,1,1,1,1,1,1,1,1,1,1,1,1,1,1,1,1,2,1,1,1,1,1,1,1,1,1,1,1,1,0,1,1,1,1,1,1,1,1,1,1,2,1
"PTHR11311_SF7",2,1,1,1,1,1,1,1,1,2,1,1,1,1,1,1,1,1,1,1,1,1,1,1,1,1,1,1,1,1,1,1,1,1,1,1,1,1,1,1,1,1,1,1,1
"PTHR11311_SF8",2,1,1,1,1,1,1,1,1,1,1,1,1,1,1,1,1,1,1,1,1,1,1,1,1,1,1,1,1,1,1,1,1,1,1,1,1,1,1,1,1,1,1,1,1
"PTHR11311_SF9",1,1,1,1,0,1,1,1,1,1,1,1,1,1,1,1,1,1,1,1,1,1,1,1,1,1,1,1,1,1,0,1,1,1,1,1,1,1,1,2,1,1,1,1,1
"PTHR11315",1,1,1,1,1,1,1,1,1,1,1,1,1,1,1,1,1,1,1,1,1,2,1,1,1,1,1,1,1,1,1,1,1,1,1,1,1,1,1,1,1,1,1,2,1
"PTHR11318",2,2,2,2,2,2,2,2,2,2,2,2,2,2,2,2,2,2,2,2,2,2,2,2,2,2,2,2,2,2,2,2,2,2,2,2,2,2,2,2,2,1,2,2,2
"PTHR11321",1,1,1,1,1,1,1,1,1,1,1,1,1,1,1,1,1,1,1,1,1,1,1,1,1,1,1,1,1,1,1,1,1,1,1,1,1,1,1,1,1,1,1,1,1
"PTHR11322",1,1,1,1,1,1,1,1,1,0,1,1,1,1,1,1,1,1,1,1,1,1,1,1,1,1,1,1,1,1,1,1,1,1,0,1,1,1,2,1,1,1,1,1,1
"PTHR11323",1,1,1,1,1,1,1,1,1,1,1,1,1,1,1,1,1,1,1,1,1,1,1,1,0,1,1,1,1,1,1,1,1,1,1,1,1,1,1,1,1,1,1,1,1
"PTHR11324_SF16",1,1,1,1,1,1,1,1,1,1,1,1,1,1,1,1,1,1,1,1,1,1,1,1,1,1,1,1,1,1,2,1,1,1,1,1,1,1,1,1,1,2,1,3,2
"PTHR11324_SF2",1,2,1,1,1,2,1,1,1,1,1,1,1,1,1,1,1,1,1,0,1,1,1,1,1,1,1,1,1,1,1,1,1,1,2,1,1,3,1,1,1,1,1,2,2
"PTHR11326",1,1,1,1,1,1,1,1,1,1,1,1,1,1,1,1,1,1,1,1,1,1,1,1,1,1,1,1,2,1,1,1,1,1,2,1,1,1,1,1,1,1,1,2,1
"PTHR11328",3,3,3,3,3,3,3,3,3,3,3,3,3,3,3,3,3,3,3,3,3,3,3,3,3,3,3,3,3,3,2,2,3,3,4,3,3,3,3,3,3,3,3,4,3
"PTHR11329",1,1,1,2,1,1,4,1,1,1,1,1,1,1,1,1,1,1,1,1,1,1,1,1,1,1,1,1,1,1,1,1,1,1,2,1,1,1,1,1,2,1,1,2,1
"PTHR11334",9,7,6,4,6,5,8,6,10,9,7,11,4,10,10,18,12,10,4,13,9,1,23,2,8,5,10,6,6,8,6,6,11,6,13,18,11,3,10,19,4,5,2,15,6
"PTHR11337",3,3,3,3,3,3,3,2,2,3,3,3,3,3,2,3,2,3,3,2,3,3,3,3,3,3,3,3,3,3,3,1,3,3,4,3,3,3,3,3,4,3,2,3,3
"PTHR11339_SF221",1,1,1,1,0,1,0,1,0,1,1,1,1,1,0,1,0,1,1,1,0,1,1,1,1,1,1,1,1,1,1,0,1,1,0,1,1,1,2,0,1,1,1,0,1
"PTHR11339_SF224",1,1,1,1,1,1,1,1,1,1,1,1,1,1,0,1,1,1,1,1,1,1,1,1,1,1,0,1,1,1,1,1,1,1,1,0,1,0,1,1,1,1,2,0,1
"PTHR11339_SF225",2,1,1,1,1,1,1,1,1,1,1,1,1,1,1,1,1,1,1,1,1,1,1,1,1,1,0,1,1,1,1,1,1,1,1,1,1,1,1,1,1,1,0,1,1
"PTHR11339_SF226",1,1,1,1,1,1,1,1,1,1,1,1,1,1,1,1,1,1,1,1,1,1,1,1,1,1,1,1,1,1,1,1,1,1,1,1,1,1,1,1,1,1,1,1,1
"PTHR11339_SF228",1,1,1,1,1,1,1,1,1,1,1,1,1,1,1,1,1,1,1,1,1,1,1,1,1,1,1,1,1,1,1,1,1,1,0,1,1,1,1,1,1,1,1,1,1
"PTHR11339_SF231",1,1,0,1,0,1,1,1,0,1,1,1,1,0,1,0,1,1,1,1,0,1,2,1,2,1,1,0,0,1,1,1,0,0,0,0,1,1,0,2,1,1,1,0,0
"PTHR11339_SF237",1,1,1,0,1,0,2,0,0,0,1,1,1,1,0,1,0,1,1,1,1,1,1,1,1,1,0,1,1,3,1,0,1,1,1,0,1,0,1,1,0,0,1,1,1
"PTHR11339_SF244",2,1,2,2,2,1,1,1,2,1,1,1,1,2,1,3,1,2,2,1,2,0,1,2,1,2,2,2,2,0,1,1,2,2,3,2,2,1,3,1,2,1,1,4,2
"PTHR11339_SF248",1,1,1,0,1,0,0,1,0,2,1,1,1,0,0,2,1,1,0,0,1,0,1,0,1,1,3,0,1,3,1,1,0,0,1,1,1,1,1,1,0,1,2,1,1
"PTHR11339_SF249",1,1,1,1,1,1,1,1,1,1,1,1,1,1,1,1,1,1,1,1,1,1,1,1,1,1,0,1,1,1,1,1,1,1,0,1,1,1,1,1,1,1,1,0,1
"PTHR11339_SF253",1,1,1,1,1,1,1,1,1,1,1,1,1,1,1,1,1,1,1,1,1,1,1,1,1,1,1,1,1,1,1,1,1,1,1,1,1,1,1,1,1,1,1,1,1
"PTHR11339_SF254",1,1,1,1,1,1,1,3,2,1,1,1,1,1,1,1,1,1,1,1,1,1,1,1,1,1,1,1,1,1,1,2,1,1,1,1,1,1,1,1,1,1,1,1,1
"PTHR11339_SF256",1,1,1,1,1,1,1,1,1,1,0,0,0,0,1,0,1,1,1,2,0,1,1,1,1,1,1,1,1,2,0,1,1,1,1,1,0,0,0,1,1,0,3,1,1
"PTHR11339_SF258",2,2,2,2,2,2,2,2,2,2,2,2,2,2,2,2,2,2,2,1,2,2,2,2,2,2,1,2,2,2,1,2,2,2,2,2,2,2,2,2,2,2,2,2,1
"PTHR11339_SF259",1,1,1,1,1,1,1,1,1,2,1,1,1,1,1,1,1,1,1,1,1,1,1,1,1,1,1,1,1,1,1,1,1,1,1,1,1,1,1,1,1,1,1,1,1
"PTHR11339_SF261",1,1,1,1,1,2,1,2,1,2,0,5,1,0,2,3,1,2,0,0,1,0,2,1,1,2,2,1,2,3,0,2,1,1,0,2,1,1,0,0,1,1,1,2,1
"PTHR11339_SF263",1,1,1,1,1,1,1,1,1,1,1,1,1,1,1,1,1,1,1,1,1,1,1,1,1,1,1,1,1,1,1,1,1,1,1,1,1,1,1,1,1,1,1,1,1
"PTHR11339_SF264",1,0,1,1,2,1,0,0,1,1,1,1,0,1,1,4,1,1,1,0,1,0,1,1,1,1,1,1,1,3,0,1,1,1,1,1,1,1,1,1,1,0,1,0,1
"PTHR11339_SF266",1,0,0,0,1,0,0,0,0,1,0,1,1,0,0,0,0,1,0,1,0,0,1,0,0,1,0,0,0,1,0,0,1,0,1,0,0,0,0,1,0,0,0,0,0
"PTHR11346_SF19",1,1,1,1,1,2,1,1,1,1,0,1,1,1,1,1,0,1,1,1,1,1,1,1,1,1,1,1,1,1,1,1,1,1,1,1,1,1,1,1,1,1,1,1,1
"PTHR11346_SF21",1,1,1,1,1,1,1,1,1,0,1,1,1,1,1,1,1,1,1,0,1,1,1,1,1,1,1,1,0,1,0,1,1,1,1,1,1,1,2,1,1,1,0,1,1
"PTHR11346_SF22",1,1,1,1,1,1,1,1,1,1,1,1,1,1,1,1,1,1,1,2,1,1,1,1,1,1,1,1,1,1,1,1,1,1,2,1,1,1,1,1,1,1,1,3,1
"PTHR11346_SF26",1,1,1,1,2,1,1,1,1,1,1,1,1,1,1,1,1,1,1,1,1,1,1,1,1,2,2,1,3,1,1,2,1,1,2,1,1,1,1,1,1,1,1,1,1
"PTHR11346_SF30",1,1,1,2,2,1,1,1,1,1,1,1,1,1,1,1,1,1,2,1,0,1,1,1,1,1,2,1,1,1,1,1,5,1,4,1,1,1,1,1,1,1,1,1,1
"PTHR11346_SF32",1,1,1,1,1,2,1,1,1,0,0,1,1,1,1,2,1,1,1,1,1,1,1,1,1,1,1,0,1,1,1,1,1,1,1,1,1,1,1,1,1,1,2,1,1
"PTHR11346_SF82",2,2,2,2,2,2,2,0,2,1,1,2,1,2,1,4,1,1,2,2,2,2,1,2,1,1,1,2,2,2,1,1,2,2,1,1,2,1,2,1,1,2,2,1,1
"PTHR11346_SF91",1,1,2,1,1,0,1,0,0,0,0,0,1,3,0,4,1,0,1,2,2,1,0,2,0,1,0,1,1,1,1,0,1,2,0,1,1,1,2,0,1,1,1,0,1
"PTHR11346_SF97",1,1,1,1,1,1,1,1,1,5,1,1,1,1,1,1,1,1,1,1,1,1,1,1,1,1,1,1,1,1,1,1,1,1,1,1,1,1,1,1,0,1,1,1,1
"PTHR11346_SF98",1,1,1,1,1,2,1,1,1,1,1,1,1,1,1,1,1,1,1,1,1,1,2,1,1,1,2,1,1,1,1,1,1,1,1,1,1,2,1,1,1,1,1,1,1
"PTHR11347_SF102",1,1,1,1,1,1,1,1,1,1,1,1,1,1,1,1,1,1,1,1,1,1,2,1,1,1,1,1,1,1,1,1,1,1,1,1,1,1,1,1,1,1,1,1,1
"PTHR11347_SF103",1,1,1,1,1,1,0,1,1,1,1,1,1,1,1,1,1,1,1,1,1,1,1,1,1,1,1,1,1,1,1,1,1,1,1,1,1,1,1,1,1,1,1,1,1
"PTHR11347_SF105",1,1,1,1,1,1,1,1,1,0,1,1,1,1,1,2,1,1,1,1,1,1,1,1,1,1,1,1,1,1,0,1,0,1,1,1,1,1,1,1,1,1,1,1,1
"PTHR11347_SF107",1,0,0,0,0,0,1,0,0,1,0,0,0,0,0,1,0,0,0,0,0,0,1,1,0,0,0,0,0,0,1,0,1,1,0,0,0,0,0,0,0,0,0,0,0
"PTHR11347_SF21",1,1,1,1,1,1,1,1,1,1,1,1,1,1,1,1,1,1,1,3,1,1,1,1,1,1,2,1,1,1,1,1,1,1,1,1,1,1,1,1,1,1,1,1,1
"PTHR11347_SF23",1,1,1,1,1,1,1,1,1,1,1,2,1,1,1,1,1,1,1,1,1,1,1,1,1,1,1,1,1,1,1,1,1,1,1,1,1,1,1,1,1,1,1,1,1
"PTHR11347_SF25",1,1,1,1,1,1,1,1,1,1,1,1,1,1,1,1,1,1,1,1,1,1,1,1,1,1,1,1,1,1,1,1,1,1,1,1,1,1,1,1,1,1,1,0,1
"PTHR11347_SF29",1,1,1,1,1,1,1,1,1,1,1,1,1,1,1,1,1,1,1,1,1,1,1,1,1,1,1,1,1,1,1,1,1,1,1,1,1,1,1,1,1,1,1,1,1
"PTHR11347_SF32",1,1,1,1,1,1,1,1,1,1,1,1,1,1,1,1,1,1,1,1,1,1,1,1,1,1,1,1,1,1,1,1,1,1,1,1,1,1,1,1,1,1,1,1,1
"PTHR11347_SF34",1,1,1,1,1,1,1,1,1,1,1,1,1,1,1,1,1,1,1,1,1,1,1,1,1,1,1,1,1,1,1,1,1,1,1,1,1,1,1,1,1,1,1,1,1
"PTHR11347_SF72",1,1,1,1,1,1,1,1,1,1,1,1,1,1,1,1,1,1,1,1,1,1,1,1,1,1,1,1,1,1,1,1,1,1,1,1,1,1,1,1,1,1,1,1,1
"PTHR11347_SF73",1,1,1,1,1,1,1,1,1,1,1,1,1,1,1,1,1,1,1,0,1,1,1,1,1,1,1,1,1,1,2,1,1,1,1,1,1,1,1,1,1,1,1,2,1
"PTHR11347_SF74",1,1,1,1,1,1,1,1,1,0,2,1,1,1,1,1,1,1,1,1,1,1,1,1,1,1,1,1,1,1,1,1,1,1,1,1,1,1,1,1,1,1,1,0,1
"PTHR11347_SF79",1,1,1,4,1,1,1,1,1,1,1,1,1,1,1,1,1,1,1,1,1,1,1,1,1,1,1,1,1,1,1,1,1,1,1,1,1,1,1,1,6,1,1,1,1
"PTHR11347_SF83",1,1,1,1,1,1,1,1,1,1,1,1,1,1,1,1,1,1,1,1,1,1,1,1,1,1,1,1,1,1,1,1,1,1,1,1,1,1,1,1,1,1,1,1,1
"PTHR11347_SF85",1,1,1,1,1,1,1,1,1,1,1,1,1,1,1,1,1,1,1,3,1,1,1,1,1,1,3,1,1,1,1,1,1,1,1,1,1,1,1,1,1,1,1,1,1
"PTHR11347_SF90",1,1,1,1,1,1,1,1,1,1,2,1,1,1,1,1,1,1,1,1,1,1,1,1,1,2,2,1,1,1,1,1,1,1,1,1,1,1,1,1,1,1,1,2,2
"PTHR11347_SF91",1,1,1,1,1,1,1,1,1,2,2,1,1,1,2,1,1,1,1,2,1,2,1,1,1,1,1,1,1,1,1,1,1,2,1,1,1,1,1,1,1,1,1,1,1
"PTHR11347_SF94",1,1,1,1,1,1,1,1,1,0,1,1,1,1,1,2,1,1,1,1,1,1,2,1,1,1,1,1,1,1,0,1,1,1,1,1,1,1,1,1,1,1,1,1,1
"PTHR11347_SF96",1,2,1,1,1,1,2,1,1,1,1,1,1,1,1,1,1,1,1,1,1,1,1,1,1,1,1,1,1,1,1,2,1,1,1,1,1,1,1,1,1,1,1,2,1
"PTHR11347_SF98",2,1,1,1,1,1,1,1,1,1,1,1,1,1,1,2,1,1,1,1,1,1,1,1,1,1,1,1,1,1,1,1,1,1,1,1,1,1,1,1,1,1,1,1,1
"PTHR11348_SF16",1,1,1,1,1,1,1,1,1,1,1,1,1,1,1,1,1,1,1,1,1,1,1,1,1,1,1,1,1,1,1,0,1,1,1,1,1,1,1,1,1,1,1,1,1
"PTHR11348_SF18",1,1,1,1,1,1,1,1,1,1,1,1,1,1,1,1,1,1,1,1,1,1,1,1,1,1,2,1,1,1,1,1,1,1,1,1,1,1,1,1,1,1,1,1,1
"PTHR11348_SF3",1,1,1,1,1,1,1,1,1,1,1,1,1,1,1,1,1,1,1,1,1,1,1,1,1,1,2,1,1,1,1,0,1,1,1,1,1,1,1,1,1,1,1,1,2
"PTHR11348_SF4",1,1,1,1,1,1,1,1,1,1,1,1,1,1,1,1,1,1,1,1,1,1,1,1,1,1,1,1,1,1,1,1,1,1,1,1,1,1,1,1,1,1,1,1,1
"PTHR11348_SF7",1,1,1,1,1,1,1,1,1,1,1,1,1,1,1,1,1,1,1,1,1,1,1,1,1,1,1,1,1,1,1,1,1,1,1,1,1,1,1,1,1,1,1,2,1
"PTHR11348_SF8",1,1,1,1,1,1,1,1,1,1,1,1,1,1,1,1,1,1,1,1,1,1,1,1,1,1,1,1,1,1,1,1,1,1,1,1,1,1,1,1,1,1,1,1,1
"PTHR11349_SF32",1,1,1,1,1,1,1,1,1,1,1,1,1,1,1,1,1,1,1,0,1,1,1,1,0,1,1,1,1,1,1,1,1,1,1,1,1,1,1,1,1,1,1,1,1
"PTHR11349_SF43",1,1,1,1,1,1,1,1,1,1,1,1,1,1,1,1,1,1,1,1,1,1,1,1,1,1,1,1,0,1,2,0,1,1,1,1,1,1,1,1,1,1,1,1,1
"PTHR11349_SF45",1,1,1,1,1,1,1,1,1,1,1,1,1,1,1,1,1,1,1,1,1,1,1,1,1,1,1,1,1,1,0,1,1,1,0,1,1,1,1,1,1,1,1,0,1
"PTHR11349_SF47",1,1,1,1,1,1,2,1,1,2,1,1,1,2,1,1,1,1,1,2,1,3,1,1,1,1,5,2,1,0,2,2,1,0,4,1,1,1,2,1,2,2,1,6,1
"PTHR11349_SF49",1,1,1,1,2,1,1,1,1,0,1,1,2,1,1,1,2,1,1,2,1,1,1,1,2,1,1,1,2,1,1,1,1,1,1,1,1,2,1,1,1,1,1,2,3
"PTHR11349_SF52",1,1,1,1,1,1,1,1,1,0,1,1,1,1,1,1,1,1,1,1,1,1,1,1,1,1,1,1,1,1,1,1,0,1,1,1,1,1,1,1,1,1,1,1,1
"PTHR11349_SF57",1,0,0,0,0,0,0,0,0,0,0,0,0,0,0,1,0,0,1,0,1,0,1,1,1,0,0,1,0,1,0,0,0,1,0,0,1,0,1,0,1,0,0,0,1
"PTHR11349_SF59",1,1,3,2,5,1,1,1,1,1,2,1,1,1,1,1,1,1,2,0,1,1,1,2,1,1,1,1,3,0,1,3,1,2,1,1,1,1,1,1,1,1,0,1,2
"PTHR11351_SF22",1,1,1,1,1,1,1,1,1,1,1,1,1,1,1,1,1,1,1,1,1,0,0,1,0,1,0,1,1,1,1,1,1,1,1,0,1,1,1,0,1,1,1,1,1
"PTHR11351_SF25",1,1,1,1,1,1,3,1,1,1,1,1,1,1,0,1,4,1,1,1,1,1,3,2,1,1,1,1,1,1,4,2,1,1,1,1,2,1,2,1,1,1,1,1,1
"PTHR11352",1,1,2,1,1,1,1,1,1,1,1,1,1,2,1,1,2,1,2,1,1,1,1,2,1,1,1,2,1,1,1,3,1,2,1,1,2,1,3,1,2,1,1,2,1
"PTHR11353_SF12",1,1,1,1,1,1,1,1,1,1,1,1,1,1,1,1,1,1,1,1,1,1,1,1,1,1,1,1,1,1,1,1,1,1,1,1,1,1,1,1,1,1,1,1,1
"PTHR11353_SF20",1,1,3,1,1,1,1,2,1,1,1,1,1,3,3,1,2,1,4,1,1,2,1,4,1,1,1,1,1,1,1,6,1,4,1,1,3,1,4,1,1,1,1,2,1
"PTHR11353_SF22",1,1,2,1,4,1,1,2,2,1,1,1,1,1,3,1,1,1,1,1,1,5,1,1,1,2,1,1,1,1,1,5,4,3,1,2,1,1,1,1,1,1,1,1,2
"PTHR11353_SF23",1,1,1,5,5,1,2,1,1,1,1,1,1,1,2,1,1,2,1,1,1,2,1,1,1,1,1,1,2,2,1,3,2,1,1,1,1,1,1,1,2,1,1,1,3
"PTHR11353_SF26",1,1,1,1,1,2,1,1,1,1,1,1,1,1,5,1,1,1,2,1,1,2,1,1,1,1,1,1,1,2,1,2,1,2,2,2,2,1,3,1,1,1,1,1,2
"PTHR11353_SF30",1,1,0,0,1,1,1,1,1,1,1,1,0,1,1,1,1,1,0,1,0,0,1,0,0,1,1,1,1,0,1,1,1,0,1,1,1,2,1,1,0,1,0,1,1
"PTHR11353_SF54",2,1,2,1,2,6,1,1,1,2,1,1,2,3,3,1,1,1,3,1,1,3,1,4,2,3,1,3,1,2,2,2,3,3,0,1,2,1,4,1,2,2,1,0,1
"PTHR11353_SF57",1,1,1,1,1,1,1,1,1,1,1,1,1,1,1,1,1,1,1,1,1,1,1,1,1,1,1,1,1,1,1,1,1,1,1,1,1,1,1,1,1,1,1,1,1
"PTHR11353_SF58",1,1,1,1,1,1,1,1,1,1,1,1,1,1,1,1,1,1,1,1,1,1,1,1,1,1,1,1,1,2,1,1,1,1,2,1,1,1,1,1,1,1,1,3,1
"PTHR11353_SF60",1,2,1,1,1,1,1,1,1,1,1,1,1,2,4,1,1,1,1,1,1,1,1,1,1,1,1,1,1,1,1,2,1,1,1,2,1,1,1,1,1,1,1,1,1
"PTHR11353_SF63",1,1,1,1,1,1,2,2,1,1,1,1,1,1,2,1,1,1,1,1,1,3,1,1,2,3,1,1,1,1,1,3,1,1,1,1,1,1,2,1,1,1,1,1,1
"PTHR11353_SF64",1,1,3,3,1,1,3,1,1,1,1,1,1,3,1,1,1,1,1,1,1,1,1,1,1,1,1,0,1,1,1,5,1,1,1,3,2,1,1,1,1,1,1,1,1
"PTHR11353_SF70",1,1,0,0,1,1,0,1,1,1,1,1,1,0,0,1,1,1,0,1,1,0,1,0,0,1,1,0,1,1,1,0,1,0,1,1,1,1,3,2,0,1,0,1,1
"PTHR11353_SF75",2,2,6,6,3,1,3,1,1,4,1,1,3,6,3,1,1,2,6,3,3,2,1,4,3,4,3,5,4,2,1,6,3,6,1,4,6,3,5,1,4,1,1,1,3
"PTHR11358",3,3,3,3,3,3,3,3,3,3,3,3,3,3,3,3,2,3,3,4,3,3,3,3,3,3,3,3,4,3,3,3,4,3,3,3,3,3,3,3,3,3,3,3,3
"PTHR11359",3,4,3,3,3,3,3,3,3,3,3,3,3,3,3,3,3,3,3,2,3,3,3,3,3,3,3,3,3,3,3,3,3,3,3,3,3,3,3,3,3,3,3,3,3
"PTHR11360_SF119",1,1,1,1,1,1,1,1,1,1,1,1,1,1,1,1,1,1,1,1,1,1,1,1,1,1,1,1,1,1,1,1,2,1,1,1,1,1,1,1,1,1,1,2,1
"PTHR11360_SF121",1,1,1,1,1,1,1,1,1,1,1,1,1,1,1,1,1,1,1,1,1,1,1,1,1,1,1,1,1,1,1,1,1,1,1,1,2,1,1,1,1,1,1,1,1
"PTHR11360_SF123",1,1,1,1,1,1,1,1,1,1,1,1,1,1,1,1,1,1,1,1,1,1,1,1,1,1,1,1,1,1,1,1,1,1,1,1,1,1,1,1,1,1,1,1,1
"PTHR11360_SF14",1,1,1,1,1,1,1,1,1,1,1,1,1,1,1,1,1,0,1,1,1,1,1,1,1,1,1,1,1,1,1,1,1,1,1,1,1,1,1,1,1,1,1,1,1
"PTHR11360_SF16",1,1,1,1,1,1,1,1,1,1,1,1,1,1,1,1,1,1,1,2,1,1,1,1,1,1,1,1,1,1,1,1,1,1,1,1,1,1,1,1,1,1,1,1,1
"PTHR11360_SF19",1,1,1,1,1,1,1,1,1,1,1,1,1,1,1,1,1,1,1,1,1,1,1,1,1,1,1,1,1,1,1,1,1,1,1,1,1,1,1,1,1,1,1,1,1
"PTHR11360_SF20",1,1,1,1,1,1,1,1,1,1,1,1,1,2,1,1,1,1,1,1,1,1,1,1,1,1,1,2,1,1,1,1,1,1,1,1,1,1,2,1,1,1,1,1,1
"PTHR11360_SF21",1,1,1,1,1,1,1,1,1,1,1,1,1,1,1,1,1,1,1,1,1,1,1,1,1,1,1,1,1,1,1,0,1,1,1,1,1,1,1,1,1,1,1,1,1
"PTHR11360_SF24",2,2,1,1,3,2,2,1,1,1,1,1,1,1,1,2,1,2,1,1,1,2,1,1,1,2,1,1,2,2,1,1,1,1,1,1,1,2,1,1,1,1,2,1,3
"PTHR11360_SF25",1,1,1,1,1,1,1,1,1,1,1,2,1,1,1,1,1,1,1,1,1,1,1,1,1,1,1,1,1,1,1,1,1,1,1,1,1,1,1,1,1,1,1,1,1
"PTHR11360_SF26",1,1,1,1,1,1,1,1,1,0,1,1,1,0,1,1,1,1,1,1,1,1,1,1,1,1,1,1,1,1,0,1,1,1,1,1,1,1,1,1,1,1,1,1,0
"PTHR11360_SF27",1,1,1,1,1,1,1,1,1,1,1,1,1,1,1,1,1,1,1,1,1,1,1,1,1,1,1,1,1,1,1,0,1,1,1,1,1,1,1,1,1,1,1,1,1
"PTHR11360_SF28",1,1,1,1,1,1,1,1,1,1,1,1,1,1,1,1,1,1,1,1,1,1,1,1,1,1,1,1,1,1,1,1,1,1,1,1,1,1,1,1,1,1,1,1,1
"PTHR11360_SF80",1,1,1,1,1,1,1,1,1,1,1,1,1,1,1,1,1,1,1,1,1,1,1,1,1,1,1,1,1,1,1,1,1,1,1,1,1,1,1,1,1,1,1,1,1
"PTHR11361_SF20",2,1,1,1,1,1,1,1,1,1,1,1,1,1,1,14,1,1,1,1,1,1,1,1,1,1,1,1,1,1,1,1,1,1,1,1,1,1,1,1,1,1,1,1,1
"PTHR11361_SF21",1,1,1,1,1,1,1,1,1,1,1,1,1,1,1,1,1,1,1,1,1,1,1,1,1,1,1,1,1,1,1,1,1,1,1,1,1,1,1,1,1,1,1,1,1
"PTHR11361_SF31",1,1,1,1,1,1,1,1,1,1,1,1,1,1,1,1,1,1,1,1,1,1,1,1,1,1,1,1,1,1,1,1,1,1,1,1,1,1,1,1,1,1,1,1,1
"PTHR11361_SF34",1,1,1,1,1,1,1,1,1,1,1,1,1,1,1,1,1,2,1,1,1,1,1,1,1,1,1,1,1,1,1,1,1,1,1,1,1,1,1,1,1,1,1,1,1
"PTHR11361_SF35",1,1,1,1,1,1,1,1,1,1,1,1,1,1,1,1,1,1,1,1,1,1,1,1,1,1,1,1,1,1,1,1,1,1,1,1,1,1,1,1,1,1,1,1,1
"PTHR11362_SF10",1,2,1,4,1,5,1,1,1,0,1,1,1,2,2,0,1,1,2,2,1,1,1,1,2,1,1,0,1,3,1,3,1,1,1,1,0,1,0,1,1,1,1,0,1
"PTHR11362_SF12",1,1,1,1,1,1,1,1,1,1,1,1,1,1,0,1,1,1,1,1,1,1,1,1,0,1,2,1,1,1,0,0,1,1,1,1,1,1,1,0,1,1,1,1,1
"PTHR11362_SF16",1,1,1,1,1,1,1,1,1,1,1,1,1,1,1,1,1,1,1,1,1,1,1,1,1,1,1,1,1,1,1,1,1,1,1,1,1,1,1,1,1,1,1,1,1
"PTHR11363",2,3,8,7,3,5,4,2,2,3,2,2,2,6,2,2,2,2,4,2,4,2,2,6,4,2,4,7,2,3,5,5,4,8,3,3,7,2,6,3,6,2,2,4,2
"PTHR11364",2,2,2,2,2,2,2,2,2,2,2,2,2,2,2,2,2,2,1,2,2,2,2,2,2,2,2,2,2,2,2,2,2,2,3,2,2,2,2,2,2,2,1,2,2
"PTHR11365",1,1,1,1,0,1,1,1,1,1,1,1,1,1,1,1,1,1,1,1,1,1,1,1,1,1,1,0,1,1,0,1,1,1,1,1,1,1,1,1,1,1,1,1,0
"PTHR11370",2,1,2,2,1,2,2,2,1,1,2,2,2,2,2,3,1,1,2,3,2,2,3,2,2,2,2,2,2,1,2,1,1,2,2,2,2,1,2,1,2,2,1,2,2
"PTHR11371",4,4,4,4,4,4,4,4,4,4,3,4,4,4,4,4,4,4,4,4,4,4,4,4,4,4,3,4,4,4,4,4,4,5,5,4,4,4,4,4,4,3,4,4,4
"PTHR11373_SF4",1,1,1,1,1,1,1,1,1,1,1,1,1,1,1,1,1,1,1,1,1,1,1,1,1,1,1,1,1,1,1,1,1,1,1,1,1,1,1,1,1,1,1,1,1
"PTHR11374",1,1,2,1,1,1,3,1,1,2,1,1,1,1,1,1,1,1,1,1,1,1,1,1,1,1,1,1,1,1,1,2,1,1,1,1,1,1,1,1,1,1,1,1,1
"PTHR11375",4,3,4,3,3,4,5,3,3,7,4,5,3,7,9,4,5,3,6,4,3,5,3,6,4,3,3,7,3,7,7,11,3,6,5,4,7,3,7,4,6,5,3,5,3
"PTHR11377",2,2,2,3,2,2,2,2,2,2,2,2,2,2,3,2,2,2,2,2,2,4,2,2,2,2,3,2,2,3,2,4,2,2,2,2,2,2,2,2,3,2,2,2,2
"PTHR11380_SF3",1,1,1,1,1,1,1,1,1,1,1,1,1,1,2,1,1,1,1,1,1,1,1,1,1,1,2,1,1,1,1,1,1,1,1,2,1,1,1,1,1,1,1,1,1
"PTHR11380_SF5",1,1,0,2,2,2,2,1,1,3,1,1,1,1,4,1,1,1,2,2,1,2,1,1,2,1,1,2,1,1,1,4,3,1,1,1,1,1,1,1,1,1,1,1,1
"PTHR11383",1,1,1,1,1,1,1,1,1,1,1,1,1,1,1,1,1,1,1,1,1,1,1,1,1,1,1,1,1,1,1,1,1,1,1,1,1,1,1,1,1,1,1,1,1
"PTHR11384",5,4,6,5,4,4,4,4,4,4,4,6,4,4,4,4,4,4,4,4,4,4,4,4,4,4,4,4,4,4,4,4,4,4,4,4,4,4,4,4,4,4,4,4,5
"PTHR11385",4,5,4,4,2,5,4,1,4,4,5,5,5,4,4,4,4,5,4,6,4,4,5,4,4,5,6,4,5,5,5,4,3,4,6,6,4,5,4,5,4,5,4,3,5
"PTHR11387_SF12",1,1,1,1,0,1,0,1,1,0,1,1,1,1,1,1,0,1,1,0,1,2,1,1,1,1,1,1,1,1,0,1,1,1,1,1,1,1,1,1,1,1,0,1,1
"PTHR11387_SF13",1,3,0,0,3,1,3,1,1,3,2,1,3,1,1,1,3,1,2,2,1,2,1,1,2,2,1,1,1,1,3,3,1,3,1,2,1,2,1,2,1,2,1,1,4
"PTHR11388",11,10,11,11,10,10,11,11,12,10,9,10,10,12,10,14,9,11,10,10,10,10,16,11,12,10,13,12,10,10,9,8,10,12,10,14,11,10,12,18,11,10,10,10,10
"PTHR11389_SF319",1,1,1,3,1,1,1,1,1,1,1,1,2,2,1,1,1,1,1,1,1,1,2,1,1,1,1,2,1,1,1,1,1,1,1,1,2,1,2,1,1,1,1,1,1
"PTHR11389_SF320",1,1,1,1,1,1,1,1,1,1,1,1,1,2,1,1,1,1,1,1,1,1,1,1,1,1,1,2,1,1,1,1,1,1,1,1,1,1,1,1,1,1,1,1,1
"PTHR11389_SF322",1,1,0,1,1,1,1,1,1,1,1,1,1,1,1,1,1,1,1,1,1,1,1,1,1,1,1,1,1,1,1,1,1,1,1,1,0,1,1,2,0,1,0,1,1
"PTHR11389_SF324",1,1,1,1,1,1,1,1,2,1,2,2,1,1,2,1,1,1,1,1,1,1,1,1,1,1,1,1,1,1,1,1,1,1,1,1,1,1,1,1,1,1,1,1,1
"PTHR11389_SF326",1,1,1,1,1,1,1,1,1,1,1,1,1,1,2,1,2,1,1,1,1,1,1,1,1,2,1,1,2,1,1,1,1,1,1,1,1,1,1,1,1,1,1,1,1
"PTHR11389_SF327",1,1,1,0,1,1,0,1,0,1,0,0,1,0,1,1,1,1,0,1,1,0,1,1,1,1,1,1,0,1,1,1,1,1,1,1,0,1,0,1,1,1,1,1,1
"PTHR11389_SF332",1,1,1,1,1,1,1,1,1,1,1,1,1,1,1,1,1,1,1,1,1,1,1,1,1,1,1,1,1,2,1,1,1,1,1,1,1,1,1,1,1,1,1,1,1
"PTHR11389_SF339",1,1,1,1,1,1,1,1,1,1,1,1,1,1,1,1,1,1,1,1,1,1,1,1,1,1,1,1,1,1,1,1,1,1,1,1,1,1,1,1,1,1,1,1,1
"PTHR11389_SF340",1,1,1,1,1,1,1,1,1,1,1,1,1,1,1,1,1,1,1,1,1,1,1,1,1,1,1,1,1,1,1,1,1,1,1,1,1,1,1,1,1,1,1,1,1
"PTHR11389_SF345",1,2,1,2,0,2,2,2,2,2,2,3,2,2,2,3,2,2,2,0,2,2,2,2,2,1,2,1,2,1,0,2,2,2,2,1,1,2,2,2,2,2,1,3,1
"PTHR11389_SF347",1,1,1,1,1,1,1,1,1,1,1,1,1,1,1,1,1,1,1,1,1,1,1,1,1,1,1,1,1,1,1,0,1,1,1,1,1,1,1,2,1,1,1,1,1
"PTHR11389_SF351",1,1,1,1,1,1,1,1,1,1,1,1,1,1,1,1,1,1,1,1,1,1,1,1,1,1,2,1,1,1,1,1,1,1,1,1,1,1,1,1,1,1,1,1,1
"PTHR11389_SF353",2,1,1,1,1,1,1,1,1,0,1,1,1,1,1,2,1,1,1,1,1,1,2,1,1,1,1,1,1,1,1,1,1,1,1,1,1,1,1,1,1,1,1,1,1
"PTHR11389_SF354",1,1,1,1,1,1,2,1,1,1,1,1,1,1,1,1,1,1,1,1,1,1,1,1,1,1,1,1,1,1,1,1,1,1,1,1,1,1,1,1,1,1,1,2,1
"PTHR11389_SF358",2,1,1,1,1,1,1,1,2,2,1,1,2,1,1,1,1,1,1,1,1,1,1,1,1,1,2,1,1,2,1,1,1,1,2,1,1,2,1,1,1,1,1,3,1
"PTHR11389_SF361",1,1,1,1,1,1,1,1,1,1,1,1,1,1,1,1,1,1,1,1,1,1,1,1,1,1,1,1,1,1,1,1,1,1,1,1,1,1,1,1,1,1,1,1,1
"PTHR11389_SF362",1,1,1,1,1,1,1,1,1,1,1,1,1,1,1,1,1,1,1,1,1,1,1,1,1,1,1,1,1,1,1,0,1,1,1,2,1,1,1,1,1,1,1,1,1
"PTHR11389_SF363",1,1,1,1,1,1,1,1,1,1,1,1,1,1,5,1,1,1,1,1,1,1,1,1,1,1,1,1,1,1,1,2,1,1,1,1,1,1,1,1,1,1,1,1,1
"PTHR11389_SF400",2,2,2,2,2,2,2,2,1,1,1,1,1,2,1,2,2,2,2,2,2,1,2,2,2,2,2,2,2,2,1,1,1,2,2,2,2,1,2,1,2,2,1,3,2
"PTHR11389_SF401",1,1,1,1,1,1,1,1,1,2,1,1,1,1,1,1,1,1,1,7,1,1,1,1,1,2,1,1,1,1,1,1,2,1,1,1,1,1,1,1,1,1,0,0,1
"PTHR11389_SF403",1,1,1,1,1,1,1,1,1,1,1,1,1,1,1,1,1,1,1,1,1,1,1,1,1,1,0,1,1,0,1,1,1,1,1,1,1,1,1,1,1,1,1,1,1
"PTHR11389_SF410",1,1,1,1,1,1,1,1,1,1,1,1,1,1,1,1,1,1,1,1,1,1,1,1,1,1,1,1,1,1,1,1,1,1,1,1,1,1,1,1,1,1,1,1,1
"PTHR11389_SF415",1,1,1,1,1,1,1,1,1,1,1,1,1,1,1,1,1,1,1,1,1,1,1,1,1,1,2,1,1,1,1,1,1,1,1,1,1,1,1,1,1,1,1,1,1
"PTHR11389_SF421",1,1,2,1,1,1,1,1,1,1,1,1,1,1,1,1,1,1,1,1,1,1,1,1,1,1,1,2,1,2,1,1,0,1,1,1,2,1,1,1,2,1,2,1,1
"PTHR11389_SF422",1,1,1,3,1,1,3,1,1,1,1,1,1,1,3,1,1,0,1,0,1,1,1,1,1,0,1,1,1,1,0,1,1,1,1,1,1,2,1,1,2,1,1,1,1
"PTHR11389_SF425",1,1,1,1,1,1,1,2,2,1,1,1,1,1,2,1,2,1,1,1,1,1,1,1,1,1,1,1,1,0,1,2,1,1,1,1,1,1,1,1,1,1,1,1,1
"PTHR11389_SF430",1,1,1,1,1,1,1,1,2,3,2,2,2,1,2,1,1,1,1,2,1,2,1,1,1,1,1,1,1,1,3,2,2,1,1,0,1,2,1,2,1,1,1,1,1
"PTHR11389_SF436",1,1,1,1,1,1,1,2,1,1,1,1,1,1,2,1,1,1,1,1,1,1,1,1,1,1,1,1,1,1,1,1,1,1,1,1,1,1,1,1,2,1,1,1,1
"PTHR11389_SF437",1,1,1,1,1,2,1,1,1,1,1,1,1,1,3,2,1,1,1,1,1,1,2,1,1,1,1,1,1,2,1,1,1,1,1,1,1,1,1,1,1,1,1,1,1
"PTHR11389_SF448",1,1,1,1,1,1,1,1,1,1,1,1,1,1,1,1,1,1,1,1,1,1,1,1,1,1,1,1,1,1,1,1,1,1,1,1,1,1,1,1,1,1,1,1,1
"PTHR11389_SF454",1,1,1,1,1,1,1,1,1,1,1,1,1,1,1,1,1,1,1,1,1,1,1,1,1,1,1,1,1,1,1,1,1,1,1,1,1,1,1,1,1,1,1,1,1
"PTHR11389_SF456",1,1,1,1,1,1,1,0,0,0,1,1,1,1,0,1,0,1,1,1,1,1,1,1,1,1,1,1,1,0,1,0,1,1,0,1,1,1,1,1,2,1,1,0,1
"PTHR11389_SF460",1,1,2,1,1,1,1,1,1,1,0,1,0,1,1,1,1,1,1,0,1,1,1,2,1,1,1,1,1,1,1,0,1,2,1,1,2,1,3,1,1,1,1,1,1
"PTHR11390_SF20",1,1,1,1,1,1,1,1,1,1,1,1,1,1,1,1,1,1,1,1,1,1,1,1,1,1,1,1,1,1,1,1,1,1,1,1,1,1,1,1,1,1,1,1,1
"PTHR11390_SF23",1,1,1,1,1,1,1,1,1,1,1,1,1,1,2,2,1,1,1,1,1,1,1,1,1,1,1,1,1,1,1,1,1,1,1,1,1,1,1,1,1,1,1,1,1
"PTHR11394",11,21,5,0,14,9,20,3,18,5,24,23,13,16,7,53,8,11,5,16,24,1,35,7,4,8,28,8,14,15,27,1,9,12,23,32,22,10,35,36,3,13,0,29,15
"PTHR11403_SF3",1,1,0,0,1,1,0,1,1,1,0,1,1,1,1,1,1,1,1,1,0,1,1,0,1,0,1,0,1,1,1,0,0,0,1,0,1,1,1,1,1,1,1,1,0
"PTHR11404_SF6",1,1,1,1,2,1,1,1,1,2,2,2,1,1,1,2,1,1,1,1,1,1,1,1,1,1,1,1,1,1,0,1,1,1,1,1,1,1,1,1,2,1,2,2,1
"PTHR11405_SF1",1,1,1,1,1,1,1,1,1,1,1,1,1,1,1,1,1,1,1,1,1,1,1,1,1,1,1,1,1,1,1,1,1,1,1,1,1,1,2,1,1,1,1,1,1
"PTHR11405_SF32",1,1,1,1,1,1,1,1,1,3,1,1,1,1,1,1,1,1,1,1,1,1,1,1,1,1,1,1,1,1,1,1,1,1,1,1,1,1,1,1,1,1,1,1,1
"PTHR11405_SF5",1,1,1,1,1,1,1,1,1,1,1,1,1,1,1,1,1,1,1,1,1,1,1,1,1,1,1,1,1,1,1,1,1,1,1,1,1,1,1,1,1,1,1,1,1
"PTHR11406",2,1,5,4,2,2,4,2,1,6,2,2,3,4,2,2,1,2,6,1,3,1,2,4,7,2,2,3,2,2,2,3,2,4,3,2,5,3,4,3,3,2,1,2,2
"PTHR11407_SF12",1,1,1,1,1,1,1,1,1,1,0,1,1,1,1,2,1,1,1,1,1,1,1,1,0,1,1,1,1,1,1,1,1,1,0,1,1,1,1,1,1,1,1,0,1
"PTHR11407_SF21",1,1,1,1,1,1,1,1,1,1,1,1,1,1,1,1,1,1,1,1,1,1,1,1,1,1,1,1,1,1,1,1,1,1,0,1,1,1,1,1,1,1,1,0,1
"PTHR11407_SF22",2,13,1,1,2,9,1,3,5,4,2,2,2,1,1,1,1,4,1,3,1,1,3,1,1,2,3,1,2,7,1,2,1,1,2,6,1,2,1,3,1,1,1,4,2
"PTHR11407_SF25",1,1,1,1,1,1,1,1,1,1,1,1,1,1,1,1,1,1,1,1,1,1,1,1,1,1,1,2,1,1,1,1,1,1,0,1,1,1,1,1,1,1,1,0,1
"PTHR11407_SF26",1,1,2,2,1,1,2,1,1,1,1,1,1,2,1,2,1,1,2,0,2,1,1,2,1,1,1,2,1,1,1,1,1,2,0,1,2,1,2,1,1,1,1,0,1
"PTHR11407_SF5",1,1,1,1,1,1,1,1,1,1,1,1,1,1,1,1,1,1,1,1,1,1,1,1,1,1,2,1,1,1,1,1,1,1,1,1,1,1,1,1,1,1,1,1,1
"PTHR11407_SF9",1,1,1,2,4,1,1,1,1,2,1,1,1,1,1,2,1,1,1,1,1,1,1,1,1,1,1,1,1,1,1,1,0,1,0,1,1,0,1,1,1,1,1,0,4
"PTHR11409",3,3,4,4,3,3,3,2,2,3,3,3,3,3,2,3,3,3,4,3,3,3,2,3,2,3,2,3,3,3,4,2,3,4,3,2,3,3,3,2,3,3,3,5,3
"PTHR11410",1,2,0,0,2,5,0,1,1,1,1,1,4,1,1,1,1,1,5,0,0,1,1,0,1,0,1,0,2,1,4,0,0,0,11,1,1,3,1,1,1,1,1,3,2
"PTHR11412_SF29",1,1,1,1,1,1,1,1,1,1,1,1,1,1,1,1,1,1,1,1,1,1,1,1,1,1,1,1,1,1,1,1,1,1,1,1,1,1,1,1,1,1,1,1,1
"PTHR11412_SF74",1,1,0,0,1,1,1,0,0,0,1,1,1,0,0,0,0,1,1,0,0,1,1,1,1,2,3,0,1,1,1,0,1,0,0,1,0,1,0,1,0,1,0,0,1
"PTHR11412_SF75",1,1,1,1,1,1,1,1,1,1,1,1,1,1,1,1,1,1,1,2,1,1,1,1,1,2,1,1,1,1,1,1,1,1,1,1,1,1,1,2,1,1,1,1,1
"PTHR11412_SF76",1,1,1,1,1,1,1,0,0,0,0,0,1,1,0,1,1,0,1,1,1,1,0,1,0,1,0,1,1,1,0,0,0,1,1,0,2,1,2,0,1,1,1,0,1
"PTHR11412_SF77",1,1,1,1,1,1,2,2,1,2,1,1,1,1,1,1,1,2,2,1,2,1,1,2,1,1,1,1,2,1,1,1,2,1,0,1,1,1,2,1,1,1,0,0,1
"PTHR11412_SF79",1,1,1,1,1,1,1,0,0,1,0,1,1,1,0,1,0,1,1,1,1,1,0,1,0,1,0,1,1,1,1,0,1,1,0,0,1,1,1,0,1,1,1,0,1
"PTHR11412_SF81",1,1,1,1,1,1,1,1,1,2,3,3,2,1,1,1,1,1,1,9,1,1,1,1,1,1,1,1,1,6,1,1,1,1,1,2,1,3,1,1,1,1,1,1,1
"PTHR11412_SF83",1,1,1,1,1,1,1,2,1,1,2,2,2,1,2,1,1,1,1,1,1,1,2,1,2,1,1,1,1,2,1,2,2,1,1,2,1,1,1,1,1,1,1,2,1
"PTHR11412_SF86",1,2,0,1,1,2,1,1,1,1,1,1,1,2,1,9,1,1,1,1,2,1,1,1,0,1,1,1,1,5,1,0,1,1,1,0,1,1,3,3,1,1,1,3,1
"PTHR11412_SF89",1,1,0,0,1,1,0,0,0,1,0,0,0,0,0,0,0,1,0,1,1,0,0,1,0,1,0,0,1,1,1,0,0,0,0,0,0,0,0,0,0,1,1,1,1
"PTHR11413_SF22",2,1,0,1,1,2,1,0,1,0,1,1,1,1,1,1,2,1,1,1,1,0,2,1,1,2,2,0,2,2,3,0,1,1,0,1,1,0,1,2,1,1,1,0,1
"PTHR11413_SF32",1,1,0,0,1,1,1,1,1,1,1,0,1,1,1,0,1,1,0,1,1,0,1,0,1,0,1,0,1,1,1,1,0,0,1,1,1,1,1,1,0,1,0,1,1
"PTHR11413_SF33",1,1,1,1,1,1,1,1,1,1,1,1,1,1,2,1,1,1,1,1,1,1,1,1,1,1,1,1,1,1,1,1,1,1,1,1,1,1,1,1,1,1,1,1,1
"PTHR11413_SF39",1,1,0,0,1,1,0,0,0,1,0,1,1,0,0,0,0,0,0,2,0,0,0,0,0,1,0,0,2,0,0,0,0,0,0,0,0,1,0,0,0,1,0,0,1
"PTHR11413_SF44",1,1,1,1,1,1,1,1,1,1,1,1,1,1,1,1,1,1,1,1,1,1,1,1,1,1,1,1,1,1,1,1,1,1,0,1,1,1,1,1,1,1,1,0,1
"PTHR11413_SF48",1,0,2,1,0,0,1,0,0,0,0,0,1,2,0,3,0,0,2,0,2,0,0,1,0,0,0,2,0,0,0,0,0,2,0,0,2,1,1,0,1,0,0,0,0
"PTHR11413_SF7",1,0,1,1,1,1,1,1,1,1,1,1,1,0,1,1,1,1,1,1,1,1,1,1,1,1,1,1,1,1,0,1,1,1,0,1,1,1,1,1,1,1,2,0,1
"PTHR11413_SF8",1,1,1,1,1,1,1,1,1,1,1,1,1,1,1,1,1,1,1,1,1,1,1,1,1,1,1,1,1,1,1,1,1,1,1,1,1,1,1,1,1,1,1,1,1
"PTHR11414_SF15",1,1,1,1,1,1,1,1,2,1,1,1,1,1,1,1,1,1,1,2,1,3,10,1,1,1,1,1,1,1,1,1,1,1,1,1,1,1,1,8,1,1,1,2,1
"PTHR11414_SF19",1,2,2,2,1,3,9,1,1,2,0,2,2,1,1,1,1,1,1,4,1,1,1,1,1,1,2,1,1,3,1,0,1,1,3,1,1,1,1,1,2,1,1,4,1
"PTHR11416",1,1,1,1,1,1,1,1,1,1,1,1,1,1,1,1,1,1,1,1,1,1,1,1,1,1,1,1,0,1,2,1,1,1,1,1,1,1,1,1,1,5,1,1,1
"PTHR11417",2,13,7,5,2,13,6,3,11,2,2,2,2,4,3,7,3,2,4,2,7,2,27,7,17,2,20,7,2,13,2,2,1,6,2,22,4,2,4,29,7,2,1,2,2
"PTHR11418",1,1,1,1,1,1,1,1,1,1,1,1,1,1,1,1,1,1,1,8,1,1,1,1,1,1,1,1,1,1,1,1,1,1,1,1,1,1,1,1,1,1,1,1,1
"PTHR11419",1,1,1,1,1,1,1,1,1,1,1,1,1,1,1,1,1,1,1,1,1,1,1,1,1,1,1,1,1,1,1,0,1,1,1,1,1,1,1,1,1,1,1,1,1
"PTHR11420",1,1,1,1,1,1,1,1,1,1,1,1,1,1,1,1,1,1,1,1,1,1,1,1,1,1,1,1,1,1,1,0,1,1,0,1,1,1,1,1,1,1,1,0,1
"PTHR11422",1,1,1,1,1,1,1,1,1,1,1,1,1,1,1,1,1,1,1,1,1,1,1,1,1,1,1,1,1,1,1,0,1,1,1,1,1,1,1,1,1,1,1,1,1
"PTHR11426",17,27,23,22,17,29,25,13,11,13,15,15,16,19,17,22,12,16,23,15,19,16,15,18,12,11,11,21,13,19,21,13,19,26,12,29,17,16,17,23,16,10,16,16,11
"PTHR11429",1,1,1,1,1,1,1,1,1,1,1,1,1,1,1,1,1,1,1,1,1,1,1,1,1,1,1,1,1,1,1,1,1,1,1,1,1,1,1,1,1,1,1,1,1
"PTHR11430",14,25,9,12,13,20,19,15,26,20,16,23,12,13,19,17,15,20,13,7,11,9,47,14,16,12,13,11,11,22,6,10,17,13,9,22,11,16,12,36,11,21,2,10,16
"PTHR11431_SF15",9,6,2,7,8,10,5,3,5,25,2,4,9,2,12,1,2,3,1,21,2,2,2,3,1,4,3,1,3,14,2,6,4,2,3,4,2,4,4,10,2,4,1,3,4
"PTHR11431_SF30",1,1,0,0,2,1,2,0,1,1,1,1,0,1,0,1,1,1,0,0,1,0,1,0,1,1,1,1,1,1,1,0,1,0,0,1,1,1,1,1,0,1,0,0,1
"PTHR11431_SF34",1,1,0,0,2,0,0,0,0,0,0,0,1,0,2,0,1,1,0,1,0,0,1,0,1,0,0,0,0,2,0,0,0,0,0,0,0,0,0,2,0,1,0,0,0
"PTHR11431_SF37",6,9,11,11,6,8,7,6,3,9,7,9,8,10,7,1,7,9,8,7,5,2,7,7,2,5,3,8,6,10,8,9,11,8,5,6,10,9,9,6,9,9,1,5,4
"PTHR11432_SF3",1,1,1,0,1,1,1,1,1,1,0,1,3,1,1,1,1,1,3,0,1,1,1,0,1,0,1,0,1,1,1,0,0,1,14,0,1,3,1,1,1,1,1,1,0
"PTHR11435",1,1,0,0,1,1,0,1,1,2,0,2,1,1,1,1,1,1,1,0,6,1,1,0,1,0,1,0,1,1,1,0,0,0,1,0,1,1,1,1,1,1,1,1,0
"PTHR11437_SF10",1,2,1,0,1,1,1,1,2,1,1,1,1,1,1,1,1,1,1,8,1,0,1,1,1,1,0,1,0,1,1,1,1,1,2,2,1,1,1,1,1,2,0,2,0
"PTHR11437_SF11",1,1,0,0,1,1,0,1,1,1,1,1,0,0,1,1,1,1,0,1,0,0,1,0,1,0,1,0,0,1,0,0,2,0,1,1,0,0,0,1,0,0,0,1,0
"PTHR11437_SF14",1,2,0,1,1,1,1,0,0,1,0,0,1,1,1,1,1,1,1,1,3,0,1,1,1,0,1,1,0,1,1,0,0,0,0,1,1,0,1,1,1,1,0,0,1
"PTHR11437_SF19",3,1,1,0,2,2,1,0,3,0,1,1,1,1,3,1,1,2,1,4,1,0,1,1,1,1,1,1,3,2,1,0,1,0,1,1,1,1,1,2,0,1,1,0,2
"PTHR11437_SF2",1,1,0,0,1,1,1,1,1,1,1,1,1,0,1,1,1,1,0,1,1,0,1,0,1,1,1,0,1,1,1,1,1,0,0,1,0,1,0,1,0,1,1,0,1
"PTHR11437_SF20",1,1,0,0,1,1,1,1,1,1,1,1,1,0,1,2,0,1,1,0,0,1,1,0,1,0,1,1,1,1,1,0,1,1,0,1,1,1,1,1,0,1,0,1,1
"PTHR11437_SF24",1,3,0,0,1,3,1,2,2,0,1,1,1,1,2,1,1,1,0,6,1,0,1,0,1,4,1,1,4,2,1,3,1,0,3,1,1,0,1,5,0,1,1,3,1
"PTHR11437_SF4",1,2,0,0,0,1,0,0,1,1,2,1,1,0,1,0,0,1,0,1,1,0,0,0,0,0,0,0,0,1,2,0,0,0,1,0,0,0,0,0,0,1,1,2,0
"PTHR11437_SF7",1,3,0,0,0,2,1,0,0,0,1,0,0,1,0,1,0,0,0,7,1,0,5,0,1,0,0,0,1,2,1,0,1,0,0,5,1,1,1,2,0,1,1,0,0
"PTHR11438",3,3,3,3,3,3,3,3,3,3,3,3,3,3,3,3,3,3,3,3,3,3,3,3,3,3,3,3,3,3,3,3,2,3,3,3,3,3,3,3,3,3,3,4,3
"PTHR11440_SF18",1,1,1,1,0,1,0,1,1,1,1,1,0,1,1,1,1,1,1,1,1,1,1,1,1,0,1,1,1,1,1,1,1,1,1,1,1,1,1,1,1,1,1,1,1
"PTHR11440_SF47",1,1,1,1,1,1,1,1,1,1,1,1,1,1,1,1,1,1,1,1,1,1,1,1,1,1,1,1,1,2,1,1,1,1,1,1,1,1,1,1,1,0,1,1,1
"PTHR11441",1,1,1,1,1,1,1,1,1,1,1,1,1,2,1,1,1,1,1,1,1,1,1,1,2,1,1,1,1,1,1,1,1,1,1,1,1,1,1,1,1,1,1,1,1
"PTHR11442_SF30",2,0,2,2,0,0,1,0,0,0,0,0,0,3,0,2,0,0,1,0,1,0,0,1,0,1,0,2,0,0,1,0,1,2,0,0,2,0,2,0,2,0,1,0,2
"PTHR11442_SF32",1,1,1,1,1,1,1,1,1,1,1,1,1,1,1,1,1,1,1,1,1,1,1,1,1,1,1,1,1,1,1,1,1,1,1,1,1,1,1,1,1,1,1,1,1
"PTHR11442_SF33",3,2,0,1,2,2,1,1,1,1,1,1,1,1,1,1,1,2,1,1,1,1,1,1,1,1,1,0,1,1,2,1,1,2,2,1,1,1,2,1,1,1,1,4,1
"PTHR11442_SF34",1,1,1,1,0,1,1,1,2,0,0,0,1,1,2,3,1,2,1,0,1,2,0,2,0,0,0,3,0,0,1,1,1,2,1,0,2,1,2,0,0,0,0,1,1
"PTHR11442_SF35",1,2,0,0,1,3,0,0,0,1,2,2,1,0,0,0,0,0,0,1,0,0,0,0,0,1,0,0,1,1,0,0,0,0,0,0,0,1,0,0,0,1,0,0,1
"PTHR11442_SF41",1,2,1,1,1,2,2,1,1,3,2,2,1,1,2,2,1,1,2,2,2,3,2,0,2,1,1,2,2,1,0,2,0,2,2,4,2,3,3,3,1,1,2,3,1
"PTHR11442_SF5",1,1,1,1,1,1,1,1,1,1,1,1,1,1,1,1,1,1,1,1,1,1,1,1,1,1,1,1,1,1,1,1,1,1,1,1,1,1,1,1,1,0,1,1,1
"PTHR11443",1,1,1,1,1,1,1,1,1,1,1,1,1,1,1,1,1,1,1,1,1,1,1,1,1,1,2,1,1,1,1,1,1,1,0,1,1,1,1,1,1,1,1,0,1
"PTHR11444",3,3,3,3,2,4,3,3,3,3,3,2,3,3,3,4,4,3,3,4,3,6,3,3,3,3,5,3,3,3,5,4,3,3,3,3,3,3,4,3,6,3,3,4,3
"PTHR11447",3,3,3,3,3,3,3,3,3,3,3,3,3,3,3,3,3,14,3,3,3,3,3,3,3,3,3,3,3,3,3,3,3,3,3,5,3,3,3,4,3,3,3,5,3
"PTHR11449",7,4,1,4,6,7,3,3,1,6,3,2,5,3,7,1,5,2,3,1,1,2,1,1,4,4,4,2,8,4,4,14,4,2,11,3,4,4,2,8,2,1,1,14,7
"PTHR11451_SF13",1,1,1,1,1,1,1,1,1,1,1,1,1,1,1,1,1,1,1,1,1,1,1,1,1,1,1,1,1,1,1,1,1,1,1,1,1,1,1,1,1,1,1,2,1
"PTHR11451_SF18",1,1,1,1,1,1,1,1,1,2,1,1,1,1,1,1,1,1,1,2,1,1,1,1,1,1,1,1,1,1,1,1,1,1,1,1,1,1,1,1,1,1,1,1,1
"PTHR11451_SF19",1,1,1,1,1,1,1,1,1,1,1,1,1,1,1,1,1,1,1,2,1,1,1,1,1,1,1,1,1,1,1,1,1,1,1,1,1,1,1,1,1,1,1,1,1
"PTHR11451_SF23",1,1,1,1,1,1,1,1,1,1,1,1,1,1,1,1,1,1,1,1,1,1,1,1,1,1,1,1,1,1,1,2,1,1,1,1,1,1,1,1,1,1,1,1,1
"PTHR11451_SF3",1,1,1,0,1,1,0,1,1,0,1,0,1,1,1,1,1,1,0,1,1,0,1,0,1,1,1,1,1,1,1,1,1,0,1,1,1,1,1,1,0,1,1,1,1
"PTHR11452",2,2,2,2,2,2,2,2,2,2,2,2,2,2,2,2,2,2,2,2,2,2,2,2,2,2,2,2,2,2,3,2,2,2,2,2,2,2,3,2,2,2,2,2,2
"PTHR11453_SF10",1,1,1,1,1,1,1,1,1,1,1,1,1,1,1,1,1,1,1,1,1,1,1,1,1,1,1,1,1,1,1,1,1,1,1,1,1,1,1,1,1,1,1,1,1
"PTHR11453_SF12",1,1,1,1,1,1,1,1,1,1,1,1,1,1,1,1,1,1,1,1,1,1,1,1,1,1,1,1,1,1,1,1,1,1,1,1,1,1,1,1,1,1,1,1,1
"PTHR11453_SF14",1,1,1,1,1,1,1,1,1,1,1,1,1,1,2,1,1,1,1,1,1,1,1,1,1,1,1,1,1,1,1,1,1,1,1,1,1,1,1,1,1,1,1,1,1
"PTHR11453_SF15",1,1,1,1,1,1,1,1,1,1,1,1,1,1,1,1,1,1,1,1,0,1,1,1,1,1,1,1,1,1,1,1,1,1,1,1,1,1,1,1,1,1,1,1,1
"PTHR11453_SF20",1,1,1,1,1,1,1,1,1,1,1,1,1,1,1,1,1,1,1,1,1,1,1,1,1,1,2,1,1,1,1,1,1,1,1,1,1,1,1,1,1,1,1,1,1
"PTHR11453_SF32",1,1,1,1,1,1,1,1,1,1,1,1,1,1,1,1,1,1,1,1,1,1,1,1,1,1,1,1,1,1,1,1,1,1,1,1,1,1,1,1,1,1,1,1,1
"PTHR11453_SF33",1,1,1,1,1,1,1,1,1,1,1,1,1,1,1,1,1,1,1,1,1,1,1,1,1,1,1,1,1,1,1,1,1,1,1,1,1,1,1,1,1,1,1,1,1
"PTHR11453_SF35",1,2,1,1,1,1,1,1,1,0,1,1,1,1,1,2,1,1,1,1,1,1,1,1,1,1,1,1,1,1,1,1,1,1,1,1,1,1,1,1,1,1,1,1,1
"PTHR11453_SF36",1,1,1,1,1,1,1,1,1,1,1,1,1,1,1,1,1,1,1,1,1,1,1,1,1,1,2,1,1,1,1,1,1,1,1,1,1,1,1,1,1,1,1,1,1
"PTHR11453_SF37",1,1,1,1,1,1,2,1,1,1,1,1,1,1,1,1,1,1,1,1,1,1,1,1,1,1,1,1,1,1,1,1,1,1,1,1,1,1,1,1,1,1,1,1,1
"PTHR11454_SF10",1,1,1,1,1,1,1,1,1,1,1,1,1,1,1,1,1,1,1,0,1,1,1,1,1,1,1,1,1,1,0,1,1,1,1,1,1,1,1,1,1,1,1,1,1
"PTHR11454_SF19",1,1,1,1,1,1,1,1,1,0,1,1,1,1,1,2,1,1,1,1,1,1,2,1,1,1,1,1,1,0,1,1,1,1,0,1,1,1,1,2,1,1,0,0,1
"PTHR11454_SF4",2,1,1,1,1,1,1,1,1,1,1,1,1,1,1,1,1,1,1,1,1,1,1,1,1,1,1,1,1,1,1,1,1,1,1,1,1,1,1,1,1,1,1,1,1
"PTHR11455_SF15",1,1,1,1,1,1,1,1,1,1,1,1,1,1,1,1,1,1,1,1,1,1,1,1,2,1,1,1,1,1,1,1,1,1,1,1,1,1,1,1,1,1,1,1,1
"PTHR11455_SF16",1,1,1,2,1,1,1,1,1,1,1,1,1,1,3,1,1,1,1,1,1,1,1,1,1,1,1,1,1,1,1,2,1,1,1,1,1,1,1,1,2,1,1,1,1
"PTHR11457",1,1,1,1,1,1,1,0,0,2,1,1,1,1,1,1,4,1,1,1,1,1,1,1,1,1,1,1,1,1,2,0,1,1,1,1,1,1,2,1,1,1,1,2,1
"PTHR11458",1,1,0,1,1,1,1,1,1,1,1,1,1,1,1,1,1,1,1,1,1,1,1,1,1,1,1,1,1,1,1,1,1,1,1,1,1,1,1,1,1,1,1,1,1
"PTHR11461_SF125",1,1,1,1,1,1,1,1,1,1,1,1,1,1,1,1,1,1,1,1,1,1,1,1,1,1,1,1,1,1,1,0,1,1,1,1,1,1,2,2,1,1,0,1,1
"PTHR11461_SF129",1,1,1,1,1,1,1,1,1,0,1,1,1,1,0,1,1,1,1,1,1,1,1,1,1,1,1,1,1,1,1,1,1,1,1,1,1,1,1,1,1,1,1,1,1
"PTHR11461_SF13",1,1,1,1,1,1,1,1,1,1,1,1,1,1,1,1,1,1,1,1,1,1,1,1,1,1,1,1,1,1,1,1,1,1,1,1,1,1,1,1,1,1,1,2,1
"PTHR11461_SF132",1,0,0,0,0,0,0,0,0,0,0,0,0,0,0,0,1,0,0,0,0,0,1,0,1,1,0,0,1,0,0,0,1,0,0,0,0,0,0,1,0,0,0,0,0
"PTHR11461_SF135",1,1,1,1,1,1,1,1,1,1,1,1,1,1,0,1,1,1,1,1,1,1,1,1,1,1,1,1,1,1,1,0,1,1,3,1,1,1,2,1,1,1,1,9,1
"PTHR11461_SF136",1,2,1,1,1,1,1,0,0,1,2,2,1,1,0,1,1,1,1,1,1,1,1,1,1,1,1,1,1,1,1,0,1,1,1,1,1,1,2,1,1,2,1,1,1
"PTHR11461_SF137",1,2,1,1,1,1,1,1,1,1,1,1,1,1,1,1,1,1,1,1,1,1,1,1,1,1,1,1,1,1,1,0,1,1,1,1,1,1,2,1,1,1,0,1,1
"PTHR11461_SF142",1,1,1,1,1,1,1,1,1,1,1,1,1,1,1,1,1,1,1,10,1,1,3,1,1,1,3,1,1,1,1,1,4,1,1,1,1,1,1,3,1,1,1,2,1
"PTHR11461_SF144",1,1,0,0,1,1,0,0,0,0,1,1,0,0,0,0,0,0,0,0,0,0,0,0,0,1,0,0,1,1,0,0,0,0,0,0,0,0,0,0,0,1,0,0,1
"PTHR11461_SF145",1,6,1,1,1,6,2,1,1,1,1,1,1,1,1,1,1,0,1,1,1,1,10,1,4,0,4,1,1,6,1,1,1,1,1,14,1,1,1,6,2,4,1,1,1
"PTHR11461_SF149",1,1,1,1,1,1,1,1,1,1,1,1,1,1,1,1,1,1,1,1,1,1,1,1,1,1,1,1,1,1,1,1,1,1,1,1,1,1,1,1,1,1,0,1,1
"PTHR11461_SF150",1,1,2,2,1,1,1,2,6,1,2,1,1,2,1,4,2,1,2,1,2,1,6,2,2,1,9,1,1,1,7,1,1,2,1,3,1,1,1,2,1,2,2,1,2
"PTHR11461_SF152",1,1,1,1,1,1,1,1,1,0,1,1,1,2,1,1,1,1,1,1,1,1,1,1,1,1,1,1,1,1,1,0,1,1,0,1,1,1,2,1,2,1,0,0,1
"PTHR11461_SF154",1,1,1,1,1,1,1,1,1,1,1,1,1,1,1,1,1,1,1,1,1,1,1,1,1,1,0,1,1,1,1,1,1,1,1,1,1,1,1,1,1,1,1,1,1
"PTHR11461_SF155",1,8,1,1,1,2,1,1,2,1,4,1,1,1,2,2,2,1,2,1,2,2,4,2,1,1,1,2,1,3,1,0,1,2,1,1,1,1,3,2,1,1,1,1,1
"PTHR11461_SF156",1,1,1,1,1,1,1,1,1,1,1,1,1,1,1,1,1,1,1,1,1,1,1,1,1,1,1,1,1,1,1,1,1,1,1,2,1,1,1,1,1,1,1,1,1
"PTHR11461_SF157",1,0,1,1,1,0,1,0,0,0,0,0,1,1,0,1,0,1,1,1,1,1,0,1,0,1,1,1,1,1,1,0,1,1,1,1,1,1,1,1,1,1,1,1,1
"PTHR11461_SF20",1,1,1,1,1,1,1,1,1,1,1,1,1,1,1,2,1,1,1,1,1,1,1,1,1,1,0,1,1,1,1,1,1,1,1,1,1,1,1,1,1,1,1,1,1
"PTHR11461_SF27",1,1,2,1,1,1,1,1,1,1,1,1,1,2,1,1,1,1,2,1,1,1,1,2,1,1,1,2,1,1,3,1,1,2,1,1,1,1,1,1,1,1,1,1,1
"PTHR11461_SF30",1,1,1,1,1,1,1,1,1,1,1,1,1,1,1,1,1,1,1,1,1,1,1,1,1,1,1,1,1,1,1,1,1,1,1,1,1,1,1,1,1,1,1,1,1
"PTHR11461_SF34",1,1,1,1,1,1,1,1,1,1,1,1,1,1,1,2,1,1,1,1,1,1,1,1,1,1,0,1,1,1,1,1,1,1,1,1,1,1,1,1,1,1,1,1,1
"PTHR11461_SF39",1,1,1,0,1,1,0,1,1,0,1,1,1,1,2,1,1,1,2,1,2,1,1,2,1,1,0,1,1,1,1,1,1,2,1,1,1,1,1,1,1,1,1,1,1
"PTHR11461_SF40",1,0,1,1,1,0,1,1,1,0,1,1,1,1,1,1,0,0,1,1,1,1,1,1,1,1,1,1,1,0,1,1,1,1,0,1,0,1,1,1,0,0,1,0,2
"PTHR11461_SF41",1,2,1,1,1,1,1,1,1,1,1,1,1,1,1,1,1,1,1,2,1,1,1,1,1,1,1,1,1,1,1,1,1,1,0,1,1,1,1,1,1,1,1,0,1
"PTHR11461_SF48",1,1,1,1,1,1,1,1,1,1,1,4,1,1,1,1,1,1,1,1,1,1,1,1,1,1,1,1,1,1,1,1,1,1,1,1,1,1,1,1,1,1,1,1,1
"PTHR11461_SF49",1,1,1,1,1,1,1,1,1,1,1,1,1,1,1,1,1,1,1,1,1,1,1,1,1,1,1,1,1,1,1,1,1,1,1,1,1,1,1,1,1,1,1,2,1
"PTHR11461_SF50",1,1,1,1,1,2,1,1,1,1,1,1,1,1,1,1,1,1,1,1,1,1,1,1,1,1,1,1,1,1,1,1,1,1,1,1,1,1,1,1,1,1,1,1,1
"PTHR11461_SF51",1,1,1,1,1,1,1,1,0,1,1,1,1,1,1,1,1,1,1,1,1,1,1,1,1,1,1,1,1,1,1,1,1,1,1,1,1,1,1,1,1,1,1,1,1
"PTHR11461_SF53",1,1,1,1,1,1,1,1,2,1,1,1,1,2,1,1,1,1,1,1,1,1,1,1,1,1,1,1,1,1,1,0,1,1,1,1,1,2,1,1,1,1,1,1,1
"PTHR11461_SF55",1,1,1,1,1,1,1,1,2,1,1,1,1,1,1,1,1,1,1,1,1,1,1,1,1,1,1,1,1,1,1,1,1,1,1,1,1,1,1,1,1,1,1,1,1
"PTHR11461_SF56",1,1,1,1,1,1,1,1,1,1,1,1,1,1,1,1,1,1,1,1,1,1,1,1,1,1,1,1,1,1,1,1,1,1,1,1,1,1,2,1,1,1,0,1,1
"PTHR11461_SF61",1,2,0,1,1,2,1,1,1,1,1,1,1,1,1,2,1,1,1,1,1,1,1,1,1,1,1,0,1,2,1,1,1,1,1,1,1,1,2,1,1,1,1,1,1
"PTHR11461_SF67",1,1,1,1,1,1,1,4,7,1,1,1,1,1,2,1,4,1,1,0,1,1,8,1,3,1,2,1,1,1,1,2,1,1,0,4,1,1,1,3,1,1,0,0,1
"PTHR11461_SF69",1,5,2,2,1,8,7,1,1,1,1,1,1,2,1,3,2,2,2,1,2,1,5,3,4,1,2,2,2,5,1,1,1,3,1,6,1,1,2,2,3,1,1,0,1
"PTHR11461_SF84",1,1,1,1,1,1,1,1,1,1,1,1,1,1,1,1,1,1,1,1,1,1,1,1,1,1,1,1,2,1,1,1,1,1,1,1,1,1,1,1,1,1,1,1,1
"PTHR11462_SF7",1,1,0,1,1,0,1,0,1,0,1,1,1,1,1,1,0,0,1,0,1,2,2,0,1,1,1,0,1,0,0,1,1,1,1,1,0,1,1,1,0,0,1,1,0
"PTHR11462_SF8",1,1,1,0,0,1,1,0,1,1,1,1,1,0,1,1,1,1,0,1,1,0,1,0,1,1,2,1,1,1,1,1,1,0,1,1,0,1,0,1,0,0,1,1,0
"PTHR11465",1,1,1,1,1,1,1,1,1,1,1,1,1,1,1,1,1,1,1,1,1,1,1,1,1,1,1,1,1,1,1,1,1,1,1,1,1,1,1,1,1,1,1,1,1
"PTHR11467_SF10",1,0,1,2,1,1,1,0,1,1,1,2,1,1,2,1,1,1,1,1,1,1,1,1,0,1,0,1,1,1,1,4,1,1,1,1,1,1,1,0,1,1,1,1,1
"PTHR11467_SF14",1,2,0,1,1,0,0,0,0,2,0,0,0,1,0,1,0,1,0,1,1,0,1,0,1,0,1,0,0,1,0,0,1,0,1,0,1,0,1,1,0,1,0,0,1
"PTHR11467_SF16",3,2,1,1,1,3,2,1,0,1,2,2,2,2,2,2,0,3,1,2,2,1,2,1,1,0,2,2,0,2,2,0,2,1,4,2,2,4,2,2,1,2,1,6,0
"PTHR11467_SF21",1,1,1,1,0,0,1,1,1,1,1,1,1,1,0,1,0,0,1,0,1,1,1,1,0,0,1,1,1,1,0,0,1,1,1,1,0,1,1,1,1,0,0,1,1
"PTHR11467_SF22",1,1,1,1,1,1,1,0,4,0,0,1,1,1,1,1,0,0,1,1,1,1,1,1,1,0,1,1,1,1,0,0,0,1,0,1,1,1,1,1,1,1,1,0,1
"PTHR11467_SF23",1,1,0,0,3,1,1,1,1,1,2,2,1,1,0,1,1,1,0,0,1,0,1,0,1,0,1,1,1,1,1,0,1,0,0,1,1,1,1,1,0,0,0,0,3
"PTHR11467_SF24",1,0,1,1,1,1,1,1,0,0,0,1,1,1,1,1,1,1,1,0,1,1,1,1,1,0,1,1,1,0,0,2,1,1,0,1,1,1,1,1,1,0,0,0,0
"PTHR11467_SF25",1,0,0,0,0,1,0,1,1,1,1,1,1,1,1,1,1,1,0,0,1,0,1,0,1,0,1,1,1,0,1,1,0,0,0,1,1,1,1,1,0,0,1,0,1
"PTHR11467_SF28",1,1,1,0,1,0,1,0,0,1,1,1,1,1,0,0,1,1,1,0,0,0,1,1,0,0,1,1,1,1,1,0,1,1,0,1,0,0,1,1,1,1,1,0,1
"PTHR11468",3,3,3,3,3,3,3,3,3,3,3,3,3,4,3,3,3,3,3,3,3,3,4,3,3,3,4,3,3,3,3,3,3,3,3,3,3,3,3,3,3,3,3,3,3
"PTHR11469",1,1,2,1,2,1,1,1,1,2,1,1,1,1,2,2,1,1,2,2,2,2,1,2,1,1,1,1,1,1,1,1,1,1,2,1,1,1,1,1,1,1,1,3,2
"PTHR11470",1,1,1,1,1,1,1,0,1,0,1,1,1,1,0,1,0,1,1,1,1,1,1,1,1,1,1,1,1,1,1,0,0,1,1,1,1,1,1,1,1,1,1,1,1
"PTHR11471",9,10,9,9,9,10,9,8,8,9,9,9,9,9,8,29,8,8,9,9,9,9,9,9,9,9,10,9,8,9,9,9,9,9,10,8,9,9,9,12,9,8,8,15,9
"PTHR11472",4,7,4,4,4,4,4,4,4,4,4,4,3,5,4,5,4,4,4,4,4,4,4,5,4,4,5,4,4,5,3,4,4,4,4,4,4,3,7,4,4,4,3,4,4
"PTHR11473",4,4,4,5,4,4,4,4,4,4,4,4,4,4,4,4,4,5,4,3,4,4,4,4,4,4,4,4,4,4,2,4,4,4,5,4,4,4,4,4,4,4,4,5,4
"PTHR11474_SF16",1,1,1,1,1,1,1,1,1,1,1,1,1,1,1,1,1,1,1,1,1,1,1,1,1,1,1,1,1,1,1,1,1,1,1,1,1,1,1,1,1,1,1,1,1
"PTHR11474_SF3",1,1,1,1,0,1,1,1,1,1,1,1,1,1,1,1,1,1,1,1,1,1,1,1,1,1,1,1,1,1,1,1,1,1,3,1,1,1,1,1,1,1,1,1,1
"PTHR11474_SF4",1,1,1,1,1,1,1,1,1,1,1,1,1,1,1,1,1,1,1,1,1,1,1,1,1,1,2,1,1,1,1,1,1,1,1,1,1,1,1,0,1,1,1,1,1
"PTHR11475_SF38",1,0,1,1,1,0,1,0,0,0,1,1,1,1,0,1,0,0,1,0,1,0,0,1,0,1,0,1,1,0,1,0,0,1,1,0,1,1,1,0,1,0,0,2,1
"PTHR11475_SF46",1,1,1,1,1,1,1,1,1,1,1,1,1,1,1,1,1,1,1,1,1,1,1,1,1,1,1,1,1,1,1,1,1,1,1,2,1,1,1,1,1,1,1,1,1
"PTHR11475_SF48",1,1,1,1,1,1,1,1,1,1,1,1,1,1,1,1,1,1,1,1,1,1,1,1,1,1,1,1,1,1,1,1,1,1,1,1,1,1,1,1,1,1,1,1,1
"PTHR11475_SF49",1,0,1,1,1,0,1,1,1,1,1,1,0,1,1,1,1,1,1,1,1,1,1,1,1,1,1,1,1,0,1,1,1,1,1,1,1,0,1,1,1,1,1,1,1
"PTHR11475_SF53",1,1,1,1,1,1,1,1,1,1,1,1,1,0,1,1,1,1,1,1,1,1,1,1,1,1,1,1,1,1,1,1,1,1,1,1,1,1,1,1,1,1,1,1,1
"PTHR11475_SF60",1,1,1,1,1,1,2,1,1,1,1,1,1,1,1,2,1,1,1,0,1,1,1,1,1,2,1,1,1,2,1,1,1,1,1,1,1,1,1,1,1,1,1,1,1
"PTHR11476",2,2,2,2,4,2,2,2,2,2,2,2,2,4,2,2,2,2,2,4,2,2,2,2,2,2,2,2,3,2,2,4,2,2,2,2,2,2,2,2,2,2,2,2,3
"PTHR11477_SF1",1,1,1,1,1,2,1,1,1,1,1,1,1,1,1,1,2,1,1,1,1,2,1,1,1,1,1,1,1,1,2,2,1,1,2,1,1,1,1,1,1,1,1,2,1
"PTHR11477_SF3",1,1,2,1,2,1,2,1,1,1,1,2,2,2,1,2,1,1,2,0,1,2,1,2,1,0,2,2,2,1,0,1,1,2,1,1,2,2,2,2,2,2,1,1,1
"PTHR11477_SF4",1,1,1,1,2,1,1,2,2,1,1,1,1,1,3,2,1,1,1,1,1,1,1,1,1,1,1,1,1,1,1,2,0,1,1,1,1,1,1,1,1,1,1,1,1
"PTHR11477_SF7",1,3,1,1,1,1,1,1,1,1,1,1,0,1,1,1,1,1,1,0,1,1,1,1,1,1,0,1,1,1,0,0,1,1,1,1,1,1,1,1,1,1,0,1,1
"PTHR11480_SF33",1,1,1,1,1,1,1,1,1,1,1,1,1,1,1,1,1,1,1,1,1,1,2,1,1,1,1,1,1,1,1,1,1,1,1,1,1,1,1,1,1,1,1,1,1
"PTHR11480_SF36",1,1,1,2,1,1,2,1,1,1,1,1,1,1,1,1,1,1,1,1,1,1,1,1,1,1,1,1,1,1,1,1,1,1,2,2,1,2,1,1,1,1,1,1,1
"PTHR11481",15,15,16,17,14,12,15,12,13,19,16,16,14,18,13,19,8,17,15,11,15,14,14,15,13,15,13,16,12,15,17,9,14,15,10,12,13,10,15,15,17,13,13,14,14
"PTHR11482",5,5,3,4,3,6,4,3,3,19,6,5,4,3,7,3,5,3,4,11,5,7,4,3,5,3,4,3,3,4,4,2,4,4,4,4,3,4,3,4,3,4,3,3,4
"PTHR11485_SF20",1,1,0,0,1,1,0,1,1,2,1,1,1,0,1,0,0,0,0,1,0,1,1,0,1,1,1,0,1,1,1,1,1,0,0,1,0,1,0,1,0,1,0,0,1
"PTHR11485_SF21",1,1,1,1,1,1,1,1,1,1,1,1,1,1,1,1,1,1,1,1,1,1,1,1,1,1,1,1,1,1,1,1,1,1,3,1,1,1,1,1,1,1,1,4,1
"PTHR11485_SF23",1,2,2,2,2,2,2,2,2,1,2,2,2,2,3,2,2,1,2,1,2,3,2,2,1,2,2,2,1,2,2,1,2,2,0,2,2,2,2,1,2,2,2,0,2
"PTHR11485_SF5",1,1,1,1,1,1,1,1,1,1,1,1,1,1,1,1,1,1,1,1,1,1,1,1,1,1,1,1,1,1,1,1,1,1,1,1,1,1,1,1,1,1,1,1,1
"PTHR11486_SF17",1,2,1,1,1,1,2,1,1,1,1,1,1,1,1,1,1,1,1,1,1,1,1,1,1,1,2,1,1,1,1,1,1,1,1,1,1,1,1,1,1,1,1,1,1
"PTHR11486_SF18",1,1,1,1,1,1,1,1,1,1,1,1,1,1,1,1,1,1,1,1,1,1,1,1,1,1,1,1,1,1,1,1,1,1,1,1,1,1,1,1,1,1,1,1,1
"PTHR11486_SF20",1,1,1,1,1,1,1,1,1,1,1,1,1,1,1,1,1,1,1,1,1,1,1,1,1,1,1,1,1,1,1,1,1,1,1,1,1,1,1,1,1,1,1,1,1
"PTHR11486_SF21",1,1,1,1,1,1,1,1,1,1,1,1,1,1,1,1,1,1,1,1,1,1,1,1,1,1,1,1,1,1,1,1,1,1,1,1,1,1,1,1,1,1,1,1,1
"PTHR11486_SF23",1,1,1,1,1,1,1,1,1,1,1,1,1,1,1,1,1,1,1,1,1,1,1,1,1,1,1,1,1,1,1,1,1,1,1,1,1,1,1,1,1,1,1,1,1
"PTHR11486_SF25",1,1,1,1,1,1,1,1,1,1,1,1,1,1,1,1,1,1,1,1,1,1,1,1,1,1,1,1,1,1,1,1,1,1,1,1,1,1,1,1,1,1,1,1,1
"PTHR11486_SF26",1,1,1,1,1,1,1,1,1,1,1,1,1,1,1,1,1,0,1,1,1,1,1,1,1,1,1,1,1,1,0,1,1,1,1,1,1,1,1,1,1,1,1,1,1
"PTHR11486_SF27",1,1,1,1,1,1,1,1,1,1,0,1,1,1,1,1,1,1,1,1,1,1,1,1,1,1,1,1,1,1,1,1,1,1,1,1,1,1,1,1,1,1,1,1,1
"PTHR11486_SF28",1,1,1,1,1,1,1,1,1,1,1,1,1,1,1,1,1,1,1,1,1,1,1,1,1,1,1,1,1,1,1,1,1,1,1,1,1,1,1,1,1,1,1,1,1
"PTHR11486_SF3",1,1,1,1,1,1,1,1,1,1,1,1,1,1,1,1,1,1,1,1,1,1,1,1,1,1,1,1,1,1,1,1,1,1,1,1,1,1,1,1,1,1,1,1,1
"PTHR11486_SF31",1,1,0,2,1,1,1,2,1,1,1,1,1,1,2,1,2,1,1,1,1,1,1,1,1,1,1,0,1,1,1,1,1,1,1,1,0,1,1,1,1,1,1,1,1
"PTHR11486_SF4",1,1,1,1,1,1,1,1,1,1,1,1,1,1,3,1,1,1,1,1,1,1,1,1,1,1,1,1,1,1,1,1,1,1,1,1,1,1,1,1,1,1,1,1,1
"PTHR11486_SF41",1,1,1,1,1,1,1,1,1,0,1,1,1,1,1,1,1,0,1,1,1,1,1,1,1,1,1,1,1,1,0,1,1,1,1,1,1,1,1,1,0,1,0,1,0
"PTHR11486_SF62",1,1,1,1,1,1,1,1,1,1,1,1,1,1,1,1,1,1,1,2,1,1,1,1,1,1,1,1,1,1,1,1,1,1,1,1,1,1,1,1,1,1,1,1,1
"PTHR11486_SF65",1,1,1,1,1,1,1,1,1,1,1,1,1,1,1,1,1,1,1,1,1,1,1,1,1,1,1,1,1,1,1,1,1,1,1,1,1,1,1,1,1,1,1,1,1
"PTHR11486_SF67",1,1,1,1,1,1,1,1,1,1,1,1,1,1,1,2,1,1,1,1,1,1,1,1,1,1,1,1,1,1,1,1,1,1,1,1,1,1,1,1,1,1,1,1,1
"PTHR11486_SF68",1,1,1,1,1,1,1,1,1,1,1,1,1,1,1,1,1,1,1,1,1,1,1,1,1,1,1,1,1,1,1,1,1,1,1,1,1,1,1,1,1,1,1,1,1
"PTHR11486_SF69",1,1,1,1,1,1,1,1,1,1,1,1,1,1,1,1,1,1,1,1,1,1,1,1,1,1,1,1,1,1,1,1,1,1,1,1,1,1,1,1,1,1,0,1,1
"PTHR11486_SF71",1,1,1,1,1,1,1,1,1,1,1,1,1,1,1,1,1,1,1,1,1,1,1,1,1,1,1,1,1,1,1,1,1,1,1,1,1,1,1,1,1,1,1,1,1
"PTHR11486_SF72",1,1,1,1,1,1,1,1,1,0,1,1,1,1,1,1,1,1,1,1,1,1,1,1,1,1,1,1,1,1,0,1,1,1,1,1,1,1,1,1,1,1,1,1,1
"PTHR11486_SF74",1,1,1,1,1,1,1,1,1,1,1,1,1,1,1,1,1,1,1,1,1,1,1,1,1,1,1,1,1,1,1,1,1,1,1,1,1,1,1,1,1,1,1,1,1
"PTHR11486_SF75",1,1,1,1,0,0,1,1,1,0,1,1,1,1,1,1,1,0,1,0,1,1,0,1,0,1,1,1,1,1,1,0,0,1,1,0,0,1,1,1,1,1,1,0,1
"PTHR11486_SF77",1,2,1,1,0,1,1,1,1,1,1,1,1,1,1,1,1,1,2,1,1,1,1,2,1,0,1,1,1,1,1,1,1,2,1,1,1,1,1,1,1,1,0,1,1
"PTHR11489",13,2,5,5,6,4,8,7,1,19,3,3,2,11,5,1,4,4,7,11,2,7,1,3,4,4,3,6,3,7,12,7,13,9,4,5,11,2,11,1,6,1,1,6,2
"PTHR11492",4,4,4,4,4,4,6,4,4,5,4,4,4,5,4,4,4,5,4,5,4,4,4,4,4,4,4,4,4,4,6,5,4,4,4,4,5,6,4,4,4,4,4,4,4
"PTHR11494",2,2,2,2,2,2,2,2,2,2,2,2,2,2,2,2,2,2,2,2,2,2,4,2,2,2,2,2,2,2,2,1,2,2,2,2,2,2,2,2,2,2,2,2,2
"PTHR11496",1,1,1,1,1,1,1,1,1,1,1,1,1,1,1,3,1,1,1,1,1,1,1,1,1,1,1,1,1,1,1,1,1,1,1,1,1,1,1,1,1,1,1,2,1
"PTHR11500",1,1,1,1,1,1,1,0,0,1,2,1,1,1,0,2,0,1,1,3,1,1,1,1,1,1,1,1,0,1,1,0,1,1,0,1,1,1,1,1,1,1,1,0,1
"PTHR11501_SF14",1,1,3,1,1,1,1,1,1,1,1,1,1,1,1,3,1,1,2,1,1,1,1,2,1,1,1,1,1,1,1,1,1,2,1,1,1,1,2,1,1,1,1,1,1
"PTHR11501_SF15",1,1,1,1,1,1,1,1,1,1,1,0,1,1,1,1,1,1,1,1,1,1,1,1,1,1,1,1,1,1,1,1,1,1,1,1,1,1,1,1,1,1,1,1,1
"PTHR11501_SF16",1,1,1,1,1,1,1,2,1,0,1,1,1,1,2,1,2,1,1,1,1,2,1,1,2,1,1,1,1,1,1,2,1,1,1,1,1,2,1,1,1,0,1,1,1
"PTHR11502",8,5,6,10,13,10,12,2,3,2,2,3,4,5,2,1,6,4,3,3,1,15,1,4,4,2,5,7,4,6,9,8,2,4,4,5,7,7,6,3,6,5,1,6,3
"PTHR11504_SF1",1,1,0,1,1,1,1,1,1,1,1,1,1,1,1,1,1,1,1,0,1,1,1,1,1,1,1,1,1,1,2,1,1,1,1,1,1,1,1,1,1,1,0,1,1
"PTHR11504_SF2",1,2,5,2,4,2,3,1,1,1,1,1,2,2,3,1,1,1,1,1,3,1,1,2,2,0,2,2,4,1,4,2,3,3,3,4,2,5,2,1,1,1,1,5,5
"PTHR11505",1,26,1,0,8,1,296,1,0,3,2,23,12,1,0,1,0,0,6,0,100,2,1,1,1,1,3,2,1,2,188,0,0,10,14,1,1,1,2,27,0,273,0,3,11
"PTHR11506",4,5,5,5,5,5,5,5,5,4,5,5,4,4,4,4,4,4,4,4,4,4,4,4,3,4,5,4,4,5,5,4,5,4,4,5,4,4,4,5,5,5,4,4,4
"PTHR11509",1,1,1,1,1,1,1,1,1,1,1,1,1,1,1,1,1,1,1,1,1,1,1,1,1,1,1,1,1,1,1,1,1,1,1,1,1,1,1,1,1,1,1,1,1
"PTHR11510",1,1,1,4,1,1,1,1,1,0,1,1,1,1,1,1,1,1,1,1,1,1,1,1,2,1,1,1,1,1,0,1,1,1,1,1,1,1,2,1,2,1,1,1,1
"PTHR11514_SF1",1,1,1,2,1,1,2,1,1,1,1,1,1,1,1,1,1,2,1,1,1,1,1,1,1,1,1,1,1,1,1,1,1,1,1,1,1,1,1,1,1,1,1,1,1
"PTHR11514_SF2",1,1,1,1,1,1,1,1,1,1,0,1,1,1,1,1,1,1,1,1,1,1,2,1,2,1,2,1,1,1,1,2,1,1,1,2,1,1,1,2,1,1,1,2,1
"PTHR11514_SF3",1,1,1,1,1,1,1,1,1,1,1,1,1,1,1,1,2,1,1,1,1,1,2,1,1,1,1,1,1,1,1,1,1,1,1,2,1,1,1,2,1,1,1,1,1
"PTHR11515_SF11",1,1,1,1,0,1,0,1,1,1,1,1,1,0,2,0,1,1,1,0,1,1,1,1,1,1,2,1,1,1,1,1,1,1,1,1,0,1,0,1,0,1,1,1,1
"PTHR11515_SF14",1,1,1,1,1,1,1,1,1,0,1,1,1,1,1,1,1,1,1,1,1,1,1,1,1,0,1,1,1,0,1,1,1,1,1,1,1,1,1,1,1,1,1,1,1
"PTHR11515_SF5",1,1,1,1,1,1,1,1,1,1,1,1,1,1,1,1,1,1,1,1,1,1,1,1,1,1,1,1,1,1,1,1,1,1,1,1,1,1,1,1,1,1,1,1,1
"PTHR11515_SF6",1,1,1,1,1,2,1,1,1,1,1,2,1,1,1,1,1,1,1,1,1,1,1,1,1,1,1,1,1,2,1,1,1,1,1,1,1,1,1,1,1,1,1,1,1
"PTHR11516",2,3,5,3,2,5,3,2,3,2,2,3,3,4,2,4,2,3,4,3,4,2,3,4,2,2,3,3,4,4,3,3,3,4,3,3,3,3,3,4,2,2,2,3,2
"PTHR11517_SF26",3,3,7,10,10,7,2,2,3,3,3,3,4,3,2,1,2,2,6,3,1,1,1,4,2,8,8,4,4,6,6,14,2,6,8,5,3,4,3,4,6,1,1,12,8
"PTHR11521_SF4",1,1,1,1,1,1,1,1,1,1,1,1,1,1,1,2,1,1,1,0,1,1,1,1,1,1,1,1,1,1,1,1,1,1,1,1,1,1,1,1,1,1,1,1,1
"PTHR11521_SF5",1,1,1,1,1,1,1,1,1,1,1,1,1,1,1,1,1,1,1,0,1,1,1,1,1,1,1,1,1,1,1,1,1,1,1,1,1,1,1,1,1,1,1,1,1
"PTHR11521_SF6",1,1,1,1,1,1,1,1,1,1,1,1,1,1,1,1,1,1,1,0,1,1,1,1,1,1,1,0,1,1,0,1,1,1,1,1,1,1,1,1,1,1,1,1,1
"PTHR11523",5,5,4,6,5,8,6,5,6,6,5,5,5,7,7,6,6,5,6,5,5,5,5,6,5,5,5,6,4,4,5,7,5,6,5,6,6,5,6,5,5,6,5,6,5
"PTHR11524",4,7,16,15,5,11,10,4,2,4,2,2,3,11,5,2,4,4,15,2,5,12,2,13,6,3,3,11,3,14,7,15,15,15,3,5,13,7,10,5,13,2,2,8,8
"PTHR11525",1,1,4,6,1,1,9,1,1,1,1,1,1,6,1,1,2,1,5,0,2,2,1,5,1,2,1,4,1,1,1,1,0,3,1,1,5,1,8,1,8,1,1,1,1
"PTHR11527_SF109",1,1,1,1,1,1,1,1,1,1,1,1,1,1,1,1,1,1,1,1,1,1,1,1,1,1,1,1,1,1,1,1,1,1,1,1,1,1,1,1,1,1,1,1,1
"PTHR11527_SF111",1,1,0,0,0,1,0,0,1,1,1,1,0,1,0,1,1,1,0,1,0,1,1,0,1,0,1,0,1,1,1,1,1,0,0,1,1,1,1,1,0,1,0,0,1
"PTHR11527_SF114",1,1,1,2,1,1,5,1,1,1,1,1,1,1,1,1,1,0,1,1,1,1,1,1,1,1,1,0,2,1,1,1,1,1,1,1,1,1,2,1,1,1,0,1,1
"PTHR11527_SF21",1,1,1,1,1,1,1,1,1,1,1,1,1,1,1,1,1,1,1,1,1,1,1,1,1,1,1,1,1,1,1,1,1,1,1,1,1,1,1,1,1,0,1,1,1
"PTHR11527_SF27",1,1,1,1,1,1,1,1,1,0,1,1,1,1,1,1,1,1,1,1,1,1,1,1,1,1,1,1,1,1,1,1,1,1,1,1,1,1,1,1,1,1,1,1,1
"PTHR11527_SF29",1,1,1,0,1,1,1,1,1,1,1,1,1,1,1,1,1,1,1,0,1,0,1,1,1,1,1,1,1,1,1,1,1,1,1,1,1,1,1,1,1,1,1,1,1
"PTHR11527_SF30",1,1,1,1,1,1,1,1,1,1,1,1,1,0,1,2,1,1,1,0,1,1,1,1,1,1,1,1,1,1,1,1,1,1,1,1,1,1,1,1,1,1,1,1,1
"PTHR11527_SF36",1,1,1,1,1,1,1,1,1,1,1,1,1,1,1,2,1,1,1,1,1,1,1,1,1,1,1,1,1,1,1,1,1,1,2,1,1,1,1,1,1,1,1,2,1
"PTHR11527_SF37",1,1,1,1,1,1,1,1,1,1,1,1,1,1,2,1,1,1,1,0,1,1,1,1,1,1,1,1,1,1,1,1,1,1,1,1,1,1,1,1,1,1,1,1,1
"PTHR11528",7,7,9,11,9,5,13,6,5,3,4,4,6,9,12,4,6,5,9,5,5,8,4,10,9,5,5,9,15,4,8,16,8,12,6,13,12,5,11,6,10,4,4,8,6
"PTHR11530",2,2,2,2,2,2,2,2,2,2,3,2,2,2,2,2,2,2,2,2,2,2,2,2,2,2,3,2,2,2,2,1,2,2,2,2,3,2,2,2,2,2,2,2,2
"PTHR11532_SF4",1,1,1,1,1,1,1,1,1,1,1,1,1,1,1,1,1,1,1,0,1,1,1,1,1,1,1,1,1,1,0,1,1,1,1,1,1,1,1,1,1,1,1,1,1
"PTHR11532_SF40",1,1,1,1,1,1,1,1,1,1,1,1,1,1,1,1,1,1,1,1,1,1,1,1,1,1,1,1,1,1,1,2,1,1,1,1,1,1,1,1,1,1,1,1,1
"PTHR11532_SF41",1,1,1,1,1,1,1,1,1,1,1,1,1,1,1,1,1,1,1,1,1,1,1,1,1,1,1,1,1,1,4,1,1,1,1,1,1,1,1,1,1,1,1,1,1
"PTHR11532_SF43",1,1,1,1,1,1,1,1,1,1,1,1,1,1,1,1,1,1,1,1,1,1,1,1,1,1,1,1,1,1,1,1,1,1,1,1,1,1,1,1,1,1,1,1,1
"PTHR11532_SF45",1,1,1,1,1,1,1,1,1,1,1,1,1,1,1,1,1,1,1,0,2,1,1,2,1,1,1,1,1,1,1,1,1,2,1,1,1,1,1,1,1,1,1,1,1
"PTHR11532_SF48",1,1,1,1,1,1,1,1,1,1,1,1,1,1,1,1,1,1,1,1,1,1,1,0,1,1,1,1,1,1,1,1,1,1,1,0,1,1,2,1,1,1,1,1,1
"PTHR11532_SF53",1,1,1,1,0,1,1,1,1,1,1,1,1,1,1,1,1,1,1,1,1,1,1,1,1,1,1,1,1,1,2,0,1,1,1,1,1,1,1,1,1,1,1,1,1
"PTHR11532_SF7",1,1,1,1,1,1,1,1,1,1,1,1,1,1,1,1,1,1,1,1,1,1,1,1,1,1,1,1,1,1,1,1,1,1,1,1,1,1,1,1,1,1,1,1,1
"PTHR11533_SF149",1,1,1,1,1,1,1,1,1,1,1,2,1,1,1,1,1,1,1,1,1,1,1,1,1,1,1,1,1,1,1,1,1,1,1,1,1,1,2,1,1,1,1,1,1
"PTHR11533_SF151",1,1,1,1,1,1,1,2,1,1,1,1,1,1,2,1,1,1,1,2,1,1,1,1,1,1,0,1,1,2,1,1,1,1,1,1,1,1,1,1,1,1,1,1,1
"PTHR11533_SF153",1,1,1,1,1,1,1,1,1,1,1,1,1,1,0,1,1,1,1,1,1,1,1,1,1,1,1,1,1,1,1,1,1,1,1,1,1,1,1,1,1,1,1,1,1
"PTHR11533_SF156",1,1,1,1,1,1,1,1,1,1,1,1,1,1,1,1,1,1,1,1,1,1,1,1,1,1,2,1,1,1,1,1,1,1,1,1,1,1,1,1,1,1,1,1,1
"PTHR11533_SF163",1,1,1,1,1,1,1,1,1,1,1,1,1,2,1,1,1,1,1,1,1,1,1,1,1,1,1,3,1,1,1,1,1,1,1,1,1,1,2,1,1,1,1,2,1
"PTHR11533_SF165",1,1,1,1,1,1,1,1,1,1,1,1,1,1,1,1,1,1,1,1,1,1,1,1,1,1,1,1,1,1,1,1,1,1,1,1,1,1,1,1,1,1,1,1,1
"PTHR11533_SF166",1,1,1,2,1,1,1,0,0,1,1,1,0,1,0,1,1,1,1,1,1,1,0,1,0,1,0,1,1,1,0,0,0,1,0,0,1,0,1,0,1,1,1,0,1
"PTHR11533_SF31",1,1,1,1,1,1,1,1,1,1,1,1,1,1,1,1,1,1,1,1,1,1,1,1,1,1,1,1,1,1,1,1,1,1,1,1,1,1,1,1,1,1,1,1,1
"PTHR11533_SF4",1,1,1,1,1,1,1,1,1,1,1,1,1,1,1,1,1,1,1,1,1,1,1,1,1,1,1,1,1,1,1,1,1,1,1,1,1,1,1,1,1,1,1,1,1
"PTHR11533_SF40",1,1,1,1,1,1,1,1,2,1,1,1,1,1,1,1,1,1,1,2,1,1,1,1,1,1,2,1,1,1,1,1,2,1,1,1,1,1,1,1,1,1,1,1,1
"PTHR11533_SF42",1,1,1,1,1,1,1,1,1,1,1,1,1,1,1,1,1,1,1,1,1,1,1,1,1,1,1,1,1,1,1,1,1,1,1,1,1,1,1,2,1,1,1,1,1
"PTHR11533_SF6",1,1,1,1,1,1,1,1,1,1,1,1,1,1,1,1,1,1,1,1,1,1,1,1,1,1,1,1,1,0,0,1,1,1,1,1,1,1,1,1,1,1,1,1,1
"PTHR11534",4,4,4,4,4,4,4,4,4,4,4,4,4,4,4,4,4,4,4,4,4,5,4,4,5,4,4,3,4,4,4,4,4,4,4,4,4,4,4,4,4,4,4,4,4
"PTHR11537_SF109",1,1,1,1,1,1,1,1,1,1,0,1,1,1,1,1,1,1,1,1,1,1,1,1,1,1,1,1,1,1,1,1,1,1,1,1,1,1,1,1,1,1,1,1,1
"PTHR11537_SF110",1,1,1,1,1,0,1,0,1,1,0,1,1,1,1,1,0,0,1,0,1,1,0,1,0,0,0,1,1,1,1,1,0,1,0,0,1,1,1,0,1,1,1,1,0
"PTHR11537_SF112",1,1,1,1,1,1,1,1,1,1,0,1,1,1,1,2,1,0,1,1,1,1,1,1,1,1,1,1,1,0,1,1,1,1,0,1,1,2,1,1,1,0,1,1,1
"PTHR11537_SF117",1,1,1,1,1,0,1,1,1,1,1,1,1,1,1,1,1,1,1,1,1,1,1,1,1,1,1,1,1,1,1,1,1,1,0,1,1,1,1,1,1,1,1,0,1
"PTHR11537_SF123",1,1,1,1,0,1,1,1,1,1,1,1,1,1,1,1,1,0,0,0,1,1,1,1,1,1,2,0,1,1,0,1,1,1,1,1,0,0,1,1,0,1,1,1,1
"PTHR11537_SF126",1,1,1,1,1,1,1,1,1,1,1,1,1,1,1,1,1,1,1,1,1,1,1,1,1,1,1,1,1,1,1,1,1,1,1,1,1,1,1,1,1,1,1,1,1
"PTHR11537_SF128",1,1,1,2,1,1,1,1,1,2,1,1,1,1,1,1,1,0,1,1,1,1,1,1,1,1,1,1,1,1,1,1,1,1,1,1,1,1,1,1,1,1,1,1,1
"PTHR11537_SF17",2,2,1,1,1,1,1,1,1,3,1,1,1,1,1,1,1,1,1,1,1,1,1,1,1,1,0,1,1,2,1,1,1,1,1,1,1,1,1,1,1,1,1,1,1
"PTHR11537_SF19",1,1,1,1,1,1,1,1,1,1,1,1,1,1,1,1,1,1,1,0,1,1,1,1,1,1,2,0,1,1,1,1,1,1,1,1,0,1,1,1,0,1,0,1,1
"PTHR11537_SF23",1,1,1,1,1,1,1,1,1,1,1,1,1,1,1,1,1,1,1,1,1,1,1,1,1,1,1,1,1,1,1,1,1,1,1,1,1,1,1,1,1,1,1,1,1
"PTHR11537_SF24",1,1,1,1,1,1,1,1,1,1,1,0,1,1,1,1,1,1,1,1,1,1,1,1,1,1,1,1,1,1,1,0,1,1,0,1,1,1,1,1,1,1,1,1,1
"PTHR11537_SF25",1,1,1,1,1,1,1,1,1,1,1,1,1,1,1,1,2,1,1,1,1,0,1,1,1,1,1,0,1,0,1,1,1,1,0,1,0,1,1,1,1,0,0,1,1
"PTHR11537_SF28",1,1,1,1,0,1,1,1,1,1,1,1,1,1,1,1,1,1,1,0,1,1,1,1,1,1,2,1,1,0,0,1,1,1,1,1,0,1,1,1,0,1,0,1,1
"PTHR11537_SF38",1,1,1,1,1,1,1,1,1,1,1,1,1,1,1,1,1,1,1,1,1,1,1,1,1,1,1,1,1,1,1,1,1,1,1,1,1,1,1,1,1,1,1,1,1
"PTHR11537_SF39",2,0,1,1,1,1,1,1,1,1,1,1,1,1,1,1,1,1,1,1,1,2,1,1,1,1,1,1,1,1,1,1,1,1,1,1,1,1,1,1,1,1,1,1,1
"PTHR11537_SF4",1,1,1,1,1,1,1,1,1,1,1,1,1,1,1,1,1,1,1,1,1,1,1,1,1,1,1,1,1,1,1,1,1,1,1,1,1,1,1,1,1,1,1,1,1
"PTHR11537_SF40",1,1,1,1,1,1,1,1,1,1,1,1,1,1,1,1,1,1,1,1,1,1,1,1,1,1,1,1,1,1,1,1,1,1,1,1,1,1,1,1,1,1,1,1,1
"PTHR11537_SF42",1,1,1,1,1,1,1,1,1,1,1,1,1,1,0,1,0,1,1,0,0,1,1,1,1,1,1,1,1,1,1,0,1,1,1,1,1,1,1,1,1,1,1,1,1
"PTHR11537_SF48",2,1,1,1,1,2,1,1,1,1,1,1,1,1,1,1,1,1,1,1,1,1,1,1,1,1,1,1,1,1,1,1,1,1,1,1,1,2,1,1,1,1,1,1,1
"PTHR11537_SF5",1,1,1,1,1,1,1,1,1,1,1,1,1,1,1,1,1,1,1,2,1,1,1,1,1,1,1,1,1,1,1,1,1,1,1,1,1,1,1,1,1,1,1,1,1
"PTHR11537_SF6",1,1,1,1,1,1,1,1,1,1,1,1,1,1,1,2,1,1,1,1,1,1,1,1,1,1,2,0,1,1,0,1,1,1,1,1,1,1,1,1,1,1,1,1,1
"PTHR11537_SF60",1,1,1,1,1,1,1,1,1,1,1,1,1,1,1,1,1,0,1,1,1,1,1,1,1,1,1,0,1,1,1,1,1,1,1,1,1,1,1,1,1,1,0,1,1
"PTHR11537_SF61",1,1,1,1,1,1,1,1,1,1,1,1,1,1,1,1,1,1,1,1,1,1,1,1,1,1,1,1,1,1,1,1,1,1,1,1,1,1,1,1,1,1,1,1,1
"PTHR11537_SF63",1,1,1,1,1,1,1,1,1,1,1,1,1,1,1,1,1,1,1,1,1,1,2,1,2,1,1,1,1,1,1,1,1,1,1,1,1,1,1,1,1,1,1,1,1
"PTHR11537_SF86",1,1,1,0,2,1,1,1,1,1,1,1,1,1,1,1,1,1,1,1,1,1,1,1,1,1,1,1,1,0,1,1,1,1,2,1,1,1,1,0,2,1,1,2,1
"PTHR11537_SF87",1,1,1,1,1,1,1,1,1,1,1,1,1,1,1,1,1,1,1,1,1,1,1,1,1,1,1,1,1,1,1,1,1,1,1,1,1,1,1,1,1,1,1,1,1
"PTHR11537_SF88",1,1,1,1,1,1,1,1,1,1,1,1,1,1,1,1,1,1,1,1,1,1,1,1,1,1,1,1,1,1,1,1,1,1,1,1,1,1,1,1,1,1,1,1,1
"PTHR11537_SF89",1,1,1,1,1,1,1,1,1,1,1,1,1,1,1,1,1,1,1,1,1,1,1,1,1,1,1,1,1,1,1,1,1,1,1,1,1,1,1,1,1,1,1,1,1
"PTHR11537_SF90",1,1,0,1,1,1,1,1,1,2,1,1,1,1,1,1,1,1,1,1,1,1,1,1,1,0,1,0,0,1,0,1,1,1,1,1,0,1,1,1,1,1,1,1,0
"PTHR11537_SF91",1,1,1,1,1,1,1,1,1,1,1,1,1,1,1,1,1,1,1,0,1,1,1,1,1,1,1,1,1,1,1,1,1,1,1,1,1,1,1,1,1,1,1,1,1
"PTHR11538_SF15",1,1,2,1,1,1,1,1,1,1,1,1,1,1,1,1,1,1,1,1,1,1,1,1,1,1,1,1,1,1,0,1,1,1,1,1,1,1,1,1,1,1,1,1,1
"PTHR11538_SF40",1,1,1,1,1,1,1,1,1,1,1,1,1,1,1,1,1,1,1,1,1,1,1,1,1,1,1,1,1,1,1,1,1,1,1,1,1,1,1,1,1,1,1,1,1
"PTHR11539",1,1,1,1,1,1,1,1,1,1,1,1,0,1,1,1,1,1,1,1,1,0,1,1,1,1,1,1,1,1,1,1,1,1,1,1,1,1,1,1,1,1,1,1,1
"PTHR11540_SF12",3,2,6,4,10,4,1,1,1,4,1,1,3,2,1,2,1,1,9,2,5,1,1,4,1,3,2,1,2,2,2,4,1,6,3,1,2,3,3,1,5,3,1,1,12
"PTHR11540_SF15",1,1,1,1,1,1,1,1,1,0,2,1,1,1,1,1,1,0,2,1,1,1,1,2,2,2,1,1,1,1,1,1,2,2,1,1,1,1,1,1,1,1,0,1,1
"PTHR11540_SF16",2,1,2,2,5,1,1,1,1,1,1,1,1,1,1,1,1,1,1,1,1,1,1,1,1,1,1,1,1,1,1,2,1,1,1,1,1,1,1,1,1,1,1,2,3
"PTHR11540_SF17",2,2,6,6,8,3,7,5,1,11,2,1,3,5,7,2,2,2,5,3,2,1,1,4,3,4,2,5,3,1,4,13,2,5,7,6,5,3,6,1,8,1,1,13,6
"PTHR11544_SF14",1,1,1,1,1,1,1,1,1,1,1,1,1,1,2,1,2,1,1,1,1,2,1,1,1,1,1,1,1,1,1,1,1,1,1,2,1,1,1,1,1,1,1,1,1
"PTHR11544_SF32",3,4,3,4,2,3,7,2,3,3,2,2,2,3,7,2,3,2,3,3,1,5,2,3,2,2,2,5,2,3,4,4,2,3,2,2,4,2,4,2,4,2,2,2,4
"PTHR11544_SF40",1,2,0,0,1,0,0,0,0,1,0,0,5,0,0,0,0,0,0,1,0,0,0,0,0,1,0,0,1,5,0,0,0,0,0,0,0,0,0,0,0,1,0,0,0
"PTHR11544_SF41",1,1,1,1,1,1,2,1,1,1,1,1,1,1,1,2,1,1,1,1,1,1,1,1,1,1,1,3,2,1,1,1,1,2,1,1,1,1,2,1,1,1,1,1,2
"PTHR11544_SF44",5,1,4,6,5,2,1,1,1,5,5,4,2,3,4,1,2,2,3,3,3,3,1,4,4,1,3,3,6,1,9,8,15,4,2,3,4,2,7,2,6,1,1,3,4
"PTHR11545_SF3",1,2,5,10,1,4,7,1,2,2,1,1,1,7,1,1,1,1,5,1,2,5,2,6,3,1,3,7,1,5,1,6,4,4,2,1,8,3,7,2,6,2,1,3,2
"PTHR11545_SF6",1,1,1,1,1,4,2,1,1,1,1,1,1,1,1,1,1,1,1,1,1,1,1,1,1,1,1,1,1,2,1,1,1,1,1,1,1,1,1,1,1,1,1,1,1
"PTHR11546",6,7,10,7,6,6,7,6,6,8,7,7,6,7,9,9,6,5,6,7,6,7,6,6,6,6,6,6,6,6,5,9,7,6,6,8,8,6,8,8,7,5,6,6,6
"PTHR11547",4,4,6,4,6,4,4,3,4,3,4,4,4,5,6,5,4,4,4,4,4,4,4,5,4,4,5,4,4,6,5,5,4,6,4,4,4,4,6,4,5,4,4,4,5
"PTHR11549_SF11",1,1,4,3,4,3,3,1,1,1,1,1,1,1,1,2,1,1,6,1,3,3,1,6,1,1,1,2,1,1,1,4,2,8,1,1,1,1,2,1,3,1,0,1,4
"PTHR11549_SF2",2,2,2,2,2,1,1,1,1,1,1,1,1,1,1,1,1,1,1,1,1,1,1,1,2,1,1,1,3,1,2,2,1,1,3,1,1,1,1,1,2,1,1,4,1
"PTHR11550",2,2,2,2,2,2,2,2,2,2,2,2,2,2,3,2,2,3,2,2,2,2,2,2,2,2,2,2,2,2,2,2,3,3,2,2,2,2,3,2,2,2,2,2,2
"PTHR11551_SF14",1,1,1,1,1,1,1,1,1,1,1,1,1,1,1,1,1,1,1,1,1,1,1,1,1,1,1,1,1,1,1,1,1,1,1,1,1,1,1,1,1,1,1,1,1
"PTHR11551_SF3",1,1,1,1,1,1,1,1,1,1,1,1,1,1,1,1,1,1,1,1,1,1,1,1,1,1,1,1,1,1,0,1,1,1,1,1,1,1,1,1,1,0,1,1,1
"PTHR11551_SF4",1,1,1,1,1,1,1,1,1,1,1,2,1,1,1,1,1,1,1,1,1,1,1,1,1,1,1,1,1,1,1,1,1,1,1,1,1,1,1,1,1,1,1,1,1
"PTHR11551_SF5",1,1,1,1,1,1,1,1,1,1,1,1,1,1,1,1,1,1,1,1,1,1,1,1,1,1,1,1,2,1,1,2,1,1,1,1,1,1,1,1,1,1,1,1,1
"PTHR11551_SF6",1,1,1,1,1,1,0,1,1,1,1,1,1,1,1,1,1,1,1,0,1,1,1,1,1,1,1,1,1,1,1,1,1,1,1,1,1,1,1,1,1,1,1,1,1
"PTHR11551_SF7",1,1,1,1,1,1,1,1,1,1,1,1,1,1,1,1,1,1,1,1,1,1,1,1,1,1,1,1,1,1,1,1,1,1,1,1,1,1,1,1,1,1,1,1,1
"PTHR11552_SF14",1,1,1,1,1,1,1,1,1,1,1,1,1,1,1,1,1,1,1,1,1,1,1,1,1,1,1,1,1,1,1,1,1,1,1,1,1,1,1,1,1,1,1,1,1
"PTHR11556",2,2,2,2,2,1,2,2,1,2,2,1,2,2,2,2,2,2,2,2,4,1,2,2,2,2,2,2,2,2,1,2,3,2,2,2,2,2,2,2,2,2,2,3,2
"PTHR11557",1,1,1,1,1,1,1,1,1,1,1,1,1,1,1,1,1,1,1,1,1,1,1,1,1,1,1,1,1,1,1,1,1,1,1,2,1,1,1,1,1,1,1,1,1
"PTHR11558_SF11",2,1,1,1,1,1,2,1,1,1,1,1,1,2,1,1,1,1,2,2,2,1,1,2,1,1,1,3,1,1,0,2,1,1,1,2,2,1,2,2,2,1,1,1,1
"PTHR11558_SF27",1,1,2,2,2,1,1,1,2,7,1,1,1,4,6,1,2,1,2,2,1,4,1,3,1,1,1,3,1,2,1,4,2,3,1,2,4,2,4,1,2,1,1,1,2
"PTHR11559_SF139",1,1,1,1,1,1,1,1,1,1,1,1,1,1,1,1,1,1,1,6,1,1,1,1,1,1,1,1,1,1,1,1,2,1,1,1,1,1,0,1,1,1,1,1,1
"PTHR11559_SF142",1,1,1,1,1,1,1,1,1,1,1,1,1,1,1,1,1,1,1,2,1,1,1,1,1,1,1,1,1,1,1,1,1,1,1,1,1,1,1,1,1,1,1,1,1
"PTHR11559_SF145",1,1,1,1,1,1,1,1,1,1,1,1,1,1,1,1,1,1,2,1,1,1,1,1,1,1,2,1,1,1,1,1,1,1,1,1,1,1,1,1,1,1,1,1,1
"PTHR11559_SF148",1,1,2,1,1,1,1,2,4,1,0,0,1,1,4,1,6,1,3,0,1,1,6,1,4,1,9,2,1,1,11,5,2,2,0,18,1,1,2,9,1,0,0,0,1
"PTHR11559_SF154",1,1,1,1,1,1,1,1,1,1,1,1,1,1,1,1,1,1,1,1,1,1,1,1,1,1,1,1,1,1,1,1,1,1,1,1,1,1,1,1,1,0,1,1,1
"PTHR11559_SF163",1,1,0,1,0,1,1,1,1,1,1,1,1,2,1,1,1,1,0,0,0,1,2,1,1,1,1,1,1,1,1,1,1,0,10,1,0,1,2,0,1,1,0,8,0
"PTHR11559_SF168",1,0,0,0,1,2,0,2,1,1,5,3,1,0,4,2,6,4,0,3,0,1,3,0,1,1,3,0,1,1,2,3,2,1,0,3,0,1,0,2,0,3,1,0,1
"PTHR11559_SF171",1,1,1,1,1,1,1,1,1,1,1,1,1,1,1,1,1,1,1,1,1,1,1,1,1,1,1,1,1,1,0,1,1,1,1,1,1,1,1,1,1,1,1,1,1
"PTHR11559_SF195",2,1,1,2,1,1,1,1,0,3,2,1,1,1,1,2,1,2,1,1,2,1,0,1,0,1,1,1,1,1,1,1,2,1,1,0,1,1,2,0,1,2,1,1,1
"PTHR11559_SF43",1,1,0,1,1,1,1,1,1,0,2,1,1,1,0,2,1,1,2,1,1,1,1,2,1,1,1,1,1,1,1,1,1,2,0,1,1,1,1,1,1,1,1,1,1
"PTHR11559_SF52",2,1,1,1,1,1,1,1,1,2,0,1,1,1,1,1,1,1,1,1,1,1,1,1,1,2,1,1,1,3,1,1,1,1,1,1,1,1,1,1,1,1,1,1,1
"PTHR11559_SF53",1,1,1,1,1,1,1,1,1,1,1,1,1,1,1,2,1,1,1,0,1,1,1,1,1,1,1,1,1,1,1,1,1,1,1,1,1,1,1,1,1,0,2,1,1
"PTHR11560",1,1,2,1,1,1,1,1,1,1,1,1,1,2,1,1,1,1,2,1,2,1,1,2,1,1,1,2,1,1,1,1,1,1,1,1,2,1,2,1,1,1,1,1,1
"PTHR11561",2,2,2,2,2,2,2,2,2,2,2,2,2,2,2,3,2,2,2,2,2,2,2,2,2,2,3,2,2,2,2,2,2,2,3,2,2,2,2,2,2,2,2,2,2
"PTHR11562_SF13",1,1,1,1,1,1,1,1,1,1,1,1,1,1,1,1,1,1,1,1,1,1,1,1,1,1,1,1,1,1,1,1,1,1,1,1,1,1,1,1,1,1,1,1,1
"PTHR11562_SF14",1,1,1,1,1,1,1,1,1,1,1,1,1,1,1,1,1,1,1,1,1,1,1,1,1,1,1,1,1,1,1,1,2,1,1,1,1,1,1,1,1,1,1,2,1
"PTHR11562_SF24",1,1,1,1,1,1,1,1,1,1,1,1,1,1,1,1,1,1,1,1,1,1,1,1,1,1,1,1,1,1,1,1,1,1,1,1,1,1,1,1,2,1,1,2,1
"PTHR11562_SF27",1,1,1,1,1,1,1,1,1,1,1,1,1,1,1,1,1,1,1,1,1,1,1,1,1,1,1,1,1,1,1,1,1,1,1,1,1,1,1,1,1,1,0,1,1
"PTHR11562_SF29",1,1,2,1,1,1,1,1,1,1,1,1,1,1,1,1,1,1,1,1,1,1,2,1,1,1,1,1,1,1,1,1,1,1,1,1,1,1,1,1,1,1,1,1,1
"PTHR11562_SF30",1,1,1,1,1,1,1,1,1,1,1,1,1,1,1,1,1,1,1,1,1,1,1,1,1,1,1,1,1,1,1,1,1,1,1,1,1,1,1,1,1,1,1,1,1
"PTHR11562_SF34",1,1,1,1,1,1,1,1,1,1,1,1,1,1,1,1,1,1,1,1,1,1,2,1,1,1,1,1,1,1,1,1,1,1,1,1,1,1,1,1,1,1,1,1,1
"PTHR11562_SF36",1,1,1,1,1,1,1,1,1,1,1,1,1,1,1,1,1,1,1,1,1,1,1,1,1,1,1,1,1,1,1,1,1,1,1,1,1,1,1,1,1,1,1,1,1
"PTHR11562_SF37",1,1,1,1,1,1,1,1,0,1,1,1,1,1,1,1,1,1,1,1,1,1,1,1,1,1,1,1,1,1,1,0,1,1,0,1,1,1,1,1,1,1,1,0,1
"PTHR11564_SF16",1,1,1,1,1,1,1,1,1,1,1,1,2,1,1,1,1,1,1,1,1,1,1,1,1,1,1,1,1,1,1,1,1,1,1,1,1,1,1,1,1,1,1,1,1
"PTHR11564_SF5",1,1,1,1,1,1,1,1,1,1,1,1,1,1,1,1,1,1,1,1,1,1,3,1,1,1,1,1,1,1,1,1,1,1,1,1,1,1,1,1,1,1,1,1,1
"PTHR11566_SF12",1,2,1,1,1,1,1,1,1,1,1,1,1,1,1,1,1,1,1,1,1,1,1,1,1,1,1,1,1,1,1,1,1,1,1,1,1,1,1,1,1,1,1,1,1
"PTHR11566_SF23",1,1,1,1,1,1,1,1,1,1,1,1,1,1,1,1,1,1,1,1,1,1,1,1,1,2,1,1,1,2,1,1,1,1,2,1,1,2,1,1,1,1,1,1,1
"PTHR11566_SF32",1,1,1,1,1,1,1,1,1,1,1,1,1,2,1,1,1,1,1,1,1,1,1,1,1,1,1,1,1,1,1,1,1,1,1,1,1,1,2,1,1,1,1,1,1
"PTHR11566_SF39",1,1,1,1,1,1,1,1,1,1,1,1,1,1,3,1,1,1,1,1,1,1,1,1,1,1,1,1,1,1,1,1,1,1,2,1,1,1,1,1,1,1,1,1,1
"PTHR11566_SF46",1,1,1,1,1,1,1,0,0,0,1,1,0,1,0,1,0,1,1,2,1,1,0,1,0,1,0,1,1,1,1,0,1,1,0,0,1,0,1,0,1,1,1,0,1
"PTHR11566_SF51",1,1,2,1,1,1,1,2,2,1,1,1,1,1,2,1,1,2,1,1,1,1,2,1,2,1,1,1,1,1,2,2,1,1,0,6,1,1,1,2,1,1,1,0,2
"PTHR11566_SF54",2,1,1,1,1,1,1,1,1,2,1,1,1,1,1,1,1,1,1,1,1,1,1,1,1,1,3,1,1,2,1,1,1,2,1,2,1,1,1,1,1,1,1,1,1
"PTHR11567_SF108",1,1,1,1,1,1,1,1,1,1,1,1,1,1,1,1,1,1,1,1,2,1,1,1,1,1,1,1,1,1,1,1,1,1,1,1,1,1,1,1,1,1,1,1,1
"PTHR11567_SF110",1,1,1,1,1,1,1,1,1,1,1,1,1,1,1,1,1,1,1,1,1,1,1,1,1,1,1,1,1,1,1,1,1,1,1,1,1,1,1,1,1,1,1,1,1
"PTHR11567_SF116",1,1,1,1,1,1,1,1,1,1,1,1,1,1,1,1,1,1,1,1,1,1,1,1,1,1,1,1,1,1,1,1,1,1,1,1,1,1,1,1,1,1,1,2,1
"PTHR11567_SF117",1,0,1,1,1,1,1,1,1,0,0,0,1,2,1,1,1,1,1,0,0,1,1,1,1,1,1,1,1,1,1,1,1,1,1,1,1,1,1,1,1,1,1,2,1
"PTHR11567_SF25",1,1,1,1,1,1,1,2,1,1,1,1,1,1,2,1,1,1,1,1,1,1,1,1,1,1,1,1,1,1,1,1,1,1,1,1,1,1,1,1,1,1,1,1,1
"PTHR11567_SF32",1,1,1,1,1,1,1,1,1,1,1,1,1,1,1,1,1,1,1,1,1,1,1,1,1,1,1,1,1,1,1,1,1,1,1,1,1,1,1,1,1,1,1,1,1
"PTHR11568",2,2,2,2,2,2,2,2,2,2,2,2,2,2,2,3,2,2,2,2,2,3,2,2,2,2,2,2,2,2,3,2,2,2,2,2,2,2,2,2,2,2,2,3,2
"PTHR11570",1,2,1,2,1,2,5,1,1,3,1,1,2,2,7,1,2,2,3,1,1,4,2,3,2,1,1,2,1,2,2,4,2,3,1,2,1,2,1,1,2,1,1,1,1
"PTHR11571_SF101",1,1,0,1,1,1,1,1,0,1,1,0,1,0,0,0,1,1,0,1,0,1,1,1,1,1,1,0,1,1,0,1,3,0,3,3,0,1,0,1,1,1,0,2,1
"PTHR11571_SF107",1,4,0,0,1,4,0,3,2,2,6,2,1,0,2,0,1,2,0,4,0,3,4,0,7,1,2,0,1,3,3,1,3,0,0,4,0,2,0,3,1,1,0,0,0
"PTHR11571_SF113",1,1,0,0,1,1,0,0,0,1,1,1,0,0,1,1,0,0,0,0,0,0,2,0,1,1,1,0,1,1,0,0,0,0,0,1,0,1,0,1,0,1,0,0,1
"PTHR11571_SF118",1,1,1,1,1,1,1,1,1,1,1,1,1,1,1,1,1,1,1,1,1,1,1,1,1,1,1,1,1,1,1,0,0,1,1,1,1,1,1,1,1,1,1,1,1
"PTHR11571_SF119",3,2,2,1,2,4,2,1,2,0,2,2,1,1,1,1,2,1,1,2,1,2,1,1,3,2,2,2,2,3,1,1,2,3,1,2,1,1,2,2,2,3,1,1,1
"PTHR11571_SF123",1,1,1,1,3,1,1,0,1,0,1,1,1,1,1,1,1,1,1,1,1,1,0,1,0,2,0,1,2,1,1,1,1,1,0,0,1,1,1,0,1,1,1,0,3
"PTHR11571_SF128",1,1,1,3,1,1,0,1,1,1,1,1,1,1,1,1,1,1,1,1,1,1,1,1,1,1,2,1,1,1,1,2,1,1,1,1,1,1,2,2,2,1,1,2,1
"PTHR11571_SF93",3,1,1,1,7,1,1,0,0,0,1,1,1,1,0,1,0,0,1,0,0,1,0,1,0,2,0,1,1,1,0,0,1,2,0,0,1,1,1,0,1,1,1,1,4
"PTHR11573",1,1,1,1,1,1,1,1,1,1,1,1,1,1,2,1,1,1,1,1,1,1,1,1,1,1,1,1,1,1,1,2,1,1,1,1,1,1,1,1,1,1,1,1,1
"PTHR11574",1,1,1,1,1,1,2,1,1,1,1,1,1,1,1,1,1,1,1,1,1,1,1,1,1,1,1,1,1,1,1,1,1,1,1,1,1,1,1,1,1,1,1,1,1
"PTHR11575",1,1,1,1,1,1,1,1,1,2,2,1,1,1,1,1,2,2,1,1,1,2,2,1,1,1,2,1,1,1,2,1,1,1,3,2,1,1,1,1,1,1,1,2,1
"PTHR11576",1,1,1,1,1,1,1,1,1,1,1,1,1,1,1,3,1,1,1,1,1,1,2,1,1,1,1,1,1,1,1,1,1,1,2,1,1,1,3,1,2,1,1,3,1
"PTHR11579",3,3,3,3,3,5,4,3,4,4,4,3,3,4,5,4,3,3,4,3,4,3,4,3,3,3,4,3,3,4,3,5,3,3,3,4,3,3,5,3,4,3,8,4,3
"PTHR11581",2,7,5,8,4,10,6,2,5,10,2,3,2,7,5,3,4,2,5,3,6,12,2,6,4,5,2,6,4,8,4,4,3,7,3,4,5,6,7,3,8,1,1,3,3
"PTHR11583",3,2,3,2,2,2,5,2,3,4,2,2,2,3,1,2,1,2,4,3,2,4,2,4,2,3,2,1,2,2,2,3,2,6,1,4,4,2,4,2,4,3,2,1,3
"PTHR11584_SF332",1,1,1,1,1,1,1,1,1,1,1,1,1,1,1,1,1,1,1,1,1,1,1,1,1,1,1,1,1,1,1,1,1,1,1,1,1,1,1,1,1,1,1,1,1
"PTHR11584_SF363",1,1,1,1,1,1,1,1,1,1,1,1,1,1,1,1,1,1,1,1,1,1,1,1,1,2,0,1,1,1,1,1,1,1,1,1,1,1,1,2,1,1,1,1,1
"PTHR11584_SF371",1,1,1,1,1,1,1,1,1,1,1,1,1,1,1,1,1,1,1,1,1,1,1,1,1,1,1,1,1,1,1,1,1,1,1,1,1,1,1,1,1,1,1,1,0
"PTHR11585",5,5,5,5,5,5,5,5,4,5,4,5,5,5,4,5,5,4,5,6,5,5,4,5,4,4,4,5,5,5,4,4,5,5,4,4,6,5,5,4,5,5,5,3,5
"PTHR11586_SF1",1,1,1,1,1,4,1,1,1,1,2,2,1,1,1,1,1,1,1,1,1,1,1,1,2,2,2,1,1,4,1,2,1,1,1,1,1,3,1,1,1,1,1,1,1
"PTHR11587",1,1,4,6,1,1,1,1,1,1,1,1,1,7,1,1,1,1,8,1,3,1,1,5,2,1,1,8,1,1,2,3,1,6,1,1,8,1,6,1,5,1,1,1,1
"PTHR11588_SF13",2,1,1,1,1,1,1,1,1,1,1,1,1,2,1,1,1,1,1,1,1,1,1,1,1,1,2,2,1,1,1,0,1,1,1,1,2,1,2,1,1,1,1,1,1
"PTHR11588_SF4",1,1,1,1,1,1,1,1,1,1,1,1,1,1,1,1,1,1,1,1,1,1,1,1,1,1,1,1,1,1,1,2,1,1,1,1,1,1,1,1,1,1,1,1,1
"PTHR11588_SF43",1,1,1,1,2,1,1,1,1,1,2,1,1,1,2,2,1,1,2,1,1,1,1,1,1,1,1,2,1,1,1,1,1,1,1,1,1,1,1,1,1,1,1,1,3
"PTHR11588_SF52",1,1,1,1,1,1,1,1,1,1,1,1,1,1,1,1,1,1,1,1,1,1,1,1,1,1,1,1,1,1,1,1,1,1,1,1,1,1,2,1,1,1,0,1,1
"PTHR11588_SF54",2,1,1,2,1,1,2,2,1,1,1,1,1,1,1,1,1,1,1,0,0,1,1,1,1,1,1,1,1,1,1,2,1,1,2,1,1,1,2,1,2,1,1,2,1
"PTHR11588_SF56",1,2,2,2,2,2,2,2,1,3,1,1,1,2,1,2,5,3,2,2,1,3,2,2,2,1,2,2,1,3,1,4,2,2,2,1,1,2,3,2,1,1,2,2,1
"PTHR11588_SF61",1,2,2,5,3,1,3,1,1,1,1,1,1,2,3,8,3,1,2,1,1,1,1,2,3,1,1,2,2,1,1,1,6,4,3,1,2,1,2,1,2,1,2,1,3
"PTHR11588_SF62",1,1,3,3,1,1,1,1,1,1,2,1,1,1,1,1,1,1,2,1,1,1,1,1,1,0,1,2,1,1,1,1,1,2,1,1,1,1,1,1,1,1,1,2,2
"PTHR11588_SF65",8,9,3,8,8,7,9,3,4,7,6,5,5,5,6,7,4,4,4,8,5,6,6,4,3,8,4,6,7,5,11,3,8,3,5,6,5,7,9,6,4,4,4,7,8
"PTHR11588_SF74",1,1,1,1,1,1,1,1,1,1,1,1,1,1,1,1,1,1,1,1,1,1,1,1,1,1,1,1,1,1,1,1,1,1,1,1,1,1,1,1,1,1,1,1,1
"PTHR11588_SF77",1,1,1,1,1,1,1,0,0,0,1,1,1,1,1,1,1,0,1,1,1,1,1,1,1,1,1,1,1,1,1,0,1,1,0,1,1,1,1,1,1,1,1,0,1
"PTHR11588_SF79",1,1,1,1,1,1,1,1,1,1,1,1,1,1,1,1,1,1,1,1,1,1,1,1,1,1,1,1,1,1,1,1,1,1,0,1,1,1,1,1,1,1,1,0,1
"PTHR11588_SF88",1,1,1,1,1,1,1,1,1,1,1,1,1,1,1,1,1,1,1,1,1,1,1,1,1,1,1,1,1,0,2,1,1,1,1,1,1,1,1,1,1,1,1,3,1
"PTHR11588_SF90",3,0,2,1,3,2,0,2,1,8,0,2,1,1,4,1,2,2,1,4,2,2,0,1,1,3,0,3,0,1,2,4,0,1,1,1,1,1,1,0,3,3,0,0,2
"PTHR11589",3,4,4,3,4,4,4,4,4,4,3,4,4,4,4,4,5,4,5,3,4,2,4,4,4,4,5,4,4,3,4,4,4,5,4,4,4,4,4,4,4,4,4,4,2
"PTHR11590",8,8,9,9,8,8,8,9,9,8,8,8,8,8,8,12,8,8,9,9,9,8,9,9,9,8,11,9,8,8,9,8,7,9,8,9,9,8,9,9,9,8,9,8,8
"PTHR11592_SF14",1,2,0,0,1,1,0,1,1,1,1,1,1,0,1,0,1,1,0,1,0,1,0,0,1,1,0,0,1,1,1,1,1,0,0,0,0,1,0,0,0,1,1,0,1
"PTHR11592_SF15",2,1,1,1,1,1,1,1,1,1,1,1,1,1,1,2,1,1,1,0,1,1,2,1,1,1,2,1,1,2,1,1,1,1,0,2,1,1,1,2,1,1,1,0,2
"PTHR11592_SF20",1,1,1,1,1,1,1,1,1,1,1,1,1,1,1,1,1,1,1,1,1,1,1,1,1,1,1,1,1,1,1,1,2,1,2,1,1,1,1,1,1,1,1,1,1
"PTHR11592_SF23",1,0,2,2,1,1,1,1,1,1,1,1,1,1,1,1,1,1,1,1,1,1,1,1,1,0,2,1,1,1,1,1,0,1,1,1,1,1,1,1,1,1,1,1,1
"PTHR11592_SF24",1,1,1,3,1,1,6,2,1,1,1,1,1,3,1,1,1,1,1,1,1,1,1,1,1,1,1,2,1,0,2,1,1,2,1,1,3,1,3,1,1,1,1,1,1
"PTHR11592_SF5",1,1,1,1,1,2,1,1,1,1,1,1,1,1,1,1,1,1,1,1,1,1,1,1,1,1,1,1,1,1,1,2,1,1,1,0,1,1,1,1,1,1,1,1,1
"PTHR11592_SF7",1,1,1,1,2,1,1,1,1,1,1,1,1,1,1,1,1,1,1,0,1,1,1,1,1,1,1,1,1,1,1,1,1,0,1,1,1,1,1,1,1,1,1,1,2
"PTHR11593",6,11,7,5,13,12,10,7,4,11,2,1,4,6,13,2,2,1,8,7,2,8,2,6,7,7,5,6,6,22,9,14,14,8,3,5,5,9,7,4,8,5,1,2,8
"PTHR11594_SF1",1,8,13,7,7,9,11,3,5,3,4,3,9,5,5,2,7,3,13,6,3,8,3,10,12,2,5,5,3,4,13,14,2,10,10,13,11,11,10,3,9,3,0,15,8
"PTHR11594_SF2",1,0,0,0,0,1,1,0,0,0,0,1,1,0,0,1,0,0,1,0,0,1,0,0,0,0,0,0,2,0,0,0,1,1,0,0,1,1,1,1,0,0,1,0,0
"PTHR11595",2,4,11,6,3,7,8,2,3,5,3,2,2,9,3,5,3,3,9,3,5,2,3,8,4,3,3,7,4,5,3,9,2,8,5,3,8,4,7,4,7,4,2,5,3
"PTHR11596",2,7,3,3,2,7,3,4,3,3,1,4,2,3,4,4,5,2,4,3,3,2,4,4,5,2,6,3,2,7,4,4,2,4,2,3,3,2,4,5,2,2,2,2,2
"PTHR11599_SF10",1,1,1,1,1,1,2,1,1,10,1,1,1,1,1,1,1,1,2,1,2,1,1,2,1,1,1,1,1,1,1,5,1,2,1,1,1,1,1,1,2,1,1,1,2
"PTHR11599_SF11",1,1,2,4,3,1,1,1,1,1,1,1,2,2,4,1,3,1,3,1,2,4,1,3,4,1,2,1,1,1,1,6,1,2,2,1,2,2,1,2,3,1,1,1,2
"PTHR11599_SF12",1,1,1,1,6,2,1,1,1,2,2,2,1,2,4,2,1,1,1,1,1,4,1,1,1,1,1,1,3,1,2,4,1,1,1,1,2,1,1,1,3,1,1,1,9
"PTHR11599_SF13",1,1,1,3,1,1,1,1,1,1,1,1,1,1,2,1,1,1,1,1,1,1,1,1,1,1,1,2,1,1,1,3,1,1,1,1,1,1,1,1,2,1,1,1,1
"PTHR11599_SF14",1,1,1,2,1,1,1,1,1,1,1,1,1,1,1,1,1,1,1,1,1,1,1,1,2,1,3,1,2,1,1,3,1,1,1,1,1,1,1,1,2,1,1,1,1
"PTHR11599_SF16",1,3,1,1,5,3,1,1,1,1,1,1,1,4,1,2,2,1,1,2,1,2,1,1,2,1,2,2,1,1,3,3,2,1,1,1,2,1,2,1,2,1,1,2,4
"PTHR11599_SF40",1,2,1,1,2,1,1,1,1,2,1,1,1,1,1,1,1,1,1,1,1,2,1,1,2,1,1,1,1,1,0,1,2,1,1,2,1,1,1,1,1,1,1,1,1
"PTHR11599_SF41",1,1,1,1,1,1,1,1,1,0,1,1,1,1,1,1,1,1,1,1,1,1,1,1,1,1,1,1,1,1,1,1,1,1,1,1,1,1,1,1,1,1,1,1,1
"PTHR11599_SF42",1,1,1,1,1,1,1,1,1,1,1,1,1,1,1,1,1,1,1,1,1,1,1,1,2,1,1,1,1,1,1,2,1,1,1,1,1,1,1,1,1,1,1,2,1
"PTHR11599_SF46",1,1,1,1,1,5,1,1,1,2,1,1,1,1,1,1,2,1,1,1,1,3,1,1,1,1,1,1,1,3,1,3,1,1,2,1,1,1,1,2,2,1,1,2,1
"PTHR11599_SF47",1,1,1,1,1,1,1,1,1,1,1,1,1,1,1,1,1,1,2,1,1,1,1,1,1,1,1,1,1,1,1,1,1,1,1,1,1,1,1,1,1,1,1,2,1
"PTHR11599_SF48",1,1,1,0,0,1,1,1,1,1,1,1,1,1,1,1,1,1,1,1,1,0,1,0,0,1,1,0,1,0,1,1,1,1,1,1,1,1,0,1,1,1,1,2,1
"PTHR11599_SF49",1,1,3,2,2,1,1,1,1,1,1,1,2,2,2,2,1,3,2,1,1,3,1,2,4,3,2,3,1,1,1,2,1,2,2,1,2,3,2,2,3,1,1,1,2
"PTHR11599_SF5",1,1,1,1,1,1,1,1,1,1,1,1,1,1,1,1,1,1,1,1,1,1,1,1,1,1,1,1,1,1,1,3,1,1,1,1,1,1,1,1,1,1,1,2,1
"PTHR11599_SF50",1,1,1,1,1,1,1,1,1,1,1,1,2,1,1,8,1,1,1,1,1,1,1,1,1,1,1,1,1,1,1,1,1,1,1,1,1,1,1,1,1,1,1,1,1
"PTHR11599_SF51",1,1,1,3,1,1,2,1,1,1,1,1,1,1,1,1,1,2,1,1,1,1,1,1,2,1,1,1,1,1,1,1,1,1,1,1,1,1,1,1,1,2,1,1,1
"PTHR11599_SF52",1,1,1,1,2,1,1,1,1,1,1,1,1,1,1,1,1,1,1,1,1,2,1,1,1,1,1,1,1,1,1,1,1,1,1,1,1,2,1,1,1,1,1,1,2
"PTHR11599_SF53",1,1,1,1,1,1,1,1,1,1,1,1,2,1,1,8,1,1,1,1,1,1,1,1,1,1,1,1,1,1,1,1,1,1,2,1,1,1,1,1,1,1,1,1,1
"PTHR11599_SF6",1,1,2,2,1,1,1,1,1,1,1,1,1,1,1,1,1,1,1,1,1,1,1,1,2,1,2,1,1,1,1,1,1,1,1,1,1,1,1,1,2,1,1,2,1
"PTHR11601_SF20",1,1,1,1,1,1,1,1,1,1,1,1,1,1,1,2,1,2,1,1,1,1,2,1,1,1,1,1,1,1,2,1,1,1,1,1,1,1,2,2,1,1,1,1,1
"PTHR11601_SF21",1,1,1,1,1,1,1,1,1,1,1,1,1,1,1,1,1,1,1,1,1,1,1,1,1,1,1,1,1,1,2,1,1,1,1,1,1,1,1,1,1,1,1,1,1
"PTHR11603",1,1,1,1,1,1,1,1,0,2,1,1,1,1,1,1,1,1,1,1,1,1,1,1,1,1,1,1,1,1,1,1,1,1,1,1,1,1,0,1,2,1,1,2,1
"PTHR11604_SF2",1,1,1,1,1,1,1,1,1,1,1,1,1,1,1,1,1,1,1,1,1,1,1,1,1,1,1,1,1,1,1,1,1,1,0,1,1,1,1,1,1,1,1,1,1
"PTHR11606",1,1,4,3,4,2,1,2,1,3,2,1,1,2,4,3,1,1,4,3,1,2,1,5,1,1,1,3,1,2,1,3,1,4,1,1,2,1,5,1,2,2,1,1,2
"PTHR11607",5,9,5,5,7,9,8,4,5,8,5,5,4,5,6,7,5,7,5,3,5,5,5,5,5,6,6,5,6,13,7,5,5,5,5,5,5,4,5,6,5,5,4,5,6
"PTHR11609",2,1,2,1,0,2,1,1,2,2,2,1,1,1,3,1,1,1,1,1,1,1,1,1,2,1,1,2,1,2,1,5,1,1,1,2,2,1,2,3,1,1,1,1,1
"PTHR11610_SF12",1,1,1,1,1,1,1,1,1,1,1,1,1,1,1,1,1,1,1,1,1,1,1,1,1,1,1,1,1,1,1,1,1,1,2,1,1,1,1,1,1,1,1,2,1
"PTHR11610_SF13",1,1,1,1,1,1,1,1,1,1,1,1,1,1,1,1,1,1,1,1,1,1,1,1,1,1,1,1,1,1,1,1,1,1,1,1,1,1,1,1,1,1,1,1,1
"PTHR11610_SF2",1,1,1,1,1,1,0,1,1,1,1,1,1,1,1,1,1,1,1,1,1,1,1,1,1,1,2,1,1,1,1,1,1,1,1,1,1,1,1,1,1,1,1,1,1
"PTHR11610_SF3",1,1,1,1,1,1,1,1,1,1,1,1,1,1,2,1,1,1,1,1,1,1,1,1,1,1,1,1,1,1,1,1,1,1,1,1,1,1,1,1,1,1,1,1,1
"PTHR11610_SF82",1,1,1,1,1,1,1,2,1,0,1,1,1,1,0,1,1,1,1,1,1,1,1,1,2,0,1,1,1,1,3,2,1,1,2,2,1,1,1,1,1,1,1,3,1
"PTHR11610_SF84",1,2,1,1,1,1,1,1,1,1,1,1,1,1,1,1,1,1,1,1,1,1,1,1,1,1,0,1,1,1,1,1,1,1,2,1,1,1,1,1,1,1,1,2,1
"PTHR11610_SF85",1,1,1,1,1,1,1,1,1,1,1,1,1,1,1,1,1,1,1,7,1,1,1,1,1,1,1,1,1,1,1,1,1,1,1,1,1,1,1,1,1,1,1,1,1
"PTHR11610_SF86",1,1,1,1,1,1,1,1,1,1,1,1,1,1,1,1,1,1,1,1,1,1,1,1,1,1,1,1,1,1,1,1,1,1,1,1,1,1,1,1,1,1,1,1,1
"PTHR11610_SF93",1,1,1,1,1,1,1,1,0,1,1,1,1,1,0,1,1,0,1,2,1,1,1,1,1,1,1,1,1,0,1,1,1,1,0,1,1,1,1,1,1,1,1,1,1
"PTHR11610_SF96",1,1,1,1,1,1,1,0,0,1,1,1,1,1,0,1,0,1,1,1,1,0,0,1,0,1,0,1,1,1,0,0,1,1,0,0,1,1,1,0,1,1,1,0,1
"PTHR11614_SF87",1,1,1,1,1,1,1,1,1,1,1,1,1,1,1,1,1,1,1,1,1,1,1,1,1,1,1,1,1,1,0,1,1,1,1,1,1,1,1,1,1,1,1,1,1
"PTHR11615",4,3,3,3,3,3,3,3,3,4,3,3,3,3,3,4,3,3,3,12,3,3,3,3,3,3,3,3,3,3,2,5,3,3,4,3,3,3,3,3,3,3,3,3,3
"PTHR11616_SF100",1,1,0,0,1,0,0,0,0,1,1,1,1,0,0,0,0,1,0,1,0,0,0,0,0,1,0,0,1,1,1,0,1,0,0,0,0,0,0,0,0,1,0,0,2
"PTHR11616_SF101",1,1,1,1,1,1,1,1,1,1,1,1,1,1,1,1,1,1,1,1,1,1,1,1,1,1,1,1,1,1,1,1,1,1,1,1,1,1,1,1,1,1,1,1,1
"PTHR11616_SF102",1,1,1,1,1,1,1,1,1,1,1,1,1,1,1,1,1,1,1,1,1,1,1,1,1,1,1,1,1,1,1,1,1,1,1,1,1,1,1,1,1,1,1,1,1
"PTHR11616_SF105",1,1,1,1,1,1,1,1,1,1,1,1,1,1,1,1,1,1,1,3,1,1,1,1,1,1,1,1,1,1,1,1,2,1,1,1,1,1,1,1,1,1,1,1,1
"PTHR11616_SF107",1,1,2,2,1,1,2,1,1,1,1,1,1,2,1,2,1,1,2,1,2,1,1,2,1,1,1,2,1,1,1,1,1,2,1,1,2,1,2,1,2,1,0,1,1
"PTHR11616_SF109",1,1,1,1,1,1,1,1,1,1,1,1,1,1,1,1,1,1,1,1,1,1,1,1,1,1,1,1,1,0,2,1,1,1,1,1,1,1,1,1,1,1,1,1,1
"PTHR11616_SF110",1,2,1,1,1,2,1,1,1,1,1,1,1,1,1,1,1,1,1,1,1,1,1,1,1,1,1,1,1,4,1,1,1,1,1,1,1,1,1,1,1,1,1,1,1
"PTHR11616_SF111",1,1,1,1,1,1,1,1,1,1,1,1,1,1,1,1,1,1,1,1,1,1,1,1,1,1,1,1,1,1,0,1,1,1,1,1,1,1,1,1,1,1,1,1,1
"PTHR11616_SF113",1,1,0,0,1,0,0,0,0,1,1,1,1,0,0,0,1,1,0,0,0,0,1,0,1,0,2,0,1,1,1,0,1,0,0,1,0,0,0,1,0,1,0,0,1
"PTHR11616_SF116",1,1,1,1,1,1,1,1,1,1,3,1,1,1,1,1,1,1,1,1,1,1,1,1,1,1,1,1,1,1,1,1,1,1,1,1,2,1,2,1,1,1,1,1,1
"PTHR11616_SF118",1,1,1,1,1,1,1,1,1,1,1,1,1,1,1,1,1,1,1,0,1,1,1,1,1,1,1,1,1,1,0,1,1,1,1,1,1,1,1,1,1,1,1,1,1
"PTHR11616_SF120",1,2,0,0,1,1,1,1,1,1,2,1,1,0,1,0,1,1,0,1,0,1,1,0,1,1,0,0,1,1,1,1,1,0,1,1,0,1,0,1,0,1,1,1,1
"PTHR11616_SF124",1,1,1,1,1,1,1,1,1,1,1,1,1,1,1,1,1,1,1,2,1,1,1,1,1,1,1,1,1,1,1,1,1,1,1,1,1,1,1,1,1,1,1,1,1
"PTHR11616_SF125",1,1,1,1,1,1,1,1,1,1,1,1,1,1,1,1,1,1,1,1,1,1,1,1,1,1,1,1,1,1,2,1,1,1,1,1,1,2,1,1,1,1,1,1,1
"PTHR11616_SF138",1,1,1,1,1,1,1,1,1,1,1,1,1,1,1,1,1,1,1,1,1,1,1,1,1,1,1,1,1,1,2,1,1,1,1,1,1,1,1,1,1,1,1,1,1
"PTHR11616_SF35",1,1,1,1,1,1,1,1,1,1,1,1,1,1,1,1,1,1,1,1,1,1,1,1,1,1,1,1,1,1,1,1,1,1,1,1,1,1,1,1,1,1,1,1,1
"PTHR11616_SF37",1,1,0,1,1,1,1,1,1,1,1,1,1,1,1,1,1,1,1,2,1,1,1,1,1,1,2,1,1,1,1,1,1,1,1,1,1,1,1,1,1,1,1,1,1
"PTHR11616_SF38",1,1,1,1,1,1,1,1,1,1,1,1,1,1,1,2,1,1,1,1,1,1,1,1,1,1,1,1,1,1,1,1,1,1,1,1,1,1,1,1,1,1,1,1,1
"PTHR11616_SF44",1,1,1,1,1,1,1,2,2,1,1,1,1,1,1,1,1,1,1,1,1,1,2,1,2,1,1,1,1,1,1,2,1,1,1,2,1,1,1,1,1,1,1,1,1
"PTHR11616_SF48",1,1,1,1,1,0,0,0,0,1,1,1,0,1,1,1,0,2,1,1,1,0,1,1,0,0,0,1,1,1,1,0,1,1,0,0,1,0,2,1,1,0,0,0,0
"PTHR11618_SF13",1,1,1,1,1,1,1,1,1,1,1,1,1,1,3,1,1,1,1,1,1,1,1,1,2,1,1,1,2,1,1,2,1,1,1,1,1,1,1,1,1,1,1,2,1
"PTHR11618_SF4",1,1,1,1,1,3,1,1,1,1,1,1,1,1,1,1,1,1,1,1,1,1,1,1,1,1,1,1,1,1,1,1,1,1,1,1,1,1,1,1,1,1,1,1,1
"PTHR11618_SF5",1,1,1,1,1,1,1,1,1,1,1,1,1,1,1,1,1,1,1,1,1,1,1,1,1,1,1,1,1,1,1,1,1,1,1,1,1,1,1,1,1,1,1,1,1
"PTHR11620_SF10",1,0,0,0,0,0,0,0,0,3,1,0,0,0,0,0,0,0,0,0,1,0,0,0,0,0,0,0,0,0,0,0,0,0,0,0,0,0,0,0,0,0,0,0,0
"PTHR11620_SF7",1,1,0,0,1,0,0,0,0,6,0,0,0,1,0,0,0,0,0,1,0,0,0,0,0,1,0,0,0,2,0,0,0,0,0,0,0,0,0,0,0,0,0,0,0
"PTHR11620_SF9",8,6,13,13,16,10,11,3,2,36,2,3,5,6,13,1,4,8,8,10,7,6,1,5,8,25,7,8,24,11,36,27,12,12,8,5,7,4,7,9,8,3,0,3,40
"PTHR11624_SF21",1,1,1,1,1,1,1,1,1,1,1,1,1,1,1,1,1,1,1,1,1,1,1,1,1,1,1,1,1,1,1,1,2,1,1,1,1,1,1,1,1,1,1,1,1
"PTHR11624_SF49",1,1,0,0,0,1,1,1,1,2,1,1,1,1,1,1,1,2,1,1,1,0,1,1,1,1,1,2,1,0,1,1,1,1,1,1,1,1,1,1,0,1,0,1,0
"PTHR11624_SF53",1,1,1,2,1,1,1,1,1,1,1,1,1,1,0,1,1,0,1,1,1,1,1,1,0,1,1,1,1,1,1,1,1,1,0,1,1,1,1,1,1,1,1,0,1
"PTHR11624_SF56",1,1,1,1,3,2,1,1,1,2,1,1,1,1,1,1,1,1,1,1,1,1,1,1,1,1,1,1,1,2,1,1,1,1,2,1,1,1,1,1,1,1,1,1,1
"PTHR11624_SF59",1,1,1,1,1,1,1,1,1,1,1,1,1,3,1,1,1,1,1,1,1,1,1,1,1,1,1,1,1,1,1,1,1,1,3,1,1,1,1,1,1,1,1,3,2
"PTHR11626",1,1,1,1,1,1,1,1,1,1,1,1,1,1,1,2,0,1,1,1,1,1,1,1,2,1,1,1,1,2,1,1,1,1,1,1,1,1,1,1,1,1,1,1,1
"PTHR11627",3,3,4,5,5,3,5,3,3,7,3,3,3,5,4,4,3,3,5,3,3,3,5,4,6,3,5,4,3,3,3,5,3,4,6,9,5,4,5,5,5,3,3,6,7
"PTHR11629",4,4,4,5,4,4,3,4,4,4,4,4,4,4,4,4,5,4,4,5,4,4,4,4,4,4,6,4,6,4,4,4,4,4,4,4,4,5,5,4,4,4,4,4,4
"PTHR11630",9,9,8,9,9,9,10,9,9,9,9,9,9,9,9,10,7,9,9,9,9,10,9,9,8,9,9,10,9,10,9,12,9,9,9,9,9,9,9,9,9,9,9,11,9
"PTHR11632_SF37",1,1,1,1,1,1,1,1,1,1,1,1,1,2,1,2,1,1,1,1,2,1,1,2,1,1,1,0,1,1,1,1,1,2,1,1,2,1,3,1,1,1,1,1,1
"PTHR11633_SF2",1,1,1,1,1,1,1,1,1,1,1,1,1,1,1,1,1,1,1,1,1,1,1,1,1,1,1,1,1,1,1,1,1,1,1,1,1,1,1,1,1,1,1,1,1
"PTHR11633_SF3",1,1,1,2,1,1,1,1,1,1,1,1,1,1,1,1,1,1,1,1,1,1,1,1,1,1,1,1,1,1,1,1,1,1,1,1,1,1,1,1,1,1,1,2,1
"PTHR11635_SF121",1,1,1,1,1,1,1,1,1,1,1,1,1,1,1,2,1,1,1,1,1,1,1,1,1,1,1,1,1,1,1,1,1,1,1,1,1,1,1,1,2,1,1,1,1
"PTHR11635_SF122",1,1,1,2,1,1,2,1,1,1,1,1,1,1,3,1,1,1,1,1,1,1,1,1,1,1,1,1,1,1,1,2,1,1,2,1,1,1,1,1,3,1,1,2,1
"PTHR11635_SF124",1,1,1,1,1,1,1,1,0,0,1,1,1,1,0,1,0,1,1,0,1,1,1,1,0,1,0,1,1,1,1,0,0,1,1,1,1,1,1,1,1,1,1,0,1
"PTHR11635_SF126",1,1,1,1,1,1,1,1,1,1,1,1,1,1,1,1,1,1,2,0,1,1,1,1,1,1,1,2,1,1,2,1,1,1,1,1,1,1,1,1,1,1,1,2,1
"PTHR11635_SF129",1,1,1,2,1,1,1,1,1,1,1,1,1,1,1,1,2,1,2,1,1,1,1,2,1,1,1,2,1,2,1,2,1,2,1,2,1,1,1,1,1,1,1,1,1
"PTHR11636_SF15",2,3,1,3,1,3,2,1,1,1,2,1,1,1,1,8,2,2,1,1,2,5,1,1,2,1,2,2,2,4,1,2,1,2,3,4,5,2,4,1,1,1,1,1,1
"PTHR11636_SF41",1,1,1,1,1,1,1,1,1,1,1,1,1,1,1,1,1,1,1,1,1,1,1,1,1,1,1,1,1,0,1,1,1,1,1,1,1,1,1,1,1,1,1,1,1
"PTHR11636_SF42",1,1,1,1,0,1,1,1,0,0,1,1,1,1,1,1,1,1,0,1,1,1,1,1,1,1,1,1,1,1,1,1,0,1,1,1,0,1,1,1,1,1,1,1,0
"PTHR11636_SF43",1,1,1,1,1,1,1,1,1,1,1,1,1,1,1,1,1,1,1,1,0,1,1,1,1,1,1,1,1,1,1,1,1,1,1,1,1,1,1,1,1,1,1,1,1
"PTHR11636_SF46",1,1,1,1,1,1,1,1,1,1,1,1,1,1,1,1,1,1,1,1,1,1,1,1,1,1,1,1,1,1,1,1,1,1,1,1,1,1,1,1,1,1,1,1,1
"PTHR11636_SF47",1,1,1,1,1,1,1,1,1,1,1,1,1,1,1,1,1,1,1,1,1,1,1,1,1,1,2,1,1,1,1,2,1,1,1,1,1,1,1,1,1,1,1,1,1
"PTHR11636_SF6",1,2,1,1,1,2,1,1,1,1,1,1,1,1,1,1,1,1,1,1,1,1,1,1,1,1,1,1,1,1,1,1,1,1,1,1,1,1,1,1,1,1,1,1,2
"PTHR11636_SF66",1,1,1,1,1,1,1,1,1,1,1,1,1,1,1,1,1,1,1,1,1,1,1,1,1,1,1,0,1,1,1,1,1,0,1,1,1,1,1,1,1,1,0,1,1
"PTHR11636_SF69",1,1,0,1,1,1,1,0,1,1,0,1,1,0,1,1,0,1,0,1,1,1,1,1,0,0,1,0,1,1,0,1,1,1,1,1,0,1,1,0,0,1,0,1,1
"PTHR11636_SF71",1,1,0,0,1,1,1,1,0,1,1,1,1,1,0,1,0,1,0,1,1,0,1,0,1,0,1,1,1,1,1,1,1,0,1,1,0,1,1,1,0,1,1,1,1
"PTHR11636_SF78",1,1,0,1,1,1,1,0,1,1,1,1,1,0,0,1,0,1,0,1,0,1,1,0,0,0,1,0,0,0,1,1,1,1,1,0,0,1,1,1,0,1,0,2,1
"PTHR11636_SF79",1,1,1,0,0,1,1,1,1,1,1,1,1,0,1,1,1,1,0,1,1,0,1,0,1,1,1,0,1,0,0,1,1,1,2,1,0,0,0,1,1,0,0,2,0
"PTHR11636_SF80",1,1,1,1,1,1,1,1,1,1,0,1,1,1,1,1,1,1,1,2,1,1,1,1,1,1,0,1,1,1,1,1,1,1,1,1,1,1,1,1,1,1,1,1,1
"PTHR11636_SF81",1,1,1,1,1,1,1,1,1,1,1,1,1,1,1,1,1,1,1,1,1,1,1,1,1,1,1,1,1,1,1,1,1,1,1,1,1,1,1,1,1,1,1,1,1
"PTHR11636_SF82",1,1,1,1,1,1,1,1,1,1,1,1,1,1,1,1,1,1,1,1,1,1,1,1,1,1,1,1,1,1,1,1,1,1,1,1,1,1,1,1,1,1,1,1,1
"PTHR11638_SF19",1,1,1,2,1,1,1,1,1,1,1,1,1,1,1,1,1,1,1,1,1,1,1,1,1,1,1,1,1,1,1,1,1,1,1,1,1,1,1,1,2,1,1,1,1
"PTHR11639_SF12",1,1,1,1,0,1,1,1,1,1,1,1,0,1,1,1,1,1,1,1,1,1,2,1,1,0,1,1,1,1,1,1,0,1,1,1,1,1,1,1,1,1,1,2,1
"PTHR11639_SF15",1,1,1,1,1,1,1,1,1,1,1,1,1,1,1,1,1,1,1,1,1,1,1,1,1,1,0,1,1,1,1,1,1,1,2,1,1,1,1,1,1,1,1,2,1
"PTHR11639_SF17",1,1,1,1,1,1,0,1,1,1,1,1,1,1,1,1,0,1,1,2,1,1,1,1,1,1,2,1,1,1,1,0,0,1,2,1,1,1,1,1,1,1,0,1,1
"PTHR11639_SF24",1,1,1,1,1,1,1,1,1,1,1,1,1,1,1,1,1,1,1,1,1,0,1,1,1,1,1,1,1,1,1,1,1,1,1,1,1,1,1,1,1,1,1,1,1
"PTHR11639_SF26",1,1,1,1,1,1,1,1,0,1,1,1,1,1,0,1,0,1,1,1,1,1,1,1,1,1,3,1,0,1,1,0,1,1,1,1,0,1,1,1,1,1,0,1,1
"PTHR11639_SF29",1,0,0,0,0,0,0,1,1,1,0,0,0,0,1,0,1,1,0,2,0,0,1,0,1,0,1,0,0,1,0,1,2,0,1,1,0,0,0,1,0,0,0,0,0
"PTHR11639_SF4",1,1,2,1,1,1,1,1,1,1,1,1,1,1,1,1,1,1,1,1,1,1,1,1,0,0,1,1,1,1,1,1,1,1,1,1,1,1,1,0,1,1,1,2,1
"PTHR11639_SF5",1,1,1,1,1,1,1,1,1,1,2,2,1,2,2,1,1,1,1,1,1,1,1,1,1,1,1,1,1,1,1,1,1,1,1,1,1,1,1,1,1,1,1,2,1
"PTHR11639_SF52",2,0,1,1,2,1,1,0,0,2,1,1,3,1,0,1,1,1,1,0,1,1,1,1,1,1,1,1,2,1,1,0,1,1,2,1,1,3,1,1,1,1,1,3,2
"PTHR11639_SF53",2,1,1,1,1,1,1,1,1,2,2,2,1,1,1,1,1,1,1,1,1,1,2,1,2,1,1,1,1,1,1,1,1,1,0,2,1,1,1,1,1,1,1,0,1
"PTHR11639_SF56",1,1,1,4,4,1,4,4,2,6,1,1,1,1,11,1,1,2,1,3,1,2,1,1,1,3,2,1,2,1,1,8,14,3,1,2,1,1,1,1,4,1,1,2,3
"PTHR11639_SF57",1,1,1,0,1,1,1,1,1,1,1,1,1,1,1,1,1,1,1,1,1,1,1,1,1,1,6,1,1,1,1,1,1,1,1,1,1,1,1,1,1,1,1,2,1
"PTHR11639_SF58",1,1,0,1,1,1,1,0,0,1,2,1,1,1,0,1,1,1,1,1,1,1,0,1,0,1,0,1,1,1,1,0,3,1,1,0,1,1,1,0,1,1,1,2,1
"PTHR11639_SF59",1,1,1,1,1,1,1,0,0,0,1,1,1,1,0,1,1,1,1,1,1,1,1,1,1,1,1,1,1,1,0,0,1,1,1,0,1,1,1,0,1,1,0,2,1
"PTHR11639_SF61",1,1,1,1,1,1,1,1,1,0,1,1,1,1,1,1,1,1,1,2,1,1,1,1,1,1,1,1,1,1,0,1,1,1,1,1,1,1,1,1,1,1,1,2,1
"PTHR11639_SF64",1,0,1,2,0,0,1,0,0,0,0,1,0,2,0,2,0,0,2,0,2,0,0,1,0,0,0,2,0,0,0,0,0,1,0,0,2,0,2,0,2,0,0,0,0
"PTHR11639_SF65",1,1,1,1,1,1,1,1,1,1,1,1,1,1,1,1,1,1,1,1,1,1,1,1,1,1,1,1,1,1,1,1,1,1,1,1,1,1,1,1,1,1,1,2,1
"PTHR11639_SF66",1,1,1,1,1,1,1,1,1,1,1,1,1,1,1,1,1,1,1,1,1,1,1,1,1,1,8,1,1,1,1,1,2,1,2,1,1,1,1,1,0,1,1,3,1
"PTHR11639_SF67",1,1,1,1,1,1,1,1,1,1,1,1,1,1,1,1,1,1,1,1,1,1,1,1,1,0,1,1,1,1,1,1,1,1,1,1,1,1,2,1,1,1,1,1,1
"PTHR11639_SF68",1,2,3,6,1,1,8,1,1,1,1,1,3,2,1,1,1,1,5,2,2,1,1,5,1,2,2,3,1,1,0,6,5,5,2,1,2,2,8,3,5,1,1,2,2
"PTHR11639_SF69",1,0,1,1,1,0,1,0,0,1,1,1,1,1,1,1,1,0,1,1,1,1,0,1,0,1,0,1,1,0,1,0,1,1,1,0,1,1,1,0,1,0,0,1,1
"PTHR11640_SF14",1,1,1,1,1,1,1,1,1,1,1,1,1,1,1,1,1,1,1,1,1,1,1,1,1,1,2,1,1,1,1,0,1,1,1,1,1,1,1,1,1,1,1,1,1
"PTHR11640_SF31",1,1,1,1,1,1,0,1,1,1,1,1,1,1,1,1,1,1,1,1,1,1,1,1,1,1,1,1,1,1,1,1,1,1,1,1,1,1,1,1,1,1,1,1,1
"PTHR11640_SF49",2,1,1,1,1,1,1,1,1,1,1,1,1,1,1,1,1,1,1,2,1,1,1,1,1,1,1,1,1,1,1,1,1,1,1,1,1,1,1,1,1,1,1,1,1
"PTHR11640_SF51",1,1,1,1,1,1,1,1,1,1,1,1,1,1,1,1,1,1,1,1,1,1,1,1,1,1,1,1,1,1,1,1,1,1,1,1,1,1,1,1,1,1,1,1,1
"PTHR11644_SF13",1,1,1,1,1,1,1,1,1,1,1,1,1,1,1,1,1,1,1,1,1,1,1,1,1,1,1,1,1,1,1,1,1,1,2,1,1,1,1,2,1,1,1,2,1
"PTHR11645",4,4,4,4,4,3,4,4,3,3,4,4,4,4,5,6,4,5,5,3,5,4,4,4,4,3,4,4,3,4,3,6,4,4,4,4,4,4,4,4,4,4,4,6,4
"PTHR11647",6,6,6,6,6,6,6,6,6,6,6,6,6,6,6,6,6,6,6,7,6,6,7,6,6,6,8,6,6,6,6,8,6,6,7,6,6,7,6,7,6,6,6,9,6
"PTHR11649_SF3",1,1,1,2,1,1,1,1,1,1,1,1,1,1,1,1,1,1,1,1,1,1,1,1,1,1,1,1,1,1,1,1,1,1,1,1,2,1,1,1,1,1,1,1,1
"PTHR11649_SF56",1,1,1,1,1,1,1,0,1,1,1,1,1,1,1,1,1,1,1,1,2,1,1,1,1,1,1,1,1,1,0,1,1,1,1,1,1,1,1,1,1,1,1,1,1
"PTHR11652_SF13",1,1,1,1,1,1,1,1,1,1,1,1,1,1,1,2,1,1,1,1,1,1,1,1,1,1,1,0,1,1,1,1,2,1,1,1,1,1,1,1,1,1,1,1,1
"PTHR11652_SF14",3,4,4,3,2,4,2,2,2,5,1,1,2,5,2,1,2,1,5,2,2,2,1,4,6,2,4,4,1,3,4,6,4,6,4,2,3,3,3,4,4,5,1,9,2
"PTHR11653_SF2",1,1,1,2,1,1,1,1,1,1,1,1,1,1,1,2,1,1,1,0,1,1,1,1,1,0,1,1,1,1,1,1,1,1,1,1,1,1,1,1,1,1,1,1,1
"PTHR11653_SF8",1,1,2,1,1,1,1,1,1,1,1,1,1,2,1,2,1,1,2,1,2,1,1,1,1,1,1,0,1,1,1,1,1,2,0,1,0,1,4,1,1,1,1,0,1
"PTHR11654_SF15",1,2,1,1,1,2,1,1,1,1,1,1,1,1,1,1,1,1,1,1,1,1,1,1,1,1,1,1,1,2,1,1,1,1,3,1,1,1,1,1,1,1,1,1,1
"PTHR11654_SF80",1,1,1,1,1,1,1,1,1,1,1,1,1,1,1,1,0,1,1,0,1,1,1,1,1,1,2,1,1,1,1,1,1,1,1,1,1,1,1,1,1,1,1,1,1
"PTHR11654_SF89",1,1,1,1,1,1,1,1,1,1,1,1,1,1,1,1,1,1,1,1,1,2,1,1,1,1,1,1,1,1,1,1,2,1,1,1,1,1,1,1,1,1,1,1,1
"PTHR11654_SF91",1,1,1,1,1,1,1,1,1,1,0,0,1,1,1,1,1,1,1,1,1,1,1,1,1,2,1,1,1,1,1,1,1,1,1,1,1,1,1,1,1,1,1,1,1
"PTHR11654_SF95",1,1,1,1,0,1,1,1,1,1,1,1,1,1,1,1,1,1,1,1,1,1,1,1,1,1,1,1,1,1,1,1,1,1,1,1,1,1,1,1,1,1,1,1,1
"PTHR11655",3,7,8,6,3,8,2,4,2,10,1,1,3,4,4,1,3,6,2,9,3,7,3,6,6,4,2,4,3,7,12,11,6,6,4,2,5,4,5,12,4,5,1,2,2
"PTHR11659",1,1,1,1,1,1,1,1,1,1,1,1,1,1,1,1,1,1,1,1,1,1,1,1,1,1,1,1,1,1,1,1,1,1,1,1,1,1,1,1,1,1,1,1,1
"PTHR11660_SF47",1,1,1,1,1,1,2,1,1,1,1,1,1,1,1,1,1,1,1,1,1,1,1,1,1,1,1,1,1,1,1,1,1,1,1,1,1,1,1,2,1,1,1,1,1
"PTHR11661_SF1",1,1,1,1,1,1,1,1,1,1,1,1,1,1,1,1,1,1,1,1,1,1,1,1,1,1,1,1,1,1,1,2,1,1,2,1,1,1,1,1,1,1,1,1,1
"PTHR11661_SF2",7,5,2,5,2,6,5,4,4,5,1,2,4,4,4,1,4,5,4,5,9,4,1,2,1,6,3,9,3,4,2,9,1,7,4,2,6,6,8,5,6,3,1,3,5
"PTHR11662_SF134",1,1,1,1,1,1,1,1,1,0,1,1,1,1,1,1,0,1,1,0,1,1,1,1,1,2,1,1,1,1,0,1,1,1,0,1,1,1,1,1,1,1,1,0,1
"PTHR11662_SF138",1,1,1,1,1,1,1,1,1,1,1,1,1,1,1,1,1,1,1,1,1,1,1,1,1,1,2,1,1,1,1,1,1,1,1,1,1,1,1,1,1,1,1,1,1
"PTHR11662_SF163",1,1,1,1,1,1,1,1,1,1,1,1,1,1,1,1,1,0,1,1,1,1,1,1,1,1,1,1,1,1,1,1,1,1,2,1,1,1,1,1,1,1,1,2,1
"PTHR11662_SF183",1,1,1,1,1,1,1,1,1,1,1,1,1,1,0,1,1,1,1,1,1,1,1,1,1,1,2,1,1,1,1,1,1,1,1,1,1,1,1,1,1,1,1,1,1
"PTHR11662_SF188",1,1,1,1,1,1,1,1,1,1,1,1,1,1,1,2,1,1,1,1,1,1,1,1,1,1,1,1,1,1,1,1,1,1,1,2,1,1,1,1,1,1,1,1,1
"PTHR11662_SF189",1,1,1,1,1,1,1,1,1,1,1,1,1,1,1,1,1,1,1,1,1,1,1,1,1,1,1,1,1,1,1,0,1,1,1,1,1,1,1,1,1,1,1,1,1
"PTHR11662_SF193",1,1,1,1,1,2,1,1,1,1,1,1,1,1,1,1,1,1,1,1,1,1,1,1,1,1,1,1,1,1,1,1,1,1,0,1,1,1,1,1,1,1,1,0,1
"PTHR11662_SF201",1,1,1,1,1,1,1,1,1,1,1,1,1,1,1,1,1,1,1,1,1,1,1,1,1,1,1,1,1,1,1,1,1,1,1,1,1,1,1,1,1,1,1,1,1
"PTHR11662_SF207",1,1,1,1,1,1,1,1,1,1,1,1,1,1,1,1,1,1,1,1,1,1,1,1,1,1,1,1,1,1,1,1,1,1,1,1,1,1,1,1,1,1,1,1,1
"PTHR11662_SF219",1,1,1,0,1,1,0,1,0,0,1,1,1,1,0,1,1,1,1,0,1,1,0,1,0,1,0,1,1,1,0,0,1,1,1,0,1,1,1,0,0,1,0,1,0
"PTHR11662_SF225",1,1,1,1,1,1,1,1,1,1,1,1,1,1,1,1,1,2,1,1,2,1,1,1,1,1,1,1,1,1,1,1,1,1,1,1,1,1,1,1,1,1,1,1,1
"PTHR11662_SF25",1,1,1,1,1,1,1,1,1,0,1,1,1,1,1,1,1,1,1,1,1,1,1,1,1,1,1,1,1,1,1,1,1,1,2,1,1,1,1,1,1,1,0,3,0
"PTHR11662_SF26",1,1,1,1,1,1,1,1,1,5,1,1,1,1,1,1,0,0,1,1,1,1,1,1,1,1,1,1,1,1,1,1,1,1,0,1,1,1,1,1,1,1,1,0,1
"PTHR11667_SF25",1,0,1,1,3,0,3,0,0,0,0,1,1,1,0,2,0,0,7,0,2,0,0,6,0,0,4,2,0,0,2,0,1,3,0,4,3,0,3,2,2,1,0,0,1
"PTHR11668_SF12",1,1,1,1,1,1,1,1,1,1,1,1,1,2,1,2,1,1,1,1,1,1,1,1,1,1,1,1,1,1,1,1,1,1,1,1,1,1,1,1,1,1,1,2,1
"PTHR11668_SF186",2,2,2,2,2,2,2,2,2,2,2,2,2,2,2,2,2,2,2,2,2,2,2,2,2,2,2,1,2,2,2,1,2,2,2,2,2,2,2,2,2,2,2,2,2
"PTHR11668_SF192",1,1,1,1,1,1,1,1,1,1,1,1,1,1,1,2,1,1,1,1,1,1,1,1,1,1,1,2,1,1,1,3,1,1,1,1,2,1,1,1,1,1,1,1,1
"PTHR11668_SF197",1,1,1,1,1,1,1,1,1,1,1,1,1,1,1,1,1,1,1,1,1,1,1,1,1,1,0,1,1,1,1,1,1,1,1,1,1,1,1,1,1,1,1,1,1
"PTHR11668_SF204",1,1,2,1,1,1,1,1,1,1,1,2,1,1,1,2,2,1,1,1,2,2,1,1,1,1,1,1,1,1,1,1,1,1,2,1,1,1,1,1,1,1,1,1,1
"PTHR11668_SF207",2,2,2,3,2,2,4,2,2,2,2,2,2,2,4,3,2,2,2,3,3,4,3,2,3,2,2,2,2,3,2,5,1,2,3,2,3,2,4,2,3,2,3,2,3
"PTHR11668_SF214",1,1,1,1,1,1,1,0,1,1,1,1,1,1,1,1,1,1,1,1,1,1,1,1,1,1,1,1,1,1,1,1,1,1,1,1,1,1,1,1,1,1,1,1,1
"PTHR11668_SF216",2,2,3,3,2,4,2,2,2,2,2,2,2,2,2,2,3,4,2,2,2,3,2,2,3,2,2,2,2,3,5,6,2,2,2,2,3,2,3,4,3,2,2,2,2
"PTHR11668_SF22",1,1,1,1,1,1,1,1,1,1,1,1,1,1,2,1,1,1,1,1,1,1,1,1,1,1,1,1,1,1,1,1,1,1,1,1,1,1,1,1,1,1,1,2,1
"PTHR11668_SF24",1,1,1,1,1,1,1,1,1,1,1,1,1,1,1,1,1,1,1,1,2,1,1,1,1,1,1,1,1,1,1,2,1,1,1,1,1,1,1,1,1,1,1,2,1
"PTHR11669_SF1",1,1,1,1,1,1,1,1,1,1,1,1,1,1,1,1,1,1,1,1,1,1,1,1,1,1,1,1,1,1,1,2,1,1,1,1,1,1,1,1,1,1,1,1,1
"PTHR11669_SF5",1,1,1,3,1,1,1,1,1,1,1,1,1,1,1,1,1,1,1,2,1,1,1,1,1,1,1,1,1,1,1,2,1,1,1,1,1,1,2,1,0,1,1,1,1
"PTHR11669_SF7",1,1,1,1,1,1,1,1,1,1,1,1,1,1,4,1,2,1,1,1,1,1,1,1,2,1,1,1,1,1,1,1,1,1,1,1,1,1,1,1,1,1,1,1,1
"PTHR11669_SF9",1,1,1,1,1,1,1,1,1,2,1,1,1,1,1,1,2,2,1,0,1,1,1,1,1,1,1,1,1,1,1,1,1,1,1,1,1,1,1,1,1,1,1,1,2
"PTHR11670_SF30",1,1,1,1,1,1,1,1,1,1,1,1,1,2,1,1,1,1,2,1,1,1,1,1,1,1,1,2,1,1,1,1,1,2,1,1,2,1,2,1,2,1,1,1,1
"PTHR11670_SF31",1,1,1,1,1,1,1,1,1,1,1,1,1,1,1,1,1,1,1,1,1,1,1,1,1,1,1,1,1,1,1,1,1,1,1,1,1,1,1,1,1,1,1,1,1
"PTHR11670_SF32",1,1,1,1,1,1,1,1,1,1,1,1,1,1,1,1,1,1,1,1,1,1,1,1,1,1,1,1,1,1,1,2,1,1,1,1,1,1,1,1,1,1,1,1,1
"PTHR11671",2,3,1,1,1,3,1,1,1,2,1,1,1,1,2,1,1,1,1,3,2,1,1,2,1,1,1,1,1,1,1,2,1,3,1,1,1,1,1,1,1,1,1,1,1
"PTHR11673",2,2,2,2,2,2,2,3,2,3,2,2,2,4,4,4,4,3,3,3,2,2,2,3,3,2,2,3,2,3,4,6,2,4,2,5,4,2,6,2,2,2,2,4,2
"PTHR11675_SF10",1,1,1,1,1,1,1,1,1,1,1,1,1,1,3,1,1,1,1,2,1,4,1,1,1,1,1,1,1,1,1,1,1,1,1,1,1,1,2,1,1,1,1,2,1
"PTHR11675_SF13",1,1,1,1,1,1,1,0,1,1,1,1,1,1,0,2,0,1,1,1,1,1,0,1,0,1,1,1,1,1,1,0,1,1,1,1,1,0,1,0,1,1,0,2,1
"PTHR11675_SF16",1,1,1,1,1,1,1,1,1,1,1,1,1,1,1,1,1,1,1,1,1,1,1,1,1,1,1,1,1,1,1,1,1,1,1,1,1,1,1,1,1,1,1,2,1
"PTHR11675_SF17",1,1,1,1,1,1,1,1,1,1,1,1,1,1,1,1,1,1,1,1,1,1,1,1,1,1,1,1,1,1,1,1,1,1,0,1,1,1,2,1,1,1,1,0,1
"PTHR11675_SF18",1,1,1,1,1,1,1,1,1,1,1,1,1,1,1,1,1,1,1,1,1,1,1,1,1,1,1,1,1,1,1,1,1,1,1,1,1,1,1,1,1,1,1,2,1
"PTHR11675_SF19",1,1,1,3,1,2,1,2,1,1,1,1,1,1,5,1,1,1,1,2,1,1,1,1,1,1,1,1,1,1,4,2,1,1,1,1,1,1,1,1,1,1,1,1,1
"PTHR11675_SF21",1,1,1,1,1,1,1,1,1,1,1,1,1,1,1,1,1,1,1,1,1,1,1,1,1,1,3,1,1,1,1,1,1,1,2,1,1,1,1,1,1,1,1,4,1
"PTHR11675_SF28",1,1,1,2,1,1,1,1,1,3,1,1,1,1,1,2,2,1,1,0,1,1,1,1,1,1,1,2,2,2,2,1,1,2,1,1,1,1,2,1,1,1,1,1,1
"PTHR11675_SF3",1,1,1,1,1,1,1,1,1,1,1,0,1,1,1,1,1,1,1,1,1,1,1,1,1,1,1,1,1,1,1,1,1,1,1,1,1,1,1,1,1,1,1,0,1
"PTHR11675_SF31",1,1,1,1,2,1,1,1,1,1,1,1,1,1,2,1,1,1,1,1,1,1,1,1,1,1,1,1,1,1,1,1,1,1,1,1,1,1,1,1,1,1,1,2,1
"PTHR11675_SF33",1,1,1,1,1,1,1,1,1,1,1,1,1,1,1,1,1,1,1,1,1,1,1,1,1,1,1,1,1,1,1,1,1,1,1,1,1,1,1,1,1,1,1,1,1
"PTHR11675_SF34",1,1,1,2,1,2,1,1,1,2,2,1,1,1,1,1,1,2,1,1,1,1,1,1,1,2,2,1,1,2,1,1,2,1,2,1,1,1,1,2,1,1,1,2,2
"PTHR11675_SF35",1,1,1,1,1,1,1,1,1,1,1,1,1,1,1,1,1,1,1,1,1,1,1,1,1,1,1,1,1,1,1,1,1,1,0,1,1,1,1,1,1,1,1,0,1
"PTHR11675_SF36",1,1,1,1,1,1,1,1,1,0,1,1,1,1,1,1,1,1,1,1,1,1,1,1,1,1,1,1,1,1,1,1,1,1,1,1,1,1,1,1,1,1,1,1,1
"PTHR11675_SF37",1,1,1,1,1,1,1,1,1,2,1,1,1,1,1,1,1,1,1,1,1,1,1,1,1,1,1,1,1,1,1,1,1,1,1,1,1,1,1,1,1,1,1,1,1
"PTHR11675_SF38",2,1,1,1,1,1,1,1,1,2,1,1,1,1,1,1,1,1,1,1,1,1,1,2,1,1,1,1,1,2,1,1,1,1,1,1,1,1,1,1,1,1,1,1,1
"PTHR11675_SF41",1,1,1,1,1,1,1,1,1,1,1,1,1,1,1,1,1,1,1,1,1,1,1,1,1,1,1,1,1,1,1,1,1,1,1,1,1,1,1,1,1,1,1,1,1
"PTHR11675_SF7",1,0,0,0,0,0,0,1,0,0,0,0,0,0,0,2,0,0,0,0,0,0,1,0,0,0,0,0,0,0,0,0,0,0,0,0,0,0,0,0,0,1,0,1,0
"PTHR11675_SF8",2,1,1,1,1,1,1,1,1,1,1,1,1,1,1,1,1,1,1,1,1,1,1,1,1,1,1,1,1,1,1,1,1,1,1,1,1,1,1,1,1,1,1,1,1
"PTHR11679_SF1",1,1,1,1,1,1,1,1,1,1,1,1,1,1,1,2,1,1,1,2,1,1,1,1,1,2,2,1,1,1,1,1,1,1,1,1,1,1,1,1,1,1,1,1,1
"PTHR11679_SF2",1,1,1,1,1,1,1,1,1,1,1,1,1,1,4,1,1,1,1,1,1,1,1,1,1,1,1,1,1,1,1,1,1,1,1,1,1,1,1,1,1,1,1,1,1
"PTHR11679_SF27",1,1,1,2,1,3,2,1,1,1,1,1,1,1,1,1,1,1,1,0,1,1,1,1,1,1,0,1,1,1,1,1,1,1,2,1,1,1,1,1,1,1,1,1,1
"PTHR11679_SF29",1,1,1,1,1,1,1,1,1,2,1,1,1,1,1,1,1,2,1,2,1,2,1,1,1,2,2,1,1,1,1,1,2,1,2,1,1,1,2,1,1,1,1,2,1
"PTHR11679_SF3",1,1,1,1,2,1,1,1,1,1,1,1,1,1,1,1,1,1,1,1,1,1,1,1,1,1,1,1,1,1,1,1,1,1,1,1,1,1,1,1,1,1,1,2,2
"PTHR11679_SF31",1,1,3,1,1,1,1,1,1,1,1,1,1,1,1,2,1,1,2,1,1,1,1,2,1,1,1,1,1,1,1,1,1,2,1,1,1,1,1,1,1,1,1,1,1
"PTHR11679_SF33",1,1,1,1,1,1,1,1,1,1,1,1,1,1,1,1,1,1,1,1,1,1,1,1,1,1,1,1,1,1,1,1,1,1,1,1,1,1,1,1,1,1,1,1,1
"PTHR11679_SF35",1,1,1,1,1,1,1,1,1,1,1,1,1,1,1,1,1,1,1,1,1,1,1,1,1,1,1,1,1,1,1,1,2,1,1,1,1,1,1,1,1,1,1,1,1
"PTHR11680",2,2,3,2,2,2,2,2,2,2,2,2,2,2,2,3,2,2,3,2,2,2,2,3,2,2,2,2,2,2,2,3,2,3,2,2,3,2,2,2,2,2,2,2,2
"PTHR11681",1,2,0,2,2,2,1,0,2,4,2,2,2,2,2,2,3,1,2,0,2,2,2,2,2,2,2,2,1,1,2,2,2,2,4,2,1,1,2,2,1,2,1,4,1
"PTHR11683",3,3,3,3,3,3,3,3,3,3,3,3,3,3,3,3,3,3,3,4,3,3,3,3,3,3,3,3,3,3,3,3,3,3,3,3,3,3,3,3,3,3,3,3,3
"PTHR11685_SF10",1,1,1,1,1,1,1,1,1,1,1,1,1,1,2,1,1,1,1,1,1,1,1,1,1,1,1,1,1,1,1,1,1,1,1,1,1,1,1,1,1,1,1,1,1
"PTHR11685_SF103",1,1,1,2,1,1,1,1,1,1,1,1,1,1,1,1,0,1,1,1,1,1,1,1,1,1,0,1,1,1,1,1,1,1,1,1,1,1,1,1,1,1,1,1,0
"PTHR11685_SF104",1,1,1,1,1,1,1,1,1,1,1,1,1,1,1,1,1,1,1,1,1,1,1,1,1,1,1,1,1,1,1,1,1,1,1,1,1,1,1,1,1,1,1,1,1
"PTHR11685_SF109",1,1,1,1,1,1,1,1,1,1,1,1,1,1,1,1,1,1,1,1,1,1,1,1,1,1,1,1,1,1,1,1,1,1,1,1,1,1,1,1,1,1,1,1,1
"PTHR11685_SF111",1,1,1,1,1,1,1,1,1,1,1,1,1,1,1,1,1,1,1,1,1,1,1,1,1,1,1,1,1,1,1,1,1,1,1,1,1,1,1,1,1,1,1,1,1
"PTHR11685_SF117",1,1,3,3,1,1,1,1,1,1,1,1,1,1,1,1,1,1,3,1,2,1,1,2,1,1,1,2,1,1,2,1,1,2,1,1,1,1,1,1,2,1,1,2,1
"PTHR11685_SF7",1,1,1,1,1,2,1,1,1,2,1,1,1,2,1,1,1,2,2,2,1,1,1,3,1,1,1,3,1,2,1,2,1,2,1,1,2,1,2,1,1,1,1,1,1
"PTHR11685_SF95",1,1,1,1,1,1,1,1,1,1,1,1,1,1,1,1,2,1,1,1,1,1,1,1,1,1,2,1,1,1,1,1,1,1,1,1,1,1,2,1,1,1,1,1,1
"PTHR11685_SF98",3,1,1,1,1,3,1,1,1,1,2,1,1,1,1,1,1,0,1,1,1,1,1,1,1,2,3,1,3,2,2,1,1,1,2,1,1,1,1,2,1,1,1,4,2
"PTHR11685_SF99",1,1,1,1,1,1,1,1,1,1,1,1,1,1,1,1,1,1,1,1,1,1,1,1,1,1,1,1,1,1,1,1,1,1,1,1,1,1,1,1,1,1,1,1,1
"PTHR11686_SF1",1,1,1,1,1,1,1,1,1,1,1,1,1,6,1,6,1,1,2,0,2,1,1,2,1,1,1,3,1,1,1,1,1,2,1,1,0,1,5,1,1,1,0,1,1
"PTHR11686_SF11",1,1,1,1,1,1,2,1,1,1,1,1,1,1,1,1,1,1,1,1,1,1,1,1,1,1,1,1,1,1,1,1,1,1,1,1,1,1,1,1,1,1,1,1,1
"PTHR11686_SF18",1,1,1,1,1,1,1,1,1,1,1,1,1,1,1,1,1,1,1,1,1,1,1,1,1,1,1,1,1,1,1,1,1,1,1,1,1,1,1,1,1,1,1,1,1
"PTHR11686_SF5",1,1,0,1,1,1,1,1,1,1,1,1,1,1,1,1,1,1,2,0,1,1,1,1,1,1,1,1,1,1,1,1,1,1,1,0,1,1,1,1,1,1,1,1,1
"PTHR11689_SF14",1,1,1,1,1,1,1,1,1,1,1,1,1,1,1,1,1,1,1,1,1,1,1,1,1,1,1,1,1,1,0,1,1,1,1,1,1,1,1,1,1,1,1,1,1
"PTHR11689_SF18",1,1,1,1,1,1,1,1,1,1,1,1,1,1,1,2,1,1,1,1,1,1,1,1,1,1,2,1,1,1,2,1,1,1,1,1,1,1,1,1,2,1,1,1,1
"PTHR11689_SF29",1,1,1,1,1,1,1,1,1,1,1,1,1,1,1,1,1,1,1,1,1,1,1,1,1,1,1,1,1,1,1,1,1,1,1,1,1,1,2,1,1,1,1,1,1
"PTHR11689_SF63",2,2,2,2,2,2,2,2,2,2,2,2,2,2,2,2,2,2,2,2,2,2,2,2,2,2,2,2,2,2,2,2,2,2,2,2,2,2,2,2,2,2,2,2,2
"PTHR11689_SF64",1,1,1,1,1,1,1,1,1,1,1,1,1,2,1,1,1,1,1,1,1,1,1,1,1,1,1,1,1,1,1,1,1,1,1,1,1,1,1,2,1,1,1,1,1
"PTHR11689_SF69",1,1,1,1,1,1,1,1,1,1,1,1,1,1,1,1,1,1,1,1,1,1,1,1,1,1,1,1,1,1,1,1,1,1,1,1,1,1,1,1,1,1,1,1,1
"PTHR11689_SF78",1,1,2,1,1,1,2,1,1,0,1,1,1,1,1,2,1,1,2,1,1,1,2,2,2,1,2,2,1,1,1,1,1,1,0,2,2,1,2,2,1,1,1,0,1
"PTHR11690_SF110",1,1,1,1,2,1,1,1,1,1,1,1,1,1,1,1,1,1,1,1,1,1,1,1,1,1,1,1,1,1,1,1,1,1,1,1,1,1,1,1,1,1,1,1,1
"PTHR11690_SF124",1,1,1,1,1,1,1,1,1,1,1,1,1,1,1,1,1,1,1,1,1,1,1,1,1,1,1,1,1,1,1,1,1,1,1,1,1,1,1,1,1,1,1,1,1
"PTHR11690_SF126",1,1,1,1,1,1,1,1,1,1,1,1,0,1,1,2,1,1,1,1,1,1,1,1,1,1,1,1,1,1,1,1,1,1,0,1,1,0,1,1,1,1,0,0,1
"PTHR11690_SF128",2,1,1,1,1,2,2,1,1,2,1,1,1,2,1,1,1,1,1,1,1,1,1,2,1,1,1,2,1,2,1,1,1,1,2,1,1,1,1,1,1,1,1,3,2
"PTHR11690_SF13",1,1,1,1,1,1,1,1,1,1,1,1,1,1,1,1,1,1,1,1,1,1,1,1,1,1,1,1,1,1,1,1,1,1,1,1,1,1,1,1,1,1,1,1,1
"PTHR11690_SF132",1,1,1,1,1,1,1,0,1,1,1,1,1,1,1,1,0,1,1,0,1,0,0,1,0,1,0,1,0,1,0,0,0,1,1,0,1,1,1,0,1,1,1,1,1
"PTHR11690_SF14",1,1,1,1,1,1,1,1,1,0,1,1,1,1,1,1,1,1,1,1,1,1,1,1,1,1,1,1,1,1,1,1,1,1,1,1,1,1,1,1,1,1,1,0,1
"PTHR11690_SF18",1,1,1,1,1,1,1,1,1,1,1,1,1,1,1,1,1,1,1,1,1,1,1,1,1,1,1,1,1,1,1,1,1,1,1,1,1,1,1,1,1,1,1,1,1
"PTHR11690_SF19",1,1,1,1,1,1,1,1,1,1,1,1,1,1,1,1,1,1,1,1,1,1,1,1,1,1,1,1,1,1,1,1,1,1,1,1,1,1,1,1,1,1,1,1,1
"PTHR11691",8,28,3,1,19,47,6,1,17,17,14,22,5,7,4,17,8,12,9,15,11,0,31,8,9,19,9,9,10,16,18,2,10,6,17,27,13,10,14,13,2,23,7,13,10
"PTHR11692",1,1,1,3,2,1,2,1,1,1,1,1,1,1,2,1,1,1,1,1,1,2,1,1,1,1,1,1,1,1,1,2,1,2,1,1,1,2,1,1,2,1,1,1,1
"PTHR11693",1,1,2,4,1,1,1,1,2,1,1,1,1,2,1,1,2,1,2,3,1,8,1,1,1,1,1,2,1,0,1,7,2,2,1,1,2,1,3,1,4,1,1,2,1
"PTHR11695_SF10",1,1,1,1,2,1,1,1,1,1,1,1,1,1,1,1,1,1,1,1,1,2,1,1,1,1,1,1,1,1,1,1,1,1,1,1,1,1,2,1,1,1,1,1,1
"PTHR11695_SF15",1,1,1,1,1,1,1,1,1,1,1,1,1,1,1,1,1,1,1,1,1,1,1,1,1,1,1,1,1,1,1,1,1,1,1,1,1,1,1,1,1,1,1,1,1
"PTHR11695_SF264",1,1,0,1,1,1,1,1,1,0,1,1,1,1,1,1,1,1,1,1,1,1,1,1,1,0,1,0,1,1,1,1,1,1,1,1,1,1,1,1,1,1,1,1,1
"PTHR11695_SF28",1,1,1,1,1,1,1,0,0,1,1,1,1,1,0,1,1,1,1,1,1,1,0,1,1,1,0,1,1,1,1,0,2,1,1,1,1,1,1,0,2,1,1,0,1
"PTHR11695_SF294",1,1,1,1,1,1,1,1,1,1,1,1,1,2,1,1,1,1,1,1,1,1,1,1,1,1,1,2,1,1,1,1,1,1,0,1,2,1,2,1,1,1,1,1,1
"PTHR11695_SF31",1,1,2,1,2,1,3,1,1,2,1,1,1,1,1,1,1,1,1,1,1,1,1,2,1,2,1,2,2,1,1,3,2,2,1,1,1,3,1,1,1,1,1,1,2
"PTHR11695_SF375",1,1,1,1,1,1,1,1,1,1,1,1,1,1,1,2,1,1,1,1,1,1,1,1,1,1,1,1,1,1,1,2,1,1,4,1,1,1,1,1,1,1,1,1,1
"PTHR11695_SF376",1,1,3,3,1,1,3,1,1,9,1,2,1,3,0,3,1,2,3,2,2,2,1,2,4,1,1,2,1,1,1,3,2,4,4,0,2,1,2,1,3,1,0,0,1
"PTHR11695_SF396",2,1,3,2,3,1,2,1,1,2,1,1,1,2,1,1,1,1,3,1,1,1,1,4,2,1,1,4,1,1,1,0,1,3,1,1,1,1,3,1,2,1,1,1,1
"PTHR11695_SF413",1,1,0,0,1,1,0,1,4,0,0,1,1,0,1,0,1,2,0,2,0,0,1,0,2,1,2,0,1,1,2,0,0,0,2,2,0,1,0,1,0,1,0,2,1
"PTHR11695_SF442",1,1,1,1,1,1,1,1,1,1,1,1,1,1,1,1,1,1,1,1,1,1,1,1,1,1,1,1,1,1,1,1,1,1,1,1,1,1,1,1,1,1,1,1,1
"PTHR11695_SF451",1,1,1,1,1,1,1,1,1,1,1,1,1,2,1,1,1,1,1,2,1,3,1,1,1,1,1,2,2,2,1,1,1,1,2,1,1,1,2,2,1,1,1,1,2
"PTHR11695_SF470",1,1,1,1,1,1,1,1,1,1,1,1,1,1,1,1,1,1,1,1,1,1,1,1,1,1,1,1,1,1,1,1,1,1,1,1,1,1,1,1,1,1,1,1,1
"PTHR11695_SF480",1,1,0,0,1,1,2,1,1,0,1,1,1,0,1,0,1,1,0,1,0,0,1,0,1,1,1,0,1,1,1,1,1,0,1,1,0,1,0,1,0,1,1,1,1
"PTHR11695_SF5",1,1,2,1,1,1,1,1,1,1,1,1,1,2,1,1,1,1,1,2,2,1,1,2,1,1,1,2,0,1,1,1,1,1,1,1,3,1,3,1,1,1,1,1,1
"PTHR11697_SF10",2,3,3,2,3,3,1,6,1,3,1,2,1,4,3,1,2,1,4,3,1,1,1,3,2,1,2,4,4,1,3,7,3,6,2,1,5,1,7,1,1,1,2,4,2
"PTHR11697_SF25",1,1,1,1,1,1,1,1,2,1,1,1,1,1,2,1,1,1,1,1,1,1,1,1,1,1,1,1,1,1,1,1,1,1,2,1,1,1,1,1,1,1,1,2,1
"PTHR11697_SF30",1,1,1,1,1,1,1,1,1,1,1,1,1,1,1,2,1,1,0,1,1,1,1,1,1,1,1,1,1,1,1,1,0,1,0,1,1,1,1,1,1,1,1,0,1
"PTHR11697_SF32",1,1,1,1,1,1,1,1,1,1,1,1,1,1,2,1,1,1,1,1,1,1,1,1,1,1,1,1,1,1,1,1,1,1,0,1,1,1,1,1,1,1,1,1,1
"PTHR11697_SF35",1,1,2,1,2,1,1,1,1,2,2,1,3,1,1,2,1,1,1,1,1,1,1,1,1,1,1,1,1,1,1,1,1,1,0,1,1,1,2,0,1,1,0,0,2
"PTHR11697_SF73",1,1,1,1,1,1,1,1,1,1,1,1,1,1,2,1,1,1,1,1,1,1,1,1,1,1,1,1,1,1,1,1,1,1,1,1,1,1,1,1,1,1,1,1,1
"PTHR11697_SF82",1,1,1,1,1,1,1,2,2,1,1,1,1,1,2,1,1,1,1,13,1,0,1,1,1,1,1,1,1,1,1,1,2,1,1,1,1,1,1,1,1,1,0,3,1
"PTHR11697_SF84",1,1,1,1,1,1,1,1,1,1,1,1,1,1,1,1,1,1,1,1,1,1,1,1,1,1,1,1,1,1,1,1,1,1,1,1,1,1,2,2,1,1,1,1,1
"PTHR11697_SF87",1,1,2,1,1,1,1,1,1,1,1,1,1,1,1,2,1,2,1,2,1,1,1,1,1,2,3,1,1,1,1,1,1,2,1,1,1,1,1,1,1,1,1,1,1
"PTHR11697_SF88",1,1,1,1,1,1,1,1,1,1,1,1,1,1,1,1,1,1,1,1,1,1,1,1,1,1,1,1,1,1,1,1,0,1,0,1,1,1,1,1,1,1,1,1,1
"PTHR11697_SF90",1,1,1,1,1,1,1,0,0,1,1,1,1,1,0,1,0,0,1,0,1,1,1,1,0,1,1,1,1,0,0,0,1,1,0,1,1,1,1,1,1,1,1,0,1
"PTHR11697_SF92",1,1,1,1,1,1,1,1,1,1,1,1,1,1,1,1,1,1,1,1,1,1,1,1,1,0,1,1,1,1,1,1,1,1,0,1,1,1,1,1,1,1,1,0,1
"PTHR11697_SF94",1,1,1,1,1,1,1,1,1,3,1,1,1,1,1,1,1,1,1,1,1,1,1,1,1,1,1,1,1,2,1,1,1,1,1,1,1,1,2,1,1,1,1,1,2
"PTHR11697_SF98",1,1,1,1,1,1,1,1,1,1,1,1,1,1,1,1,1,1,1,1,1,1,1,1,1,1,1,1,1,1,1,1,1,1,1,1,1,1,1,1,1,1,1,1,1
"PTHR11699_SF102",1,1,1,1,1,1,1,1,1,1,1,1,1,1,1,1,1,1,1,1,1,1,1,1,1,1,1,1,1,1,1,1,1,1,1,1,1,1,1,1,1,1,1,3,1
"PTHR11699_SF105",1,1,1,1,1,1,1,1,1,0,1,1,1,1,1,1,1,1,1,1,1,1,1,1,1,1,1,1,1,1,0,1,1,1,2,1,1,1,1,1,1,1,1,2,1
"PTHR11699_SF113",1,1,1,1,1,1,0,1,1,1,1,1,1,1,1,1,1,0,1,1,1,1,1,1,1,1,2,1,1,1,1,1,1,1,1,1,1,1,1,1,1,1,1,1,1
"PTHR11699_SF114",1,1,1,1,1,1,0,1,0,0,1,1,0,1,0,0,1,1,1,1,1,1,1,0,1,0,1,0,1,1,1,0,1,1,0,1,0,0,0,1,0,1,1,0,1
"PTHR11699_SF116",1,1,1,1,1,2,1,1,1,1,1,1,1,1,1,1,1,1,1,1,1,1,1,1,1,1,1,1,1,2,1,1,1,1,1,1,1,1,1,1,1,1,1,1,3
"PTHR11699_SF119",1,2,2,2,2,2,1,1,1,2,2,2,2,2,1,2,0,2,2,1,2,2,2,2,2,2,1,1,1,1,0,1,1,2,2,2,2,2,2,0,2,2,2,2,1
"PTHR11699_SF120",1,1,1,1,1,1,1,1,1,2,1,1,2,1,1,1,1,1,1,1,1,1,1,1,1,2,1,1,2,1,1,1,1,1,1,1,1,1,1,1,1,1,1,1,1
"PTHR11699_SF123",1,1,1,1,1,0,1,1,0,1,1,0,1,2,1,1,1,1,1,0,1,1,1,1,1,1,1,1,1,0,0,1,1,1,1,1,1,1,1,1,1,1,0,0,1
"PTHR11699_SF131",1,1,1,1,1,1,1,1,1,1,1,1,1,1,1,1,1,1,1,1,1,1,1,1,1,1,1,1,1,1,1,1,1,1,1,1,1,1,1,1,1,1,1,1,1
"PTHR11699_SF144",1,1,2,2,1,1,1,1,1,2,1,1,1,2,1,1,1,1,2,1,1,1,1,2,1,1,1,1,1,1,1,1,1,1,1,1,2,1,2,1,3,1,1,1,1
"PTHR11699_SF147",1,0,1,1,0,0,1,1,1,0,0,0,0,1,1,1,1,0,1,1,1,1,1,1,1,1,2,1,1,1,1,1,1,1,0,1,1,1,1,2,1,0,0,0,0
"PTHR11699_SF151",2,1,1,1,2,1,1,1,1,1,2,1,1,1,1,2,1,1,1,1,1,1,1,1,1,1,1,1,1,1,1,1,1,1,1,1,1,1,1,1,1,1,1,1,2
"PTHR11699_SF154",1,1,1,1,1,1,1,1,1,1,1,1,1,1,1,1,1,1,1,1,1,1,1,1,1,1,1,1,1,1,1,1,1,1,1,1,1,1,1,1,1,1,1,1,1
"PTHR11699_SF18",1,1,1,1,1,1,1,1,1,1,1,2,1,1,1,1,1,1,1,3,1,1,1,1,1,1,1,1,1,1,1,1,1,1,1,1,1,1,1,1,1,1,1,2,1
"PTHR11699_SF27",1,1,1,1,1,1,1,1,1,1,1,1,1,1,1,1,1,1,1,1,1,1,1,1,1,1,1,1,1,1,1,1,1,1,1,1,1,1,1,1,1,1,1,1,1
"PTHR11699_SF42",1,1,1,1,1,1,1,1,1,1,1,1,1,1,1,1,1,1,1,1,1,1,1,1,1,1,1,1,1,1,1,1,1,1,1,1,1,1,1,1,1,1,1,1,1
"PTHR11699_SF49",1,1,1,1,1,1,1,1,1,1,1,1,1,1,1,1,1,1,1,1,1,1,1,1,1,1,1,1,1,1,1,1,1,1,1,1,1,1,1,1,1,1,1,1,1
"PTHR11700_SF8",2,7,5,8,5,2,4,1,3,8,1,1,4,1,2,1,1,1,3,2,4,2,1,5,7,2,2,4,3,1,7,4,3,2,1,4,6,3,2,15,9,5,1,8,6
"PTHR11702_SF23",1,2,1,2,1,1,1,1,1,1,1,1,1,1,1,1,2,1,1,1,1,1,1,1,1,1,1,1,1,1,3,2,1,1,1,2,1,1,1,1,1,1,1,1,1
"PTHR11702_SF25",1,1,1,1,1,1,1,1,1,1,1,1,1,1,1,1,1,1,1,2,1,1,1,1,1,1,1,1,1,2,1,1,1,1,1,1,1,2,2,1,1,1,1,1,2
"PTHR11702_SF26",2,3,2,8,2,2,2,2,2,1,3,3,2,2,5,2,3,2,3,2,2,2,2,2,2,2,2,3,2,2,1,6,2,4,2,2,2,2,3,2,4,2,2,2,2
"PTHR11702_SF3",1,1,1,1,1,1,1,1,1,1,1,1,1,1,1,1,1,1,1,1,1,1,1,1,1,1,1,1,1,1,1,1,1,1,1,1,1,1,1,1,1,1,1,1,1
"PTHR11703",1,1,1,1,1,1,1,1,1,1,1,1,1,1,1,2,1,1,1,1,1,1,1,1,1,1,1,1,1,1,1,1,1,1,1,1,1,1,1,1,1,1,1,1,1
"PTHR11705_SF15",1,1,1,1,1,1,1,1,1,1,1,1,1,1,1,1,1,0,1,1,1,1,1,1,1,1,1,1,1,1,1,1,1,1,1,1,1,1,1,1,1,1,1,1,1
"PTHR11705_SF16",1,1,1,1,1,1,1,1,1,1,1,1,1,1,1,1,1,1,1,2,1,1,1,1,1,1,1,1,1,1,1,1,1,1,1,1,1,1,1,1,1,1,1,1,1
"PTHR11705_SF17",1,1,1,1,1,1,1,1,1,1,1,1,1,1,1,1,1,1,1,1,1,1,1,1,1,1,1,1,1,1,1,1,1,1,1,1,1,1,1,1,1,1,1,1,1
"PTHR11705_SF19",1,1,1,1,1,1,1,0,0,1,0,0,1,1,0,1,1,1,1,1,1,1,0,1,0,1,0,1,1,1,1,0,1,1,1,0,1,1,1,0,1,1,1,1,1
"PTHR11705_SF20",1,1,1,1,1,1,1,1,1,1,1,1,1,1,1,1,1,1,1,1,1,1,1,1,1,1,1,1,1,1,1,1,1,1,1,1,1,1,1,1,1,1,1,1,1
"PTHR11705_SF50",1,0,1,1,1,0,1,1,1,0,1,1,1,1,1,1,1,1,1,1,1,1,1,1,1,1,1,1,1,0,1,1,1,1,0,1,1,1,1,1,1,1,1,1,1
"PTHR11705_SF52",1,1,1,1,1,1,1,1,1,1,1,1,1,1,1,1,1,1,1,1,1,1,1,1,1,1,1,1,1,1,1,1,0,1,1,1,1,1,1,1,1,1,1,0,1
"PTHR11705_SF65",1,1,1,1,1,1,1,1,1,1,1,1,1,1,1,1,1,1,1,1,1,1,1,1,1,1,1,1,1,1,1,1,1,1,1,1,1,1,1,1,1,0,1,1,1
"PTHR11706_SF27",1,3,1,1,1,3,1,1,1,1,1,1,1,1,1,1,1,1,1,1,1,2,1,1,1,1,1,1,1,3,1,1,1,1,1,1,1,1,1,1,1,1,1,1,1
"PTHR11706_SF36",1,1,1,1,1,1,1,1,1,1,1,1,1,1,1,1,1,1,1,0,1,1,1,1,1,1,1,1,1,1,1,1,1,1,1,1,1,1,1,1,1,1,1,1,1
"PTHR11707_SF3",1,1,1,1,1,1,1,1,1,0,1,1,1,1,1,1,1,1,1,0,1,1,1,1,1,1,1,1,1,3,1,1,1,1,1,1,1,1,1,1,1,1,1,1,1
"PTHR11710_SF1",1,4,5,4,2,3,3,1,1,1,1,1,2,4,1,1,1,1,4,1,1,3,1,3,7,1,1,4,1,1,3,5,1,2,3,2,3,3,3,7,5,2,1,6,4
"PTHR11711_SF102",1,1,1,1,1,1,1,1,1,1,1,1,1,1,1,1,1,1,1,1,1,1,1,1,1,1,1,1,1,1,1,1,1,1,1,1,1,1,1,1,1,1,1,1,1
"PTHR11711_SF106",1,1,1,1,1,2,1,1,1,1,1,1,0,1,1,1,1,1,1,1,1,1,1,1,1,1,1,2,1,1,1,1,1,1,1,1,2,1,2,1,1,1,0,1,1
"PTHR11711_SF107",1,1,1,1,1,1,1,3,1,1,1,1,1,1,1,1,2,1,1,1,1,1,1,1,1,1,1,1,1,1,1,1,1,1,1,1,1,1,1,1,1,1,1,1,1
"PTHR11711_SF108",1,0,1,1,4,0,1,0,0,0,0,0,1,1,0,0,0,0,1,1,0,0,0,1,0,1,0,1,0,0,0,1,0,1,1,0,1,0,1,0,2,0,0,1,2
"PTHR11711_SF110",1,2,1,2,1,2,1,2,2,1,1,1,1,1,2,1,3,1,3,1,2,2,2,1,2,1,2,2,1,1,2,5,1,2,1,1,1,1,1,1,1,1,0,1,1
"PTHR11711_SF111",1,1,1,1,0,1,1,0,0,1,1,1,1,1,0,1,1,1,1,1,1,1,1,1,1,1,1,1,1,1,1,0,1,1,0,1,1,1,1,1,1,1,1,0,0
"PTHR11711_SF112",1,2,2,1,1,1,1,1,1,1,1,1,1,2,1,1,1,1,2,1,1,2,1,2,1,1,1,1,1,1,3,1,1,2,1,1,2,1,2,1,1,1,1,1,1
"PTHR11711_SF114",1,1,1,1,1,2,1,1,1,1,1,1,1,1,3,1,1,0,1,1,1,2,1,1,1,1,1,1,1,1,1,2,1,1,1,1,1,1,1,1,1,1,1,1,1
"PTHR11711_SF118",3,4,4,5,2,3,6,3,3,6,5,3,3,4,5,8,4,3,4,5,3,3,3,3,3,3,3,4,3,3,4,4,4,3,2,3,3,3,3,4,4,4,4,2,3
"PTHR11711_SF119",1,0,1,1,1,1,1,1,1,1,1,1,1,1,1,1,1,1,1,0,1,1,1,1,1,1,1,0,1,1,1,1,1,1,1,1,1,1,1,0,1,1,0,1,1
"PTHR11711_SF122",1,1,1,1,0,1,1,1,1,1,1,1,1,1,1,1,2,1,1,0,1,1,1,1,1,1,1,1,1,0,1,1,1,1,1,1,1,1,1,1,1,1,1,1,1
"PTHR11711_SF124",2,1,1,1,1,1,1,1,1,1,1,1,1,1,1,1,1,1,1,1,1,1,1,1,1,1,1,1,1,1,1,1,1,1,1,1,1,1,1,1,1,1,1,1,1
"PTHR11711_SF126",1,1,1,1,1,1,1,1,1,2,1,1,1,1,1,1,1,1,1,1,1,0,1,1,1,1,1,1,1,1,2,1,1,1,1,1,1,1,1,1,1,1,1,1,1
"PTHR11711_SF131",1,1,1,1,1,1,1,1,1,1,1,4,1,1,1,1,1,1,1,1,1,1,1,1,1,1,1,1,1,1,1,1,1,1,1,1,1,1,1,1,1,1,1,1,1
"PTHR11711_SF137",1,1,1,1,1,1,1,1,1,1,0,1,2,1,0,1,1,1,1,1,1,1,1,1,1,1,1,1,1,1,1,1,1,1,1,1,1,1,1,1,1,1,1,1,1
"PTHR11711_SF139",1,1,2,2,1,1,2,3,1,1,1,1,1,3,1,1,1,1,4,1,1,1,1,4,2,1,2,2,1,1,1,2,1,4,1,1,3,1,4,1,1,1,1,1,2
"PTHR11711_SF140",1,1,1,1,1,1,1,1,1,1,1,1,1,1,1,1,1,2,1,0,1,1,1,1,1,0,1,1,1,1,0,1,1,1,1,1,1,1,1,1,1,0,1,1,1
"PTHR11711_SF141",1,1,1,1,1,1,2,1,1,2,1,1,1,3,2,1,1,1,2,1,1,3,1,2,1,1,1,4,1,1,1,1,1,2,2,1,3,2,3,1,1,1,1,3,1
"PTHR11711_SF143",1,1,1,1,1,1,1,1,1,2,1,1,1,1,1,1,1,1,1,1,1,1,1,1,1,0,1,1,1,1,1,1,1,1,1,1,1,1,1,1,1,1,1,1,1
"PTHR11711_SF146",1,1,1,1,1,1,1,1,1,1,1,1,1,1,1,1,1,1,1,1,1,1,1,1,1,1,2,1,1,1,1,1,1,1,1,1,1,1,1,1,1,1,1,1,1
"PTHR11711_SF147",1,1,1,1,1,1,2,3,1,2,1,1,1,3,2,1,1,1,1,1,1,3,1,1,1,1,2,1,1,1,3,4,1,1,1,2,2,3,2,1,1,1,1,1,1
"PTHR11711_SF148",1,0,1,1,1,1,0,0,0,1,1,1,1,1,0,1,1,1,0,1,0,1,1,0,1,0,1,1,1,1,0,0,1,0,0,1,1,1,1,1,1,0,1,0,1
"PTHR11711_SF153",1,1,1,2,1,1,1,1,1,1,0,1,1,1,1,1,1,1,1,1,1,1,1,1,1,1,1,1,1,1,1,1,1,1,1,1,1,1,1,1,1,1,1,0,1
"PTHR11711_SF19",1,1,1,1,1,1,1,1,1,3,1,1,1,1,1,1,1,1,1,1,1,1,1,1,2,1,2,1,1,1,0,1,1,1,1,1,1,1,2,1,1,1,1,1,1
"PTHR11711_SF21",1,1,1,1,1,1,1,1,1,1,1,1,1,1,1,1,1,1,1,1,1,1,1,1,1,1,1,1,1,1,1,1,1,1,1,1,1,1,1,1,1,1,1,1,1
"PTHR11711_SF24",1,1,1,0,0,1,1,1,1,1,1,1,0,1,1,1,0,1,0,1,1,1,1,0,1,1,1,1,1,1,1,0,1,1,1,1,1,0,1,1,0,1,0,1,0
"PTHR11711_SF26",1,1,1,2,2,1,1,1,1,1,1,1,1,1,1,2,1,1,1,2,1,1,1,1,1,1,1,1,1,1,1,4,1,1,1,1,1,1,1,1,2,1,0,1,2
"PTHR11711_SF29",1,1,1,0,1,1,0,0,1,0,1,1,1,1,1,1,1,1,1,1,1,1,1,1,1,1,1,1,1,1,1,0,1,1,1,1,1,1,1,1,0,1,0,1,1
"PTHR11711_SF41",1,1,1,1,1,1,2,1,1,0,1,1,1,1,1,1,1,1,1,2,1,1,1,1,1,1,1,1,1,1,2,5,1,1,1,1,1,1,1,1,3,1,1,2,1
"PTHR11712_SF227",1,1,1,1,1,1,0,1,1,1,1,1,1,1,1,1,1,1,1,1,1,1,1,1,0,1,1,2,1,2,0,0,1,1,1,1,1,1,1,1,1,1,1,1,1
"PTHR11712_SF243",1,1,1,1,1,1,1,1,1,1,1,1,1,1,1,1,1,1,1,1,1,1,1,1,1,1,1,1,1,1,1,1,1,1,0,1,1,1,1,1,1,1,1,1,1
"PTHR11715_SF3",2,6,1,3,2,7,3,1,1,1,1,1,2,3,3,3,1,1,4,1,1,3,1,3,1,1,1,2,1,1,5,1,3,4,2,1,6,6,4,3,4,3,1,0,1
"PTHR11716_SF1",1,1,1,1,0,1,1,1,1,1,0,1,1,1,1,2,1,1,1,1,1,1,1,1,1,1,1,1,1,1,1,1,1,1,1,1,1,1,1,2,1,1,1,0,1
"PTHR11716_SF10",1,1,1,1,1,1,1,1,1,1,1,1,1,1,1,1,1,1,1,1,1,1,1,1,1,1,1,1,1,1,1,1,1,1,0,1,1,1,1,1,1,1,1,0,1
"PTHR11716_SF12",1,3,1,1,1,2,1,1,1,1,1,1,1,1,1,1,1,1,1,1,1,1,1,1,0,1,1,1,1,1,1,1,1,1,2,1,1,1,1,1,1,1,1,2,1
"PTHR11716_SF3",1,1,0,1,1,1,1,1,1,1,1,1,1,1,1,2,1,1,1,1,1,1,1,1,1,1,1,1,1,1,2,1,1,1,1,1,1,1,2,1,1,1,1,2,1
"PTHR11716_SF4",1,1,1,1,1,1,1,1,1,1,2,2,1,1,1,1,1,1,1,1,1,1,1,1,1,1,1,1,1,1,1,1,0,1,1,5,1,1,1,1,1,1,1,1,1
"PTHR11716_SF5",1,1,1,0,1,1,0,1,1,1,1,1,1,1,1,1,0,1,1,1,1,1,1,1,1,1,1,1,1,1,1,1,1,1,1,1,1,1,1,1,0,1,1,1,1
"PTHR11716_SF8",1,1,1,1,1,1,1,1,1,1,1,1,1,1,1,1,1,1,1,1,1,1,1,1,1,1,1,1,1,1,1,1,1,1,1,1,1,1,1,1,1,1,0,1,1
"PTHR11716_SF9",1,1,1,1,1,1,1,1,1,1,1,1,1,1,1,1,1,1,1,1,1,1,1,1,1,1,1,1,1,1,1,1,1,1,1,1,1,1,1,0,1,1,1,2,1
"PTHR11717_SF15",1,3,2,2,0,2,2,1,1,3,1,1,1,1,5,1,1,2,2,2,2,1,1,2,1,1,2,3,3,1,3,1,0,2,1,3,1,1,1,1,1,1,0,3,1
"PTHR11717_SF17",1,2,1,1,1,1,1,1,1,1,1,1,1,1,2,1,1,1,1,0,1,1,1,1,2,0,2,2,1,1,1,2,1,2,1,2,1,1,1,1,2,0,1,1,1
"PTHR11717_SF2",1,1,1,1,1,1,1,1,1,1,1,2,1,1,1,1,1,1,1,1,1,1,1,1,1,1,1,1,1,1,1,1,1,1,1,1,1,1,1,1,1,0,1,1,0
"PTHR11721",5,4,7,6,9,6,2,2,4,5,2,2,3,4,5,1,3,3,4,8,3,2,1,2,11,3,7,5,4,2,4,15,6,5,5,5,6,7,5,9,9,3,1,5,7
"PTHR11722",1,2,1,1,2,3,3,1,1,1,0,1,1,2,1,1,1,1,2,1,1,2,1,2,5,1,3,2,0,2,3,6,1,1,1,1,3,2,3,5,2,2,1,2,2
"PTHR11723_SF16",1,1,1,1,1,1,2,1,1,1,1,1,1,1,1,2,1,1,1,1,1,1,1,1,1,1,1,1,1,1,1,1,1,1,1,1,1,1,1,1,1,1,1,1,1
"PTHR11723_SF4",1,1,1,1,1,1,1,1,1,1,1,1,1,1,1,1,1,1,1,1,1,1,1,1,1,1,1,1,1,1,1,1,1,1,1,1,1,1,2,1,1,1,1,2,1
"PTHR11723_SF5",1,1,1,1,0,2,1,1,1,1,1,1,1,1,1,1,1,1,1,2,1,1,1,1,1,1,1,1,1,2,1,1,1,1,1,1,2,2,2,1,1,1,1,1,1
"PTHR11723_SF6",1,1,0,1,1,1,1,1,0,0,1,1,1,0,1,1,1,1,1,0,1,1,1,1,1,0,1,0,1,0,0,1,1,1,1,1,0,1,1,1,0,1,1,1,0
"PTHR11724",1,1,1,1,1,1,1,1,1,1,1,1,1,1,1,1,1,1,1,1,1,1,1,1,1,1,1,1,1,1,1,1,1,1,1,1,1,1,1,1,1,1,1,1,1
"PTHR11726",4,4,3,5,2,7,4,2,2,9,2,3,3,4,5,2,3,5,3,3,4,2,3,3,5,4,3,6,2,9,5,6,2,4,3,3,6,6,3,3,4,5,1,4,1
"PTHR11727",3,3,4,4,4,3,3,3,3,4,3,3,3,3,3,3,3,4,3,3,3,3,3,4,3,3,3,3,3,4,4,3,3,4,3,4,3,3,3,3,3,3,3,5,3
"PTHR11728",2,3,2,2,2,3,2,2,2,2,2,2,2,2,2,2,2,3,2,2,2,3,2,2,2,2,4,2,2,2,1,2,3,2,3,3,2,2,2,2,1,3,2,4,2
"PTHR11731_SF108",1,1,1,1,1,1,1,1,1,1,1,1,1,1,1,1,1,1,1,0,1,1,1,1,1,1,1,1,1,1,1,1,1,1,1,1,1,1,1,1,1,1,1,1,1
"PTHR11731_SF109",1,1,1,1,1,1,1,1,1,1,1,1,1,1,1,1,1,1,1,1,1,1,1,1,1,1,1,1,1,1,0,1,1,1,1,1,1,1,1,1,1,1,1,1,1
"PTHR11731_SF111",1,1,1,1,1,1,1,1,1,1,1,1,1,1,1,1,1,1,1,1,1,1,1,1,1,1,1,1,1,1,1,1,1,1,1,1,1,1,1,1,1,1,1,1,1
"PTHR11731_SF20",2,1,1,1,1,1,1,1,1,1,1,1,1,1,1,1,1,1,1,1,1,1,1,1,1,1,1,1,1,2,1,1,1,1,1,1,1,1,2,1,2,1,1,1,1
"PTHR11731_SF21",2,1,1,1,1,1,1,1,1,2,1,1,1,1,1,1,1,1,1,1,1,1,1,1,1,1,1,1,1,1,1,1,1,1,1,1,1,1,1,1,1,1,1,1,1
"PTHR11731_SF93",1,1,1,1,1,1,1,1,1,1,1,1,1,1,1,1,1,1,1,0,1,1,1,1,1,1,1,1,1,1,1,1,1,1,1,1,1,1,1,1,1,1,0,1,1
"PTHR11731_SF98",1,1,1,1,1,1,1,1,1,1,1,1,1,1,1,1,1,1,1,1,1,1,1,1,1,1,2,1,1,1,1,1,1,1,1,1,1,1,1,1,1,1,1,1,1
"PTHR11732_SF127",1,1,1,1,1,1,1,1,1,1,1,1,1,1,1,1,1,1,1,1,1,1,1,1,1,1,1,1,1,1,1,1,1,1,1,1,1,1,1,1,1,1,1,1,1
"PTHR11732_SF137",1,1,1,1,1,1,1,1,1,1,1,1,1,1,1,1,1,1,1,1,1,1,1,1,1,1,1,1,1,1,1,1,1,1,1,1,1,1,1,1,1,1,1,1,1
"PTHR11732_SF140",1,1,1,1,3,1,1,1,1,1,1,1,1,1,1,1,1,1,1,5,1,2,1,1,1,1,1,1,1,1,2,0,1,1,1,1,1,1,1,1,1,1,1,1,2
"PTHR11732_SF157",1,0,1,1,0,0,2,0,0,0,0,0,0,2,0,1,0,0,1,1,1,0,0,0,0,1,0,2,0,0,0,0,0,1,0,1,2,0,2,0,1,0,0,0,0
"PTHR11732_SF166",1,0,0,1,0,0,2,0,0,0,4,3,0,1,0,1,0,0,1,1,2,1,0,1,4,0,0,0,0,0,0,0,1,1,0,1,1,0,1,1,1,0,0,0,0
"PTHR11732_SF189",2,5,5,6,4,5,7,2,2,2,2,2,2,5,1,2,3,2,4,2,2,2,2,3,2,3,2,6,2,4,2,3,2,5,2,2,5,2,5,2,6,2,1,2,3
"PTHR11732_SF192",1,1,1,3,2,1,1,1,1,1,1,0,1,1,1,1,1,1,1,1,1,1,1,1,1,1,1,1,1,1,1,1,1,1,1,1,1,1,1,1,1,1,1,1,2
"PTHR11732_SF196",1,1,1,1,1,1,2,1,1,1,1,1,1,1,1,1,1,1,1,1,1,1,1,1,1,1,1,1,1,1,1,1,1,1,1,1,1,1,1,1,1,1,1,1,1
"PTHR11733_SF101",1,1,1,1,1,1,1,1,1,1,1,1,1,1,1,2,1,1,1,1,1,1,1,1,1,1,1,1,1,1,1,1,1,1,1,1,1,1,2,1,1,1,1,1,1
"PTHR11733_SF104",1,1,1,1,1,1,1,1,1,1,1,1,1,1,1,1,1,1,1,1,1,1,1,1,1,1,1,1,1,1,1,1,1,1,1,1,1,1,1,1,1,1,1,1,1
"PTHR11733_SF108",1,1,1,1,1,1,1,2,1,1,1,1,1,1,1,1,1,1,2,1,1,1,1,1,1,1,1,1,1,1,1,1,1,2,1,1,1,1,1,1,1,1,1,1,1
"PTHR11733_SF112",1,1,1,1,1,1,1,1,1,1,1,1,1,1,1,2,1,1,1,0,1,2,1,1,1,1,1,1,1,1,0,1,1,1,1,1,1,1,1,1,1,1,1,2,1
"PTHR11733_SF114",1,1,1,1,1,1,1,1,1,1,1,1,1,1,1,1,1,1,1,1,1,1,1,1,1,1,1,1,1,1,1,1,1,1,1,1,1,1,1,1,1,1,1,1,2
"PTHR11733_SF117",1,1,1,1,1,1,1,1,1,1,0,1,1,2,1,1,1,1,1,1,1,1,1,1,1,1,0,1,1,1,1,1,1,1,1,1,1,1,1,1,1,1,1,1,1
"PTHR11733_SF122",1,1,0,1,1,1,1,1,1,1,1,1,1,1,1,2,1,1,1,1,1,0,2,1,1,2,1,1,1,1,1,1,1,1,1,1,1,1,1,1,1,1,1,1,1
"PTHR11735",2,2,2,2,2,2,3,2,2,2,2,2,2,2,2,2,2,2,2,1,2,3,2,2,2,2,2,2,2,2,2,2,2,2,2,2,2,2,2,2,2,2,2,2,2
"PTHR11736_SF11",1,1,1,1,1,1,2,1,1,1,1,1,1,1,2,1,1,1,1,1,1,1,1,1,1,1,2,1,1,1,1,1,1,1,0,1,1,1,2,1,2,0,1,0,1
"PTHR11736_SF21",1,3,0,0,1,1,1,0,0,3,2,2,0,0,0,0,0,2,0,5,0,1,1,0,1,1,1,0,1,4,1,0,1,0,0,1,0,1,0,1,0,2,1,0,0
"PTHR11736_SF22",3,11,0,0,2,4,1,0,0,3,3,3,2,1,1,1,0,17,0,4,0,1,1,0,0,2,1,1,3,6,2,0,3,0,0,3,1,2,1,0,0,2,2,0,3
"PTHR11736_SF23",1,1,0,0,1,0,1,0,0,1,0,1,1,1,0,1,1,1,0,1,1,0,1,0,0,1,1,1,1,1,0,0,1,0,0,1,1,0,2,1,0,1,1,0,1
"PTHR11736_SF24",1,1,0,1,0,3,1,0,0,0,1,2,1,1,0,1,1,1,0,3,0,0,1,0,1,1,3,1,2,3,1,0,6,0,0,1,1,1,1,1,1,3,0,0,1
"PTHR11736_SF28",2,1,1,1,0,1,1,1,2,1,1,1,2,1,1,1,1,1,1,1,1,1,1,1,1,1,1,1,1,1,1,1,1,1,0,1,1,1,1,1,1,1,1,0,1
"PTHR11736_SF35",1,2,0,0,2,2,2,0,0,1,2,2,1,1,0,1,0,1,1,1,1,0,3,1,0,1,3,0,1,1,4,0,0,1,0,3,1,1,0,1,1,1,0,0,2
"PTHR11736_SF36",1,0,0,0,0,1,2,0,1,4,2,2,1,1,0,1,0,1,0,1,1,0,0,0,0,2,0,0,1,2,2,0,1,0,0,0,1,1,1,0,0,2,0,0,1
"PTHR11736_SF56",1,0,0,0,2,0,0,0,0,2,1,1,1,0,0,0,0,2,0,2,0,0,0,0,0,1,0,0,1,1,1,0,1,0,0,3,0,0,0,0,0,0,1,0,2
"PTHR11736_SF57",1,1,1,1,0,1,1,1,1,1,0,0,1,1,1,1,1,0,1,1,1,1,1,1,1,1,1,1,1,1,1,1,0,1,0,1,1,1,1,1,1,1,1,0,1
"PTHR11736_SF61",1,1,1,0,1,1,1,0,0,1,0,0,1,1,0,1,1,0,1,1,1,0,0,1,0,1,0,1,1,1,0,0,0,1,0,0,1,0,1,0,0,1,1,0,1
"PTHR11736_SF66",1,1,1,1,1,1,1,1,1,0,1,1,1,1,1,2,1,1,1,1,0,0,1,1,1,1,1,1,1,1,1,1,1,1,0,1,1,1,1,1,1,1,0,0,1
"PTHR11736_SF68",1,0,0,0,7,0,0,0,0,0,0,2,2,0,0,0,0,0,0,3,0,0,0,0,0,2,0,0,1,0,0,0,0,0,0,0,0,0,0,0,0,0,0,0,11
"PTHR11736_SF69",1,0,0,0,1,0,0,0,0,1,1,3,1,0,0,0,0,1,0,2,0,0,0,0,0,1,0,0,1,1,1,0,1,0,0,1,0,0,0,0,0,0,0,0,1
"PTHR11736_SF7",1,1,1,0,1,1,1,0,0,0,1,1,1,1,0,1,1,1,1,0,1,0,1,0,0,1,0,1,1,1,1,0,0,0,0,1,1,1,1,1,1,0,1,0,1
"PTHR11736_SF72",1,1,0,0,1,0,0,0,0,3,1,2,0,0,0,0,0,5,0,1,0,0,0,0,0,0,0,0,1,1,0,0,1,0,0,0,0,0,0,0,0,0,0,0,1
"PTHR11736_SF8",1,1,1,1,1,1,1,0,0,1,1,1,3,1,0,1,1,1,0,0,1,1,1,1,1,1,1,1,1,1,1,0,1,1,0,1,1,1,2,1,1,1,1,0,1
"PTHR11738",14,39,19,19,15,22,14,9,8,22,29,29,18,21,6,490,4,14,28,49,28,15,18,25,9,18,11,24,21,29,34,3,19,30,24,68,25,10,51,18,18,26,9,19,14
"PTHR11739",1,2,1,1,1,1,1,1,1,2,1,1,1,1,3,1,1,1,1,1,1,1,2,1,1,1,3,2,1,1,1,2,1,1,1,0,1,1,1,1,2,1,1,1,1
"PTHR11740",1,1,1,4,1,1,1,1,1,2,1,2,1,1,3,10,1,1,1,1,1,2,1,1,1,2,2,1,2,1,1,1,1,1,4,1,1,1,1,1,3,1,1,7,2
"PTHR11741",1,1,1,1,1,1,2,1,1,1,1,1,1,1,1,1,1,1,1,1,1,1,1,1,1,1,1,1,1,1,1,1,1,1,1,1,1,1,1,1,1,1,1,1,1
"PTHR11742_SF25",1,1,1,1,1,1,1,1,1,2,1,1,1,1,1,1,1,1,1,1,1,1,1,1,1,1,1,1,1,1,1,1,1,1,1,1,1,1,1,1,1,1,1,1,1
"PTHR11742_SF26",1,1,1,1,1,1,1,1,1,1,1,1,1,1,1,1,1,1,1,1,1,1,1,1,1,1,1,1,1,1,1,1,1,1,1,1,1,1,1,1,1,1,1,1,1
"PTHR11742_SF28",1,1,1,1,1,1,1,1,1,1,1,1,1,1,1,1,1,1,1,1,1,1,1,1,1,1,1,1,1,1,2,1,1,1,1,1,1,1,1,1,1,1,1,1,1
"PTHR11742_SF30",1,1,1,1,1,1,1,1,1,1,1,1,1,1,1,1,1,1,1,1,1,1,1,1,1,1,1,1,1,1,1,1,1,1,1,1,1,1,1,1,1,1,1,1,1
"PTHR11742_SF31",1,1,1,1,1,1,1,1,1,1,1,1,1,1,1,1,1,1,1,1,1,1,1,1,1,1,2,1,1,1,1,1,1,1,1,1,1,1,1,1,1,1,1,1,1
"PTHR11742_SF40",1,1,1,1,1,1,1,1,1,1,1,1,1,1,1,1,1,1,1,1,1,2,1,1,1,1,2,1,1,1,1,1,1,1,1,1,1,1,1,1,1,1,1,1,1
"PTHR11742_SF7",1,2,1,1,2,2,1,1,1,1,2,2,2,1,1,1,1,3,1,1,1,1,1,1,1,2,1,1,1,2,0,1,2,1,1,1,1,1,1,1,1,2,0,1,1
"PTHR11743",4,5,6,8,8,7,5,5,6,6,4,3,4,8,7,3,3,3,6,3,4,3,3,5,5,5,6,8,6,5,4,12,4,5,4,6,9,4,8,3,8,3,3,5,4
"PTHR11746_SF69",1,1,1,1,1,1,1,0,0,1,1,1,1,1,1,1,1,1,0,0,2,1,0,1,0,1,1,0,1,1,1,0,1,1,1,0,1,1,1,0,1,1,1,1,1
"PTHR11746_SF71",1,1,1,1,1,1,1,1,0,0,1,1,1,1,1,1,0,2,0,0,1,1,1,1,1,1,1,0,1,1,0,0,1,1,1,0,1,1,1,1,1,1,1,1,1
"PTHR11748_SF3",1,1,1,1,1,1,1,1,1,1,1,1,1,1,1,1,1,1,1,1,1,1,1,1,1,1,1,1,1,1,1,1,1,1,1,1,1,1,1,1,1,1,1,1,1
"PTHR11748_SF35",1,1,1,1,1,2,1,1,1,0,1,1,1,1,1,1,1,0,1,1,1,1,1,1,1,1,1,1,1,1,1,1,1,1,1,1,1,1,1,1,1,1,1,1,1
"PTHR11748_SF72",1,1,1,1,1,1,1,1,1,1,1,1,1,1,1,1,1,1,1,1,1,1,1,1,1,1,1,1,1,1,1,1,1,1,1,1,1,1,1,1,1,1,1,1,1
"PTHR11749",1,1,1,1,1,3,1,1,1,1,1,1,1,3,4,2,2,1,3,1,1,3,1,3,1,1,2,2,2,1,1,3,1,2,1,1,2,1,2,1,1,2,1,1,1
"PTHR11751_SF276",1,1,1,1,1,1,1,0,1,2,1,1,1,1,1,1,2,1,1,1,1,1,1,1,1,1,1,1,1,1,1,1,1,1,1,1,1,1,1,1,1,1,1,1,1
"PTHR11751_SF28",1,1,1,1,1,1,1,1,1,1,1,1,1,1,1,1,1,1,1,1,1,1,1,1,1,1,1,1,1,1,1,1,1,1,1,1,1,1,1,1,1,1,1,1,1
"PTHR11751_SF294",1,2,1,1,1,2,1,2,1,1,1,1,1,1,1,1,1,1,1,1,1,2,1,1,1,1,1,1,1,1,1,1,2,1,1,1,1,1,1,1,1,1,2,1,1
"PTHR11751_SF308",1,1,1,1,1,1,0,1,1,1,1,1,1,1,1,1,1,1,1,1,1,1,1,1,1,1,1,1,1,1,0,1,1,1,2,1,1,1,1,1,1,1,1,3,0
"PTHR11751_SF311",1,1,1,1,1,1,1,1,1,1,1,1,1,1,1,1,1,1,1,1,1,1,1,1,1,1,1,1,1,1,1,1,1,1,1,1,1,1,1,1,1,1,1,1,1
"PTHR11751_SF336",1,1,1,1,1,1,1,1,1,2,1,1,1,1,1,1,1,1,1,1,1,1,1,1,1,1,1,1,1,1,1,2,1,1,0,1,1,1,1,1,1,1,1,1,1
"PTHR11751_SF344",1,1,1,1,0,1,2,0,0,1,1,1,1,1,0,1,1,1,1,1,1,1,1,1,1,1,1,1,1,1,1,0,3,1,0,0,1,1,1,1,2,1,1,0,0
"PTHR11751_SF349",1,2,1,1,1,1,1,1,1,2,1,1,1,1,1,2,1,1,1,1,2,1,1,1,1,1,1,1,1,1,1,1,2,1,1,1,1,1,1,1,1,1,1,1,1
"PTHR11752_SF47",1,1,1,1,2,1,1,1,1,1,1,1,2,1,1,1,1,1,1,1,1,1,1,1,1,1,1,2,2,1,1,1,1,1,1,1,1,2,1,1,1,1,1,1,2
"PTHR11752_SF48",1,1,1,1,1,1,1,1,0,1,1,1,1,1,1,1,1,1,1,1,1,1,1,1,1,1,1,1,1,1,1,1,1,1,0,1,1,1,1,1,1,1,1,1,1
"PTHR11752_SF54",1,1,1,1,1,1,1,1,1,1,1,1,1,1,1,1,1,1,1,1,1,1,1,1,1,1,2,1,1,1,1,1,1,1,1,1,1,1,1,1,1,1,1,1,1
"PTHR11752_SF55",1,1,1,2,1,1,2,1,1,1,1,1,1,3,1,1,1,1,2,2,1,1,1,2,1,1,1,1,1,1,1,1,1,1,1,1,1,1,2,1,2,1,1,1,1
"PTHR11752_SF57",1,1,1,1,1,1,1,1,1,1,1,1,1,1,1,1,1,1,1,1,1,1,1,1,1,1,1,1,1,1,1,1,1,1,1,1,1,1,1,1,1,1,1,1,1
"PTHR11752_SF61",1,0,1,1,1,0,1,1,1,1,3,2,1,1,1,1,1,4,1,1,1,1,1,1,3,1,1,1,1,0,3,0,0,1,0,1,1,1,1,2,1,1,1,0,1
"PTHR11752_SF62",1,1,1,1,1,1,1,1,1,1,1,1,1,1,1,6,1,1,1,1,1,1,1,1,1,1,1,1,1,2,1,1,1,1,1,1,1,1,1,1,1,1,1,1,1
"PTHR11752_SF8",1,1,1,1,1,1,1,1,1,1,1,1,1,1,1,1,1,1,1,1,1,1,1,1,1,1,1,1,1,1,1,1,1,1,1,1,1,1,1,1,1,1,1,1,1
"PTHR11753",7,9,8,8,7,8,9,8,7,8,8,9,12,9,13,8,8,8,8,8,7,11,7,8,7,8,8,7,8,8,8,15,8,9,8,9,8,13,13,7,7,8,7,10,10
"PTHR11757",2,2,2,2,2,2,2,2,2,2,2,2,2,2,2,2,2,2,2,2,2,2,2,2,2,2,2,2,2,2,2,2,2,2,2,2,2,2,2,2,3,2,2,2,2
"PTHR11758",5,9,8,13,6,8,5,3,1,10,3,2,5,5,5,1,4,1,9,2,4,6,1,7,5,5,4,4,3,14,5,5,6,7,5,1,5,6,5,9,7,4,0,9,9
"PTHR11759_SF1",2,3,3,5,3,4,2,2,1,4,2,1,1,4,1,1,1,3,2,3,2,1,1,3,4,2,2,4,2,3,5,5,2,4,3,2,4,1,4,3,5,0,1,4,1
"PTHR11759_SF3",1,1,1,2,1,1,1,1,1,1,1,1,1,1,1,1,1,1,1,1,1,1,1,1,1,1,1,1,1,1,1,1,1,1,1,1,1,1,1,2,1,1,1,1,1
"PTHR11760",3,4,4,4,3,5,2,2,3,6,2,3,5,7,3,3,2,2,6,4,2,5,2,5,2,2,5,4,3,2,2,10,3,5,6,5,6,6,6,4,4,2,1,7,4
"PTHR11761_SF8",2,1,4,6,2,5,4,1,1,6,1,1,1,4,1,1,2,1,4,2,2,5,1,3,3,1,2,4,1,9,2,4,2,5,2,3,5,3,4,1,4,2,1,1,2
"PTHR11764",1,1,1,1,1,1,0,1,1,1,1,1,1,1,1,2,1,1,1,1,1,1,1,1,1,1,1,1,1,1,1,1,1,1,1,1,1,1,1,1,1,1,1,1,1
"PTHR11766",1,1,1,1,1,1,1,1,1,1,1,1,1,1,1,1,1,1,1,1,1,1,1,1,1,1,1,1,1,2,1,1,1,1,1,1,1,1,1,1,1,1,1,1,1
"PTHR11767",14,15,14,14,15,15,15,15,16,15,15,16,15,16,15,16,15,14,15,15,14,14,15,15,15,16,15,14,14,14,14,15,15,13,14,15,14,15,16,15,14,15,14,16,16
"PTHR11769",6,7,5,5,5,7,4,6,6,7,4,5,4,5,6,5,6,5,5,5,6,5,7,5,7,5,8,5,6,7,6,5,8,5,7,8,5,6,5,7,5,6,5,7,6
"PTHR11771_SF33",1,1,1,0,1,1,1,0,0,1,1,1,0,1,0,1,1,1,1,8,1,1,1,1,0,1,1,1,1,1,1,0,1,1,1,1,1,0,1,1,1,1,0,1,1
"PTHR11771_SF4",1,1,1,1,1,1,1,1,1,1,1,1,1,1,1,1,1,1,1,8,1,2,1,1,1,1,1,1,1,1,1,1,1,1,1,1,1,1,1,1,1,1,1,1,1
"PTHR11771_SF40",1,1,1,1,1,1,1,1,1,1,1,1,1,1,1,1,1,1,1,1,1,1,1,1,1,1,1,1,1,1,1,1,1,1,1,1,1,1,1,1,1,1,1,2,1
"PTHR11771_SF41",1,1,1,1,1,1,1,1,1,1,1,1,1,1,1,1,1,1,1,1,1,1,1,1,1,1,1,1,1,1,1,1,1,1,1,1,1,1,1,1,1,1,0,1,1
"PTHR11771_SF46",1,1,1,1,1,1,0,1,1,0,1,1,1,1,0,1,1,1,1,0,0,1,1,1,1,1,1,0,1,1,1,1,2,1,0,1,1,1,1,1,1,1,1,0,1
"PTHR11771_SF5",1,1,1,1,1,1,1,1,1,1,1,1,1,1,1,2,1,1,1,1,1,1,1,1,1,1,2,1,1,1,1,2,1,1,1,1,1,1,1,1,1,1,1,1,1
"PTHR11772_SF3",1,3,1,1,1,5,3,1,1,2,1,1,1,1,0,2,1,2,1,1,1,1,2,1,1,1,1,1,1,1,2,1,1,1,1,1,1,1,1,1,1,1,1,1,3
"PTHR11772_SF5",1,1,1,1,1,2,1,2,1,1,1,1,1,2,1,1,1,1,1,1,1,1,1,1,1,1,1,1,1,1,1,1,1,1,1,1,2,1,3,1,1,1,1,1,1
"PTHR11773",1,0,1,1,1,1,1,1,1,1,1,1,1,1,1,1,1,1,1,1,1,1,1,1,1,1,1,1,1,1,1,1,1,1,1,2,2,1,2,1,1,1,1,1,1
"PTHR11774",3,4,3,3,4,4,3,3,4,3,3,3,3,3,6,4,4,3,3,3,3,5,3,3,3,3,3,3,3,4,4,4,3,3,3,3,3,3,3,3,4,3,3,3,4
"PTHR11777_SF11",1,1,1,1,1,1,1,1,1,1,1,1,1,1,1,2,2,1,1,1,1,1,2,1,1,1,1,1,1,1,1,1,1,1,1,1,1,1,1,1,1,1,1,1,1
"PTHR11777_SF8",1,1,1,1,1,1,1,1,1,1,1,1,1,1,1,1,1,1,1,1,1,1,1,1,1,1,1,1,1,1,1,1,1,1,1,1,1,1,1,1,1,1,1,1,1
"PTHR11777_SF9",1,1,1,1,1,1,1,1,1,1,1,1,1,1,1,1,1,1,1,1,1,1,1,1,1,1,1,1,1,1,1,2,1,1,1,1,1,1,1,1,1,1,0,1,1
"PTHR11778",2,2,2,2,2,2,2,2,2,3,2,2,3,2,3,5,2,3,2,2,2,2,2,2,2,2,2,2,2,2,2,2,2,2,2,2,2,2,2,2,2,2,2,2,2
"PTHR11780",1,1,1,1,1,1,1,1,1,1,1,1,1,1,1,1,1,1,1,1,1,1,1,1,1,1,1,1,1,1,0,1,1,1,1,1,1,1,1,1,1,1,1,1,1
"PTHR11781",5,2,2,2,2,2,3,2,2,4,5,2,3,2,2,3,4,4,2,3,2,2,3,2,2,2,4,2,3,4,2,2,3,2,3,4,2,1,2,2,2,3,2,4,3
"PTHR11782",9,8,8,8,8,8,8,9,8,8,8,8,8,8,10,8,8,8,8,6,8,8,9,8,8,7,8,8,8,8,8,8,8,8,10,8,8,8,8,10,8,8,8,10,8
"PTHR11783_SF13",1,1,0,0,1,0,0,1,1,2,1,1,1,1,1,0,0,1,0,1,0,1,1,0,1,1,1,0,1,0,1,0,1,0,2,1,1,1,1,1,0,1,0,1,1
"PTHR11783_SF14",1,1,1,1,1,1,1,1,0,1,1,1,1,1,1,1,2,0,1,1,1,0,1,1,1,1,1,1,1,1,0,0,0,1,1,1,1,1,1,1,1,1,1,2,1
"PTHR11783_SF39",1,1,2,1,1,1,1,0,2,3,2,1,1,1,1,1,1,1,1,0,1,1,1,1,1,1,1,0,1,1,1,1,3,1,2,1,1,1,1,2,1,1,0,4,2
"PTHR11783_SF40",1,1,0,0,1,1,0,1,1,0,1,4,1,0,1,0,1,1,0,1,0,1,1,0,1,1,1,0,1,1,1,1,1,0,0,1,0,1,0,1,0,1,0,0,1
"PTHR11783_SF44",1,1,0,1,1,1,0,1,1,1,1,1,1,0,0,0,4,1,0,1,0,1,1,0,1,1,1,0,1,1,1,2,1,0,1,2,0,1,0,1,1,1,1,1,1
"PTHR11783_SF5",1,1,1,1,1,1,1,1,1,1,1,1,1,1,1,1,1,1,1,1,1,1,1,1,1,1,1,1,1,1,1,1,1,1,1,2,1,2,2,1,1,1,1,1,1
"PTHR11783_SF51",1,2,1,0,1,1,1,0,0,1,2,1,1,1,0,1,0,1,1,4,2,1,0,1,0,1,0,1,1,1,1,0,2,1,2,0,1,1,1,0,1,2,1,4,1
"PTHR11783_SF53",1,1,1,1,1,1,1,0,1,1,2,1,1,1,1,2,0,1,1,1,1,1,1,1,1,1,0,1,1,1,1,0,1,1,0,2,1,1,1,1,1,1,1,0,1
"PTHR11783_SF55",1,1,1,1,1,1,1,1,1,1,1,1,1,1,1,1,1,1,1,1,1,1,1,1,1,1,2,1,1,1,1,1,1,1,1,1,1,1,1,1,1,1,0,1,1
"PTHR11783_SF57",1,1,1,1,1,1,2,1,1,1,1,1,1,1,1,1,2,1,1,0,1,1,1,1,1,1,1,1,1,1,1,1,1,1,1,1,1,1,1,7,1,1,0,2,1
"PTHR11783_SF6",2,2,0,0,1,1,0,0,0,2,1,1,2,0,0,0,1,2,0,4,0,3,2,0,1,1,1,0,3,2,3,0,2,0,0,1,0,2,0,0,0,4,0,0,1
"PTHR11783_SF9",1,1,1,1,1,1,2,1,1,1,1,1,1,1,1,1,1,1,1,0,1,1,1,1,1,1,1,1,1,1,1,1,1,1,1,1,1,1,1,1,1,1,1,1,1
"PTHR11785_SF113",1,1,1,1,1,1,1,1,1,1,1,1,1,1,1,1,1,1,1,1,1,1,1,1,1,1,1,1,1,1,1,1,1,1,1,1,1,1,1,1,1,1,1,1,1
"PTHR11785_SF196",1,1,1,1,1,1,1,1,1,20,12,16,1,1,1,1,1,1,1,0,1,1,1,1,1,1,1,1,1,1,1,1,2,1,1,1,1,1,2,1,1,1,1,1,1
"PTHR11785_SF207",1,1,1,1,1,1,1,1,1,1,1,1,1,1,1,1,1,1,1,1,1,1,1,1,1,1,0,1,1,3,1,1,1,1,1,1,1,1,1,1,1,1,1,1,1
"PTHR11785_SF209",9,1,1,1,10,1,1,1,1,1,1,1,11,1,2,1,1,1,1,1,1,1,3,1,0,7,1,1,4,0,1,1,1,1,1,1,1,5,1,1,1,1,1,1,10
"PTHR11785_SF213",1,1,1,1,1,1,1,1,1,1,1,1,1,1,1,1,1,1,1,1,1,1,1,1,1,1,1,1,1,1,1,1,1,1,1,1,1,1,1,1,1,0,1,1,1
"PTHR11785_SF232",1,1,1,1,1,1,2,1,1,1,1,1,1,1,2,1,2,1,1,1,1,1,1,1,1,1,1,1,1,1,1,1,1,1,1,1,1,1,1,1,1,1,1,1,1
"PTHR11785_SF242",1,1,1,1,1,1,1,1,1,1,1,1,1,1,1,1,1,1,1,2,1,1,1,1,1,1,1,1,1,1,1,1,1,1,1,1,1,1,1,1,1,1,1,1,1
"PTHR11785_SF248",1,1,1,1,1,1,1,1,1,1,1,1,1,1,1,1,1,1,1,1,1,1,1,1,1,1,4,1,1,1,1,1,1,1,1,1,1,1,1,1,1,1,1,1,1
"PTHR11785_SF250",1,1,1,1,1,1,1,1,1,1,1,1,1,1,1,1,1,1,1,1,1,1,1,1,1,1,1,1,1,1,1,1,1,1,1,1,1,1,1,1,1,1,1,1,1
"PTHR11785_SF262",1,1,0,0,1,1,0,1,1,1,1,1,2,0,1,0,1,1,0,1,0,0,1,0,1,1,1,0,1,1,1,1,0,0,1,1,0,1,0,1,0,1,0,1,2
"PTHR11785_SF298",1,15,0,0,1,18,1,0,1,1,1,1,0,0,0,0,0,1,0,1,0,0,2,0,1,1,1,0,1,20,1,0,0,0,0,1,0,0,0,1,0,8,0,0,1
"PTHR11785_SF303",1,1,1,1,1,1,1,1,1,1,1,1,1,1,1,1,1,1,1,1,1,1,1,1,1,1,1,1,1,1,1,1,1,1,1,1,1,2,1,1,1,1,1,1,1
"PTHR11785_SF305",1,1,1,1,1,2,1,1,3,1,1,1,1,1,1,1,1,1,1,1,1,1,1,0,1,1,1,1,1,1,1,2,1,1,1,1,1,1,1,1,1,1,1,2,1
"PTHR11785_SF73",1,1,1,1,1,1,1,1,1,1,1,1,1,1,1,1,1,0,1,1,1,1,1,1,1,1,1,1,1,1,1,1,1,1,1,1,1,1,1,1,1,1,1,2,1
"PTHR11786",1,1,1,1,0,1,1,3,3,0,1,1,1,2,0,2,2,2,1,3,2,0,3,1,2,1,3,2,1,1,1,2,2,1,1,3,2,1,2,3,0,2,1,0,0
"PTHR11787",3,5,3,3,4,5,3,4,3,3,4,3,3,5,6,4,4,3,3,4,3,6,4,4,3,3,2,3,4,4,6,6,2,3,7,4,4,3,5,3,3,4,3,7,3
"PTHR11792",4,4,4,4,4,4,4,4,4,4,4,4,4,4,4,5,4,3,4,4,4,4,4,4,4,4,3,4,4,4,4,5,4,4,4,4,4,4,4,4,4,4,4,4,4
"PTHR11793_SF10",1,1,1,1,1,1,1,1,1,1,2,1,1,1,1,1,1,1,1,1,1,1,1,1,1,1,2,1,1,1,1,1,1,1,1,1,1,1,1,1,1,1,1,1,1
"PTHR11793_SF11",1,2,1,1,1,1,1,1,1,1,2,1,1,1,3,1,2,1,1,1,1,1,1,1,1,1,1,2,1,1,1,3,1,1,1,1,1,1,1,1,1,1,1,1,2
"PTHR11793_SF7",1,1,1,1,1,1,1,1,1,1,2,1,1,1,1,1,1,1,1,1,1,1,1,1,1,1,1,1,1,1,1,1,1,1,1,1,1,1,1,1,1,1,1,1,2
"PTHR11799",3,3,3,3,2,3,3,3,3,3,3,3,3,4,3,3,3,3,3,3,3,3,3,2,3,3,4,3,3,3,3,3,3,3,3,3,3,3,3,3,3,3,3,3,3
"PTHR11800",2,3,4,3,3,5,3,5,3,4,3,3,3,3,4,3,4,3,3,6,3,4,3,3,3,2,3,3,3,3,3,9,4,3,3,3,3,3,3,3,3,2,3,3,4
"PTHR11801",6,7,7,7,7,7,7,7,7,7,8,8,7,7,7,7,7,7,7,7,7,7,7,7,7,7,7,7,7,6,7,8,7,7,8,9,7,7,7,6,7,7,7,8,7
"PTHR11802_SF24",1,1,1,1,1,1,1,1,1,1,1,1,2,1,1,1,1,1,1,1,1,1,1,1,1,1,1,1,1,1,1,1,1,1,1,0,1,2,1,1,1,1,1,1,1
"PTHR11802_SF3",1,1,1,1,1,1,1,1,1,1,1,1,1,1,2,1,1,1,1,1,1,1,1,1,1,1,1,1,1,1,1,1,1,1,1,1,1,1,1,1,1,1,1,1,1
"PTHR11802_SF30",1,1,1,1,1,1,1,1,1,1,1,1,1,1,1,1,1,1,1,1,1,1,1,1,1,1,1,1,1,1,1,1,1,1,1,1,1,1,1,1,1,1,1,2,1
"PTHR11803_SF13",1,2,3,1,1,2,1,1,1,1,0,2,1,1,1,1,2,2,1,1,2,6,1,2,1,1,1,1,1,1,3,1,2,2,1,1,1,1,1,1,2,1,1,1,1
"PTHR11804",3,3,3,3,3,3,2,3,3,3,3,3,3,3,3,3,3,3,3,3,3,3,3,3,3,3,3,3,3,3,2,3,3,3,3,3,3,3,3,3,3,3,2,3,3
"PTHR11806",1,1,1,1,1,1,1,2,1,1,1,1,1,2,1,1,1,1,1,1,1,1,1,1,1,1,1,1,1,1,1,1,1,1,0,1,1,1,1,1,1,1,1,1,1
"PTHR11807_SF12",2,2,1,1,2,2,1,0,1,2,0,2,2,0,1,1,1,1,1,0,1,1,1,1,1,1,1,0,1,1,2,2,1,1,1,1,0,3,1,1,1,2,1,1,0
"PTHR11808_SF15",1,2,1,1,1,1,1,1,1,1,1,1,1,1,1,1,1,1,1,2,1,2,1,1,1,1,1,1,1,1,1,1,0,1,1,1,1,1,1,2,1,1,1,1,1
"PTHR11811_SF25",1,1,3,2,1,1,1,1,1,1,1,1,1,2,1,1,1,1,2,1,1,1,1,2,1,1,2,1,1,1,1,1,1,1,1,1,2,1,2,1,1,1,1,1,1
"PTHR11814",11,11,11,11,11,11,12,10,11,11,12,11,11,11,11,11,11,12,11,8,11,11,12,11,11,11,11,11,11,10,10,10,11,11,11,12,11,11,11,11,11,11,9,11,12
"PTHR11815",2,2,4,3,2,2,4,2,2,2,2,2,2,4,3,2,2,2,3,2,2,4,2,4,3,2,2,4,2,2,2,4,3,3,2,2,4,3,4,2,3,2,2,2,2
"PTHR11817",2,2,4,4,3,2,6,2,2,2,2,2,3,5,3,3,2,2,6,4,4,2,2,4,6,2,2,4,2,2,4,7,2,5,3,3,4,2,5,3,4,2,2,4,2
"PTHR11818_SF11",1,1,1,1,1,1,1,1,1,0,1,1,1,1,1,1,1,1,2,1,1,1,1,2,1,1,1,1,1,1,1,1,1,1,1,1,1,1,1,1,1,1,1,1,1
"PTHR11818_SF12",1,1,1,1,1,1,1,1,1,1,1,1,1,1,1,1,1,1,1,1,1,1,1,1,1,1,1,1,1,1,1,1,1,1,1,1,1,1,1,1,1,1,1,1,1
"PTHR11818_SF13",1,1,1,1,1,1,1,1,1,1,1,1,1,1,1,1,1,1,1,0,1,1,1,1,1,1,1,1,1,1,1,1,1,1,1,1,1,1,1,1,1,1,1,1,1
"PTHR11818_SF19",1,1,1,1,1,1,1,1,1,1,1,1,1,1,1,1,1,1,1,1,1,1,1,1,1,1,1,1,1,1,1,1,1,1,1,1,1,1,1,1,1,1,1,1,1
"PTHR11818_SF2",1,1,1,1,1,1,1,1,1,1,1,1,1,1,1,1,1,1,1,1,1,1,1,1,1,1,1,1,1,1,1,1,2,1,0,1,1,1,1,1,1,1,1,1,1
"PTHR11818_SF22",1,1,1,1,1,1,0,1,1,1,1,1,1,1,1,1,1,1,1,0,1,1,1,1,1,1,1,1,1,1,1,1,1,1,1,1,1,1,2,1,1,1,1,1,1
"PTHR11818_SF28",1,2,1,2,2,2,1,2,2,0,3,2,2,1,1,1,1,0,1,0,1,2,1,2,2,0,2,1,2,2,2,2,1,1,2,1,1,2,1,2,2,1,2,1,2
"PTHR11818_SF38",1,1,1,1,1,1,1,1,1,1,1,1,1,1,1,1,1,1,1,1,1,1,1,1,1,1,1,1,1,1,1,1,1,1,1,1,1,1,1,1,1,1,1,1,1
"PTHR11818_SF43",1,0,0,0,0,0,0,0,0,1,0,0,0,0,0,0,0,0,0,0,0,0,0,0,0,0,0,0,0,0,0,0,0,0,0,0,0,0,0,0,0,0,0,0,0
"PTHR11818_SF45",1,3,2,2,3,4,2,0,0,1,0,0,3,3,1,2,1,0,2,1,2,3,0,3,1,3,0,2,3,2,2,0,3,2,1,1,2,3,2,0,1,3,1,2,2
"PTHR11818_SF50",1,1,1,1,1,1,1,1,1,1,1,1,1,1,1,1,1,2,1,1,1,1,1,1,1,1,1,1,1,1,1,1,1,1,1,1,1,1,1,1,1,1,1,1,1
"PTHR11818_SF52",1,0,1,0,0,0,0,0,0,0,0,0,0,0,0,0,0,0,1,1,0,0,0,1,0,0,0,0,0,1,0,0,1,1,0,0,0,0,0,1,0,0,0,0,0
"PTHR11818_SF6",1,1,1,1,1,1,1,1,1,1,1,1,1,1,1,1,1,1,1,1,1,1,1,1,1,1,1,1,1,1,1,1,1,1,1,1,1,1,1,1,1,1,0,1,1
"PTHR11818_SF7",1,1,1,1,1,1,1,1,1,1,1,1,1,1,1,1,1,1,1,1,1,1,1,1,1,1,1,1,1,1,1,1,1,1,1,1,1,1,1,1,1,1,1,1,1
"PTHR11818_SF8",1,1,1,1,1,1,1,1,1,1,1,1,1,1,1,1,1,1,1,1,1,1,1,1,1,1,1,1,1,1,1,1,1,1,1,1,1,1,1,1,1,1,1,1,1
"PTHR11819_SF110",1,1,0,0,1,1,0,1,1,1,1,1,1,0,1,0,1,1,0,1,0,0,1,0,1,1,1,0,1,1,1,0,1,0,0,1,0,1,0,3,0,1,0,0,1
"PTHR11819_SF112",1,1,0,1,1,1,1,3,1,1,1,1,1,1,1,1,1,1,1,1,1,1,2,1,2,1,5,1,1,1,1,1,2,1,3,2,1,1,1,3,1,1,0,1,1
"PTHR11819_SF113",1,1,1,1,1,1,1,1,1,1,1,1,1,1,1,1,1,1,1,2,1,1,1,1,1,1,2,1,1,1,1,1,1,1,1,1,1,1,1,1,1,1,1,1,1
"PTHR11819_SF121",1,1,1,1,1,1,1,1,1,1,1,1,1,1,1,2,1,1,1,1,1,1,1,1,1,1,2,1,1,1,1,1,1,1,6,1,1,1,1,1,1,1,1,5,1
"PTHR11819_SF123",1,0,1,0,2,0,0,1,1,0,1,0,0,2,1,1,1,1,1,1,0,0,1,1,1,0,0,0,0,1,1,1,0,0,0,1,1,0,0,0,1,1,1,0,1
"PTHR11819_SF124",1,1,1,1,1,1,1,1,1,1,1,1,1,1,1,1,1,1,1,1,1,1,1,1,1,1,1,1,1,1,1,1,1,1,1,1,1,1,1,1,1,1,1,1,1
"PTHR11819_SF129",1,1,1,1,1,1,1,1,1,1,1,1,1,1,1,1,1,1,1,1,1,1,1,1,1,1,1,1,1,1,1,1,1,1,1,1,1,1,1,1,1,1,1,2,1
"PTHR11819_SF18",1,1,1,1,1,1,1,1,1,2,1,1,1,1,1,1,1,1,1,1,1,1,1,1,1,1,1,1,1,1,0,1,1,1,1,1,1,1,1,1,1,1,1,1,1
"PTHR11819_SF57",1,1,1,1,1,1,1,1,1,1,1,1,1,1,1,1,1,1,1,1,1,1,1,1,1,1,1,1,1,1,1,1,1,1,1,1,1,1,1,1,1,1,1,1,1
"PTHR11819_SF95",1,1,0,1,1,1,1,1,1,1,1,1,1,1,1,1,1,1,1,1,1,1,1,1,1,1,1,1,1,1,1,1,1,1,1,1,1,1,1,1,1,1,1,1,1
"PTHR11819_SF96",1,1,1,1,1,1,1,1,4,1,1,1,1,1,1,1,1,1,1,1,1,1,1,1,1,1,1,1,1,1,1,1,1,1,1,1,1,1,1,1,1,1,1,1,1
"PTHR11819_SF99",1,1,0,1,1,1,1,1,1,1,1,1,1,1,1,1,1,1,1,1,1,1,1,1,0,1,1,1,1,1,1,1,1,1,2,1,1,1,1,1,1,1,1,1,1
"PTHR11820_SF1",1,1,1,1,1,1,1,1,1,1,1,1,1,1,1,1,1,1,1,0,1,1,1,1,1,1,1,1,1,1,1,1,1,1,1,1,1,1,1,1,1,1,1,1,1
"PTHR11820_SF7",1,1,1,1,1,1,1,0,0,1,1,1,1,2,0,1,0,1,1,1,1,1,1,1,1,1,1,1,1,0,0,1,1,1,1,2,2,1,2,1,1,1,1,1,1
"PTHR11820_SF74",1,1,1,1,1,1,1,1,1,1,1,1,1,1,1,1,1,1,2,1,2,1,1,1,1,1,1,1,1,1,1,1,1,2,1,1,1,1,2,1,1,2,1,1,1
"PTHR11822",2,2,3,3,2,3,2,2,2,1,2,2,2,3,3,2,2,2,3,3,2,2,2,3,2,2,3,4,2,2,2,4,2,3,2,2,3,2,3,2,3,2,2,2,2
"PTHR11824",4,4,4,4,4,4,4,4,4,4,4,4,4,4,4,5,4,4,4,4,4,4,4,4,4,4,4,4,4,4,4,4,4,4,4,4,4,4,4,4,4,4,3,4,4
"PTHR11825",2,3,2,2,2,2,2,2,2,1,2,2,2,2,2,2,3,2,2,1,2,3,2,2,2,2,2,2,2,2,2,2,2,2,2,2,2,3,2,2,2,2,2,2,2
"PTHR11827_SF2",1,1,1,1,1,1,1,1,1,1,1,1,1,1,1,1,1,1,1,1,1,1,1,1,1,1,2,1,1,1,1,1,1,1,1,1,1,1,1,1,1,1,1,1,1
"PTHR11827_SF45",1,1,1,1,1,1,1,1,1,1,1,2,1,1,1,1,1,1,1,1,1,1,1,1,1,1,1,1,1,1,1,1,1,1,1,1,1,1,1,1,1,1,1,1,1
"PTHR11827_SF46",1,1,1,1,1,1,1,1,1,1,1,1,1,1,1,1,1,1,1,1,1,1,1,1,1,1,1,1,1,1,1,1,1,1,1,1,1,1,1,1,1,1,1,1,1
"PTHR11827_SF47",1,2,1,1,1,1,1,1,1,0,1,1,1,1,1,2,1,1,1,1,1,1,1,1,1,1,1,1,1,1,0,1,1,1,1,1,1,1,1,1,1,1,1,1,1
"PTHR11827_SF51",1,1,1,1,1,1,1,1,1,0,1,1,1,1,1,1,1,1,1,1,1,1,2,1,1,1,1,1,1,1,1,1,1,1,1,2,1,1,1,1,1,1,1,1,1
"PTHR11827_SF52",1,1,1,1,1,1,1,1,1,1,1,1,1,1,1,1,1,1,1,1,1,1,1,1,1,1,1,1,0,1,1,1,1,1,1,1,1,1,1,1,1,1,1,1,1
"PTHR11827_SF54",1,1,1,1,1,1,1,1,1,1,1,1,1,1,1,1,1,1,1,1,1,1,1,1,1,1,1,1,1,1,1,1,1,1,1,0,1,1,1,1,1,1,1,1,1
"PTHR11827_SF58",1,1,1,1,1,1,1,1,1,1,1,1,1,1,2,1,1,1,1,1,1,1,1,1,1,1,1,1,1,1,1,1,1,1,1,1,1,1,1,1,1,1,1,1,1
"PTHR11827_SF9",1,1,1,1,1,1,1,1,1,1,2,2,1,1,1,1,1,1,1,1,1,1,1,1,1,1,2,1,1,1,1,1,1,1,1,1,1,1,1,1,1,1,1,1,1
"PTHR11829_SF103",1,1,1,1,1,1,1,1,1,1,1,1,1,1,1,2,1,1,1,1,1,1,1,1,1,1,1,1,1,1,1,1,1,1,1,1,1,1,1,1,1,1,1,1,1
"PTHR11829_SF104",1,1,1,1,1,1,1,1,2,1,1,1,1,1,1,1,1,1,1,1,1,1,1,1,1,1,1,1,1,1,1,1,1,1,1,1,1,1,1,1,1,1,1,1,1
"PTHR11829_SF105",1,1,0,0,0,0,1,1,0,1,1,1,1,1,1,1,1,0,1,0,1,1,1,0,1,0,1,0,1,0,0,1,0,0,1,1,0,1,0,1,0,1,0,1,0
"PTHR11829_SF106",5,1,1,1,1,1,1,1,1,2,1,1,1,1,1,1,1,1,1,1,1,1,1,1,1,2,1,1,1,1,1,1,1,1,1,1,2,1,1,1,1,1,1,1,1
"PTHR11829_SF107",1,1,1,1,1,1,1,1,1,1,2,1,1,1,1,1,1,1,1,1,1,1,1,1,1,1,1,1,1,1,1,1,1,1,1,1,1,0,1,1,1,1,1,1,1
"PTHR11829_SF115",1,1,1,1,1,1,1,1,1,1,1,1,1,1,1,1,1,1,1,1,1,1,1,1,1,1,1,1,1,1,1,1,1,1,1,1,1,1,1,1,1,1,1,1,1
"PTHR11829_SF119",1,1,1,1,1,1,1,2,2,2,1,1,1,1,1,1,1,2,1,2,1,1,1,1,1,2,1,1,1,2,2,1,1,1,1,2,2,1,1,0,2,1,2,1,1
"PTHR11829_SF120",1,1,0,1,0,1,1,0,0,0,1,1,1,0,0,1,1,0,0,0,1,1,1,1,1,0,1,0,0,0,0,0,0,1,0,1,0,1,1,1,0,1,0,0,0
"PTHR11829_SF122",1,1,1,1,1,1,1,1,1,3,1,1,1,1,1,1,1,1,1,1,1,1,1,1,1,1,1,1,1,1,1,1,1,1,1,1,1,1,2,1,1,1,1,1,1
"PTHR11829_SF125",1,0,0,0,0,0,0,0,0,0,0,0,0,0,0,0,0,0,0,0,0,0,0,0,0,0,0,0,0,0,0,0,0,0,0,0,0,0,0,0,0,0,0,0,0
"PTHR11829_SF126",1,1,1,1,1,1,1,1,1,1,1,1,1,1,1,1,1,0,1,0,1,1,1,1,1,1,1,1,1,1,0,1,1,1,1,1,1,1,1,0,1,1,0,1,1
"PTHR11829_SF129",1,1,1,1,1,1,1,1,1,1,1,1,1,1,1,2,1,1,1,1,1,1,1,1,1,1,1,1,1,1,1,1,1,1,1,1,1,1,1,1,1,1,1,1,1
"PTHR11829_SF132",1,1,1,1,1,1,1,1,0,1,1,1,1,0,1,1,1,1,1,1,1,1,1,1,1,1,1,1,1,1,0,1,1,1,1,1,0,1,1,1,1,1,1,1,1
"PTHR11829_SF135",1,1,1,1,1,1,1,1,1,1,1,1,1,1,1,1,1,1,1,1,1,1,1,1,1,1,1,1,1,1,1,1,1,1,1,1,1,1,1,1,1,1,1,1,1
"PTHR11829_SF140",1,1,1,1,1,1,1,1,1,2,1,1,1,1,1,1,1,1,1,1,1,1,1,1,1,1,1,1,1,1,1,1,1,1,1,1,1,1,1,1,1,1,1,1,1
"PTHR11829_SF143",1,1,1,1,1,1,1,0,1,0,1,1,1,1,1,1,1,1,1,1,1,1,1,1,0,1,0,0,1,2,0,0,1,1,1,1,0,1,1,1,0,1,0,1,1
"PTHR11829_SF147",1,1,1,1,1,1,1,1,1,1,1,1,1,1,1,2,1,1,1,1,1,1,1,1,1,1,2,1,1,1,1,1,1,1,1,1,1,1,1,1,1,1,1,1,1
"PTHR11829_SF148",1,1,1,1,1,1,1,1,1,0,1,1,1,1,1,1,0,1,1,0,1,1,1,1,1,1,1,1,1,1,1,1,1,1,1,1,1,1,1,1,1,1,1,1,1
"PTHR11829_SF152",1,1,1,1,1,1,1,1,1,0,1,1,1,1,1,2,1,0,1,1,1,1,1,1,0,1,1,1,1,1,2,1,1,1,0,1,1,1,1,1,1,1,1,0,2
"PTHR11829_SF156",1,1,0,1,1,1,1,0,0,1,1,1,1,1,2,1,1,1,1,1,1,0,1,1,1,0,1,1,1,1,0,0,1,1,2,0,0,1,1,1,0,1,0,2,1
"PTHR11829_SF159",1,1,1,1,1,1,2,0,0,1,1,1,1,1,1,1,1,0,1,0,1,1,1,1,1,0,1,1,1,0,0,1,1,1,1,0,0,1,2,1,0,1,0,1,1
"PTHR11829_SF52",1,1,1,0,1,1,1,1,0,0,1,1,1,1,1,1,1,0,1,0,0,0,1,1,0,1,1,0,1,1,0,1,1,1,1,1,0,0,1,1,0,1,1,1,1
"PTHR11829_SF55",1,1,1,1,1,1,1,1,1,1,1,1,1,1,1,1,1,1,1,0,1,1,1,1,1,1,1,1,1,1,1,1,1,1,1,1,1,1,1,1,1,1,1,2,1
"PTHR11829_SF57",1,1,1,1,1,1,1,1,1,1,1,1,1,1,1,1,1,1,1,1,1,1,1,1,1,1,1,1,1,1,1,1,1,1,1,1,1,1,1,1,1,1,0,1,0
"PTHR11829_SF60",1,1,0,0,0,1,1,0,0,0,1,0,1,1,1,1,1,1,1,0,1,0,1,0,1,1,1,0,1,0,0,1,0,0,1,1,0,1,1,0,0,1,0,0,0
"PTHR11829_SF64",1,1,1,1,1,1,1,0,0,2,1,1,1,1,1,1,1,1,1,1,1,1,1,1,1,1,1,1,1,1,1,1,2,1,0,1,1,1,1,1,1,1,1,0,1
"PTHR11829_SF68",1,1,0,0,1,1,1,1,1,1,1,1,1,1,1,1,1,1,0,1,1,0,1,1,1,0,1,1,1,1,1,1,1,0,1,1,1,1,1,1,0,1,1,0,1
"PTHR11829_SF69",1,1,1,0,0,1,0,0,0,1,1,1,1,1,1,1,0,1,1,0,1,0,1,1,1,1,2,1,1,1,0,1,0,1,1,1,0,1,1,1,0,1,0,1,1
"PTHR11829_SF71",1,1,1,1,1,1,1,1,1,1,1,1,1,1,1,2,1,1,1,1,1,1,1,1,1,1,1,1,1,1,1,1,1,1,1,1,1,1,1,1,1,1,1,1,1
"PTHR11829_SF73",1,1,0,0,1,1,1,0,0,2,0,0,0,1,0,1,1,2,0,0,1,0,1,0,0,1,1,0,1,1,0,0,0,0,1,1,1,0,1,1,0,1,0,1,0
"PTHR11829_SF76",1,1,1,1,1,1,1,1,0,1,1,1,1,1,1,1,1,1,1,0,1,1,1,1,1,1,1,0,1,1,1,1,1,1,1,1,1,0,1,1,1,1,1,2,1
"PTHR11829_SF97",1,1,0,1,0,1,1,1,1,1,1,1,1,1,1,2,1,0,1,0,1,1,1,1,1,1,1,0,1,1,0,1,1,1,1,1,0,1,1,1,1,1,1,1,1
"PTHR11830_SF3",1,1,1,1,1,1,1,1,1,1,1,1,1,1,3,1,1,1,1,2,1,1,1,1,0,1,1,1,1,1,1,1,1,1,1,1,1,1,1,1,1,1,1,1,1
"PTHR11831_SF1",1,0,1,2,1,1,1,0,1,1,1,1,0,1,1,1,1,1,1,1,1,1,1,1,1,1,1,0,1,0,1,1,1,1,0,1,1,1,1,1,2,1,0,1,1
"PTHR11834",4,4,4,4,4,4,5,4,4,4,4,4,4,4,5,4,4,4,4,3,4,4,4,4,6,4,5,4,4,5,4,5,4,4,3,4,4,4,5,4,4,4,4,3,4
"PTHR11835",3,3,4,4,4,3,3,4,5,3,4,3,3,3,4,3,4,3,4,5,3,4,4,4,4,4,4,3,3,3,3,6,4,5,5,3,3,4,3,4,3,3,3,7,4
"PTHR11837_SF6",2,1,2,1,1,1,1,1,1,1,1,1,1,1,1,1,1,0,1,1,1,1,1,1,1,1,1,1,1,1,1,1,0,1,1,1,1,1,1,0,1,1,1,1,1
"PTHR11837_SF8",1,1,1,1,1,1,1,1,1,1,1,1,1,1,1,1,1,1,1,2,1,1,1,1,1,1,1,1,1,1,1,1,1,1,1,1,1,1,1,1,1,1,1,1,1
"PTHR11839",2,2,2,3,2,2,2,2,2,2,2,2,2,3,2,2,2,2,2,1,2,2,2,2,2,2,2,3,2,2,2,2,2,2,1,2,3,2,3,2,2,2,2,1,2
"PTHR11841",2,1,1,1,1,1,1,1,1,1,1,1,1,1,1,1,1,1,1,1,1,1,1,1,1,1,1,1,1,1,3,1,2,1,1,1,1,1,1,1,1,1,1,1,1
"PTHR11842",2,2,2,2,3,2,3,2,2,3,2,2,2,3,3,2,2,7,4,5,3,3,2,2,2,2,2,3,2,2,2,4,3,3,3,2,3,2,3,2,2,2,2,2,4
"PTHR11843",4,5,3,5,1,6,3,3,1,5,2,2,3,4,2,1,3,1,6,3,5,3,1,7,4,3,2,4,1,3,2,2,2,7,4,4,5,4,4,7,6,1,1,4,1
"PTHR11844_SF10",1,1,0,0,1,0,0,0,0,2,1,1,1,0,0,0,0,0,0,1,0,0,0,0,0,1,0,0,1,1,1,0,0,0,0,0,0,1,0,0,0,1,0,0,1
"PTHR11844_SF20",1,0,1,1,1,1,1,1,1,1,1,1,1,1,1,1,1,1,1,1,1,1,1,1,0,1,1,1,1,1,1,1,1,1,1,1,1,1,2,1,1,1,1,2,1
"PTHR11844_SF6",1,1,1,1,1,1,1,1,1,1,1,1,1,1,1,1,1,1,1,1,1,1,1,1,1,1,1,1,1,1,1,1,1,1,1,1,1,1,2,1,1,1,1,1,1
"PTHR11844_SF7",1,1,1,1,1,1,1,1,1,1,1,1,1,1,1,1,1,1,1,1,1,1,1,1,1,1,1,1,1,1,1,1,1,1,1,1,1,1,1,1,1,1,1,1,1
"PTHR11844_SF8",1,1,1,1,1,1,1,1,1,1,1,1,1,1,1,1,1,1,1,1,1,1,1,1,1,1,1,1,1,0,1,1,1,1,1,1,1,1,1,1,1,1,1,1,1
"PTHR11845",1,1,1,1,1,1,1,1,1,1,1,1,1,1,1,1,1,1,1,1,1,2,1,1,1,1,2,1,1,1,1,1,1,1,2,1,1,1,1,1,1,1,1,3,1
"PTHR11846",2,2,2,3,2,3,3,2,2,1,2,2,2,2,2,2,2,3,2,1,2,2,2,2,2,2,2,2,2,2,2,2,2,2,2,3,3,2,3,2,3,2,2,3,2
"PTHR11847",2,4,2,6,1,5,3,2,1,1,1,2,2,2,3,1,1,1,7,2,1,4,1,3,6,3,3,2,1,2,3,3,7,4,2,4,4,1,5,2,5,2,1,1,2
"PTHR11848_SF117",1,1,1,1,1,1,1,1,1,1,1,1,1,1,1,1,1,1,1,0,1,1,1,1,1,1,1,1,1,1,1,1,1,1,1,1,1,1,1,1,1,1,1,1,1
"PTHR11848_SF119",1,2,2,2,2,2,1,0,1,2,0,2,2,1,1,2,2,2,2,1,2,2,0,2,1,2,0,1,2,2,2,1,2,2,1,2,1,2,2,0,1,2,1,1,1
"PTHR11848_SF125",1,1,1,1,1,1,1,1,1,1,1,1,1,1,1,1,1,1,1,1,1,1,1,1,1,1,1,1,1,1,7,1,1,1,1,1,1,1,1,1,1,1,1,1,1
"PTHR11848_SF126",1,1,1,1,1,1,1,1,1,1,1,1,1,1,1,1,1,1,1,1,1,1,1,1,1,1,1,1,1,1,1,1,1,1,1,1,1,1,1,1,1,1,1,1,1
"PTHR11848_SF127",1,1,1,1,1,1,1,1,1,2,1,1,1,1,1,1,1,1,1,1,1,1,1,1,1,1,1,1,1,1,1,1,1,1,1,1,1,1,1,1,1,1,1,1,1
"PTHR11848_SF129",1,1,1,1,1,1,1,1,1,1,1,1,1,1,1,1,1,1,1,0,1,1,1,1,1,1,1,1,1,1,1,1,1,1,1,1,1,1,1,1,1,1,1,0,0
"PTHR11848_SF13",1,1,1,1,1,1,1,1,1,1,1,1,1,1,1,1,1,1,1,2,1,1,1,1,1,1,1,1,1,1,1,1,1,1,1,1,1,1,1,1,1,1,1,1,1
"PTHR11848_SF130",1,1,1,1,1,1,1,1,1,1,1,1,1,1,1,1,1,1,1,1,1,1,1,1,1,1,1,1,1,1,1,1,1,1,1,1,1,1,1,1,1,1,1,1,1
"PTHR11848_SF133",1,1,1,1,1,1,1,1,1,1,1,1,1,1,1,1,1,1,1,1,1,1,1,1,1,1,1,1,1,1,1,1,1,1,1,1,1,1,1,1,1,1,1,1,1
"PTHR11848_SF135",1,1,1,1,1,1,1,1,1,1,1,1,2,1,1,1,1,1,1,1,1,1,1,1,1,1,1,1,2,1,1,1,1,1,1,1,1,1,1,1,1,1,1,1,1
"PTHR11848_SF137",1,1,1,1,1,1,1,1,1,1,1,1,1,2,1,1,1,1,1,1,1,1,1,1,1,1,1,1,1,1,1,1,1,1,1,1,1,1,1,1,1,1,1,1,1
"PTHR11848_SF139",1,1,1,1,1,1,1,1,1,1,1,1,1,0,1,1,1,1,1,1,1,1,1,1,1,1,1,1,1,1,1,1,1,1,1,1,1,1,1,1,1,1,1,1,1
"PTHR11848_SF140",1,1,1,1,1,1,1,1,1,1,1,1,1,1,2,1,1,1,1,1,1,1,1,1,1,1,2,1,1,1,1,1,1,1,1,1,1,1,1,1,1,1,1,1,1
"PTHR11848_SF141",1,1,1,1,1,1,2,1,1,1,1,1,1,1,1,1,1,1,1,1,1,1,1,1,1,1,1,1,1,1,1,1,1,1,1,1,1,1,1,1,1,1,1,2,1
"PTHR11848_SF142",1,1,1,1,0,1,1,0,1,0,1,1,0,1,1,2,1,1,1,1,1,1,2,1,1,1,1,1,1,1,0,1,1,1,1,1,0,1,1,1,1,1,1,1,0
"PTHR11848_SF143",1,1,1,1,1,1,1,1,1,1,1,1,1,1,1,1,1,1,1,1,1,1,1,1,1,1,1,1,1,1,1,1,1,1,1,1,1,1,1,1,1,1,1,0,1
"PTHR11848_SF144",1,1,1,1,1,1,1,1,1,1,1,1,1,1,1,1,1,1,1,1,1,1,1,1,1,1,1,1,1,1,1,1,1,1,1,1,1,1,1,1,1,1,1,1,1
"PTHR11848_SF145",1,1,1,1,1,1,1,1,1,4,1,1,1,1,0,1,1,1,1,1,1,1,1,1,1,1,1,1,1,1,1,1,1,1,1,1,1,1,1,1,1,1,1,1,0
"PTHR11848_SF19",1,1,1,2,1,1,1,0,1,1,1,1,1,1,1,1,1,1,1,1,1,1,1,1,1,1,1,1,1,1,1,0,1,1,1,1,1,1,2,1,1,1,1,1,1
"PTHR11848_SF22",1,1,1,1,1,1,1,1,1,1,1,1,1,1,1,1,1,1,1,1,1,0,1,1,1,1,0,1,1,1,1,1,0,1,1,1,1,1,1,1,1,1,1,1,2
"PTHR11848_SF29",1,1,0,1,1,1,1,1,1,1,1,1,1,1,1,1,1,1,1,1,1,1,1,1,1,1,1,1,1,0,1,1,1,1,1,1,0,1,1,1,1,1,1,1,1
"PTHR11848_SF34",1,1,1,1,1,1,1,1,1,1,1,1,1,1,1,1,1,1,1,1,1,1,1,1,1,1,1,1,1,1,1,1,1,1,1,1,1,1,1,1,1,1,1,3,1
"PTHR11848_SF38",1,2,1,1,1,1,1,0,2,1,1,1,1,1,0,1,1,1,1,1,1,1,1,1,1,1,1,1,1,1,1,0,1,1,1,1,1,1,1,1,1,1,1,1,1
"PTHR11848_SF39",1,1,1,1,1,1,1,1,1,1,1,1,2,1,1,1,1,1,1,1,1,1,1,1,1,1,1,1,1,1,1,1,1,1,1,1,1,1,1,1,1,1,1,1,1
"PTHR11848_SF43",1,1,1,1,1,1,1,0,0,1,1,1,1,1,0,1,1,1,1,2,1,1,1,1,1,1,1,1,2,0,1,1,1,1,1,0,1,1,1,1,1,1,0,2,0
"PTHR11848_SF44",1,1,1,1,1,1,1,1,1,1,1,1,1,1,1,1,1,1,1,1,1,1,1,1,1,1,1,1,1,1,1,1,1,1,1,1,1,1,1,1,1,1,1,1,1
"PTHR11848_SF49",1,1,1,1,1,1,1,1,1,1,1,1,1,2,1,1,1,1,1,1,1,1,1,1,1,1,1,1,1,1,1,1,1,1,1,1,1,1,2,1,1,1,1,1,1
"PTHR11848_SF6",1,1,1,1,1,1,1,1,1,1,1,1,1,1,1,1,1,1,1,1,1,1,1,1,1,0,1,1,1,1,1,1,1,1,1,1,1,1,1,1,1,1,1,1,1
"PTHR11848_SF7",1,2,2,2,1,2,1,1,1,1,2,2,1,2,1,2,2,2,2,1,2,1,2,2,2,1,0,2,2,1,2,1,2,2,1,2,2,2,2,2,2,2,2,2,0
"PTHR11848_SF78",1,1,1,1,1,1,1,1,1,1,1,1,1,1,1,1,1,1,1,1,1,0,1,1,1,1,1,1,1,1,0,0,1,1,1,0,1,1,1,1,1,1,1,1,1
"PTHR11849_SF10",1,1,2,2,1,1,1,1,1,1,1,1,1,3,1,1,1,1,2,1,1,1,1,1,1,1,1,2,1,1,1,0,1,2,1,1,3,1,3,1,2,1,1,1,1
"PTHR11849_SF13",1,1,1,1,1,1,1,1,1,1,1,1,1,1,2,1,1,1,1,0,1,1,1,1,1,1,1,1,1,1,1,2,1,1,1,1,1,1,1,1,1,1,1,1,1
"PTHR11849_SF15",1,1,1,1,1,1,1,1,1,1,1,1,1,1,1,1,1,1,1,1,1,1,1,1,1,1,1,1,1,1,1,1,1,1,1,1,1,1,1,2,1,1,1,1,1
"PTHR11849_SF156",1,1,1,1,1,1,1,1,1,1,1,1,1,1,1,1,1,2,1,1,1,1,1,1,1,1,1,1,1,1,1,1,1,1,1,1,1,1,1,1,1,1,0,1,1
"PTHR11849_SF16",1,1,1,1,1,1,1,1,1,1,1,1,1,1,1,1,1,1,1,0,1,1,1,1,1,1,1,1,1,1,0,1,1,1,1,1,1,1,1,1,1,1,1,1,1
"PTHR11849_SF160",1,1,1,1,1,1,1,1,1,1,1,1,1,1,1,1,1,1,1,1,1,1,1,1,1,1,1,1,1,1,1,1,1,1,1,1,1,1,2,1,1,1,1,1,1
"PTHR11849_SF161",1,1,1,1,1,1,1,1,1,1,1,1,1,1,1,1,1,1,1,1,1,1,1,1,1,1,1,1,1,1,1,1,1,1,1,1,1,1,1,1,1,1,1,1,1
"PTHR11849_SF166",1,1,1,1,2,1,1,1,1,1,1,1,1,1,1,1,1,1,1,1,1,1,1,1,1,1,1,1,1,1,1,1,1,1,1,1,1,1,1,1,1,1,1,1,1
"PTHR11849_SF167",1,1,1,1,1,1,2,1,1,1,1,1,1,1,1,1,1,1,1,1,1,1,1,1,1,1,1,1,1,1,1,1,1,1,1,1,1,1,1,1,1,1,1,1,1
"PTHR11849_SF17",1,1,1,1,1,3,1,1,1,1,1,2,1,3,1,1,3,1,2,1,1,1,1,2,1,1,0,2,1,1,2,1,1,2,1,1,3,1,3,1,1,1,1,1,1
"PTHR11849_SF170",1,1,1,1,1,1,1,1,1,1,1,1,1,1,1,1,1,0,1,1,1,1,1,1,1,1,1,1,1,1,1,1,1,1,1,1,1,1,1,1,1,1,1,1,1
"PTHR11849_SF171",1,1,1,1,1,1,1,1,1,1,1,1,1,1,1,1,1,1,1,1,1,1,1,1,1,1,1,1,1,1,1,1,1,1,1,1,1,1,1,1,1,1,1,1,2
"PTHR11849_SF172",1,1,1,1,1,1,2,1,1,1,1,1,1,1,1,1,1,1,1,1,1,1,1,1,1,1,1,1,1,1,1,1,1,1,1,1,1,1,1,1,1,1,1,1,1
"PTHR11849_SF174",1,1,1,1,1,1,1,1,1,1,1,1,1,1,1,2,1,1,1,0,1,1,1,1,1,0,2,0,1,1,1,1,1,1,1,1,1,1,1,1,1,1,1,3,1
"PTHR11849_SF178",1,1,2,1,1,1,1,1,1,1,1,1,1,1,3,1,1,1,3,1,2,1,1,1,2,1,1,1,1,1,1,0,1,2,1,1,1,1,1,1,1,1,1,1,1
"PTHR11849_SF180",1,1,1,1,1,1,1,1,1,1,1,1,1,1,1,1,1,1,1,1,1,1,1,1,1,1,1,1,1,1,1,1,1,1,1,1,1,1,1,1,1,1,1,1,1
"PTHR11849_SF181",1,1,1,1,1,1,1,1,1,1,1,1,1,1,1,1,1,1,1,1,1,1,1,1,1,1,1,1,1,1,1,1,1,1,1,1,1,1,1,1,1,1,1,1,2
"PTHR11849_SF182",1,1,1,1,1,1,1,1,1,1,1,1,1,1,1,1,1,1,1,1,1,1,1,1,1,1,1,1,1,1,1,1,1,1,1,1,1,1,1,1,1,1,1,1,1
"PTHR11849_SF19",1,1,1,1,1,1,1,1,1,1,1,1,1,1,1,1,1,1,1,1,1,1,1,1,1,1,1,1,1,1,1,1,1,1,1,2,1,1,1,1,1,1,1,1,1
"PTHR11849_SF21",1,1,1,1,1,1,0,1,1,1,1,1,1,1,1,1,1,1,1,1,1,1,1,1,1,1,1,1,1,1,1,1,1,1,1,1,1,1,1,1,1,1,1,1,1
"PTHR11849_SF28",1,1,1,1,1,1,1,1,1,1,1,1,1,2,1,1,1,2,1,1,1,1,1,1,1,1,2,1,1,1,1,1,1,1,1,1,1,1,2,1,1,1,1,1,1
"PTHR11849_SF30",1,1,1,1,1,1,1,1,1,1,1,1,1,1,1,1,1,1,1,1,1,1,1,1,2,1,1,1,1,1,1,1,1,1,1,1,1,1,1,1,1,1,1,1,1
"PTHR11849_SF31",2,2,1,1,2,2,1,1,1,0,2,1,1,1,1,1,2,1,2,1,2,1,1,1,2,1,1,0,1,1,1,1,1,1,2,1,1,1,1,1,1,1,1,2,2
"PTHR11849_SF36",1,1,1,1,1,1,1,1,1,1,1,1,1,1,1,1,1,1,1,1,1,1,1,1,1,1,1,1,1,1,0,1,1,1,1,1,1,1,1,1,1,1,1,0,1
"PTHR11849_SF38",1,1,1,1,0,1,1,1,1,1,1,1,1,1,1,1,1,1,1,1,1,1,1,1,1,1,1,1,1,1,1,1,0,1,1,1,1,1,1,1,1,1,1,1,0
"PTHR11849_SF46",1,1,1,1,2,1,1,1,1,1,1,1,1,1,1,1,1,1,1,1,1,1,1,1,1,1,1,1,1,1,1,1,1,1,1,1,1,1,1,1,1,1,1,1,1
"PTHR11849_SF77",1,0,1,1,1,0,1,0,0,1,1,1,1,1,0,1,1,1,1,2,1,1,0,1,0,1,0,1,1,0,1,0,1,1,1,0,1,1,1,0,1,1,1,1,1
"PTHR11850_SF16",1,0,0,0,1,0,1,0,0,0,1,1,1,0,0,2,0,1,1,0,1,0,2,1,0,1,1,0,1,0,1,0,0,1,0,1,0,1,1,1,1,0,0,0,1
"PTHR11850_SF47",1,1,1,2,1,1,2,2,2,1,1,1,1,1,1,1,1,1,1,1,1,1,1,1,1,1,1,1,1,1,1,1,1,1,1,1,1,1,1,1,2,1,1,1,2
"PTHR11850_SF50",2,2,1,1,1,1,1,1,1,1,1,2,2,1,2,8,1,1,1,3,1,1,2,1,1,1,1,1,1,1,1,1,1,1,1,1,1,1,1,1,1,2,1,3,2
"PTHR11850_SF53",1,1,1,1,1,1,1,1,1,1,1,0,1,2,1,1,1,1,1,1,1,1,1,1,1,1,1,1,1,1,1,1,1,1,1,1,1,1,1,1,1,1,1,1,1
"PTHR11850_SF58",1,4,2,2,2,3,2,2,2,3,3,2,2,2,2,2,2,2,2,1,2,2,2,2,2,2,3,2,2,2,2,2,2,2,2,2,2,3,2,3,2,2,2,2,1
"PTHR11850_SF59",1,1,2,1,2,1,2,1,1,1,1,1,1,2,1,2,1,1,1,1,1,1,2,1,2,1,1,2,1,1,1,1,1,2,1,2,2,1,2,1,1,1,1,2,1
"PTHR11850_SF63",1,1,1,1,1,1,1,1,1,1,1,1,1,1,1,1,1,1,1,1,1,1,1,1,1,1,4,1,1,1,1,1,1,1,1,1,1,1,1,1,1,1,1,1,1
"PTHR11850_SF68",1,1,1,1,1,1,2,1,2,1,1,1,1,1,4,1,1,1,1,1,1,1,2,1,1,1,1,1,1,1,1,1,1,1,0,1,1,1,1,2,1,1,1,1,1
"PTHR11850_SF70",1,1,1,1,1,1,0,0,0,0,0,0,1,1,0,1,1,0,1,0,1,1,1,1,1,1,1,1,1,1,1,0,1,1,1,1,1,1,1,1,1,1,1,1,1
"PTHR11850_SF71",1,1,1,1,1,1,1,1,1,1,1,1,1,2,1,1,1,1,1,0,1,1,1,1,1,2,2,1,1,1,1,1,1,1,1,1,1,1,1,1,0,1,1,1,1
"PTHR11850_SF80",1,1,1,1,1,1,1,1,1,1,1,1,1,1,1,1,1,1,1,1,1,1,1,1,1,1,1,1,1,1,2,1,1,1,1,1,1,1,1,1,1,1,1,1,1
"PTHR11850_SF84",1,0,0,0,1,0,0,0,0,1,0,1,0,0,0,0,0,0,0,1,1,1,0,0,0,0,0,0,0,1,0,0,0,1,0,0,0,0,1,0,0,1,0,1,1
"PTHR11851_SF103",1,1,1,1,1,1,2,1,1,1,1,1,1,1,1,1,1,1,1,2,1,1,1,1,1,1,1,1,1,1,2,1,1,1,1,1,1,2,1,1,2,1,1,1,1
"PTHR11851_SF108",1,1,1,1,1,1,1,1,1,1,1,1,1,1,1,1,1,1,1,1,1,1,1,1,1,1,1,1,1,1,1,1,2,1,1,1,1,1,1,1,2,1,1,1,1
"PTHR11851_SF116",1,1,1,2,1,1,1,1,1,1,1,1,1,1,1,1,1,1,1,1,1,1,2,1,1,1,1,1,1,1,1,1,1,1,2,1,1,1,1,1,1,1,1,1,1
"PTHR11851_SF119",1,3,1,3,1,1,3,1,1,1,1,1,1,1,2,2,1,1,2,2,2,1,1,2,1,2,1,1,1,1,3,2,3,1,1,1,1,1,1,1,2,1,1,2,1
"PTHR11851_SF49",1,1,1,1,1,1,1,1,1,1,1,1,1,2,1,1,1,1,1,0,1,1,1,1,1,1,1,1,1,1,0,1,1,1,1,1,2,1,2,1,1,1,1,1,1
"PTHR11851_SF68",1,1,1,1,1,1,1,1,1,1,1,1,2,1,1,1,1,1,1,1,1,1,1,1,1,1,1,1,1,1,1,1,1,1,1,1,1,1,1,1,1,1,1,1,1
"PTHR11851_SF85",1,1,1,1,1,1,1,1,1,1,1,1,1,1,1,1,1,1,1,1,1,1,2,1,1,1,1,1,1,1,1,1,1,1,1,1,1,1,1,1,1,1,1,1,1
"PTHR11852",3,3,5,3,4,3,4,3,4,4,5,3,4,4,4,3,3,2,4,3,4,3,3,4,3,3,4,3,3,3,3,4,3,4,3,3,4,4,4,3,3,4,3,3,4
"PTHR11860_SF2",1,1,1,1,1,0,1,1,1,1,1,1,1,1,1,1,0,1,1,1,1,1,1,1,1,1,1,1,1,1,1,1,1,1,1,1,1,1,1,1,1,1,1,1,1
"PTHR11860_SF22",1,1,1,1,1,0,1,1,0,2,1,1,1,1,1,1,0,1,1,1,1,1,1,1,1,1,1,1,0,1,1,0,1,1,1,1,1,1,1,1,1,1,1,1,1
"PTHR11860_SF34",1,1,1,0,1,1,0,1,1,1,1,1,1,1,0,1,0,1,1,1,1,0,1,1,1,1,1,1,1,1,0,0,0,1,0,1,1,0,1,1,0,0,0,0,1
"PTHR11860_SF35",1,1,1,1,1,1,1,1,1,1,1,1,1,1,1,1,1,1,1,1,1,1,2,1,1,1,1,1,1,1,1,0,1,1,1,1,1,1,1,1,1,1,1,2,0
"PTHR11860_SF36",1,1,0,0,2,2,0,0,0,1,1,1,1,0,0,0,0,1,0,0,0,0,1,0,1,1,1,0,1,1,1,0,0,0,0,1,0,1,0,1,0,1,1,0,1
"PTHR11860_SF37",1,1,1,1,1,1,1,1,1,1,1,1,1,1,1,1,1,1,1,1,1,1,2,1,1,1,1,1,1,1,1,0,1,1,1,1,1,1,1,1,1,1,1,2,1
"PTHR11860_SF4",1,1,1,1,0,1,1,1,0,1,1,1,0,1,1,1,1,1,1,1,1,0,1,1,0,1,1,1,1,1,1,1,1,1,1,1,1,1,1,1,1,1,1,1,0
"PTHR11860_SF41",1,1,1,1,1,1,2,1,1,2,2,2,1,1,1,1,1,0,1,0,2,1,1,1,1,1,1,1,1,1,1,0,1,1,0,1,1,0,1,1,1,1,0,0,1
"PTHR11860_SF42",1,1,1,1,1,1,1,0,0,1,1,1,1,1,0,1,1,1,1,1,1,1,1,1,1,1,1,1,1,1,1,0,1,1,1,1,1,1,1,1,1,1,1,0,1
"PTHR11860_SF43",7,2,1,1,5,4,1,1,1,3,2,2,8,1,1,1,0,3,1,4,1,1,6,1,4,3,2,1,2,5,1,0,3,1,1,5,1,1,1,3,1,4,1,1,5
"PTHR11860_SF45",1,1,1,1,1,1,1,0,0,0,1,1,1,1,0,1,0,0,1,0,1,0,0,1,0,2,0,1,3,1,0,0,1,1,0,0,1,1,1,0,1,1,0,0,1
"PTHR11861",3,3,3,3,3,3,3,3,3,3,3,3,3,4,3,3,3,3,3,3,3,3,3,3,3,3,3,3,3,3,3,3,3,3,3,3,3,3,3,3,3,3,3,5,3
"PTHR11863_SF22",1,1,1,1,8,1,2,1,1,1,1,1,1,1,1,1,1,2,1,1,1,1,1,1,1,0,1,1,1,1,1,1,2,1,1,1,1,1,1,1,1,1,2,1,5
"PTHR11863_SF26",1,0,1,1,1,1,1,1,1,1,1,1,1,1,1,1,1,1,1,1,1,1,1,1,1,1,1,1,1,1,1,1,1,1,1,0,1,1,1,1,1,1,1,1,1
"PTHR11863_SF33",1,1,1,1,1,1,1,1,1,1,1,1,1,2,2,1,1,1,1,1,1,2,1,1,1,1,1,1,1,2,1,1,1,1,1,1,1,2,1,1,1,1,1,1,1
"PTHR11863_SF5",1,0,1,0,0,1,1,1,1,3,1,1,1,1,0,1,1,1,0,1,1,0,1,0,1,1,1,1,1,1,1,0,1,0,1,1,1,0,1,1,0,1,1,1,1
"PTHR11864",2,3,2,2,2,2,2,2,2,2,2,2,2,2,4,2,2,2,2,2,2,2,2,2,2,2,2,2,2,2,3,3,2,2,2,2,2,2,2,2,2,2,2,3,2
"PTHR11866",8,8,7,8,7,8,8,8,8,8,8,9,7,8,8,8,8,8,8,7,8,8,8,8,8,8,8,8,8,8,6,8,8,8,7,8,7,8,8,9,7,7,7,8,7
"PTHR11871",4,3,4,4,4,3,4,5,4,5,4,4,4,4,12,4,5,4,4,5,5,5,4,4,4,4,4,4,4,3,4,6,4,4,5,5,4,4,4,4,4,4,4,5,4
"PTHR11873",1,1,1,1,1,1,1,1,1,1,1,1,1,1,1,1,1,1,1,1,1,1,1,1,1,1,1,1,1,1,1,1,1,1,2,1,1,1,1,1,1,1,1,2,0
"PTHR11875_SF12",2,0,0,2,0,10,0,0,0,0,1,0,0,0,0,7,0,0,0,0,3,0,0,0,0,0,0,0,0,2,0,0,0,0,0,0,0,0,10,1,0,1,0,0,1
"PTHR11875_SF30",1,2,1,0,1,1,1,1,1,1,1,1,1,1,1,1,1,1,1,2,1,0,1,1,1,1,1,1,1,1,1,0,1,1,0,1,1,1,1,1,0,1,0,0,1
"PTHR11875_SF31",1,1,1,1,1,1,1,1,1,1,1,1,1,1,1,1,1,1,1,1,1,1,1,1,1,1,1,1,1,1,1,1,1,1,0,1,1,0,1,1,1,1,1,0,1
"PTHR11875_SF33",1,1,1,0,0,0,1,0,0,1,1,1,1,1,1,1,1,1,1,1,1,0,1,1,1,1,1,1,1,1,1,0,1,1,0,1,1,1,1,1,0,0,0,0,1
"PTHR11875_SF34",2,6,3,2,2,5,4,3,2,2,2,2,2,5,5,3,2,3,3,2,3,2,2,3,2,3,2,2,4,6,2,6,3,3,4,2,3,3,3,2,5,2,2,3,2
"PTHR11875_SF35",1,1,1,0,1,1,1,0,0,0,1,1,1,1,1,1,1,0,1,1,1,1,1,1,1,1,1,1,1,1,1,0,1,1,0,1,1,0,1,1,0,0,1,0,1
"PTHR11875_SF36",1,0,0,0,1,1,1,0,0,0,1,1,0,1,0,1,1,1,0,1,1,0,1,0,1,1,1,1,1,0,1,0,1,0,0,0,0,1,0,1,0,2,1,0,0
"PTHR11875_SF38",1,0,1,1,1,1,1,0,0,0,0,1,1,1,0,1,1,1,1,1,1,1,1,1,0,1,1,1,1,0,1,0,1,1,0,1,1,1,1,1,1,0,1,0,1
"PTHR11875_SF53",2,0,0,0,2,0,0,0,0,0,0,0,4,0,0,0,0,2,0,0,0,0,0,0,0,1,0,0,2,1,0,0,0,0,0,0,0,0,0,0,0,0,0,0,2
"PTHR11875_SF56",1,2,5,3,2,1,3,1,5,4,1,1,3,1,7,1,4,1,4,6,1,2,1,3,5,2,2,4,2,6,5,1,3,6,1,2,1,4,2,1,4,2,1,1,4
"PTHR11875_SF58",2,2,5,4,3,2,3,1,0,3,2,1,0,2,2,2,1,0,3,1,2,1,1,3,1,1,0,2,4,0,1,2,3,2,1,0,4,0,4,3,5,0,0,2,1
"PTHR11877",2,2,2,2,2,2,2,2,2,2,2,2,2,2,2,2,2,1,2,2,2,2,2,2,2,2,2,2,2,2,2,2,2,2,2,2,2,2,2,2,2,2,2,2,2
"PTHR11878_SF19",1,1,1,1,1,1,1,1,1,1,1,1,1,0,1,1,1,1,1,1,1,1,1,1,1,1,1,1,1,1,1,1,1,1,1,1,1,1,1,1,1,1,1,1,1
"PTHR11878_SF20",1,1,1,1,1,1,1,3,3,3,1,1,1,1,1,1,2,1,1,1,1,2,1,1,2,1,2,1,1,1,1,3,1,2,2,1,1,1,1,1,1,1,1,2,1
"PTHR11878_SF24",1,1,1,1,1,1,1,1,1,1,1,1,1,1,1,1,1,1,1,1,1,1,1,1,1,2,1,1,1,1,1,0,1,1,2,1,1,1,1,1,1,1,1,1,1
"PTHR11878_SF29",1,1,1,1,1,1,1,1,1,1,1,1,1,1,1,1,1,1,1,0,1,1,1,1,1,1,0,1,1,1,1,1,0,1,0,1,1,1,1,1,1,1,1,1,1
"PTHR11878_SF30",1,0,1,1,0,1,1,0,1,0,1,1,1,1,0,1,1,0,1,0,1,1,1,1,0,1,0,1,1,1,1,0,1,1,1,0,1,1,1,1,1,0,0,1,0
"PTHR11878_SF7",1,1,1,1,1,1,1,1,1,1,1,1,1,1,1,1,1,1,1,1,1,1,1,1,1,1,4,1,1,1,1,1,1,1,1,1,1,1,1,1,1,1,1,2,1
"PTHR11878_SF8",1,1,1,1,1,1,2,1,1,1,2,1,1,1,1,1,1,0,1,0,1,1,1,1,1,1,2,1,1,1,1,1,1,1,1,1,1,1,1,1,1,1,1,1,1
"PTHR11879",4,3,7,3,4,3,3,3,3,2,3,3,3,4,3,3,6,3,4,4,3,4,3,5,3,5,3,5,3,3,3,4,3,4,3,3,4,3,4,3,4,3,3,4,3
"PTHR11883",5,4,4,4,4,4,5,4,4,4,4,4,4,5,4,5,4,4,4,4,4,4,5,4,3,4,5,5,4,4,4,4,4,4,4,4,3,4,4,4,4,4,4,4,4
"PTHR11884",1,1,1,1,1,1,1,1,1,1,1,1,1,1,1,1,1,1,1,1,1,1,1,1,1,1,1,1,1,1,1,1,1,1,1,1,1,1,1,1,1,1,1,1,1
"PTHR11885",1,5,7,4,2,4,2,2,1,3,2,1,3,4,4,1,2,1,6,2,1,5,1,6,6,2,4,5,2,4,1,8,1,4,5,5,4,6,4,2,5,3,1,3,2
"PTHR11886_SF33",3,7,2,3,4,5,9,2,2,2,4,3,2,4,2,2,3,2,4,4,2,3,3,4,5,3,2,2,2,5,4,5,2,3,5,5,3,2,5,5,1,2,2,4,4
"PTHR11889_SF15",1,1,1,1,1,1,1,1,1,0,1,1,1,1,1,1,1,1,1,1,1,1,1,1,1,1,1,1,1,2,1,1,1,1,1,1,1,1,1,1,1,1,1,1,1
"PTHR11889_SF36",1,1,1,1,1,1,1,1,1,1,1,1,1,1,1,1,1,1,1,1,1,1,1,1,1,1,1,1,1,1,1,1,1,1,1,1,1,1,1,1,1,1,1,1,1
"PTHR11889_SF39",1,1,1,1,1,1,1,1,1,1,1,1,1,1,1,1,1,1,1,1,1,1,1,1,1,1,1,1,1,1,1,1,1,1,1,1,1,1,1,1,1,1,1,1,1
"PTHR11890",13,12,11,12,10,11,11,11,11,12,11,11,11,11,11,11,10,11,11,10,12,11,11,11,11,13,11,11,11,13,10,9,11,11,12,11,10,11,11,11,11,11,12,14,11
"PTHR11895_SF51",1,1,1,1,1,1,1,1,1,1,1,1,1,1,1,1,1,1,1,1,1,1,1,1,1,1,1,1,1,1,1,1,1,1,1,1,1,1,1,2,1,1,1,1,1
"PTHR11895_SF58",1,1,0,0,1,0,1,0,0,0,0,1,0,0,0,0,0,1,0,1,1,1,0,0,0,0,0,0,1,1,0,0,1,0,0,0,0,0,0,0,1,1,0,0,1
"PTHR11895_SF7",1,1,2,1,1,2,1,1,1,1,1,1,1,2,1,1,1,1,2,1,1,1,1,2,1,1,1,2,1,2,1,1,1,1,1,1,2,1,2,1,1,1,1,1,1
"PTHR11902",4,4,6,11,8,5,12,4,4,4,5,4,4,5,4,4,4,4,5,5,5,5,5,5,5,4,4,5,4,5,5,11,5,5,7,5,5,4,5,8,7,4,4,7,6
"PTHR11903",2,2,2,2,2,2,2,2,2,2,2,2,2,2,2,2,3,2,2,2,2,2,2,2,2,2,2,2,2,2,2,2,2,2,2,2,2,2,2,2,2,2,2,5,2
"PTHR11904",2,4,2,2,2,3,5,2,3,4,3,4,2,3,6,3,2,2,4,4,3,2,4,3,2,2,3,3,2,2,3,4,3,3,2,3,3,2,3,2,2,2,2,3,2
"PTHR11905_SF108",1,1,1,1,1,1,1,1,1,1,1,1,1,1,1,2,1,2,1,1,1,1,1,1,1,1,1,1,1,1,1,1,1,1,2,1,1,1,1,1,1,1,1,0,1
"PTHR11905_SF112",1,1,1,1,1,1,1,1,1,1,1,1,1,1,1,1,1,1,1,2,1,1,1,1,1,1,1,1,1,1,1,1,1,1,1,1,1,1,1,1,1,1,1,1,1
"PTHR11905_SF113",1,1,1,1,1,1,1,1,1,1,1,1,1,1,1,1,1,1,1,1,1,1,1,1,1,1,2,1,1,2,1,1,1,1,1,1,1,1,1,1,1,1,1,1,1
"PTHR11905_SF114",1,1,1,1,1,1,1,1,1,1,1,1,1,1,1,1,1,1,1,1,1,1,1,1,1,1,1,1,1,1,1,1,1,1,1,1,1,1,1,1,1,1,1,1,1
"PTHR11905_SF116",1,1,2,1,1,1,1,0,0,0,1,0,0,2,1,1,1,1,2,2,1,1,1,2,0,1,2,0,1,1,1,0,1,2,0,2,2,1,2,2,1,1,0,0,1
"PTHR11905_SF120",3,4,0,1,2,2,0,0,1,4,1,3,2,0,1,0,1,3,1,3,2,0,2,1,0,2,0,0,1,2,2,0,2,1,6,2,1,2,1,1,1,3,0,1,2
"PTHR11905_SF121",1,1,1,1,1,1,1,1,1,1,1,1,1,1,1,1,1,1,1,1,1,1,1,1,1,1,1,1,1,1,1,1,1,1,1,1,1,1,1,1,1,1,1,1,1
"PTHR11905_SF124",1,2,2,2,2,0,1,0,1,3,1,3,2,1,0,0,1,1,4,2,4,0,2,2,0,1,2,1,0,1,3,0,1,4,1,1,2,1,1,1,2,2,0,2,2
"PTHR11905_SF125",1,1,1,1,1,1,1,1,1,1,1,1,1,1,1,1,1,0,1,1,1,1,1,1,1,1,1,1,1,1,1,1,1,1,1,1,1,1,1,1,1,1,1,1,1
"PTHR11905_SF13",1,1,1,1,1,1,1,1,1,1,1,1,1,1,1,1,1,1,1,1,1,1,1,1,1,1,1,1,1,1,1,1,1,1,1,1,1,1,1,1,1,1,1,0,1
"PTHR11905_SF130",1,1,1,1,1,1,1,1,1,1,1,1,1,1,1,1,1,1,1,1,1,1,1,1,1,1,1,1,1,1,1,1,1,1,1,1,1,1,1,1,1,1,1,2,1
"PTHR11905_SF133",1,1,0,0,1,1,1,0,0,1,1,3,1,1,0,1,0,1,0,0,2,1,3,1,0,2,3,1,1,2,3,0,1,0,1,3,1,0,2,1,1,1,0,4,1
"PTHR11905_SF134",1,5,0,0,1,0,1,0,0,1,1,1,1,0,0,0,1,1,0,7,0,0,5,0,1,1,4,0,1,2,5,0,2,0,0,5,0,0,0,3,0,1,0,0,1
"PTHR11905_SF14",1,1,1,1,1,1,1,1,1,1,1,1,1,1,1,1,1,1,1,1,1,1,1,1,2,1,1,1,1,1,1,1,1,1,1,1,1,1,2,1,1,1,1,1,1
"PTHR11905_SF19",1,1,1,1,1,1,1,1,1,1,1,1,1,1,1,1,0,1,1,1,1,1,0,1,1,1,2,1,1,1,1,1,1,1,1,1,1,1,1,1,1,1,1,1,1
"PTHR11905_SF21",1,1,1,1,1,1,1,1,1,1,1,1,1,1,1,1,1,1,1,1,1,1,1,1,1,1,1,1,1,1,1,1,1,1,0,1,1,2,1,1,1,1,1,0,1
"PTHR11905_SF22",2,1,1,1,1,1,1,1,1,1,1,2,1,1,1,1,1,1,1,1,1,2,1,1,1,1,1,1,1,1,1,1,1,1,1,1,1,1,1,1,1,1,1,1,1
"PTHR11905_SF24",1,1,1,1,1,1,1,2,0,1,0,1,1,1,0,2,0,1,1,1,1,1,1,1,1,1,0,1,1,1,3,0,1,1,0,1,1,1,1,1,1,1,1,0,1
"PTHR11905_SF26",3,1,1,1,2,2,1,1,1,1,1,1,2,0,0,0,1,1,1,3,1,1,1,1,1,2,1,1,2,3,2,0,0,1,0,1,0,2,0,1,1,2,0,0,2
"PTHR11905_SF27",1,1,0,0,1,0,1,1,1,1,0,2,1,0,1,0,0,1,1,1,0,0,1,1,1,1,1,1,1,1,1,0,1,1,0,1,1,1,1,1,1,1,1,0,1
"PTHR11905_SF28",2,1,1,1,1,1,1,1,1,1,1,1,1,1,0,2,1,1,1,1,1,1,1,1,1,2,1,0,1,1,1,0,1,1,1,1,1,1,1,1,1,1,1,0,1
"PTHR11905_SF30",1,2,0,0,3,0,1,0,1,4,1,2,0,2,1,0,0,1,3,4,0,0,2,1,0,4,1,0,4,1,2,0,2,2,0,0,2,0,3,1,0,4,0,0,3
"PTHR11905_SF31",1,2,0,0,1,1,1,0,0,1,1,1,0,1,0,1,0,2,0,1,1,0,1,0,0,1,1,0,1,3,1,0,1,0,5,1,1,0,1,1,1,1,0,5,2
"PTHR11905_SF32",1,1,1,1,1,1,1,1,1,1,1,1,1,1,1,1,1,1,1,1,1,2,1,1,1,1,1,1,1,1,1,1,1,1,1,1,1,1,1,1,1,1,1,1,1
"PTHR11905_SF34",1,1,0,0,1,0,1,1,0,1,1,1,1,1,0,1,1,1,0,1,1,1,1,0,0,1,0,1,1,1,2,1,1,1,0,1,1,1,1,0,1,0,0,0,1
"PTHR11905_SF38",1,1,1,1,1,1,1,1,1,1,1,1,1,1,1,1,2,1,1,1,1,1,2,1,1,1,1,1,1,1,1,0,1,1,2,1,1,1,1,1,1,1,1,1,1
"PTHR11907_SF3",1,1,1,1,1,3,1,1,1,1,2,1,1,2,1,1,1,1,1,1,1,2,1,1,1,1,1,1,1,2,1,1,1,1,1,1,2,1,2,1,2,1,1,1,1
"PTHR11908_SF32",4,4,4,3,3,4,3,3,4,4,4,8,4,2,4,2,4,4,4,4,4,4,5,4,4,6,5,3,4,4,5,4,4,4,4,5,3,4,3,5,3,4,2,5,3
"PTHR11909_SF100",1,1,1,1,1,1,1,1,1,1,1,1,1,1,1,1,1,1,1,1,1,1,1,1,1,1,1,1,1,1,1,1,2,1,1,1,1,1,1,1,1,1,1,1,1
"PTHR11909_SF101",1,1,1,2,1,1,1,1,1,1,1,1,1,1,1,1,1,2,1,2,1,1,1,1,1,1,1,1,1,1,0,1,2,1,1,1,1,0,1,1,2,1,1,3,1
"PTHR11909_SF112",1,1,1,1,1,1,1,1,1,1,1,1,1,1,1,1,1,1,1,1,1,2,1,1,1,1,1,1,1,1,1,1,2,1,0,1,1,1,1,1,1,1,1,0,1
"PTHR11909_SF132",1,1,1,1,1,1,1,1,1,2,1,1,1,1,1,1,2,1,1,1,1,1,1,1,1,1,1,1,1,1,1,1,1,1,1,1,1,1,1,1,1,1,1,5,1
"PTHR11909_SF7",1,1,2,1,1,1,1,1,1,1,1,1,1,1,1,1,1,1,2,1,1,1,1,2,1,1,1,1,1,1,1,1,1,2,1,1,1,1,1,1,1,1,1,1,1
"PTHR11909_SF74",2,2,2,2,2,2,2,2,2,3,2,2,2,2,3,3,2,2,2,2,2,2,2,2,2,2,2,2,2,2,2,3,3,2,2,2,2,2,2,2,2,2,2,2,2
"PTHR11909_SF78",1,1,1,2,1,1,2,1,1,2,1,1,1,1,3,1,1,1,1,1,1,2,1,1,1,1,1,1,1,1,1,3,1,1,1,1,1,1,1,1,2,1,1,1,1
"PTHR11909_SF83",1,1,1,1,1,1,1,1,1,1,1,1,1,1,1,1,1,1,1,1,1,1,1,1,1,1,1,1,1,1,1,1,1,1,2,1,1,1,1,1,1,1,1,1,1
"PTHR11909_SF84",1,5,2,2,1,4,1,3,2,2,1,1,1,2,6,1,2,1,3,2,2,1,1,2,1,1,1,2,1,4,7,3,3,3,6,1,2,1,3,1,1,1,1,6,1
"PTHR11909_SF92",1,1,1,1,1,1,1,1,1,1,1,1,1,1,1,1,1,1,1,1,1,1,1,1,1,1,1,1,1,1,1,1,1,1,1,1,1,1,1,1,1,1,1,1,1
"PTHR11909_SF99",1,1,1,1,1,1,1,1,1,1,1,1,1,1,1,1,1,1,1,1,1,1,1,1,1,1,2,1,1,1,1,1,1,1,1,1,1,1,1,1,1,1,1,0,1
"PTHR11910",1,1,2,2,4,1,1,1,1,1,1,1,1,2,1,2,1,1,2,2,2,1,1,2,1,1,1,1,2,1,1,1,2,2,3,2,2,1,3,1,2,2,1,3,2
"PTHR11911_SF61",1,1,1,1,1,1,2,1,1,1,1,1,1,1,1,1,1,1,1,1,1,1,1,1,1,1,1,1,1,1,1,1,1,1,1,1,1,1,1,1,1,1,1,1,1
"PTHR11911_SF64",2,1,1,1,1,1,1,1,1,1,1,1,1,1,1,1,1,1,1,1,1,1,1,1,1,0,1,1,1,1,1,3,1,1,2,1,1,1,1,1,1,1,1,1,1
"PTHR11911_SF74",1,1,7,1,1,1,1,1,1,1,1,1,1,6,1,1,1,1,5,1,2,1,1,7,1,1,1,7,1,1,1,1,1,5,1,1,8,1,9,1,1,1,1,1,1
"PTHR11911_SF81",1,1,1,1,1,1,1,1,1,1,1,1,1,1,1,2,2,1,1,1,1,2,1,1,1,1,1,1,1,1,1,3,1,1,1,1,1,1,1,1,1,1,1,1,1
"PTHR11913",4,3,7,5,8,4,5,5,3,6,3,3,4,8,5,3,6,3,6,4,3,8,3,5,6,4,4,8,4,3,5,9,4,7,5,6,8,6,8,6,8,4,3,3,7
"PTHR11915_SF12",1,0,1,1,0,1,1,1,1,1,1,0,0,1,1,1,1,1,1,1,0,1,1,1,1,1,0,0,0,0,0,0,1,1,0,1,1,1,1,1,1,1,1,0,0
"PTHR11915_SF173",2,2,2,2,2,2,2,2,2,2,2,2,2,2,2,2,2,2,3,2,3,2,2,2,2,2,1,2,2,2,3,2,3,3,3,2,2,2,2,2,2,2,2,2,2
"PTHR11915_SF205",1,1,1,1,1,1,1,1,1,1,1,1,1,1,1,1,1,1,1,1,1,1,1,1,1,1,1,1,1,1,1,1,1,1,1,1,1,1,1,1,1,1,1,1,1
"PTHR11915_SF208",1,2,2,2,1,2,3,2,2,1,1,2,2,2,2,2,2,1,2,1,2,2,2,2,2,1,2,2,2,2,2,2,1,1,1,2,2,2,2,2,2,2,1,1,0
"PTHR11915_SF213",1,1,1,1,1,1,1,1,1,1,1,1,1,1,1,1,1,1,1,1,1,1,1,1,1,1,0,1,1,1,1,1,1,1,1,1,1,1,1,1,1,0,1,1,1
"PTHR11915_SF214",1,1,1,1,1,1,1,1,0,1,0,1,1,1,0,1,0,1,1,1,1,0,1,1,1,1,0,1,1,1,1,0,1,1,1,1,1,0,1,2,1,1,1,0,1
"PTHR11915_SF218",1,1,1,1,1,1,1,1,1,1,1,1,1,1,1,1,1,1,1,1,1,1,1,1,1,1,1,1,1,1,1,1,1,1,1,1,1,1,1,1,1,1,1,1,1
"PTHR11915_SF223",1,1,1,1,1,1,1,1,1,1,1,1,1,1,1,1,1,1,1,1,1,1,1,1,1,1,1,1,1,1,1,1,1,1,1,1,1,1,1,1,1,1,1,1,1
"PTHR11915_SF225",3,3,2,4,3,2,2,2,2,2,3,2,2,2,2,2,2,3,2,2,2,5,2,4,2,2,2,2,2,2,3,2,2,2,4,2,2,2,2,3,2,4,2,2,4
"PTHR11915_SF226",1,1,1,1,1,1,1,1,1,1,1,1,1,1,1,1,1,1,1,1,1,1,1,1,1,1,1,1,1,1,2,1,1,1,1,1,1,1,1,1,1,1,1,1,1
"PTHR11915_SF227",1,1,1,1,1,1,0,0,0,1,0,1,1,1,1,1,0,1,0,0,1,1,1,1,0,0,2,1,2,0,0,0,0,1,0,1,1,1,1,0,1,1,1,0,1
"PTHR11915_SF230",2,1,1,1,1,1,1,1,1,1,1,1,1,1,1,1,1,2,1,1,1,1,1,1,1,1,0,1,1,1,1,1,1,1,1,1,1,1,1,1,1,1,1,1,1
"PTHR11915_SF232",1,1,1,1,2,1,2,1,1,2,1,2,1,1,1,1,1,1,1,1,2,1,1,1,1,1,1,1,1,1,1,1,1,1,1,1,1,1,1,1,1,1,1,1,2
"PTHR11915_SF234",1,1,1,1,1,1,1,1,1,1,1,1,1,1,1,1,1,1,1,1,1,1,1,1,1,1,1,1,1,1,1,1,1,1,1,1,1,1,1,1,1,1,1,1,1
"PTHR11915_SF236",2,2,2,2,2,2,2,2,2,2,2,2,2,2,2,2,2,2,2,2,2,2,2,2,2,2,2,2,2,2,2,2,2,2,2,2,2,2,2,2,2,2,2,3,2
"PTHR11915_SF237",1,1,1,1,1,1,1,1,0,1,1,1,1,1,0,1,1,1,1,1,1,1,1,1,1,0,1,1,1,1,1,1,1,1,0,1,1,1,1,1,1,1,0,0,1
"PTHR11915_SF238",1,1,1,1,1,1,1,1,1,1,1,1,1,1,1,1,1,1,1,1,1,1,1,1,1,1,1,1,1,1,1,1,1,1,1,1,1,1,1,1,1,1,1,1,2
"PTHR11915_SF239",1,1,1,1,1,1,1,1,1,1,1,1,1,1,1,1,1,1,1,1,1,1,1,1,1,1,1,1,1,1,1,1,1,1,1,1,1,1,1,1,1,1,1,1,1
"PTHR11915_SF240",1,1,1,1,1,1,1,1,1,1,1,1,1,1,1,1,1,1,1,1,1,1,1,1,1,1,1,1,1,1,1,1,1,1,1,1,1,1,1,1,1,1,1,1,1
"PTHR11915_SF241",1,1,1,1,1,1,1,1,1,1,1,1,1,1,1,3,1,1,2,1,1,1,1,1,1,1,1,1,1,1,1,1,1,1,1,1,1,1,1,1,1,1,1,1,1
"PTHR11915_SF245",1,1,1,1,1,1,1,1,1,1,1,1,1,1,1,1,1,1,1,0,1,1,1,1,1,1,1,1,1,1,1,1,1,1,1,1,1,1,1,1,1,1,1,1,1
"PTHR11915_SF247",1,1,1,1,1,2,1,1,1,1,1,1,1,1,1,1,1,1,1,1,1,1,1,1,1,1,1,1,1,2,1,1,1,1,1,1,1,1,1,1,1,1,1,1,1
"PTHR11915_SF248",1,1,2,2,1,1,1,1,1,1,1,1,1,2,1,1,1,1,2,1,1,2,1,2,1,1,1,2,1,1,1,1,1,2,1,2,1,1,1,1,2,1,1,1,1
"PTHR11915_SF249",1,0,1,1,1,1,1,1,1,1,1,1,1,0,0,1,1,1,1,0,1,1,1,1,1,1,1,1,1,1,1,0,1,1,0,1,0,1,1,1,1,1,1,1,1
"PTHR11915_SF250",1,1,1,1,1,1,1,1,1,1,1,1,1,1,1,1,1,1,1,1,1,1,1,1,1,1,1,1,1,2,1,1,1,1,1,1,1,1,1,1,1,1,1,1,1
"PTHR11915_SF252",1,1,0,0,1,0,0,0,0,1,0,1,1,0,0,2,0,1,0,0,0,0,1,0,0,0,1,0,0,2,1,0,0,1,0,0,1,1,0,0,0,0,0,0,1
"PTHR11915_SF256",1,1,1,1,1,1,1,1,1,1,1,1,1,1,1,1,1,1,1,1,1,1,1,1,1,1,1,1,1,1,1,1,1,1,1,1,1,1,1,1,1,1,1,1,1
"PTHR11915_SF259",1,1,1,1,1,1,1,1,1,1,1,1,1,1,1,1,1,1,1,1,1,1,1,1,1,1,1,1,1,1,1,1,1,1,1,1,1,1,1,1,1,1,1,1,1
"PTHR11915_SF261",4,2,1,1,1,2,1,1,1,3,2,1,1,1,1,1,1,3,1,6,1,1,1,1,2,1,1,1,1,3,2,2,1,1,2,3,1,2,2,1,1,1,1,2,2
"PTHR11915_SF264",2,1,1,1,1,1,1,2,1,3,1,1,2,1,2,1,1,1,1,1,1,1,1,2,1,1,1,1,1,1,1,1,2,1,1,1,1,1,1,0,1,1,1,1,1
"PTHR11915_SF267",1,4,1,1,1,1,1,2,2,2,3,1,1,1,2,1,2,1,1,2,1,1,1,1,1,1,3,1,1,1,1,1,1,1,3,3,1,2,1,0,1,3,1,2,2
"PTHR11915_SF268",2,2,2,2,2,2,2,2,2,2,2,2,2,4,2,2,2,2,2,2,1,2,2,2,2,2,2,2,2,2,2,2,2,2,2,2,2,2,2,2,2,2,1,3,2
"PTHR11915_SF271",1,1,1,1,1,1,1,1,1,1,1,1,1,1,1,3,1,1,1,1,1,1,1,1,1,1,1,2,1,1,1,2,1,1,1,1,2,1,2,1,1,1,1,1,1
"PTHR11915_SF37",2,1,1,1,1,1,1,1,1,1,3,1,1,1,1,1,1,1,1,1,1,1,1,1,2,1,2,1,1,1,1,2,1,1,1,1,1,1,1,1,1,1,1,1,2
"PTHR11915_SF38",1,2,1,1,1,1,1,1,1,1,2,1,1,2,1,1,1,1,1,1,1,1,1,1,2,1,3,1,1,1,1,1,1,1,1,1,1,1,1,1,1,1,1,1,2
"PTHR11918_SF45",1,1,1,1,1,1,1,1,1,1,1,1,1,1,2,1,1,1,1,1,1,1,1,1,1,1,2,1,1,1,1,2,1,2,1,1,1,1,1,1,1,1,1,1,1
"PTHR11918_SF48",1,1,1,1,1,1,1,1,1,1,1,1,1,1,1,1,1,1,1,1,1,1,1,1,1,3,1,1,1,1,1,1,1,1,1,1,1,1,1,1,1,1,1,1,1
"PTHR11920_SF2",2,1,1,1,1,1,1,1,1,1,1,1,1,1,1,1,1,1,1,1,1,1,1,1,1,1,1,1,1,1,1,1,1,1,1,1,1,1,1,1,1,1,1,1,1
"PTHR11920_SF20",1,1,1,1,2,1,1,1,1,2,1,1,1,1,1,1,1,2,1,0,1,1,1,1,1,1,1,2,2,1,2,1,1,1,1,1,1,1,2,1,1,1,1,1,1
"PTHR11920_SF221",1,1,1,1,1,1,1,1,1,1,1,1,1,1,1,1,1,1,1,1,1,1,1,1,1,1,1,1,1,1,1,1,1,1,1,1,1,1,1,1,1,1,1,1,1
"PTHR11920_SF226",1,1,1,1,1,1,1,1,1,1,1,1,1,1,1,1,1,1,1,1,1,1,1,1,1,1,1,1,1,1,1,1,1,1,1,1,1,1,1,1,1,1,1,1,1
"PTHR11920_SF228",1,1,1,1,1,1,1,1,1,1,1,1,1,1,1,1,1,1,1,1,1,1,1,1,1,1,1,1,1,1,1,1,1,1,2,1,1,1,1,1,1,1,1,1,1
"PTHR11920_SF229",1,1,1,1,1,1,1,1,1,2,1,1,1,1,1,1,1,1,1,1,1,1,1,1,1,1,1,1,1,1,1,1,1,1,1,1,1,1,1,1,1,1,1,2,1
"PTHR11920_SF230",2,0,0,0,0,0,0,1,0,1,0,0,1,0,1,0,0,0,0,1,0,0,1,0,0,0,1,0,0,1,1,1,1,0,1,1,0,1,0,1,0,0,0,1,0
"PTHR11920_SF231",1,1,1,1,1,1,1,1,1,1,1,1,1,1,1,1,1,1,1,1,1,1,1,1,1,1,1,1,1,1,1,1,1,1,1,1,1,1,1,1,1,1,1,1,1
"PTHR11920_SF232",1,1,1,1,1,1,1,1,1,1,1,1,1,0,1,1,1,1,1,1,1,1,1,1,1,1,1,1,1,1,1,1,1,1,1,1,1,1,2,1,1,1,1,2,1
"PTHR11920_SF237",1,1,0,0,3,1,0,1,1,1,1,1,1,0,1,0,1,1,0,1,0,0,1,0,1,1,1,0,3,1,0,1,1,0,1,2,0,2,0,1,0,1,1,1,2
"PTHR11920_SF241",1,1,0,0,1,1,1,0,1,1,1,1,1,0,1,0,1,1,0,1,0,1,1,1,1,1,1,1,1,1,0,1,1,0,1,1,1,1,1,1,0,1,1,1,1
"PTHR11920_SF253",3,1,1,1,1,1,1,1,1,2,1,1,1,1,1,1,1,1,1,1,1,1,1,1,1,1,1,1,1,1,1,1,1,1,1,1,1,1,1,1,1,1,1,1,1
"PTHR11920_SF259",1,1,1,1,1,1,1,1,1,1,1,1,1,1,1,2,1,1,1,1,1,1,1,1,1,1,1,1,1,1,1,1,1,1,1,1,1,1,1,1,1,1,1,1,1
"PTHR11920_SF263",1,1,1,1,1,1,1,1,1,1,1,1,1,1,1,1,1,1,1,1,1,1,1,1,1,1,2,1,1,3,2,1,1,1,1,1,1,1,1,1,1,1,1,1,1
"PTHR11920_SF272",1,1,1,1,1,1,1,1,1,1,1,1,1,1,1,1,1,1,0,1,1,1,1,1,1,1,1,1,1,1,1,1,1,1,1,1,1,1,1,1,1,1,1,1,1
"PTHR11920_SF273",1,1,1,1,1,1,1,1,1,1,1,1,1,1,1,1,1,1,1,1,1,1,1,1,1,1,1,1,1,1,1,1,1,1,1,1,1,1,1,1,1,1,1,1,1
"PTHR11920_SF276",1,1,1,1,1,2,1,1,1,1,1,1,1,1,1,1,1,1,1,1,1,1,1,1,1,1,0,1,1,1,1,1,1,1,1,1,1,1,1,1,1,1,1,1,1
"PTHR11920_SF278",1,1,1,1,1,1,1,1,1,0,1,1,1,1,1,1,0,1,1,1,1,1,1,1,1,0,1,1,0,1,1,1,1,1,0,1,1,1,1,1,1,1,1,1,1
"PTHR11920_SF286",1,1,1,1,1,1,1,1,1,1,1,1,1,1,1,2,1,1,1,1,1,1,1,1,1,1,1,1,1,1,1,1,1,1,1,1,1,1,1,1,1,1,1,1,1
"PTHR11920_SF30",1,1,1,1,1,2,1,1,1,1,1,1,1,1,1,1,1,1,1,1,1,1,1,1,1,1,1,1,1,1,1,1,1,1,1,1,1,1,1,1,1,1,1,1,1
"PTHR11920_SF41",1,1,1,1,1,1,1,1,1,1,1,1,1,1,1,1,1,1,1,1,1,1,1,1,1,1,1,1,1,1,1,1,1,1,1,1,1,1,1,1,1,1,1,1,1
"PTHR11921_SF8",1,1,2,1,2,2,1,1,1,1,1,1,1,1,1,1,1,1,2,2,2,2,1,1,1,2,2,1,1,1,1,1,1,2,2,1,1,1,1,1,1,1,1,2,1
"PTHR11922_SF2",1,1,1,2,1,1,1,1,1,1,1,1,1,2,2,1,1,1,1,1,1,2,1,1,1,1,1,2,1,1,1,1,1,1,1,1,1,1,1,1,1,1,1,1,1
"PTHR11923",3,5,3,3,3,6,3,3,3,3,3,3,3,3,3,3,3,3,3,3,3,3,3,3,3,3,3,3,3,6,3,2,3,3,3,3,3,3,3,5,3,3,5,4,3
"PTHR11926_SF116",1,1,1,1,1,1,1,1,1,1,0,1,1,1,1,2,1,1,1,1,1,1,3,1,1,0,1,1,1,1,0,0,1,1,0,1,1,1,1,1,1,1,1,0,1
"PTHR11926_SF121",2,2,0,0,2,3,1,0,0,2,3,3,3,1,0,1,0,1,1,1,1,1,2,1,2,1,1,0,3,2,1,1,1,1,0,4,1,5,1,1,1,0,1,0,2
"PTHR11926_SF126",2,8,0,0,5,13,0,5,6,1,4,5,0,0,3,0,7,10,0,4,0,1,7,0,7,2,6,0,1,6,8,2,3,0,2,10,0,0,0,5,1,7,0,3,2
"PTHR11926_SF130",1,1,1,1,2,0,1,2,2,3,2,1,1,1,0,2,0,1,1,3,1,2,1,1,1,1,1,1,1,1,1,1,2,1,0,1,1,0,1,1,1,1,0,0,2
"PTHR11926_SF166",1,1,1,1,1,1,1,1,1,1,0,1,1,1,0,3,0,2,1,0,1,0,2,1,1,1,0,1,1,3,1,0,1,1,0,1,1,0,2,1,1,1,1,0,1
"PTHR11926_SF168",1,5,0,0,0,4,0,0,0,0,5,6,1,0,0,0,0,0,0,0,0,0,0,0,0,0,0,0,0,4,1,0,0,0,0,0,0,1,0,0,0,3,0,0,1
"PTHR11926_SF169",1,1,1,1,1,1,1,1,1,1,1,1,1,1,1,1,1,1,1,1,1,1,1,1,1,1,0,1,1,1,1,1,1,1,1,1,1,1,1,1,1,1,1,1,1
"PTHR11926_SF170",1,1,0,1,1,1,1,1,1,1,1,1,0,1,1,1,1,1,1,1,1,0,4,1,1,1,0,1,1,0,1,1,1,1,1,1,1,1,2,1,1,0,0,1,1
"PTHR11926_SF173",1,1,1,1,1,1,1,1,0,0,0,1,1,1,0,1,0,1,1,0,1,0,1,1,1,0,1,1,1,1,1,0,1,1,1,2,1,0,2,1,1,1,0,3,1
"PTHR11927",3,3,1,0,2,3,2,2,2,3,2,4,2,2,2,2,3,3,1,4,3,0,3,1,2,3,3,1,2,2,2,2,3,1,1,3,2,2,2,3,2,3,2,3,2
"PTHR11929_SF10",1,1,1,1,1,1,1,1,1,1,0,1,1,1,1,1,1,1,1,1,1,1,1,1,1,1,2,1,1,1,1,1,1,1,1,1,1,1,1,1,1,1,1,1,1
"PTHR11929_SF11",1,1,0,0,2,1,0,0,2,1,1,1,1,0,1,0,1,3,0,0,0,0,0,0,1,0,0,0,0,0,0,0,0,0,1,1,0,0,0,0,0,1,0,1,0
"PTHR11929_SF12",1,1,1,1,1,1,1,1,1,1,1,1,1,1,1,1,1,1,1,0,1,1,1,1,1,1,1,1,1,0,0,1,1,1,0,1,1,1,1,1,1,1,0,1,1
"PTHR11929_SF131",1,1,1,1,1,1,1,1,1,1,1,1,1,1,1,1,1,1,1,1,1,1,1,1,1,1,1,1,1,1,1,1,1,1,1,1,1,1,1,1,1,1,1,1,1
"PTHR11929_SF132",1,1,0,1,1,1,0,1,1,1,1,1,1,0,2,1,1,1,0,0,0,1,1,0,1,1,1,1,1,1,1,0,1,0,1,2,1,1,1,1,1,0,0,1,1
"PTHR11929_SF2",1,1,1,1,1,1,1,1,1,1,1,1,1,1,1,1,1,1,1,1,1,1,1,1,1,1,1,1,1,1,1,1,1,1,1,1,1,1,1,1,1,1,1,1,1
"PTHR11931",3,6,8,9,3,4,6,4,4,5,3,3,3,7,4,4,3,3,8,3,5,3,3,9,8,3,5,5,3,4,3,12,3,8,5,3,7,3,9,4,8,3,3,3,3
"PTHR11932_SF19",1,2,1,1,1,2,1,1,1,1,1,1,1,1,4,1,1,1,1,5,1,1,1,1,1,1,1,1,1,2,1,1,1,1,1,1,2,1,3,1,1,1,1,1,1
"PTHR11932_SF23",1,1,1,1,1,2,1,2,1,2,1,1,1,1,4,1,1,1,1,4,1,1,1,1,1,1,1,1,1,1,1,5,1,1,1,1,1,1,2,1,1,1,1,1,1
"PTHR11932_SF5",1,1,1,1,1,1,1,1,1,1,1,1,1,1,1,1,1,1,1,0,1,1,1,1,1,1,1,1,1,2,0,1,1,1,1,1,1,1,1,1,1,1,1,1,1
"PTHR11932_SF59",1,1,1,1,1,1,1,1,1,1,1,1,1,1,2,1,1,1,1,1,1,1,1,1,1,1,1,1,1,1,1,1,1,1,1,1,1,1,1,1,1,1,1,1,1
"PTHR11932_SF65",1,1,1,1,1,1,1,1,1,1,1,1,1,1,1,1,1,1,1,1,1,1,1,1,1,1,1,1,1,1,1,1,1,1,1,1,1,1,1,1,1,1,1,1,1
"PTHR11932_SF66",1,1,1,1,1,1,1,2,1,1,1,1,1,1,3,1,1,1,1,1,1,1,1,1,2,1,1,1,1,1,1,1,1,1,1,1,1,1,1,1,1,2,1,2,1
"PTHR11932_SF67",1,1,1,1,1,1,1,1,1,1,1,1,1,1,2,1,1,1,1,1,1,1,1,1,1,1,1,1,1,1,1,1,1,1,1,1,1,1,1,1,1,1,1,1,1
"PTHR11932_SF68",2,1,1,1,1,1,1,1,1,1,1,1,1,1,1,1,1,1,1,1,1,2,1,1,1,1,1,1,1,1,1,1,1,1,1,1,1,1,2,1,1,1,1,2,1
"PTHR11933",1,1,1,1,1,1,1,1,1,1,1,1,1,1,1,1,1,1,1,1,1,1,1,1,1,1,1,1,1,1,1,1,1,1,1,1,1,1,1,1,1,1,1,1,1
"PTHR11934",1,1,0,1,2,2,1,1,1,1,1,1,1,1,1,1,1,1,1,1,1,2,1,1,1,1,1,1,1,1,2,1,1,1,1,1,1,1,1,1,1,1,1,1,1
"PTHR11935_SF77",1,1,1,1,1,1,1,1,1,0,1,1,1,1,1,1,1,0,1,0,1,1,1,1,1,1,1,1,1,1,0,1,0,1,1,1,1,1,1,1,1,1,1,1,1
"PTHR11935_SF78",1,1,1,1,1,1,1,1,1,1,1,1,1,1,1,1,1,1,1,1,1,1,1,1,1,1,0,1,1,1,1,1,1,1,1,1,1,1,1,1,1,1,1,1,1
"PTHR11935_SF8",1,1,1,1,1,1,2,1,1,1,1,1,1,1,1,1,1,1,1,0,1,1,1,1,1,1,1,1,1,1,0,1,1,1,1,1,1,1,1,1,1,1,1,1,1
"PTHR11935_SF80",1,1,1,1,1,1,1,1,1,1,1,1,1,1,1,1,1,1,1,1,1,1,1,1,1,1,1,1,2,1,1,1,1,1,1,1,0,1,1,1,1,1,1,1,1
"PTHR11935_SF88",1,1,1,1,1,1,1,1,1,1,1,1,1,1,1,1,1,1,1,1,1,1,1,1,1,1,1,1,1,1,1,1,1,1,1,1,1,1,1,1,1,1,1,1,1
"PTHR11937_SF13",1,1,1,1,1,1,1,1,1,1,1,1,1,1,1,1,1,1,1,1,2,2,1,1,1,1,1,1,1,1,1,1,1,1,1,1,1,0,1,1,1,1,1,1,1
"PTHR11937_SF14",1,1,1,1,1,1,1,1,1,1,1,1,1,1,2,1,1,1,1,1,1,2,1,1,1,1,1,1,1,1,1,2,2,1,1,1,1,1,1,1,1,1,1,1,1
"PTHR11937_SF149",1,2,2,1,1,1,1,1,1,1,1,1,1,2,2,1,1,1,4,1,1,2,1,3,1,1,1,1,1,1,2,1,1,4,1,1,2,1,2,1,1,1,1,1,1
"PTHR11937_SF150",1,1,0,0,1,1,1,1,1,0,0,1,1,0,1,0,0,1,0,0,1,0,1,0,1,1,1,0,0,1,0,1,1,0,0,1,0,0,0,1,0,1,0,0,1
"PTHR11937_SF153",1,1,0,0,1,1,1,1,1,1,1,1,0,1,1,1,1,3,1,0,1,0,1,1,1,1,1,0,1,1,2,0,6,1,0,1,1,1,1,1,0,1,1,0,1
"PTHR11937_SF159",1,1,1,1,1,1,1,1,1,1,1,1,1,1,1,1,1,1,1,1,1,1,1,1,1,1,1,1,1,1,1,1,1,1,1,1,1,1,1,1,1,1,1,1,1
"PTHR11937_SF16",1,1,1,1,1,1,1,1,1,1,1,1,1,0,1,1,1,1,1,1,1,1,1,1,1,1,1,1,1,1,1,1,1,1,1,1,1,1,1,1,1,1,1,1,1
"PTHR11937_SF165",1,1,1,1,1,1,1,1,1,1,1,1,1,1,1,1,1,1,1,1,1,1,1,1,1,1,1,1,1,1,1,1,1,1,2,1,1,1,1,1,0,0,0,3,1
"PTHR11937_SF166",1,1,1,1,1,1,1,1,1,1,1,1,1,1,1,1,1,1,1,1,1,1,1,1,1,1,1,1,1,1,1,1,1,1,1,1,2,1,2,1,1,1,1,1,1
"PTHR11937_SF167",1,1,1,1,1,1,2,1,1,1,1,1,1,1,1,1,1,1,1,1,1,0,1,1,1,1,1,1,1,0,1,1,1,1,1,1,1,1,1,1,1,1,1,2,1
"PTHR11937_SF168",1,1,1,1,1,1,1,1,1,1,0,1,0,1,0,1,0,1,1,1,1,1,1,1,1,0,1,1,1,1,1,0,1,1,1,1,1,1,0,1,1,1,0,1,1
"PTHR11937_SF169",1,1,1,1,1,1,1,1,1,1,0,1,1,1,1,1,1,1,1,1,1,1,0,1,0,1,0,1,1,1,0,0,1,1,0,0,1,1,1,0,1,1,1,0,1
"PTHR11937_SF170",1,1,1,1,1,1,1,1,1,1,1,1,1,2,1,2,1,1,1,1,1,1,1,2,1,1,1,1,1,1,1,1,1,1,1,1,0,1,2,1,1,1,1,1,1
"PTHR11937_SF175",1,1,1,1,1,2,2,1,1,1,1,1,1,1,4,1,1,1,1,1,1,2,1,1,1,1,2,1,1,1,2,3,0,1,1,1,2,1,0,1,1,1,1,1,1
"PTHR11937_SF176",1,1,2,2,1,2,1,1,1,1,2,1,2,1,1,1,1,1,1,1,1,1,1,1,1,1,1,2,1,1,1,1,1,2,1,1,2,1,2,1,1,2,2,1,1
"PTHR11937_SF187",3,2,8,8,3,3,11,2,2,7,2,4,2,6,4,2,6,2,5,2,3,2,3,4,3,6,2,4,2,3,3,7,3,6,8,4,6,2,11,3,6,2,2,2,5
"PTHR11937_SF191",1,1,1,1,1,1,1,1,1,1,1,1,1,1,2,1,1,1,1,1,1,1,1,1,1,1,1,1,1,1,1,2,1,1,1,1,1,1,1,1,1,1,1,1,1
"PTHR11937_SF194",1,1,0,0,1,1,1,0,1,1,1,3,1,1,1,1,1,0,0,0,1,0,1,0,2,1,2,1,0,0,1,0,1,0,1,2,1,1,1,2,0,1,0,1,1
"PTHR11937_SF195",1,1,1,1,1,1,1,1,1,1,1,1,1,1,1,1,1,1,1,1,1,1,1,1,1,1,1,1,1,1,1,1,1,1,1,1,1,1,2,1,1,1,1,1,1
"PTHR11937_SF196",1,1,1,1,1,1,1,1,1,1,1,1,1,1,1,1,1,1,1,1,1,1,1,1,1,1,1,1,1,1,1,1,1,1,1,1,1,1,2,1,1,1,1,1,1
"PTHR11937_SF197",2,2,2,2,2,2,2,2,2,2,2,2,2,2,2,2,2,2,2,2,2,2,2,2,2,2,2,2,3,2,2,2,2,2,2,2,2,2,2,2,2,2,2,2,2
"PTHR11937_SF21",1,2,1,1,1,1,1,1,1,1,1,1,1,1,4,1,1,1,1,1,1,2,1,1,1,1,1,1,1,1,1,3,1,1,1,1,1,1,1,1,1,1,1,1,1
"PTHR11937_SF54",1,1,0,0,1,1,0,1,1,1,1,1,1,0,1,0,1,1,0,1,1,1,1,0,1,1,0,0,1,0,1,1,1,0,0,1,0,0,0,1,0,0,0,0,1
"PTHR11937_SF59",1,1,1,1,1,1,1,1,1,1,1,1,1,1,1,1,1,1,1,1,1,0,1,1,1,1,1,1,1,1,1,1,1,1,1,1,1,1,1,1,0,1,1,2,1
"PTHR11938_SF4",1,1,1,1,1,1,1,1,1,2,1,1,1,1,1,1,1,0,1,0,1,1,0,1,2,1,0,1,1,1,0,0,0,1,1,0,1,1,1,0,1,1,1,1,1
"PTHR11938_SF5",1,1,1,1,1,1,1,1,1,2,1,1,1,2,0,1,1,1,1,2,1,1,1,1,1,1,1,1,1,1,1,1,1,1,1,1,1,1,1,1,1,1,1,1,1
"PTHR11938_SF7",1,1,1,1,1,1,1,1,1,0,1,1,1,1,1,1,1,1,1,1,1,1,1,1,1,1,1,1,1,1,1,1,1,1,1,1,1,1,1,1,1,1,1,1,1
"PTHR11941_SF11",1,1,1,1,1,1,4,1,1,1,1,1,1,1,1,5,1,1,1,1,3,2,1,1,1,1,1,1,1,1,1,1,2,1,1,1,1,1,6,1,1,1,1,1,1
"PTHR11941_SF12",1,2,1,1,1,1,2,1,1,1,1,1,1,1,1,1,1,1,1,1,1,1,1,1,1,1,1,1,1,1,1,1,1,1,1,1,1,1,1,1,1,1,1,1,1
"PTHR11941_SF24",1,1,1,1,1,1,1,1,1,1,1,1,1,1,1,1,1,1,1,1,1,1,1,1,1,1,1,1,1,1,1,1,1,1,1,1,1,1,1,2,1,1,1,1,1
"PTHR11941_SF27",1,1,1,1,2,1,1,1,3,1,1,1,1,1,1,1,1,1,1,1,1,2,1,1,1,2,1,1,1,1,1,1,1,1,1,1,1,2,1,1,1,1,1,1,1
"PTHR11941_SF28",1,1,1,1,1,1,1,1,1,1,1,1,1,1,1,1,1,1,1,2,1,1,1,1,1,1,2,1,1,1,1,1,1,1,1,1,1,1,1,1,1,1,1,1,1
"PTHR11941_SF43",1,1,1,1,1,1,1,1,1,1,1,1,1,1,1,2,1,3,1,1,1,1,1,1,1,1,1,1,2,1,0,1,0,1,1,1,1,1,1,1,1,1,1,1,1
"PTHR11941_SF44",1,1,1,1,1,2,1,1,1,1,1,1,1,1,1,1,1,1,1,1,1,1,1,1,1,1,1,1,1,2,1,1,1,1,1,1,1,1,1,1,1,1,1,2,1
"PTHR11941_SF52",1,1,1,1,1,1,1,1,1,1,1,1,1,1,1,1,1,1,1,1,1,1,1,1,1,1,1,1,1,1,1,1,1,1,1,1,1,1,1,1,1,1,1,1,1
"PTHR11941_SF53",1,1,2,1,1,1,1,1,1,1,1,1,1,2,1,1,1,1,2,1,1,1,1,2,1,1,1,2,1,1,1,1,1,2,1,1,2,2,2,1,1,1,1,1,1
"PTHR11941_SF55",1,1,1,1,1,1,1,1,1,2,1,1,1,1,1,1,1,1,1,1,1,1,1,1,1,0,1,1,1,1,1,1,1,1,1,1,1,1,1,1,1,0,1,1,1
"PTHR11943",1,1,1,1,1,1,1,1,1,0,1,1,1,1,1,1,1,1,1,1,1,1,1,1,1,1,1,1,1,1,2,1,1,1,1,1,1,1,1,1,1,1,1,1,1
"PTHR11945_SF145",1,1,1,1,1,1,1,1,1,1,1,1,1,1,1,2,1,1,1,1,1,1,2,1,1,3,1,1,1,1,1,1,1,1,1,1,1,1,1,1,1,1,1,1,1
"PTHR11945_SF149",1,1,1,1,1,1,1,1,1,0,1,1,1,1,1,2,1,1,1,1,1,1,1,1,1,1,1,1,1,1,0,1,1,1,1,1,1,1,1,1,1,1,1,1,1
"PTHR11945_SF23",1,1,1,1,1,1,3,1,1,1,1,1,1,1,1,1,1,1,1,1,1,1,1,1,1,1,1,1,1,1,1,1,1,1,1,1,1,1,1,1,1,1,1,1,1
"PTHR11945_SF25",1,1,1,1,1,1,1,1,1,1,1,1,1,1,1,1,1,1,1,1,1,1,1,1,1,1,1,1,1,1,1,1,1,1,1,1,1,1,1,1,1,1,1,1,1
"PTHR11945_SF32",1,1,1,1,1,1,1,1,1,1,1,1,1,1,2,1,1,1,1,1,1,1,1,1,1,1,1,1,1,1,1,1,1,1,1,1,1,1,1,1,1,1,1,1,1
"PTHR11946_SF11",1,1,0,1,1,1,1,1,1,1,1,1,1,1,1,1,1,1,1,1,1,1,1,1,1,1,1,1,1,1,1,2,1,1,1,1,1,1,1,2,1,1,1,1,1
"PTHR11946_SF51",1,1,1,1,1,1,1,1,1,1,1,1,1,1,1,1,1,1,1,1,1,2,1,1,1,1,1,1,1,2,1,1,1,1,1,1,1,1,1,1,1,1,1,1,1
"PTHR11946_SF54",1,1,1,1,1,1,1,1,1,1,1,1,1,1,1,7,1,1,1,1,1,1,1,1,1,1,1,1,1,2,1,1,1,1,1,1,1,1,1,1,1,1,1,1,1
"PTHR11946_SF63",1,1,1,1,1,1,1,1,1,1,1,1,1,1,1,1,1,1,1,0,1,0,1,1,1,1,1,1,1,1,1,0,1,1,1,1,1,1,1,2,1,1,1,1,1
"PTHR11946_SF69",1,1,1,1,1,1,1,1,1,1,1,1,1,1,2,1,1,1,1,1,1,1,1,1,1,1,1,1,1,1,1,1,1,1,1,1,1,1,1,1,1,1,1,1,1
"PTHR11946_SF7",1,1,1,1,1,1,1,1,1,1,1,1,1,1,1,1,1,1,1,1,1,1,1,1,1,1,1,1,1,1,1,1,1,1,1,1,1,1,1,1,1,1,1,1,1
"PTHR11946_SF71",1,1,1,1,1,1,1,1,1,0,1,1,1,1,1,6,1,1,1,1,1,1,1,1,1,1,1,1,1,1,1,1,1,1,1,1,1,1,1,1,1,1,1,1,1
"PTHR11946_SF9",1,1,1,1,1,1,1,1,1,1,1,1,1,1,1,1,1,1,1,1,1,1,1,1,1,1,1,1,1,1,1,1,1,1,1,1,1,1,1,1,1,1,1,2,1
"PTHR11947",5,5,5,5,6,6,5,5,5,6,5,5,5,5,6,5,5,5,5,6,5,6,5,5,6,5,5,5,5,5,7,6,5,5,5,5,5,5,5,5,5,5,5,5,5
"PTHR11949_SF1",1,1,1,1,1,1,1,1,1,1,1,1,1,1,1,1,1,1,1,1,1,1,1,1,1,1,2,1,1,1,0,1,1,1,1,1,1,1,1,1,1,1,1,1,1
"PTHR11949_SF10",1,1,1,1,1,1,1,1,1,1,1,1,1,1,1,1,1,1,1,1,1,1,1,1,1,1,1,1,1,1,1,1,1,1,1,1,1,1,1,1,1,1,0,1,1
"PTHR11949_SF2",1,1,1,1,1,1,1,1,1,1,1,1,1,1,1,2,1,1,1,0,1,1,1,1,1,1,1,1,1,1,1,1,1,1,1,1,1,1,1,1,1,1,1,1,1
"PTHR11949_SF21",1,1,1,1,1,1,1,1,1,1,1,1,1,1,1,2,1,1,1,1,1,1,1,1,1,1,1,1,1,1,0,1,1,1,1,1,1,1,1,1,1,1,1,1,2
"PTHR11949_SF22",1,1,1,1,1,1,1,1,1,1,1,1,1,1,1,1,1,1,1,1,1,1,1,1,1,1,1,1,1,1,1,1,1,1,1,1,1,1,1,1,1,1,1,1,1
"PTHR11949_SF24",1,1,0,0,1,1,0,0,0,1,1,1,1,0,0,0,1,1,0,0,0,0,0,0,0,1,0,0,1,1,0,0,1,0,1,0,0,1,0,0,0,1,0,1,1
"PTHR11949_SF3",1,1,1,1,1,1,1,1,1,1,1,1,1,1,2,1,1,1,1,1,1,1,1,1,1,1,1,1,1,1,2,1,1,1,1,1,1,1,2,1,1,1,1,1,1
"PTHR11949_SF6",1,1,1,1,1,1,1,1,1,1,1,1,1,1,1,1,1,1,1,1,1,1,1,1,1,1,1,1,1,1,1,1,1,1,1,1,1,1,1,1,1,1,1,1,1
"PTHR11949_SF7",1,1,1,1,1,1,1,1,1,1,1,1,1,1,1,1,1,1,1,1,1,1,1,1,1,1,1,1,1,1,1,1,1,1,1,1,1,1,1,1,1,1,1,1,1
"PTHR11949_SF9",1,1,1,1,1,2,1,1,1,1,1,1,1,1,1,1,1,1,1,1,1,1,1,1,1,1,1,1,1,2,1,1,1,1,1,1,1,1,1,1,1,1,1,1,1
"PTHR11950_SF24",1,1,1,1,1,1,1,1,1,1,1,1,1,1,1,1,1,1,1,1,1,1,1,1,1,1,1,1,1,1,1,1,1,1,1,1,1,1,1,1,1,1,1,1,1
"PTHR11950_SF26",1,1,1,1,1,1,1,2,2,1,1,1,1,1,2,1,2,1,1,1,1,1,2,1,1,1,1,1,1,1,2,1,1,1,1,1,1,1,1,1,1,1,1,1,1
"PTHR11950_SF7",1,1,1,1,1,1,1,1,1,1,1,1,1,1,1,1,1,1,1,1,1,1,1,1,1,1,1,1,1,1,1,1,1,1,1,1,1,1,1,1,1,1,1,1,1
"PTHR11952",3,3,3,3,4,3,4,3,3,3,3,3,3,4,5,3,3,3,3,2,3,3,3,3,3,3,4,3,2,3,3,10,3,3,3,3,4,3,4,3,3,3,3,3,3
"PTHR11953",2,3,2,2,3,3,3,3,4,3,3,3,3,3,3,3,3,2,3,2,2,3,3,2,3,2,3,2,2,3,2,3,3,3,4,2,2,3,3,3,2,3,1,3,2
"PTHR11954_SF23",1,1,2,1,2,1,2,1,1,1,1,1,1,2,1,5,1,1,2,0,2,1,1,2,2,1,2,2,1,1,2,0,1,2,1,1,4,1,3,1,1,0,2,2,0
"PTHR11954_SF6",1,1,3,2,0,1,3,1,1,2,2,1,1,1,1,2,1,1,1,0,1,1,1,1,1,1,1,1,2,0,1,1,1,1,1,1,1,1,1,8,1,1,1,0,1
"PTHR11955_SF56",1,2,1,1,1,1,1,1,1,1,1,2,1,1,1,1,1,1,1,1,1,1,1,1,1,1,1,1,1,1,1,1,1,1,1,1,1,1,1,1,1,1,1,1,1
"PTHR11955_SF57",1,1,1,1,1,1,1,1,1,1,1,1,1,1,1,1,1,1,1,1,1,1,1,1,1,1,2,1,1,1,1,1,1,1,1,1,1,1,1,1,1,1,1,1,1
"PTHR11955_SF58",2,1,7,1,3,3,1,1,1,2,1,1,1,5,2,1,2,1,2,1,1,1,1,2,1,2,2,6,1,2,1,2,1,3,5,1,3,1,3,2,2,1,1,3,3
"PTHR11955_SF59",1,1,1,1,1,1,1,1,1,1,1,1,1,1,1,1,1,0,1,1,1,1,1,1,1,1,1,1,1,1,1,1,1,1,1,1,1,1,1,1,1,1,1,1,1
"PTHR11955_SF60",1,1,1,1,1,1,1,1,1,1,1,1,1,1,1,1,1,1,1,1,1,1,1,1,1,1,1,1,1,1,1,1,1,1,1,1,1,1,1,2,1,1,1,1,1
"PTHR11955_SF61",1,2,2,3,1,1,2,1,1,1,1,1,1,1,1,1,2,1,2,2,1,2,1,2,1,1,2,1,1,1,1,1,1,2,4,3,2,1,2,1,2,4,1,3,1
"PTHR11955_SF62",1,1,1,1,0,1,1,1,1,1,2,2,1,1,1,1,1,1,1,0,1,1,1,1,1,1,1,1,1,1,1,1,1,1,1,1,1,1,1,1,1,1,1,1,1
"PTHR11955_SF64",1,1,1,1,1,1,1,1,1,1,1,1,1,2,1,1,1,1,1,1,1,1,1,1,1,1,1,1,1,1,1,1,1,1,1,1,1,1,1,1,1,1,1,2,1
"PTHR11955_SF65",1,1,1,2,0,1,1,1,1,1,1,1,1,1,0,1,1,1,1,1,1,1,1,1,2,1,1,1,1,1,1,1,1,1,1,2,1,1,1,1,1,1,1,1,1
"PTHR11955_SF69",1,1,1,1,1,1,1,1,1,1,2,1,1,1,1,1,1,1,1,1,1,1,1,1,1,1,1,1,1,1,1,2,1,1,1,1,1,1,2,1,1,1,1,1,1
"PTHR11955_SF70",1,1,1,1,1,1,1,1,0,1,1,1,1,2,1,1,1,1,1,0,1,1,2,1,1,1,1,1,1,1,1,1,1,1,1,1,1,1,1,1,1,1,1,1,1
"PTHR11955_SF71",1,1,1,1,4,1,1,1,1,1,1,1,1,1,1,1,1,1,1,1,1,1,1,1,1,1,1,1,1,1,1,1,1,1,1,1,1,1,1,1,1,1,1,2,3
"PTHR11955_SF73",1,1,1,1,1,1,1,1,4,1,1,1,1,1,3,1,1,1,1,1,1,1,1,1,1,1,1,1,1,1,1,2,1,1,17,1,1,1,1,1,1,1,1,1,1
"PTHR11955_SF74",1,1,1,1,1,1,1,1,1,1,1,1,1,1,1,2,1,1,1,1,1,1,0,1,0,1,0,1,1,1,1,1,1,1,0,0,1,1,1,0,1,0,1,0,1
"PTHR11955_SF76",1,1,1,1,1,1,1,1,1,1,1,1,1,1,1,1,1,1,1,0,1,1,1,1,0,1,1,1,1,1,1,1,1,1,1,1,1,1,1,1,1,0,1,2,1
"PTHR11955_SF77",1,1,1,1,1,0,1,0,0,1,1,1,1,1,0,1,1,1,1,1,1,1,1,1,0,1,0,1,1,0,0,0,1,1,1,1,1,1,1,1,0,1,1,1,1
"PTHR11956",2,2,2,2,2,2,2,3,2,2,2,2,2,2,2,2,2,2,2,2,2,3,2,2,2,2,2,2,2,2,2,2,2,2,2,2,2,2,2,2,2,2,2,2,2
"PTHR11958_SF19",1,1,1,1,1,1,1,1,1,1,1,1,1,1,1,1,1,1,1,1,1,1,1,1,1,1,1,1,1,1,1,1,1,1,1,1,1,1,1,1,1,1,1,2,1
"PTHR11958_SF20",1,1,1,1,1,1,1,1,1,1,1,1,1,1,1,1,1,1,1,1,1,1,1,1,1,1,1,1,1,1,1,1,1,1,1,1,1,1,1,1,1,1,1,1,1
"PTHR11958_SF22",1,1,1,1,1,1,1,1,1,1,1,1,1,1,1,1,1,1,1,1,1,1,1,1,1,1,1,1,1,1,2,1,1,1,1,1,1,1,1,1,1,1,1,1,1
"PTHR11958_SF24",1,1,1,1,1,1,1,1,1,1,1,1,1,1,1,1,1,1,1,0,1,1,1,1,1,1,1,1,1,1,1,1,1,1,1,1,1,1,1,1,1,1,1,1,1
"PTHR11958_SF25",1,0,1,1,1,1,1,1,1,1,1,1,1,1,1,1,1,1,1,1,1,1,1,1,1,1,1,1,1,1,2,1,1,1,1,1,1,1,1,1,1,1,1,1,1
"PTHR11958_SF29",1,2,1,1,1,1,1,1,1,1,1,1,1,1,1,1,1,1,1,1,1,1,1,1,1,1,1,1,1,1,1,1,1,1,1,2,1,1,1,1,1,1,1,1,1
"PTHR11958_SF43",1,1,1,1,1,1,1,1,1,1,1,1,1,1,1,1,1,1,1,1,1,1,1,1,1,1,1,1,1,1,1,1,1,1,2,1,1,1,1,1,1,1,1,1,1
"PTHR11959",2,2,1,1,2,2,2,1,2,2,2,2,2,2,2,2,3,2,2,1,2,1,2,1,2,2,2,2,2,2,2,2,3,1,2,2,2,2,2,2,2,1,2,2,1
"PTHR11960_SF14",1,1,2,2,2,2,1,2,1,1,1,1,3,4,6,1,1,1,2,2,1,2,1,2,1,2,3,3,2,1,2,4,2,2,1,2,2,3,3,1,1,1,1,1,2
"PTHR11960_SF17",2,2,1,1,6,1,1,1,1,1,1,2,2,3,3,1,1,1,1,2,2,2,1,1,1,2,1,1,1,2,1,5,2,1,1,1,2,2,2,1,1,1,1,1,5
"PTHR11960_SF3",1,1,1,1,1,1,1,1,1,1,1,1,1,1,2,1,1,1,1,1,1,1,1,1,1,1,1,1,1,1,1,1,1,1,1,1,1,1,1,0,1,1,1,1,1
"PTHR11960_SF6",1,1,2,1,1,1,1,1,1,1,1,1,1,1,1,1,1,1,2,1,1,1,1,2,1,1,1,1,1,1,1,1,1,2,1,1,1,1,1,1,1,1,1,1,1
"PTHR11961_SF3",1,0,10,8,1,7,5,6,5,6,1,0,4,7,15,1,7,1,8,4,2,5,2,9,5,1,2,6,1,9,8,18,8,10,5,4,6,2,7,5,2,5,1,2,1
"PTHR11962",3,2,2,2,2,2,3,2,2,2,2,2,2,2,3,2,2,2,2,2,2,2,2,2,2,2,3,2,2,2,2,3,2,2,2,2,2,2,2,2,2,2,2,2,2
"PTHR11963",2,2,3,2,2,2,2,2,2,2,2,2,2,3,2,2,2,2,3,3,2,3,2,3,2,2,2,3,2,2,2,3,2,3,2,2,3,2,3,2,3,2,2,2,2
"PTHR11964",2,2,3,2,2,2,2,2,2,2,2,2,2,2,2,2,2,2,3,3,2,2,3,3,3,2,2,3,2,2,2,3,2,3,2,2,2,2,2,2,3,2,1,2,2
"PTHR11967",1,1,1,1,1,1,1,1,0,4,2,4,1,3,1,2,1,2,1,4,1,1,3,1,1,1,1,1,0,1,1,0,1,1,1,1,1,1,2,1,1,1,1,1,1
"PTHR11969_SF13",1,1,1,1,1,1,1,1,1,2,1,1,1,1,2,1,1,1,1,1,1,1,1,1,1,1,1,1,1,1,1,1,1,1,1,1,1,1,1,1,1,2,1,1,1
"PTHR11969_SF15",1,1,1,1,1,1,1,1,1,1,1,1,1,1,1,1,1,1,1,1,1,1,1,1,1,1,1,1,1,1,1,1,1,1,1,1,1,0,1,1,1,1,1,0,1
"PTHR11969_SF18",1,1,1,1,1,1,1,1,1,1,1,1,1,1,1,1,1,1,1,1,1,1,1,1,1,1,1,1,1,1,1,1,1,1,1,1,1,1,1,1,1,1,1,1,1
"PTHR11969_SF4",2,1,1,1,1,1,1,1,1,1,1,1,1,1,1,1,1,1,1,1,1,1,1,1,1,1,1,1,1,0,1,1,1,1,1,1,1,1,1,1,1,1,1,1,1
"PTHR11969_SF6",1,1,1,1,1,1,1,1,1,1,1,1,1,1,1,1,1,1,1,1,1,1,1,1,1,1,1,1,1,1,1,1,1,1,1,1,1,2,1,1,1,1,1,1,1
"PTHR11972_SF10",1,1,1,1,1,1,1,1,1,0,1,1,1,2,1,2,1,0,1,1,2,1,1,1,1,1,0,1,1,1,1,1,1,1,1,1,2,1,1,1,1,1,1,1,1
"PTHR11972_SF12",1,1,1,1,1,1,1,1,1,1,1,1,1,1,1,1,1,1,1,1,1,1,1,1,1,1,1,1,1,1,1,1,1,1,1,1,1,1,1,1,1,1,1,2,1
"PTHR11972_SF36",1,1,1,0,1,1,0,0,0,1,1,1,1,1,0,1,0,1,1,1,1,0,0,1,0,1,0,1,1,1,1,0,0,1,1,0,1,1,1,0,0,1,1,1,1
"PTHR11972_SF37",1,1,1,1,1,1,1,1,1,1,1,1,1,1,1,1,1,1,1,1,1,1,1,1,1,1,1,1,1,1,1,1,1,1,1,1,1,1,1,1,1,1,1,1,1
"PTHR11972_SF47",1,1,1,1,1,1,1,1,1,1,1,1,1,1,1,1,1,1,1,1,1,1,1,1,1,1,1,1,2,1,1,1,1,1,2,1,1,3,1,1,1,1,1,1,1
"PTHR11972_SF5",1,1,1,1,1,1,1,1,1,1,1,1,1,1,1,1,1,1,1,1,1,1,1,1,1,1,2,1,1,1,1,1,1,1,1,1,0,1,2,1,1,1,1,1,1
"PTHR11972_SF53",1,1,1,1,1,1,1,1,1,1,1,1,1,2,1,2,1,1,1,1,1,1,1,1,1,2,1,2,1,2,1,1,1,1,1,1,2,1,2,1,1,1,1,1,2
"PTHR11973_SF1",1,1,1,1,1,1,1,1,1,1,1,1,1,1,1,7,1,1,1,1,1,1,1,1,1,1,1,1,1,1,1,1,1,1,1,1,1,1,1,1,1,1,1,1,1
"PTHR11973_SF15",1,1,1,1,1,1,1,1,1,1,1,1,1,1,1,1,1,1,1,0,1,1,1,1,1,1,1,1,1,1,0,1,1,1,1,1,1,1,1,1,1,1,1,1,1
"PTHR11973_SF18",1,1,1,1,1,1,1,1,1,1,1,1,1,1,1,1,1,1,1,0,1,1,1,1,1,1,1,1,1,1,1,1,1,1,1,1,1,1,1,1,1,1,1,1,1
"PTHR11973_SF2",1,1,1,1,1,1,1,1,1,1,1,1,1,1,1,1,1,1,1,1,1,1,1,1,1,1,1,1,1,1,1,1,1,1,1,1,1,1,1,1,1,1,1,2,1
"PTHR11977_SF13",1,1,2,2,1,1,1,1,1,1,1,1,1,1,1,1,1,1,1,0,1,1,1,1,1,1,1,1,1,1,1,1,1,1,1,1,1,1,1,1,1,1,1,1,1
"PTHR11977_SF14",1,1,1,1,1,1,1,1,1,1,1,1,1,1,1,1,1,1,1,1,1,1,1,1,1,1,1,1,1,1,1,1,1,1,1,1,1,1,2,1,1,1,1,1,1
"PTHR11977_SF16",1,1,1,1,1,1,1,1,1,1,1,1,1,1,1,2,1,1,1,1,1,1,1,1,1,1,1,1,1,1,1,1,1,1,1,1,1,1,1,1,1,1,1,1,1
"PTHR11977_SF28",1,1,2,1,1,1,1,1,1,1,1,1,1,2,1,1,1,1,2,1,1,1,1,2,1,1,1,3,1,1,1,1,1,2,1,1,2,1,2,1,1,1,1,1,1
"PTHR11977_SF29",1,1,1,1,1,1,2,1,1,1,1,1,1,1,1,1,1,1,1,1,1,1,1,1,1,1,1,1,1,1,1,1,1,1,1,1,1,1,1,1,1,1,1,2,1
"PTHR11977_SF30",1,1,1,1,1,1,1,1,1,1,1,1,1,1,1,1,1,1,1,1,1,1,1,1,1,0,1,1,1,1,0,1,1,1,1,1,1,1,1,1,1,1,1,1,1
"PTHR11977_SF33",1,1,1,1,1,1,1,1,1,1,1,1,1,1,1,1,1,1,1,1,1,1,1,1,1,1,1,1,1,1,1,1,1,1,1,1,1,1,1,1,1,1,1,1,1
"PTHR11977_SF35",1,1,1,1,1,1,1,1,1,1,1,1,1,1,1,1,1,1,1,0,1,1,1,1,1,1,1,1,1,1,1,1,1,1,1,1,1,1,1,1,1,1,1,1,1
"PTHR11984",19,19,15,11,18,18,20,16,17,16,18,18,20,19,18,23,19,20,16,17,18,9,20,16,19,15,20,18,21,17,22,17,21,16,20,19,17,18,19,19,11,19,12,24,20
"PTHR11985",1,1,1,1,1,1,1,1,1,1,1,1,1,2,2,1,1,1,2,1,1,1,1,2,1,1,1,1,1,1,1,1,1,2,1,1,2,1,2,1,1,1,1,2,1
"PTHR11986_SF18",1,1,2,1,1,2,1,1,1,2,1,1,1,2,1,1,1,1,1,18,1,1,1,2,1,1,2,2,1,1,1,3,1,2,1,1,2,1,2,1,1,2,1,1,1
"PTHR11986_SF52",1,1,1,1,1,1,1,1,1,1,1,1,1,1,1,1,1,1,1,1,1,1,1,1,1,1,1,1,1,1,1,1,1,1,1,1,1,1,1,2,1,1,1,1,1
"PTHR11986_SF58",1,1,1,1,1,1,1,1,1,1,1,1,1,1,1,1,1,1,1,1,1,1,1,1,1,1,1,1,1,1,1,1,1,1,1,1,1,1,1,1,1,1,1,1,1
"PTHR11986_SF6",1,1,1,1,1,1,1,1,1,1,1,1,1,1,1,1,1,1,1,1,1,1,1,1,1,1,1,1,1,1,1,1,2,1,1,1,1,1,1,1,1,1,1,1,1
"PTHR11986_SF63",1,1,1,1,1,1,1,1,1,1,1,1,1,1,1,1,1,1,1,1,1,2,1,1,1,1,1,1,1,1,1,1,1,1,1,1,1,1,1,1,1,1,1,1,1
"PTHR11987",6,6,6,6,6,6,6,6,6,6,6,9,6,6,6,6,6,6,6,6,6,6,6,6,6,5,7,6,6,6,6,6,6,6,6,6,6,6,6,5,6,6,6,6,6
"PTHR11988_SF24",1,1,1,1,1,1,1,1,1,1,1,1,1,1,1,1,1,1,1,1,1,2,1,1,1,1,1,1,1,1,1,1,1,1,1,1,1,1,1,1,1,1,1,1,1
"PTHR11988_SF28",1,1,1,1,1,1,1,1,1,2,1,1,1,1,1,1,1,1,1,1,1,1,1,1,1,1,1,1,1,1,1,1,1,1,1,1,1,1,1,1,1,1,1,2,1
"PTHR11988_SF7",1,1,1,1,1,1,1,1,1,1,1,1,1,1,1,1,1,1,1,0,1,1,1,1,1,1,1,1,1,1,0,1,1,1,1,1,1,1,1,1,1,1,1,0,1
"PTHR11991",4,2,6,7,1,5,6,4,3,10,1,2,2,4,15,1,3,2,8,5,2,3,1,4,4,4,3,4,4,5,8,12,1,6,5,3,3,4,5,2,4,2,0,8,2
"PTHR11993",1,1,2,1,1,1,1,1,1,1,1,1,1,1,1,1,1,1,2,1,2,1,1,2,1,1,1,1,1,1,1,1,1,1,1,1,1,1,1,1,1,1,1,1,1
"PTHR11994",1,1,3,2,3,3,2,2,1,1,1,2,1,3,3,1,0,1,2,1,2,2,1,2,6,2,2,2,3,1,1,6,1,2,4,2,2,2,2,2,2,2,1,2,2
"PTHR11995_SF2",1,1,1,1,1,1,2,1,1,2,1,1,1,1,1,1,1,1,1,1,1,1,1,1,1,1,1,1,1,1,0,1,1,1,1,1,1,1,1,1,1,1,0,1,1
"PTHR11998_SF11",1,0,0,0,0,0,0,0,0,0,0,0,0,0,0,1,1,0,0,0,0,0,1,0,0,0,0,0,0,1,1,0,0,0,0,0,0,0,0,0,0,0,0,0,1
"PTHR11998_SF13",1,1,1,1,1,1,1,1,1,1,1,1,1,1,1,1,1,1,1,1,1,1,1,1,1,1,1,1,1,1,1,1,1,1,1,1,1,2,1,1,1,1,1,1,1
"PTHR11998_SF18",1,1,1,1,1,1,1,1,1,1,1,1,1,1,1,2,1,1,1,1,1,1,1,1,1,1,1,1,1,1,1,1,1,1,1,1,1,1,1,1,1,1,1,1,1
"PTHR11998_SF19",1,1,1,1,1,1,1,1,1,1,1,1,1,1,1,1,1,1,1,1,1,1,1,1,1,1,1,1,1,1,1,1,1,1,2,1,1,1,1,1,1,1,1,1,1
"PTHR11998_SF20",1,1,1,1,1,1,1,1,1,1,1,1,1,1,1,1,1,1,1,1,1,1,1,1,1,1,1,1,1,1,1,1,1,1,1,1,1,1,1,1,1,1,1,1,1
"PTHR11998_SF22",1,1,1,1,1,1,1,1,1,1,1,1,1,1,1,1,1,1,1,1,1,1,1,1,1,1,1,1,1,1,2,1,1,1,1,1,1,1,1,1,1,1,1,1,1
"PTHR11998_SF23",1,1,1,1,1,1,1,1,1,1,1,1,1,1,1,1,2,1,1,1,1,1,1,1,1,1,1,1,1,1,1,2,1,1,1,1,1,1,1,1,1,1,1,1,1
"PTHR11998_SF26",1,1,1,3,1,1,3,1,1,1,1,1,1,1,1,1,1,1,1,1,1,1,1,1,1,1,1,1,1,1,1,1,1,1,1,1,1,1,1,1,1,1,1,1,1
"PTHR11999_SF57",1,1,1,1,1,1,1,1,1,1,1,1,1,1,1,1,1,1,1,1,1,1,1,1,1,1,1,1,1,1,1,1,1,1,1,1,1,1,1,1,1,1,1,1,1
"PTHR11999_SF61",1,1,1,1,1,1,1,1,1,1,1,1,1,1,1,1,1,1,1,1,1,1,1,1,1,1,0,1,1,1,1,1,1,1,1,1,1,1,1,0,1,1,1,2,1
"PTHR11999_SF63",1,1,1,1,1,1,1,1,1,1,1,1,1,1,2,1,1,1,1,1,1,1,1,1,1,1,1,1,1,1,1,1,1,1,1,1,1,1,1,1,1,1,1,1,1
"PTHR11999_SF67",1,1,0,0,1,1,0,0,0,1,1,1,1,0,0,0,0,1,0,0,0,0,0,0,0,2,0,0,1,1,1,0,0,0,0,0,0,1,0,0,0,1,0,1,1
"PTHR11999_SF68",1,1,1,1,1,1,1,1,1,1,1,1,1,1,1,1,1,1,1,1,1,1,1,1,1,1,1,1,1,1,1,1,1,1,1,1,1,1,1,1,1,1,1,2,1
"PTHR11999_SF69",1,1,1,1,1,1,1,1,1,1,1,1,1,1,1,1,1,1,1,1,1,1,1,1,1,1,1,1,1,1,1,1,1,1,1,1,1,1,1,1,1,1,1,1,1
"PTHR11999_SF72",1,1,1,1,1,1,1,1,1,1,1,1,1,1,1,1,1,1,1,1,1,1,1,1,1,1,1,1,1,2,1,1,1,1,1,1,1,1,1,1,1,1,1,1,1
"PTHR11999_SF73",1,1,1,1,1,1,2,1,1,1,1,1,1,2,1,3,1,1,1,1,1,1,1,1,1,1,1,2,1,1,1,1,1,1,1,1,0,1,4,2,1,1,1,1,1
"PTHR11999_SF77",1,1,1,1,1,1,1,1,1,1,1,2,1,1,1,1,1,1,1,1,1,1,1,1,1,1,1,1,1,1,1,1,1,1,1,1,1,1,1,1,1,1,1,1,1
"PTHR12000_SF1",1,1,1,1,1,1,1,1,1,1,1,1,1,1,2,1,1,1,1,1,1,2,1,1,1,1,1,1,1,1,2,2,1,1,1,1,1,1,1,1,1,1,1,1,1
"PTHR12000_SF3",1,1,1,2,1,1,1,1,1,1,1,1,1,2,1,1,1,1,1,1,1,1,1,1,1,1,1,2,1,1,1,1,1,1,1,1,2,1,2,1,2,1,1,1,1
"PTHR12001",3,3,4,4,4,3,3,3,3,3,3,3,3,4,4,5,3,3,3,4,3,3,3,4,3,3,2,4,3,3,3,3,3,3,3,3,4,3,4,3,3,3,2,4,4
"PTHR12002_SF13",1,1,1,1,1,1,1,1,1,1,1,1,1,1,1,1,1,1,1,1,1,1,1,1,1,1,1,1,1,1,1,1,1,1,1,1,1,1,1,1,1,2,1,1,1
"PTHR12002_SF17",1,1,1,1,1,1,1,0,1,1,1,0,1,1,1,1,1,0,1,1,1,0,1,1,1,1,1,1,1,1,1,0,1,1,1,1,1,1,1,1,1,0,1,2,1
"PTHR12002_SF24",1,1,1,0,1,1,1,1,1,0,1,1,1,1,1,1,1,1,1,0,1,0,1,1,1,1,1,1,1,1,1,1,1,1,1,1,1,1,1,1,0,1,0,1,1
"PTHR12002_SF27",1,1,1,1,1,1,1,1,1,1,1,1,1,1,1,1,1,1,1,1,1,1,1,1,1,1,1,1,1,1,1,1,1,1,1,1,1,1,1,1,1,1,1,2,1
"PTHR12002_SF3",1,1,0,0,0,0,1,1,0,1,2,1,1,0,1,2,1,1,0,0,1,0,1,0,1,1,1,1,0,1,1,1,1,0,1,1,1,1,1,1,0,1,0,1,0
"PTHR12002_SF35",1,1,0,0,1,1,1,1,1,0,1,1,1,0,1,1,1,1,1,1,1,0,1,1,1,1,1,0,1,0,0,1,1,1,1,1,1,1,0,1,0,1,1,0,1
"PTHR12002_SF42",1,1,1,1,1,1,1,1,1,1,1,1,1,1,1,1,1,1,1,1,0,1,1,1,1,1,1,1,1,1,0,1,1,1,1,1,1,1,2,1,1,1,1,0,1
"PTHR12002_SF56",1,1,1,1,1,1,1,1,1,1,1,1,1,1,1,1,1,1,1,1,1,1,1,1,1,1,1,1,1,1,1,1,1,1,1,1,1,1,1,1,1,1,1,1,1
"PTHR12002_SF6",1,1,1,1,1,1,1,1,1,1,0,1,1,1,1,2,1,1,1,1,1,1,1,1,1,1,1,1,1,1,1,1,1,1,1,1,1,1,1,1,1,1,1,1,1
"PTHR12002_SF74",1,1,1,1,1,1,1,1,1,1,1,1,1,1,1,1,1,1,1,1,1,1,1,1,1,1,1,1,1,1,1,1,1,1,1,1,1,1,2,1,1,1,1,1,1
"PTHR12002_SF78",1,1,1,1,1,1,1,1,1,1,1,1,2,1,1,4,1,0,1,1,1,1,1,1,1,1,1,1,1,1,1,1,1,1,1,1,1,2,1,1,1,1,1,1,1
"PTHR12002_SF82",1,1,1,1,1,1,1,1,1,1,1,1,1,1,1,1,1,1,1,0,1,0,1,1,1,1,1,1,1,1,1,1,1,1,1,1,1,1,1,1,1,1,1,1,1
"PTHR12002_SF84",1,1,0,0,1,1,0,0,0,2,1,1,2,0,0,0,0,1,0,1,0,0,2,0,1,1,0,0,1,1,0,0,0,0,0,0,0,1,0,2,0,1,0,1,0
"PTHR12002_SF87",1,1,0,0,1,0,0,0,0,1,1,1,1,0,1,1,1,0,0,0,1,0,0,0,0,1,1,1,1,1,1,0,1,1,0,1,1,1,1,1,0,1,0,1,1
"PTHR12002_SF89",1,1,1,1,1,1,1,1,1,1,1,1,1,1,0,1,1,1,1,1,1,0,2,1,1,1,1,1,0,1,1,1,1,1,1,4,1,1,2,1,1,1,1,1,1
"PTHR12002_SF9",1,1,1,1,1,1,1,1,1,1,1,3,1,1,1,1,1,1,1,2,1,1,1,1,1,1,0,1,1,1,1,1,1,1,1,1,1,1,1,1,1,1,1,1,1
"PTHR12002_SF90",1,1,1,1,0,1,1,1,1,1,1,1,1,1,1,1,1,1,1,0,1,0,1,1,1,1,1,1,2,1,1,1,1,1,1,1,1,1,2,1,0,1,1,1,1
"PTHR12002_SF92",1,1,1,1,1,1,1,1,1,1,1,1,1,1,1,1,1,1,1,1,1,1,1,1,1,1,1,1,1,1,1,1,1,1,1,1,1,1,1,1,1,1,1,1,1
"PTHR12002_SF99",1,1,1,1,1,1,1,1,1,1,1,1,1,1,1,1,1,1,1,1,1,1,1,1,1,1,1,1,1,1,1,1,1,1,1,1,1,1,1,1,1,1,0,1,1
"PTHR12004",2,0,3,2,2,1,2,1,2,2,2,1,2,4,1,4,1,2,3,2,3,2,2,3,2,2,2,4,2,1,3,1,1,3,2,3,3,2,4,2,1,2,1,0,2
"PTHR12010_SF3",1,2,1,1,2,2,2,1,0,0,0,1,0,1,2,1,2,0,2,1,1,1,0,1,0,1,0,1,0,2,1,2,1,2,2,1,2,0,1,0,0,0,1,2,0
"PTHR12011_SF175",1,0,1,1,1,1,2,1,1,1,1,1,1,1,1,4,1,1,1,1,1,1,1,1,1,1,1,1,1,1,1,1,1,1,1,1,1,1,2,1,1,1,1,1,1
"PTHR12011_SF178",1,1,1,1,1,1,1,0,0,2,1,1,1,1,0,1,1,1,1,1,0,1,0,1,0,1,0,1,1,1,0,0,1,1,1,0,1,1,2,0,1,1,1,0,1
"PTHR12011_SF179",2,4,0,0,0,3,1,0,0,3,0,4,0,1,0,2,3,1,1,8,1,2,0,1,0,1,0,0,1,3,1,0,1,1,0,0,1,1,1,0,0,4,0,0,1
"PTHR12011_SF207",1,1,1,1,1,1,1,0,0,4,1,1,1,1,1,1,1,1,1,1,1,1,1,1,0,1,1,1,1,1,0,0,1,1,1,1,1,1,1,1,1,1,1,1,1
"PTHR12011_SF209",1,1,1,1,1,1,1,1,1,1,1,1,1,1,1,1,1,1,1,1,1,1,1,1,1,1,1,1,1,1,1,1,1,1,2,1,1,1,2,1,1,1,1,1,1
"PTHR12011_SF214",1,1,1,1,1,0,1,1,1,1,1,1,1,1,1,1,1,1,1,1,1,1,1,1,0,1,1,1,1,1,1,0,1,1,1,1,0,1,1,1,1,1,0,1,1
"PTHR12011_SF216",1,1,1,1,1,1,1,1,1,2,1,1,1,1,1,1,1,1,1,0,1,1,1,1,1,1,1,1,1,1,1,0,1,1,1,1,1,1,1,1,1,1,1,1,1
"PTHR12011_SF221",1,1,0,0,1,1,0,1,1,0,1,0,0,1,1,1,0,0,0,0,0,0,1,1,1,0,1,1,0,1,1,0,0,0,1,1,1,0,1,0,0,0,1,0,1
"PTHR12011_SF224",4,1,0,0,3,0,0,0,0,0,2,4,3,0,0,0,0,0,0,4,0,0,0,0,0,1,0,0,1,0,0,0,0,0,0,0,0,3,0,0,0,0,0,0,2
"PTHR12011_SF225",1,0,1,1,1,0,1,1,1,1,0,1,1,1,1,1,1,1,1,0,1,1,1,1,1,1,1,1,1,0,1,1,1,1,0,1,1,1,1,1,1,0,1,0,1
"PTHR12011_SF227",1,1,1,1,1,1,1,1,1,1,1,1,1,1,1,1,1,1,1,1,1,1,1,1,1,1,1,1,1,1,1,1,1,1,1,1,1,1,1,0,1,1,1,1,1
"PTHR12011_SF228",1,1,0,1,1,1,1,1,1,1,1,1,1,1,1,1,1,1,1,1,1,1,1,1,1,1,1,1,1,1,1,1,1,1,1,1,1,1,2,1,1,1,1,1,1
"PTHR12011_SF229",1,1,1,1,1,1,1,1,1,1,1,1,1,1,1,1,1,1,1,2,1,1,1,1,1,1,1,1,1,1,1,0,1,1,1,1,1,1,1,1,1,1,0,1,1
"PTHR12011_SF230",1,1,1,1,1,1,1,1,1,1,1,1,1,1,1,1,1,1,1,1,1,1,1,1,1,1,1,1,1,1,2,1,1,1,1,1,1,1,1,1,1,1,1,1,1
"PTHR12011_SF232",1,1,1,1,1,1,1,1,1,1,1,1,1,1,1,1,1,1,1,1,1,1,1,1,1,1,1,1,1,1,1,1,1,1,1,1,1,1,1,1,1,1,1,2,1
"PTHR12011_SF24",1,1,1,1,1,1,1,1,1,1,1,1,1,1,1,1,1,1,1,1,1,1,1,1,1,1,1,1,1,1,1,1,1,1,1,1,1,1,1,1,1,1,1,1,1
"PTHR12011_SF245",1,1,1,1,1,1,1,1,1,1,1,1,1,1,1,2,1,1,1,0,1,1,1,1,1,1,0,1,1,1,0,1,1,1,1,1,1,1,1,1,1,1,1,1,1
"PTHR12011_SF246",3,2,0,0,4,2,1,1,1,3,2,2,1,0,1,0,1,4,0,0,0,0,1,0,1,1,0,0,2,3,1,0,1,0,1,1,1,1,0,1,0,2,0,1,1
"PTHR12011_SF253",1,1,1,1,1,1,0,1,1,1,0,1,1,1,1,1,1,1,1,1,1,0,1,1,1,1,1,1,1,1,1,1,1,1,1,1,1,1,2,1,1,1,1,1,1
"PTHR12011_SF256",1,1,1,1,1,1,1,1,1,1,1,1,1,1,1,1,1,1,1,1,1,1,1,1,1,1,1,0,1,1,1,1,1,1,1,1,1,1,1,1,1,1,1,2,1
"PTHR12011_SF264",1,1,1,1,1,1,1,1,1,1,1,1,1,1,1,1,1,1,1,1,1,1,1,1,1,1,1,1,1,1,1,1,1,1,1,1,1,1,1,1,1,1,1,1,1
"PTHR12011_SF267",1,1,1,1,1,1,1,1,1,1,1,1,1,1,1,1,1,1,1,1,1,1,1,1,1,1,1,1,1,1,1,1,1,1,1,1,1,1,1,1,1,1,1,1,1
"PTHR12011_SF269",1,1,1,1,1,1,1,1,1,1,1,1,1,1,1,1,1,1,1,1,1,1,1,1,1,1,1,1,1,1,1,1,1,1,1,1,1,1,1,1,1,1,1,1,1
"PTHR12011_SF27",1,1,1,1,1,1,1,1,1,1,1,1,1,1,1,1,2,1,1,1,1,1,1,1,1,1,1,1,1,1,1,1,1,1,1,1,1,1,1,1,1,1,1,1,1
"PTHR12011_SF272",1,1,1,1,1,1,1,1,1,1,1,1,1,2,1,1,1,1,1,1,1,1,1,1,1,1,1,1,1,1,1,1,1,1,1,1,2,1,2,1,1,1,1,1,1
"PTHR12011_SF274",1,1,1,1,1,1,1,1,1,1,1,1,1,2,1,1,1,1,1,1,1,1,1,1,1,1,1,1,1,1,1,1,1,1,1,1,1,1,1,1,1,1,1,1,1
"PTHR12011_SF29",1,1,1,1,1,1,1,1,1,1,1,1,1,1,1,1,1,1,1,1,1,1,1,1,1,1,1,1,1,1,1,1,1,1,1,1,1,1,1,1,1,1,1,1,1
"PTHR12011_SF31",1,1,1,1,1,1,1,1,1,1,1,1,1,1,1,1,1,1,1,1,1,1,1,1,1,1,1,1,1,1,1,1,1,1,1,1,1,1,1,1,1,1,1,1,1
"PTHR12011_SF33",1,1,1,1,1,1,1,1,1,1,1,1,1,1,1,1,1,1,1,1,1,1,1,1,1,1,1,1,1,1,1,1,1,1,1,1,1,1,1,1,1,1,1,1,1
"PTHR12011_SF35",1,1,1,1,1,1,1,1,1,1,1,1,1,2,1,1,1,1,1,1,1,1,1,1,1,1,1,1,1,2,2,1,1,1,1,1,1,1,2,1,1,1,1,1,1
"PTHR12011_SF39",2,1,1,1,1,1,1,1,1,0,1,1,1,1,1,1,1,1,1,0,1,1,1,1,1,1,1,1,1,1,0,1,1,1,1,1,1,1,1,0,1,1,1,1,1
"PTHR12011_SF40",2,1,1,1,1,1,1,1,1,1,1,1,1,1,1,1,1,1,1,1,1,1,1,1,1,1,1,1,1,1,1,2,1,1,1,1,1,1,1,1,1,1,1,1,1
"PTHR12011_SF41",1,1,1,1,1,1,1,1,1,1,1,1,1,1,1,1,1,1,1,1,1,1,1,1,1,1,1,1,1,1,1,1,1,1,1,1,1,1,1,1,1,1,1,1,1
"PTHR12011_SF43",1,1,1,1,1,1,1,1,1,1,1,1,1,1,1,1,1,1,1,1,1,1,1,1,1,1,1,1,1,1,1,1,2,1,1,1,1,1,1,2,1,1,1,1,1
"PTHR12011_SF45",1,1,1,1,1,1,1,1,1,1,1,1,1,1,1,1,1,1,1,1,1,1,1,1,1,1,1,1,1,1,1,1,1,1,1,1,1,1,1,1,1,1,1,1,1
"PTHR12011_SF47",1,1,1,1,1,1,1,1,1,1,1,1,1,1,1,1,1,1,1,1,1,1,1,1,1,1,1,1,1,1,1,1,1,1,1,1,1,1,1,1,1,1,1,1,1
"PTHR12011_SF54",1,1,1,1,1,1,1,1,1,1,1,1,1,1,1,1,1,1,1,1,1,1,1,1,1,1,1,1,1,1,1,0,1,1,1,1,1,1,1,1,1,1,0,1,1
"PTHR12011_SF58",1,1,1,1,1,1,1,0,1,1,1,1,1,1,0,1,0,1,1,0,1,1,0,1,0,1,0,1,0,1,1,0,1,1,0,0,1,1,1,0,1,1,1,0,0
"PTHR12011_SF59",1,1,1,1,1,1,1,1,1,2,1,1,1,1,1,1,1,1,1,1,1,1,1,1,1,1,1,1,1,1,1,1,1,1,1,1,1,1,1,1,1,1,1,1,1
"PTHR12011_SF60",2,1,1,1,1,2,1,1,1,1,1,1,1,1,1,1,1,1,1,1,1,1,1,1,1,1,1,1,1,1,1,1,1,1,1,1,1,1,1,1,1,1,1,1,1
"PTHR12011_SF61",1,1,1,1,1,1,1,1,1,1,1,1,1,1,1,1,1,1,1,1,1,1,1,1,1,1,1,1,1,1,1,1,1,1,1,1,1,1,1,1,1,1,1,1,1
"PTHR12011_SF62",1,1,1,1,1,1,1,1,1,1,1,1,1,1,1,2,1,1,1,1,1,1,1,1,1,1,1,1,1,2,1,1,1,1,1,1,1,1,1,1,1,1,1,1,1
"PTHR12011_SF67",1,1,1,1,1,1,1,1,1,1,1,1,1,1,1,1,1,1,1,1,1,1,1,1,1,1,1,1,1,1,1,1,1,1,1,1,1,1,1,1,1,1,1,1,1
"PTHR12011_SF69",1,1,2,1,1,1,1,1,1,2,1,1,1,1,1,1,1,1,1,1,1,1,1,1,1,1,0,1,1,1,0,1,1,1,1,1,1,1,1,1,1,1,1,1,1
"PTHR12011_SF84",1,1,1,1,1,1,2,1,1,1,1,1,1,1,1,1,1,1,1,1,1,1,1,1,1,1,1,1,1,1,1,1,1,1,1,1,1,1,1,1,1,1,1,1,1
"PTHR12013_SF0",1,1,2,1,5,1,2,1,1,1,1,1,1,2,1,1,4,1,4,3,2,1,1,2,1,2,1,2,1,1,1,3,2,2,2,2,3,1,3,1,3,1,2,1,3
"PTHR12015",20,22,26,17,20,21,17,17,19,20,20,22,20,24,17,46,20,13,30,21,29,20,29,26,15,20,17,27,18,22,16,13,18,30,16,22,26,17,30,17,20,19,19,22,22
"PTHR12019",2,2,2,2,2,2,3,2,2,2,2,2,2,2,1,2,2,1,2,2,2,3,2,2,2,1,2,2,2,2,2,2,1,2,1,1,3,2,3,2,3,3,2,1,2
"PTHR12021_SF3",1,5,4,2,4,5,4,1,1,3,1,1,0,1,1,2,1,1,3,1,1,3,1,3,1,0,2,3,1,2,0,1,2,3,1,2,1,2,3,3,3,2,2,1,5
"PTHR12022",1,2,2,1,1,3,1,1,1,2,1,1,1,3,3,1,1,1,3,1,1,3,1,3,1,3,1,3,3,1,2,8,1,2,2,4,3,2,4,2,1,0,1,2,1
"PTHR12025_SF11",1,1,1,1,1,1,1,1,1,1,1,1,0,1,1,1,1,1,1,1,1,1,1,1,1,1,1,1,1,1,1,1,1,1,1,1,1,1,1,1,1,1,1,1,1
"PTHR12025_SF3",1,1,1,1,1,1,1,1,1,1,1,1,1,1,1,1,1,1,1,1,1,1,1,1,1,1,1,1,1,1,1,1,1,1,1,1,1,1,1,1,1,1,1,1,1
"PTHR12025_SF4",1,1,1,1,1,1,1,1,1,0,1,1,1,1,1,1,1,1,1,1,1,1,1,1,1,1,1,1,1,1,0,1,1,1,1,1,1,1,1,1,1,1,1,1,1
"PTHR12025_SF5",1,1,1,1,1,1,1,1,1,1,1,1,1,1,1,1,1,1,1,1,1,1,1,1,1,1,1,1,1,1,1,1,1,1,1,1,1,1,1,1,1,1,1,1,1
"PTHR12025_SF9",1,1,1,1,1,1,1,1,1,1,1,1,1,1,1,1,1,1,1,1,1,1,1,1,1,1,1,1,1,1,1,0,1,1,1,1,1,1,1,1,1,0,1,1,2
"PTHR12027_SF33",1,1,1,1,1,1,1,1,1,1,1,1,1,1,1,1,1,1,1,1,1,1,1,1,1,1,1,1,2,1,1,1,1,1,1,1,1,1,1,1,1,1,1,1,1
"PTHR12027_SF7",1,1,1,1,1,1,1,1,1,1,1,1,1,1,1,1,1,1,1,1,1,1,1,1,1,1,1,1,1,1,1,1,1,1,1,1,1,1,1,1,1,1,1,1,1
"PTHR12027_SF70",1,1,1,1,1,1,1,1,1,1,1,1,1,1,1,1,1,1,1,1,1,1,1,1,1,1,1,1,1,1,1,1,1,1,1,1,1,1,1,1,1,1,1,1,1
"PTHR12027_SF72",1,1,1,1,1,1,1,1,1,0,1,1,1,1,1,1,1,1,1,1,1,1,1,1,1,1,1,1,1,1,1,1,1,1,1,1,1,1,1,1,1,1,1,1,1
"PTHR12027_SF73",1,1,1,1,1,1,1,1,1,0,1,1,1,1,1,1,1,1,1,0,1,1,1,1,1,1,1,1,1,1,0,1,1,1,1,1,1,1,1,1,1,1,1,1,1
"PTHR12027_SF75",1,1,1,1,1,1,1,1,1,1,1,1,1,1,1,1,1,1,1,1,1,1,1,1,1,1,1,1,1,1,1,1,1,1,1,1,1,1,1,1,1,1,1,1,1
"PTHR12027_SF76",1,1,1,1,1,1,1,1,1,1,1,1,1,1,1,1,1,1,1,1,1,1,1,1,1,1,1,1,1,2,1,1,1,1,1,1,1,1,1,1,1,1,1,1,1
"PTHR12027_SF78",1,1,1,1,1,1,1,1,1,1,1,1,1,1,1,1,1,1,1,1,1,1,1,1,1,1,1,1,1,1,1,1,1,1,1,1,1,1,1,1,1,1,1,1,1
"PTHR12027_SF80",1,1,1,1,1,1,1,1,1,1,1,1,1,1,1,1,1,1,1,1,1,1,1,1,1,1,1,1,1,1,1,1,1,1,1,1,1,1,1,1,1,1,1,1,1
"PTHR12027_SF82",1,1,1,1,1,1,1,1,1,1,1,1,1,1,1,3,1,1,1,1,1,1,1,1,1,1,1,1,1,1,1,1,1,1,1,1,1,2,2,1,1,1,1,1,1
"PTHR12027_SF84",1,1,1,1,1,1,1,1,1,1,1,1,1,1,1,2,1,1,1,1,1,2,1,1,1,1,1,1,1,1,1,1,1,1,1,1,1,1,2,1,1,1,1,1,1
"PTHR12027_SF85",1,1,1,1,1,1,1,1,1,1,1,1,1,1,1,1,1,1,1,0,1,1,1,1,1,1,1,1,1,1,1,1,1,1,1,1,1,1,1,1,1,1,0,1,1
"PTHR12027_SF86",1,1,1,1,1,1,1,1,1,1,1,1,1,1,1,1,1,1,1,1,1,1,1,1,1,1,1,1,1,1,1,1,1,1,1,1,1,1,1,1,1,1,1,1,1
"PTHR12027_SF87",1,1,1,1,1,1,1,1,1,1,1,1,1,1,1,1,1,1,1,2,1,1,1,1,1,1,1,1,1,1,1,1,1,1,1,1,1,1,1,1,1,1,1,1,1
"PTHR12027_SF88",1,1,1,1,1,1,1,1,1,1,1,1,1,1,1,1,1,1,1,1,1,1,1,1,1,1,1,1,1,1,1,1,1,1,1,1,1,2,1,1,1,1,1,1,1
"PTHR12027_SF89",1,1,1,1,1,1,1,1,1,1,1,1,1,1,1,1,1,1,1,1,1,1,1,1,1,1,1,1,1,1,1,1,1,1,1,1,1,1,1,1,1,1,1,1,1
"PTHR12027_SF92",1,1,1,1,1,1,1,1,1,1,1,1,1,1,1,1,1,1,1,1,1,1,1,1,1,1,1,1,1,1,1,1,1,1,1,1,1,1,1,1,1,1,1,1,1
"PTHR12027_SF93",1,1,1,1,1,1,1,1,1,1,1,1,1,1,1,1,1,1,1,1,1,1,1,1,1,1,1,1,1,1,1,1,1,1,1,1,1,1,1,1,1,1,1,1,1
"PTHR12027_SF94",1,1,1,1,1,1,1,1,1,1,1,1,1,1,1,1,1,1,1,1,1,1,1,1,1,1,1,1,1,1,1,1,1,1,1,1,1,1,1,1,1,1,1,1,1
"PTHR12029_SF11",1,1,1,1,1,1,1,1,1,1,1,1,1,1,1,1,1,1,1,1,1,1,1,1,1,1,1,1,1,1,1,1,1,1,1,1,1,1,1,1,1,1,1,2,1
"PTHR12029_SF49",1,0,1,1,1,1,1,1,1,1,1,1,1,1,1,1,1,1,1,1,1,1,1,1,1,1,1,1,1,1,1,1,1,1,1,1,1,1,1,1,1,1,1,1,1
"PTHR12029_SF7",1,1,1,1,1,1,1,1,1,1,1,1,1,1,1,2,1,1,1,1,1,1,1,1,0,1,1,1,1,1,1,2,1,1,1,1,1,1,1,1,1,1,1,1,1
"PTHR12035",12,19,15,13,14,16,12,10,11,19,24,30,16,18,8,17,5,19,14,39,12,14,12,15,10,15,11,15,13,18,8,7,15,17,11,12,18,13,18,11,12,9,10,11,12
"PTHR12036_SF18",1,1,1,1,1,1,2,1,1,2,2,1,2,1,1,1,1,1,1,1,1,1,1,1,1,2,2,1,2,1,1,1,1,1,1,1,1,1,1,1,1,1,1,1,1
"PTHR12036_SF3",1,1,1,1,1,1,1,1,1,1,1,1,1,1,1,1,1,1,1,1,1,1,1,1,1,1,1,1,1,1,1,1,1,1,1,1,1,1,1,1,1,1,1,1,1
"PTHR12036_SF4",2,0,1,1,1,0,1,1,1,2,1,1,1,1,1,1,1,1,1,1,1,1,1,1,2,2,1,1,1,0,1,1,1,1,0,1,1,1,1,1,1,1,1,2,1
"PTHR12039",4,3,3,4,3,3,3,3,3,3,3,3,3,4,3,3,3,3,4,3,3,5,3,3,3,3,3,4,3,3,4,3,3,3,3,3,4,3,4,3,3,3,3,3,3
"PTHR12040",2,2,2,2,3,3,2,2,2,2,2,2,2,2,6,3,2,2,2,3,2,3,2,2,2,2,2,2,2,2,2,3,2,2,2,2,2,2,2,2,3,2,2,2,3
"PTHR12042",2,2,2,1,2,2,2,2,2,2,2,2,2,2,2,2,3,2,2,1,2,2,2,2,2,2,2,1,2,2,2,2,2,2,2,2,2,2,2,2,1,2,1,2,2
"PTHR12044_SF10",1,1,1,1,1,1,1,1,1,1,1,1,1,1,1,1,1,1,1,1,1,1,1,1,1,1,1,1,1,1,1,1,1,1,1,1,1,1,1,1,1,1,1,1,1
"PTHR12044_SF11",1,1,1,1,1,0,1,1,1,1,1,1,1,1,1,1,1,0,1,1,1,1,1,1,1,1,1,1,1,1,1,1,0,1,0,1,1,1,1,1,1,1,1,1,1
"PTHR12044_SF9",1,1,1,1,1,1,1,1,1,1,1,1,1,1,1,1,1,1,1,0,1,1,1,1,1,1,1,1,1,1,1,1,1,1,1,1,1,1,1,1,1,1,1,1,1
"PTHR12045",1,1,1,1,1,1,1,1,1,1,1,1,1,1,1,1,1,1,1,1,1,1,1,1,1,1,0,1,1,1,1,1,1,1,1,1,1,1,1,1,1,0,0,1,1
"PTHR12046",1,1,1,1,1,1,1,1,1,2,1,1,1,1,1,1,1,1,1,1,1,1,1,1,1,1,1,1,1,1,1,2,1,1,1,1,1,1,1,1,1,1,1,1,1
"PTHR12047",1,1,1,1,1,1,1,1,1,1,1,1,1,1,1,1,1,1,1,1,1,1,1,1,1,1,1,1,1,1,1,1,1,1,1,1,1,1,1,1,1,1,1,1,1
"PTHR12048",1,1,1,1,1,1,1,1,1,1,1,1,1,1,1,1,1,1,1,1,1,1,1,1,1,1,2,1,1,1,1,1,1,1,1,1,1,1,1,1,1,1,1,1,1
"PTHR12049",1,1,1,1,1,1,1,1,1,1,1,1,1,1,1,1,1,1,1,2,1,1,1,1,1,1,3,1,1,1,2,2,1,1,1,1,1,1,1,1,1,1,1,1,1
"PTHR12050",2,2,2,2,3,2,2,2,2,3,2,2,2,2,3,2,2,2,2,2,2,2,2,2,2,2,2,2,2,1,2,2,2,2,2,2,2,2,2,2,2,2,2,3,2
"PTHR12052",2,2,2,2,3,2,3,3,2,2,2,2,3,2,4,2,2,7,2,2,2,5,2,2,2,2,4,3,2,2,2,2,2,2,4,3,2,3,2,2,2,2,2,2,4
"PTHR12053",2,1,1,1,1,1,1,1,1,1,1,1,1,1,1,1,1,1,1,1,1,1,1,1,1,1,0,1,1,1,1,1,1,0,1,1,1,1,1,1,1,1,1,1,1
"PTHR12056_SF3",1,2,1,3,3,2,2,1,1,4,2,3,1,2,2,1,2,1,3,2,0,1,1,3,1,0,1,3,1,1,3,6,0,1,1,5,1,1,1,1,4,1,1,1,0
"PTHR12058",2,2,1,2,1,4,1,1,1,2,1,1,2,1,5,1,1,1,1,2,1,2,1,1,2,2,1,1,2,3,1,4,2,1,1,1,1,1,1,1,2,1,1,1,1
"PTHR12059_SF5",1,1,1,1,1,1,1,1,1,1,1,1,1,1,1,3,1,0,2,0,1,1,1,2,1,2,1,1,1,1,1,2,1,1,1,1,1,1,1,1,1,1,1,1,1
"PTHR12062_SF1",1,1,1,1,1,1,1,1,1,1,1,1,1,1,2,2,1,2,1,1,1,1,1,1,1,1,1,1,1,1,1,1,1,1,1,1,1,1,1,1,3,1,1,2,1
"PTHR12062_SF2",1,1,0,0,1,1,0,1,0,0,1,1,0,0,0,0,0,1,0,1,1,1,0,0,0,1,0,0,1,1,0,0,1,0,2,0,0,0,0,0,0,1,0,2,1
"PTHR12062_SF3",1,1,0,0,1,0,0,1,1,1,1,1,1,0,2,0,1,1,0,1,1,1,1,0,1,1,1,0,1,1,1,1,1,0,0,1,0,1,0,1,0,1,0,0,1
"PTHR12062_SF4",1,1,1,1,1,1,1,1,1,1,1,1,1,1,1,1,1,1,1,1,1,1,1,1,1,1,1,1,1,1,1,1,1,1,1,1,1,1,1,1,1,1,1,1,1
"PTHR12062_SF7",1,1,1,0,1,1,0,0,1,1,1,1,1,1,1,0,1,1,1,1,1,1,1,1,1,0,1,0,0,1,1,1,1,0,0,1,1,1,1,1,0,0,0,0,1
"PTHR12062_SF8",1,1,1,1,1,1,1,1,1,1,1,1,1,1,1,3,1,1,1,1,1,1,1,1,1,1,1,1,1,1,1,1,1,1,1,1,1,1,1,1,1,1,1,1,1
"PTHR12064_SF22",1,1,1,1,1,1,1,1,1,2,1,1,1,1,1,1,1,1,1,1,1,1,1,1,1,1,1,1,1,1,1,1,1,1,1,1,1,1,1,1,1,1,1,1,1
"PTHR12064_SF26",1,1,1,1,1,1,1,1,1,1,2,1,1,1,1,1,1,1,1,1,1,1,1,1,1,1,1,1,1,1,1,1,1,1,1,1,1,1,1,1,1,1,1,1,1
"PTHR12064_SF27",1,1,1,1,2,1,1,1,1,1,0,1,1,1,1,1,0,1,1,1,1,1,1,1,1,0,1,1,0,1,1,1,1,1,1,1,1,1,1,1,1,1,1,1,1
"PTHR12064_SF28",1,1,1,1,1,1,1,1,1,1,1,1,1,1,1,1,1,1,1,1,1,1,1,1,1,1,1,1,1,1,1,1,1,1,1,1,1,1,1,1,1,1,1,1,1
"PTHR12066",1,1,1,1,1,1,2,1,1,1,1,1,1,1,1,1,1,1,1,1,1,1,1,1,1,1,1,1,1,1,0,1,1,1,1,1,1,1,2,1,1,1,1,1,1
"PTHR12067",1,1,1,1,1,0,1,0,0,1,1,1,1,1,1,1,1,1,1,1,1,1,1,1,1,1,2,1,1,2,1,0,1,1,0,1,1,0,1,1,1,1,1,1,1
"PTHR12069_SF0",1,1,1,1,1,1,1,1,1,1,1,1,1,1,1,2,1,1,1,1,1,1,1,1,1,1,1,1,1,1,1,1,1,1,1,1,1,1,1,1,1,1,1,2,1
"PTHR12072_SF4",1,1,1,1,1,1,1,1,1,1,1,1,1,0,1,1,1,1,2,1,2,1,1,2,1,1,1,1,1,1,1,1,1,2,1,1,1,1,1,1,1,1,1,1,1
"PTHR12072_SF5",2,1,1,2,1,1,1,1,1,1,1,1,1,1,2,1,1,1,1,1,1,1,1,1,1,1,1,1,1,1,1,1,1,1,1,1,1,1,1,1,1,1,1,1,1
"PTHR12075_SF1",1,1,1,1,1,1,1,1,1,2,1,1,1,2,1,1,1,1,1,1,1,1,1,1,1,1,1,2,1,1,2,1,1,1,0,1,2,1,2,1,2,1,1,0,1
"PTHR12075_SF2",1,1,2,2,2,3,1,1,1,1,0,0,1,2,4,2,2,1,2,1,1,1,2,3,3,1,0,1,1,0,0,3,0,2,2,0,1,1,2,1,1,1,0,2,2
"PTHR12080",11,12,11,11,10,15,10,9,9,15,11,14,11,10,7,10,7,9,10,9,11,11,10,11,8,13,9,11,10,14,11,4,10,11,10,10,9,6,10,10,10,15,10,11,10
"PTHR12081_SF19",2,1,1,1,1,1,2,1,1,2,1,1,1,1,1,1,2,1,1,2,1,1,1,1,2,1,1,1,1,1,1,2,2,1,2,1,1,1,1,1,1,1,1,1,1
"PTHR12081_SF21",1,1,1,1,1,1,1,1,1,1,1,1,1,1,1,1,1,1,1,1,1,1,1,1,1,1,1,1,1,1,0,1,1,1,1,1,1,1,2,1,1,1,1,1,1
"PTHR12081_SF25",1,1,1,1,1,1,1,1,1,1,2,1,1,1,1,1,1,1,1,1,1,1,1,1,1,1,1,1,1,1,1,1,1,1,1,1,1,1,1,1,1,1,1,1,1
"PTHR12081_SF35",1,3,1,1,1,1,1,1,1,1,1,1,1,1,4,1,1,1,0,1,1,1,1,1,1,1,1,1,1,1,1,1,1,1,1,1,1,1,1,1,1,1,1,2,1
"PTHR12081_SF36",1,1,1,1,1,2,1,1,1,2,1,1,1,1,1,1,1,1,2,1,1,1,1,1,1,1,2,2,1,1,1,1,1,1,1,1,3,1,3,1,1,1,1,1,1
"PTHR12081_SF40",1,1,1,1,1,1,1,1,1,1,1,2,1,1,1,1,1,1,1,1,1,1,1,1,1,1,2,1,1,1,1,1,1,1,1,1,1,1,1,1,1,1,1,1,1
"PTHR12081_SF41",1,1,1,1,1,1,1,1,1,1,1,1,1,1,1,2,1,1,1,1,1,1,1,1,1,1,1,1,1,1,1,1,1,1,1,1,1,1,1,1,1,1,1,1,1
"PTHR12081_SF42",1,1,1,1,2,1,1,1,1,1,1,1,1,1,1,1,1,1,1,1,1,1,1,1,1,1,1,1,1,1,3,1,1,1,1,1,2,1,1,1,1,1,1,1,1
"PTHR12083",1,1,1,1,1,1,1,1,1,1,1,1,1,1,1,1,1,1,1,1,1,1,1,1,1,1,2,1,1,2,0,1,1,1,1,1,1,1,1,1,1,1,1,1,1
"PTHR12084_SF2",1,1,1,1,0,1,2,1,1,1,1,1,0,0,1,1,1,1,1,1,1,0,1,1,0,1,2,1,1,1,1,1,1,1,1,1,1,0,0,1,0,1,1,2,0
"PTHR12084_SF3",1,0,1,1,1,1,1,1,1,1,1,2,1,1,1,1,1,0,1,0,1,1,1,1,0,1,1,1,1,1,1,0,1,1,0,1,1,1,1,1,1,1,1,0,1
"PTHR12085",1,1,1,2,1,1,1,2,1,1,1,1,1,1,2,1,1,2,1,1,1,1,1,1,1,1,1,1,1,1,1,1,1,1,1,2,1,1,1,1,1,1,1,1,1
"PTHR12086",3,3,3,3,3,3,3,3,3,3,3,3,3,3,4,3,2,3,3,3,3,3,3,3,3,3,1,3,3,3,3,2,3,3,3,3,3,3,4,3,3,3,3,3,3
"PTHR12087",1,1,1,1,1,1,1,1,1,1,1,1,1,1,1,1,1,1,1,1,1,1,1,1,1,1,1,1,1,1,1,1,1,1,1,1,1,1,1,1,1,1,1,1,1
"PTHR12091",1,1,1,1,1,1,1,1,1,1,1,1,1,1,1,1,1,1,1,1,1,1,1,1,1,1,1,2,1,1,1,1,1,1,1,1,1,1,3,1,1,1,1,1,1
"PTHR12092_SF1",1,1,1,1,1,1,1,1,1,1,1,1,1,2,1,1,1,1,1,1,1,1,1,1,1,1,1,1,1,1,1,1,1,1,1,1,1,1,1,1,1,1,1,1,1
"PTHR12092_SF2",1,1,1,1,1,1,1,1,1,1,1,1,1,1,1,1,1,1,1,1,1,1,1,1,1,1,1,1,1,1,1,2,1,1,1,1,1,1,1,1,1,1,1,1,1
"PTHR12093",2,2,2,2,2,2,2,2,2,2,2,2,2,2,2,2,2,2,2,2,2,2,2,2,3,2,2,2,2,2,2,2,2,2,2,2,2,2,2,2,2,2,2,2,2
"PTHR12096",1,1,1,2,1,1,1,1,1,2,1,1,1,1,1,1,1,1,2,3,1,3,1,1,2,1,1,2,1,1,1,5,1,1,1,1,2,1,2,1,2,1,1,2,2
"PTHR12097_SF0",1,2,1,1,1,1,1,1,1,1,1,1,1,1,3,1,1,1,2,1,1,1,1,1,1,1,1,1,1,1,3,3,1,1,1,1,1,1,1,1,1,1,1,1,1
"PTHR12098",3,3,3,4,3,3,3,3,3,3,3,3,3,3,3,3,3,3,3,3,3,3,3,3,3,3,3,3,3,3,3,3,3,3,3,3,3,3,3,3,4,3,3,3,3
"PTHR12100",1,1,1,1,1,1,1,1,1,1,1,1,1,2,1,1,1,1,1,1,1,1,1,1,1,1,1,1,1,1,2,3,1,1,1,1,2,1,2,1,1,1,1,1,1
"PTHR12101",2,3,3,3,3,3,3,3,3,3,3,3,3,3,3,3,3,3,3,3,3,3,3,3,3,3,3,3,3,2,3,3,3,3,3,3,3,3,3,2,3,3,3,3,3
"PTHR12103_SF11",1,1,1,1,1,1,1,1,1,1,1,1,1,1,1,1,1,1,1,1,1,1,2,1,1,1,1,1,1,1,1,1,1,1,1,2,1,1,1,1,1,1,1,1,1
"PTHR12103_SF13",2,1,2,1,1,1,1,1,1,0,1,1,1,1,1,1,1,0,1,2,1,1,1,2,1,1,1,1,1,1,1,2,1,1,1,1,2,1,1,1,1,1,1,1,1
"PTHR12103_SF14",1,1,2,2,1,1,1,1,1,1,1,1,1,1,1,1,1,1,1,1,1,1,1,2,1,0,1,1,1,1,1,1,1,2,1,1,1,1,1,1,1,1,1,1,1
"PTHR12103_SF17",1,1,1,1,1,1,1,1,1,1,1,1,1,1,1,1,0,1,1,0,1,2,1,1,1,1,1,1,0,1,0,1,0,1,0,1,1,1,1,1,1,1,1,0,2
"PTHR12103_SF18",1,0,1,0,0,1,0,0,0,0,1,1,1,1,0,1,0,1,1,0,1,1,0,1,0,0,0,1,0,1,1,0,0,1,1,0,1,1,1,0,0,1,1,1,0
"PTHR12106",5,5,5,6,5,8,5,5,5,5,5,5,5,5,5,5,5,6,5,5,5,5,5,5,5,5,5,5,5,5,4,5,5,5,4,5,5,5,5,4,5,5,5,5,5
"PTHR12107",5,6,6,6,6,6,6,6,5,6,7,6,6,6,6,6,5,5,6,3,6,6,8,6,6,6,5,6,6,5,5,6,6,6,5,6,5,6,6,6,5,6,5,5,6
"PTHR12109",1,1,1,2,1,1,3,1,1,1,1,1,1,1,2,1,2,1,1,1,1,1,1,1,1,1,1,1,1,1,1,3,1,1,1,1,1,1,1,1,1,1,1,1,1
"PTHR12110",1,1,1,1,1,1,1,1,1,2,1,1,1,1,1,1,1,1,1,1,1,1,1,1,1,1,1,1,1,1,1,1,1,1,1,1,1,1,1,1,1,1,1,1,1
"PTHR12111",2,2,2,2,2,3,2,2,2,1,2,2,2,2,2,2,2,2,1,2,2,2,2,2,4,2,2,2,2,2,0,2,4,2,2,2,2,2,2,3,2,2,2,2,2
"PTHR12112_SF11",2,3,1,1,1,2,1,2,1,1,1,1,1,1,1,1,1,1,1,1,1,1,1,1,2,1,1,2,1,1,1,2,1,1,3,1,1,2,1,2,1,2,2,5,2
"PTHR12112_SF12",1,1,1,2,1,1,1,1,1,1,1,1,1,1,1,1,1,1,1,1,1,1,1,1,1,1,1,1,1,1,1,2,1,1,1,1,1,1,1,1,1,1,1,1,1
"PTHR12112_SF13",1,1,1,1,1,1,1,1,1,1,1,1,1,1,1,1,1,1,1,1,1,1,1,1,1,1,1,1,1,1,1,1,1,1,1,1,1,1,1,1,1,1,1,2,1
"PTHR12112_SF9",1,1,1,1,1,1,2,1,1,1,1,1,1,1,1,1,1,1,1,1,1,1,1,1,1,1,1,1,1,1,1,1,1,1,1,1,1,1,1,1,1,1,1,1,1
"PTHR12113_SF6",1,1,1,1,1,1,1,1,1,1,1,1,1,1,1,1,1,1,1,1,1,1,1,1,1,1,1,1,1,1,1,1,1,1,1,1,1,1,1,1,1,1,1,1,1
"PTHR12114",3,3,3,3,3,3,3,3,3,3,3,3,3,3,3,3,2,2,3,1,3,3,3,3,3,3,3,3,3,3,2,3,3,3,3,3,3,3,3,3,3,3,3,3,3
"PTHR12117",1,1,1,1,1,1,1,1,1,1,1,1,1,1,1,1,1,1,1,1,1,1,1,1,1,1,1,1,1,1,1,1,1,1,1,1,1,1,1,1,1,1,1,1,1
"PTHR12119",1,1,1,1,1,1,1,1,1,2,1,1,1,1,1,1,1,1,1,1,1,1,1,1,1,1,1,1,2,1,1,5,1,2,1,1,1,1,3,1,1,1,1,1,1
"PTHR12120",3,3,3,3,2,3,3,3,3,2,2,2,3,3,3,3,3,3,3,3,3,4,3,3,3,2,4,3,3,3,3,2,3,3,3,3,3,3,3,3,3,2,3,4,2
"PTHR12121_SF27",1,1,1,2,1,1,1,1,1,1,1,1,1,1,1,1,1,1,1,1,1,1,1,1,1,1,1,1,1,1,1,1,1,1,1,1,1,1,1,1,1,1,1,1,1
"PTHR12121_SF28",1,1,1,1,1,1,1,1,1,1,1,1,1,1,1,1,1,1,1,1,1,1,1,1,1,1,1,1,1,1,1,1,1,1,1,1,1,1,1,1,1,1,1,1,1
"PTHR12121_SF32",1,1,2,1,1,1,1,1,1,1,1,1,1,1,1,1,1,1,2,1,1,1,1,2,1,1,1,1,1,1,1,1,1,1,1,1,1,1,1,1,1,1,1,1,1
"PTHR12121_SF33",1,1,1,1,1,1,1,1,1,1,2,2,1,1,1,1,1,1,1,1,1,2,1,1,1,1,1,1,1,1,1,1,1,1,1,1,1,1,1,1,1,1,1,1,1
"PTHR12121_SF35",1,1,1,1,1,1,1,1,1,1,1,1,1,1,1,1,1,1,1,1,1,1,1,1,1,1,1,1,1,1,1,1,1,1,1,1,2,1,2,1,1,1,1,1,1
"PTHR12121_SF37",1,1,1,1,1,1,1,1,1,1,1,1,1,1,1,1,1,1,1,1,1,1,2,1,1,1,1,2,1,1,1,1,1,1,1,1,1,1,1,1,1,1,1,1,1
"PTHR12122",2,2,2,2,2,2,2,2,2,1,1,2,2,2,2,2,2,2,2,1,2,2,2,2,2,2,2,2,2,2,1,2,2,2,2,2,2,2,2,2,2,1,2,2,2
"PTHR12124_SF39",1,1,1,1,1,1,1,1,1,1,1,1,1,1,1,1,1,1,1,1,1,1,1,1,1,1,1,1,1,1,1,0,1,1,1,1,1,1,1,1,1,1,1,1,1
"PTHR12124_SF42",1,1,1,1,1,1,1,1,1,1,1,1,1,1,1,1,1,1,1,1,1,1,1,1,1,1,1,1,1,1,1,1,1,1,1,1,1,1,1,1,1,1,1,1,1
"PTHR12125_SF1",1,1,1,1,1,1,1,1,1,1,1,1,1,1,1,1,1,1,1,2,1,1,1,1,1,1,1,1,1,1,1,1,1,1,1,1,1,1,1,1,1,1,1,1,1
"PTHR12125_SF10",2,1,2,2,1,1,2,1,1,1,2,2,2,2,1,2,2,1,2,1,2,2,2,2,1,1,1,2,1,1,1,1,1,2,1,2,2,1,2,1,2,1,2,2,2
"PTHR12125_SF7",1,1,1,1,1,1,1,1,1,1,1,1,1,1,1,2,1,1,1,1,1,1,1,1,0,1,0,1,1,1,1,1,1,1,0,1,1,1,1,1,1,1,1,0,1
"PTHR12125_SF8",1,1,1,1,1,1,1,1,1,1,1,1,1,1,1,1,1,1,1,1,1,1,1,1,1,1,1,1,1,1,0,1,1,1,1,1,1,1,1,1,1,1,1,0,1
"PTHR12125_SF9",1,5,1,1,1,0,1,1,1,0,1,1,1,1,2,1,1,2,1,0,1,0,1,1,1,1,1,0,2,5,1,1,1,1,0,1,1,1,1,1,2,3,1,0,1
"PTHR12126",1,1,2,1,1,1,1,1,1,1,1,1,1,2,1,2,1,1,1,1,1,1,1,1,1,1,1,2,1,1,1,1,1,2,1,1,2,1,2,1,1,1,1,1,1
"PTHR12127",3,3,3,3,3,3,3,3,3,3,3,3,4,3,3,3,3,3,3,3,3,3,3,3,3,1,2,3,3,3,3,3,3,3,3,3,3,3,3,3,3,3,3,3,3
"PTHR12128",2,2,2,2,2,2,2,2,2,2,2,2,2,2,3,2,2,2,2,2,2,2,2,2,2,2,2,2,2,3,1,2,2,2,2,2,2,2,2,2,2,2,2,2,2
"PTHR12129",2,2,2,2,2,2,2,2,2,2,2,2,2,2,2,3,2,2,2,2,2,2,2,2,2,2,2,2,2,2,2,2,2,2,2,2,2,2,2,2,2,2,2,2,2
"PTHR12131",1,1,1,1,1,1,1,1,1,1,1,1,1,1,1,1,1,1,1,2,1,1,1,1,1,1,1,1,1,1,1,1,1,1,1,1,1,1,1,1,1,1,1,1,1
"PTHR12132",1,1,1,1,1,1,1,1,1,1,1,1,1,1,1,1,1,1,2,1,1,1,1,2,1,1,1,2,1,1,1,1,1,2,1,1,2,1,2,1,1,1,1,1,1
"PTHR12133",2,2,2,2,2,2,2,2,2,1,2,2,2,2,2,2,2,2,2,1,2,2,1,2,1,2,1,2,2,2,1,1,1,2,2,1,2,2,2,1,2,2,2,2,2
"PTHR12135",1,1,1,1,1,1,1,1,1,1,1,1,1,1,1,1,1,1,1,1,1,0,1,1,1,0,1,1,1,1,1,1,1,1,1,1,1,1,1,1,1,1,1,1,1
"PTHR12136_SF40",1,2,2,1,1,1,1,1,1,1,1,1,2,1,1,1,1,1,2,1,1,2,1,2,1,1,1,1,1,1,1,1,1,2,1,1,1,1,2,1,2,1,1,1,1
"PTHR12136_SF44",1,1,1,1,1,1,1,1,1,1,1,1,1,1,1,1,1,1,1,0,1,1,1,1,1,1,1,1,1,1,1,1,1,1,1,1,1,1,1,1,1,1,1,1,1
"PTHR12136_SF46",1,1,1,1,1,1,1,1,1,1,1,1,1,1,1,1,1,1,1,1,1,1,1,1,1,1,2,2,1,1,1,2,1,1,1,2,1,1,1,1,1,1,1,1,1
"PTHR12136_SF51",1,1,1,1,1,1,1,1,1,1,1,1,1,1,1,1,1,1,1,3,1,1,1,1,1,1,1,1,1,1,1,1,1,1,1,1,1,1,1,1,1,1,1,1,1
"PTHR12136_SF7",1,1,1,1,1,1,0,1,1,1,1,1,1,2,1,1,1,1,1,0,1,1,1,1,1,1,1,1,1,1,1,1,1,1,1,1,1,1,1,1,1,1,1,1,1
"PTHR12136_SF9",1,2,1,1,1,1,1,1,1,1,1,1,1,1,1,1,1,1,1,1,1,1,1,2,1,1,1,1,1,1,1,1,1,2,1,1,1,1,1,1,1,1,1,1,1
"PTHR12137_SF2",1,1,1,1,1,1,1,1,1,1,1,1,1,1,2,1,1,1,1,1,1,1,1,1,1,1,1,1,1,1,1,1,1,1,1,1,1,1,1,1,1,1,1,1,1
"PTHR12137_SF31",1,1,1,1,1,1,1,1,1,1,1,1,1,1,1,1,0,1,1,1,1,0,1,1,1,1,1,1,1,0,1,1,1,1,1,1,1,1,1,1,1,1,1,1,0
"PTHR12137_SF32",1,1,1,1,1,1,1,1,1,1,1,1,1,1,1,1,1,1,1,1,1,1,1,1,1,1,1,1,1,1,1,1,1,1,1,1,1,2,1,1,1,1,2,1,1
"PTHR12137_SF34",1,1,1,0,1,1,0,1,1,1,0,0,0,1,1,1,1,1,0,0,1,0,1,0,0,1,0,1,0,1,1,1,1,0,0,0,1,0,0,1,0,0,0,0,0
"PTHR12137_SF6",1,1,1,1,1,1,1,1,1,1,1,1,1,1,1,1,1,1,1,1,1,1,1,1,1,1,2,1,1,1,1,1,1,1,1,1,1,1,1,1,1,1,1,2,1
"PTHR12137_SF7",1,1,1,1,1,1,1,1,1,1,1,1,1,1,1,1,1,1,1,0,1,1,1,1,1,1,1,1,1,1,1,1,1,1,1,1,1,1,1,1,1,1,1,2,1
"PTHR12141",3,3,3,3,3,3,3,3,3,3,3,3,3,3,3,3,3,3,3,3,3,3,5,3,3,3,3,3,3,3,3,3,3,3,4,3,3,3,3,3,3,3,3,3,3
"PTHR12143_SF19",1,1,1,1,1,1,1,1,1,1,1,1,1,1,1,1,1,1,1,1,1,1,1,1,1,1,1,1,1,1,1,1,1,1,1,1,1,1,1,1,1,1,1,1,1
"PTHR12144",1,2,2,1,1,2,1,1,1,1,1,1,1,1,1,1,1,1,1,1,1,1,1,1,1,1,1,1,1,1,1,2,1,1,1,1,1,1,1,1,1,1,2,1,1
"PTHR12145_SF11",1,1,1,1,1,1,1,1,1,1,1,1,1,1,1,1,1,1,1,1,1,1,1,1,1,1,1,1,1,1,1,1,1,1,1,1,1,1,1,1,1,1,1,2,1
"PTHR12146_SF1",1,1,8,7,3,6,10,2,2,4,2,2,1,8,1,2,1,1,8,2,2,3,2,7,5,2,2,8,1,2,4,6,1,7,7,1,5,2,6,8,7,2,1,3,2
"PTHR12147_SF6",1,0,1,1,1,1,1,1,1,1,1,1,1,1,1,1,1,1,1,1,1,1,1,1,2,1,1,1,1,1,1,1,1,1,1,1,1,1,1,1,1,1,1,1,1
"PTHR12149",1,1,1,2,2,2,2,2,2,2,2,1,2,2,2,2,2,2,2,2,2,2,2,2,2,2,2,2,3,2,2,2,2,2,2,2,2,2,3,2,2,2,2,1,2
"PTHR12150",1,1,1,1,1,1,1,1,1,1,1,1,1,1,1,1,1,1,1,1,2,1,1,1,1,1,1,1,1,1,2,2,1,1,1,1,1,1,1,1,1,1,1,1,1
"PTHR12151",2,2,1,1,2,2,2,2,3,2,2,2,2,2,2,2,2,1,1,2,3,1,2,1,1,2,2,2,2,3,2,1,2,1,2,2,2,2,2,1,1,2,2,2,2
"PTHR12153",1,2,1,1,2,2,1,2,1,1,2,2,2,1,1,1,1,1,1,2,1,2,1,1,1,2,1,1,2,2,2,1,1,1,2,1,1,1,1,1,1,1,1,1,1
"PTHR12154",1,1,1,1,1,1,1,1,1,1,1,1,1,1,1,1,1,1,1,1,1,1,1,1,1,0,1,1,1,1,1,1,1,1,1,1,1,1,1,1,1,1,1,1,1
"PTHR12155",4,4,7,4,3,3,4,4,2,3,6,5,2,8,2,7,1,5,7,5,6,4,37,6,6,2,8,5,2,4,3,2,6,6,3,5,7,2,8,8,4,3,3,5,2
"PTHR12156_SF15",1,1,1,1,1,1,1,1,1,1,1,1,1,1,1,1,1,1,1,0,1,1,1,1,1,1,1,1,2,1,2,1,1,1,1,1,1,1,1,1,1,1,1,1,1
"PTHR12156_SF16",1,1,1,1,1,1,1,1,1,1,1,1,1,1,1,1,2,1,1,1,1,1,1,1,2,1,1,1,1,1,1,2,1,1,1,1,1,1,1,1,1,1,1,1,1
"PTHR12156_SF17",1,1,1,1,1,1,1,1,1,1,1,1,1,1,1,1,1,1,1,1,1,1,1,1,1,2,1,1,2,1,1,1,1,1,1,1,1,1,1,1,1,1,1,1,1
"PTHR12156_SF18",1,1,1,1,1,1,1,1,1,1,1,1,1,1,1,1,1,1,1,1,1,1,1,1,1,1,1,1,1,1,1,1,1,1,1,1,1,1,1,1,1,1,1,1,1
"PTHR12156_SF19",1,1,1,1,1,1,1,1,1,1,1,1,1,1,1,1,1,1,1,1,1,1,1,1,1,1,1,1,1,1,1,1,1,1,1,1,1,1,1,1,1,1,1,1,1
"PTHR12156_SF2",1,1,1,1,1,1,1,1,1,1,1,1,1,1,1,1,1,1,1,1,1,1,1,1,1,1,1,1,1,1,1,1,1,1,1,1,1,1,2,0,1,1,1,1,0
"PTHR12157_SF15",3,2,1,1,1,1,1,1,1,1,1,1,1,1,1,1,1,3,1,1,1,1,1,1,1,1,2,1,1,1,1,1,1,1,1,1,1,1,1,1,1,1,1,1,1
"PTHR12157_SF16",1,0,1,1,0,0,1,0,0,0,0,1,0,1,0,1,0,0,2,1,0,1,0,1,0,0,0,1,0,0,0,0,0,2,0,0,1,0,1,0,0,0,0,0,0
"PTHR12157_SF17",1,1,1,1,1,1,1,1,1,1,1,1,1,1,1,1,1,1,1,1,1,1,1,1,1,1,1,1,1,1,1,1,1,1,1,1,1,1,1,1,1,1,1,1,1
"PTHR12157_SF18",1,1,1,1,1,1,1,1,1,1,1,1,1,1,1,1,1,1,1,1,1,1,1,1,1,1,1,1,1,1,1,1,1,1,1,1,1,1,1,1,1,1,1,1,1
"PTHR12157_SF19",2,1,1,2,2,1,1,1,1,1,1,1,1,1,1,1,1,1,1,1,1,1,2,1,1,1,2,1,1,1,2,1,1,1,1,2,1,1,1,1,1,1,1,2,1
"PTHR12159",1,1,1,1,1,1,1,1,1,1,1,1,1,2,1,1,1,1,1,1,1,1,1,1,1,1,1,1,1,1,1,1,1,1,1,2,2,1,2,1,1,1,1,2,1
"PTHR12161",1,1,1,1,1,1,3,1,1,1,3,2,1,2,2,1,2,2,1,2,1,1,1,1,1,1,2,1,1,1,2,3,1,1,1,1,2,2,2,1,1,1,1,1,1
"PTHR12162",1,1,1,1,1,1,2,1,1,1,1,1,1,1,1,1,1,2,1,1,1,1,1,1,1,1,1,1,1,1,1,0,3,1,1,1,1,1,1,1,1,1,1,1,1
"PTHR12166",2,1,2,3,2,3,2,2,2,1,3,2,2,2,2,2,2,2,2,2,2,2,2,2,2,2,4,2,2,2,2,2,2,2,2,2,2,3,2,2,2,2,2,2,2
"PTHR12167",1,1,1,1,1,1,1,1,1,1,1,1,1,1,1,1,1,1,1,0,1,1,1,1,1,1,1,1,1,2,1,1,1,1,1,1,1,1,1,1,1,1,1,1,1
"PTHR12169",1,1,1,1,1,1,1,1,1,1,1,1,1,1,1,1,1,1,1,1,1,1,1,1,1,1,1,1,1,1,1,1,1,1,1,1,1,1,2,0,1,1,1,1,1
"PTHR12170",3,3,3,4,3,3,4,3,3,3,3,3,3,3,3,3,3,3,3,3,3,3,3,3,3,3,3,3,3,3,2,3,3,3,3,3,3,3,3,4,3,3,3,2,3
"PTHR12172",1,1,1,1,1,1,1,1,1,1,1,1,1,2,1,2,1,1,1,1,1,1,1,1,1,1,2,1,1,1,1,1,1,1,1,1,2,1,2,1,1,1,1,1,1
"PTHR12173",2,4,3,4,3,4,4,3,4,4,4,4,4,4,4,4,4,5,4,3,4,4,4,4,4,2,4,2,3,2,3,4,4,4,3,4,2,4,4,4,3,4,3,4,2
"PTHR12174_SF22",1,1,1,1,1,1,1,1,1,1,1,1,1,1,1,1,1,1,1,1,1,1,1,1,1,1,1,1,1,1,1,1,1,1,1,1,1,1,1,1,1,1,1,1,1
"PTHR12174_SF23",1,1,1,1,1,1,1,1,1,1,1,1,1,1,1,1,1,1,1,1,1,1,1,1,1,1,1,1,1,1,1,1,1,1,2,1,1,1,2,1,1,1,1,3,1
"PTHR12174_SF34",1,1,1,1,1,1,1,1,1,1,1,1,1,2,1,1,1,1,1,1,1,1,1,1,1,1,1,1,1,1,1,1,1,2,1,1,2,1,2,1,1,1,1,1,1
"PTHR12174_SF39",1,1,1,1,1,1,1,1,1,1,1,1,1,1,1,1,1,1,1,1,2,1,1,1,1,1,1,1,1,1,0,2,1,1,1,2,1,1,1,1,1,1,1,1,1
"PTHR12175",1,1,1,1,1,3,1,1,1,1,1,1,1,1,1,1,1,1,1,1,1,1,1,1,1,1,1,1,1,2,1,1,1,1,1,1,1,1,1,1,1,1,1,1,1
"PTHR12176_SF15",1,1,1,2,1,1,1,1,1,1,1,1,1,1,0,1,0,0,1,1,1,1,0,1,0,1,0,1,1,1,1,0,1,1,1,0,1,1,1,0,1,1,1,1,1
"PTHR12178",3,2,3,3,3,2,3,3,3,3,3,3,3,3,3,3,3,3,3,2,3,3,3,3,3,3,3,3,4,2,3,3,3,3,3,3,3,3,4,3,3,2,3,3,3
"PTHR12181_SF10",1,1,1,1,1,1,1,1,1,1,1,1,1,1,1,1,1,1,1,1,1,1,1,1,1,1,1,1,1,1,1,1,1,1,1,1,1,1,1,1,1,1,1,1,1
"PTHR12181_SF11",1,1,1,1,1,1,1,1,1,1,2,1,1,1,1,1,1,1,1,1,1,1,1,1,1,1,1,1,1,1,1,1,1,1,1,1,1,1,1,1,1,1,1,2,1
"PTHR12181_SF29",1,1,1,1,1,1,1,1,1,1,1,1,1,1,1,1,1,1,1,0,1,1,1,1,1,1,2,1,1,1,1,1,1,1,1,2,1,1,1,2,1,1,1,1,1
"PTHR12181_SF32",1,1,1,1,1,1,1,1,1,1,1,1,1,1,1,1,1,1,1,1,1,1,1,1,1,1,1,1,1,1,1,1,1,1,1,1,1,1,1,1,1,1,1,1,1
"PTHR12183",1,1,1,1,1,1,1,1,1,1,1,1,1,1,1,1,1,1,1,1,1,1,1,1,1,1,1,1,1,1,1,1,1,1,1,1,1,1,1,1,1,1,1,1,1
"PTHR12184_SF1",1,1,1,1,1,1,1,1,1,1,1,1,1,1,1,1,1,1,1,1,1,1,1,1,1,1,1,1,1,1,1,2,1,1,1,1,1,1,1,1,1,1,1,1,1
"PTHR12185",2,2,2,2,2,2,2,2,2,2,2,2,2,2,3,2,2,2,2,2,2,2,2,2,2,2,2,2,2,2,2,2,2,2,2,2,2,2,2,2,2,2,2,2,2
"PTHR12186",2,2,2,2,2,2,2,2,2,2,2,2,2,2,4,2,2,2,2,2,2,2,2,3,2,2,3,2,3,2,2,2,2,2,2,2,2,2,2,2,2,2,2,3,2
"PTHR12187_SF3",1,1,1,1,1,1,1,1,1,1,1,1,1,1,1,1,1,1,1,2,1,1,1,1,1,1,1,1,1,1,1,1,2,1,1,1,1,1,1,1,1,1,1,1,1
"PTHR12187_SF4",1,1,1,1,1,1,1,1,1,1,1,1,1,1,1,1,1,1,1,1,1,1,1,1,1,1,1,1,1,1,1,1,1,1,1,1,1,1,1,1,1,1,1,1,1
"PTHR12189",1,2,1,1,3,1,1,2,1,1,1,1,1,1,2,1,1,1,1,1,1,1,1,1,1,1,1,1,1,1,1,1,1,1,1,1,1,1,1,1,1,1,1,1,1
"PTHR12190",3,2,4,3,3,3,3,3,3,4,3,3,3,3,3,3,3,3,3,4,3,3,3,3,3,3,3,3,3,3,3,5,3,3,4,3,3,3,3,3,3,3,3,4,3
"PTHR12191_SF11",1,1,1,1,1,1,1,1,1,1,2,1,1,1,1,2,1,1,1,0,1,1,1,1,1,1,1,1,1,1,0,1,1,3,1,1,1,1,2,1,1,1,1,1,1
"PTHR12191_SF12",1,1,1,1,0,1,1,1,1,1,1,1,1,1,1,1,1,1,1,1,1,1,1,1,1,1,1,1,1,1,1,1,1,1,1,1,1,1,1,1,1,1,1,1,1
"PTHR12191_SF2",1,1,1,1,1,1,1,1,1,1,1,1,1,1,1,1,1,1,1,1,1,1,1,1,1,1,1,1,1,1,1,1,1,1,1,1,1,1,1,1,1,1,1,1,1
"PTHR12191_SF4",1,1,1,1,1,1,1,1,1,1,1,1,1,1,1,1,1,1,1,1,1,1,1,1,1,1,0,1,1,1,1,1,1,1,1,1,1,1,1,1,1,1,1,1,1
"PTHR12191_SF5",1,1,1,1,1,1,1,1,1,2,1,1,1,1,1,1,2,1,1,1,1,1,1,1,1,1,1,1,1,2,1,1,1,1,1,0,1,1,1,1,1,1,1,1,1
"PTHR12191_SF7",1,1,1,1,1,1,1,0,1,1,1,1,1,1,0,1,1,1,1,1,1,1,1,1,1,1,1,1,1,1,1,0,1,1,1,1,1,2,1,1,1,1,1,1,1
"PTHR12191_SF8",1,1,1,1,1,1,1,2,1,1,1,1,1,1,2,1,1,1,1,1,1,1,1,1,1,1,1,1,1,1,1,2,1,1,1,1,1,1,1,1,1,1,1,1,1
"PTHR12192",2,2,2,2,2,2,2,2,2,2,2,2,2,2,2,2,2,2,2,2,2,2,2,2,2,2,2,2,2,2,2,2,2,2,2,2,2,2,2,2,2,2,2,2,2
"PTHR12195",2,2,2,2,3,2,2,2,2,2,2,4,2,2,2,4,2,2,2,3,2,2,2,2,1,2,2,2,2,2,2,2,2,2,2,2,2,3,2,2,2,1,2,2,2
"PTHR12196_SF2",1,1,1,1,1,1,1,1,1,2,1,1,1,1,1,1,1,1,1,1,1,1,1,1,1,1,0,1,1,1,1,1,1,1,1,1,1,1,1,1,1,1,1,2,1
"PTHR12197_SF130",1,1,1,1,1,1,1,1,1,1,1,1,1,1,1,1,1,1,1,1,1,1,1,1,1,1,1,1,1,1,1,1,1,1,1,1,1,1,1,1,1,1,1,1,1
"PTHR12197_SF146",2,1,1,1,1,2,1,1,1,2,2,1,1,1,1,1,1,1,1,1,1,1,1,1,1,2,1,1,1,2,1,1,2,1,1,1,1,1,1,0,1,1,1,1,1
"PTHR12197_SF15",2,1,1,1,1,1,1,1,1,1,1,1,1,1,1,1,1,1,1,1,1,1,1,1,1,2,2,1,1,2,1,1,1,1,1,1,1,1,1,1,1,1,1,1,1
"PTHR12197_SF152",1,1,1,1,1,1,1,1,1,1,1,1,1,1,1,1,1,1,1,1,1,1,1,1,1,1,1,1,1,1,1,1,1,1,1,1,1,1,1,1,1,1,1,1,1
"PTHR12197_SF153",1,1,1,1,1,1,1,1,1,1,1,1,1,1,1,1,1,1,1,1,1,1,1,1,1,1,1,1,1,1,1,1,1,1,1,1,1,1,1,1,1,1,1,1,1
"PTHR12197_SF16",1,1,1,1,1,1,1,1,1,1,1,1,1,1,1,1,1,1,1,1,1,1,1,1,1,1,1,1,1,1,1,1,1,1,1,1,1,1,1,1,1,1,1,1,1
"PTHR12198",2,2,2,2,2,2,2,2,2,2,2,2,2,2,2,2,2,2,2,2,2,2,2,2,2,2,2,2,2,2,2,2,2,2,2,3,2,2,2,2,2,2,2,2,2
"PTHR12199",2,2,2,2,2,2,2,2,2,2,2,2,2,2,2,2,2,3,2,2,2,2,2,2,2,2,1,2,2,2,2,2,2,2,2,2,2,2,2,2,2,2,2,1,2
"PTHR12200",1,1,4,4,2,1,4,1,1,2,6,3,2,4,1,4,3,1,4,0,3,4,13,4,5,2,6,4,2,2,1,1,2,4,1,2,4,1,4,3,3,2,1,1,2
"PTHR12202",1,1,1,1,1,1,1,2,2,1,1,1,1,1,1,1,1,1,1,1,1,1,1,2,1,1,1,1,1,1,1,2,1,1,1,1,1,1,1,1,1,1,1,1,1
"PTHR12203_SF18",1,1,1,2,1,1,1,1,1,1,1,1,1,1,1,1,1,1,1,1,1,1,1,1,1,1,1,1,1,1,1,1,1,1,0,1,1,1,1,1,1,1,1,0,1
"PTHR12203_SF19",1,1,1,1,1,1,1,1,1,1,1,1,1,1,1,1,1,1,1,1,1,1,1,1,1,1,1,1,1,1,1,1,1,1,1,1,1,1,1,1,1,1,1,1,1
"PTHR12203_SF21",1,1,1,1,1,1,1,1,1,1,1,1,1,1,1,1,1,1,1,1,1,1,1,1,1,1,1,1,1,1,1,1,1,1,1,1,1,1,1,1,1,1,1,2,1
"PTHR12205",1,1,1,1,1,1,1,1,1,1,1,1,1,1,1,1,1,1,1,1,1,1,1,1,1,1,1,1,1,1,1,0,1,1,1,1,1,1,1,1,1,1,1,1,1
"PTHR12207_SF19",1,1,1,1,1,1,2,1,1,1,1,1,1,1,1,1,1,1,1,1,1,1,1,1,1,1,0,1,1,1,1,1,1,1,1,1,1,1,1,1,1,1,1,1,1
"PTHR12207_SF20",1,1,1,1,1,1,1,1,1,1,1,1,1,1,1,1,1,1,1,1,1,1,1,1,0,1,1,1,1,1,1,1,1,1,1,1,1,1,1,1,1,1,1,1,1
"PTHR12207_SF21",1,1,1,1,1,1,1,1,1,2,1,1,1,1,1,1,1,1,1,1,1,1,1,1,1,1,2,1,1,1,1,1,1,1,1,1,0,1,1,1,1,1,1,1,1
"PTHR12207_SF22",1,1,1,1,1,1,1,1,1,1,1,1,1,1,1,1,1,1,1,1,1,1,1,1,1,1,1,1,1,1,1,1,1,1,1,1,1,1,1,1,1,1,1,1,1
"PTHR12207_SF3",1,1,1,1,1,1,1,1,1,1,1,1,1,1,1,1,1,1,1,1,1,1,1,1,1,1,1,1,1,1,1,1,1,1,1,1,1,1,1,1,1,1,1,1,1
"PTHR12207_SF8",1,1,1,1,1,1,1,1,1,1,1,1,1,1,1,1,1,1,1,1,1,1,1,1,1,1,1,1,1,1,1,1,1,1,1,1,1,1,1,1,1,1,1,1,1
"PTHR12209",1,1,2,1,1,2,1,1,1,1,1,1,1,1,1,1,1,1,1,1,1,1,2,1,2,0,1,1,1,1,1,1,1,1,1,0,1,1,1,2,1,1,1,1,1
"PTHR12210",6,6,9,6,6,6,6,7,6,6,6,6,6,7,8,7,6,6,7,5,7,6,6,8,6,6,7,7,6,6,6,8,6,8,7,6,7,7,8,6,6,6,6,6,6
"PTHR12211",1,2,2,1,1,1,1,1,1,1,1,1,1,2,2,1,1,1,3,1,2,2,1,2,1,1,1,2,1,1,1,0,1,2,1,1,2,2,2,1,1,1,1,1,1
"PTHR12213",1,2,1,1,1,1,1,1,1,1,1,1,1,1,1,1,1,1,1,1,1,1,1,1,1,1,2,1,1,1,1,1,1,1,1,1,1,1,1,1,1,1,1,1,1
"PTHR12214",2,2,2,2,1,2,2,2,2,2,2,2,2,2,2,2,2,2,2,3,2,2,2,2,2,2,2,2,1,2,1,2,2,2,2,2,2,2,3,2,2,2,2,4,1
"PTHR12215",1,3,1,1,1,1,1,1,1,1,1,1,1,1,3,1,1,1,1,1,1,1,1,1,1,1,1,1,1,1,1,2,1,1,1,1,1,1,1,1,1,1,1,1,1
"PTHR12216",1,1,1,1,1,1,1,1,1,1,1,1,1,1,1,1,1,1,1,1,1,1,1,1,1,1,1,1,1,1,1,1,1,1,1,1,1,1,1,1,1,1,1,1,1
"PTHR12217",1,1,1,1,1,1,1,1,1,2,1,1,2,1,1,1,1,1,1,2,1,1,1,1,1,1,1,1,1,1,1,1,1,1,1,1,1,1,1,1,1,1,1,1,1
"PTHR12219_SF14",1,2,1,1,1,1,1,1,1,1,1,1,1,1,1,1,1,1,1,1,1,1,1,1,1,1,1,1,1,1,0,1,1,1,1,1,1,1,1,1,1,1,1,2,1
"PTHR12219_SF8",1,1,1,1,1,1,1,1,2,1,1,1,1,1,2,1,1,1,1,1,1,1,1,1,1,1,2,1,1,1,1,1,0,1,1,1,1,1,1,1,1,1,1,1,2
"PTHR12220_SF13",1,1,1,1,2,1,1,1,1,3,1,1,1,1,1,1,1,1,1,2,1,1,1,1,1,1,1,1,1,1,1,1,1,1,1,1,1,1,1,1,1,1,1,1,1
"PTHR12221",1,1,1,1,1,1,1,1,3,2,1,1,1,2,1,1,1,1,1,0,1,1,1,1,1,1,1,1,1,1,1,1,1,1,1,1,1,1,2,1,1,1,1,1,2
"PTHR12223_SF20",1,1,1,1,1,1,1,1,1,1,1,1,1,1,1,1,1,1,1,1,1,1,1,1,1,1,1,1,1,1,1,1,1,1,1,1,1,1,1,1,1,1,1,1,1
"PTHR12223_SF21",1,1,1,1,1,1,1,1,1,1,1,1,1,1,1,1,1,1,1,1,1,1,1,1,1,1,1,1,1,1,1,1,1,1,1,1,1,1,1,1,1,1,1,1,1
"PTHR12223_SF22",1,1,1,1,1,1,1,1,1,1,1,1,1,2,1,1,1,1,2,1,1,2,1,1,1,1,1,1,1,1,1,1,1,1,1,1,1,1,1,1,1,1,1,2,1
"PTHR12223_SF27",1,1,1,1,1,1,1,1,1,1,1,1,1,1,1,1,1,1,1,0,1,1,1,1,1,1,1,1,1,1,1,1,1,1,1,1,1,1,1,1,1,1,1,1,1
"PTHR12225_SF0",1,1,1,1,1,1,2,1,1,1,1,0,1,1,1,1,1,1,1,1,1,1,2,1,1,1,1,1,1,1,0,1,1,1,1,1,1,1,1,1,1,1,1,1,1
"PTHR12226",2,2,2,2,2,2,2,2,2,2,2,2,2,2,2,2,2,2,2,2,2,2,2,2,3,2,2,2,2,2,2,2,2,2,2,2,2,3,2,2,2,3,2,2,2
"PTHR12227",1,1,1,1,1,1,1,1,1,1,1,1,1,1,1,1,1,1,1,1,1,1,1,1,1,1,1,1,1,1,1,1,1,1,1,1,1,1,1,1,1,1,1,1,1
"PTHR12228_SF1",1,1,1,1,1,1,1,0,1,1,1,1,1,1,1,1,1,1,1,1,1,1,2,1,1,1,2,1,1,1,1,1,1,1,0,2,1,1,1,2,1,1,1,0,1
"PTHR12228_SF3",1,0,0,0,1,0,1,1,1,3,1,0,1,0,1,1,1,0,0,1,1,0,1,0,1,1,1,0,1,1,1,2,2,0,2,1,0,1,0,1,0,1,2,2,1
"PTHR12231_SF11",1,1,1,1,1,1,1,0,1,1,1,1,1,1,0,1,1,1,1,1,1,1,1,1,0,1,2,1,1,1,1,1,1,1,1,1,1,1,1,1,1,1,1,1,1
"PTHR12231_SF20",1,1,1,1,1,1,1,1,1,1,1,1,1,1,1,1,1,1,1,1,1,1,1,1,1,1,1,1,1,1,1,1,1,1,1,1,1,1,1,1,1,1,1,1,1
"PTHR12231_SF30",1,1,0,1,1,1,1,1,1,0,1,1,1,1,1,1,1,1,1,0,1,1,1,1,1,0,1,1,0,1,0,1,1,1,1,1,1,1,1,1,0,1,1,1,1
"PTHR12231_SF4",1,1,1,1,1,1,1,1,1,1,1,1,1,1,1,1,1,1,1,1,1,1,1,1,1,1,1,1,1,1,1,1,1,1,1,1,1,1,1,1,1,1,1,1,1
"PTHR12231_SF5",1,1,1,1,1,1,1,1,1,1,1,1,1,1,1,1,1,1,1,1,1,1,1,1,1,1,1,1,1,1,1,1,1,1,1,1,1,1,1,1,1,1,1,1,1
"PTHR12231_SF57",1,1,1,1,1,1,1,1,1,1,1,1,1,1,1,1,1,1,1,1,1,1,2,1,1,1,1,1,1,1,1,1,1,1,0,1,1,1,1,1,1,1,1,0,1
"PTHR12231_SF60",1,1,0,0,1,0,0,1,1,1,1,1,1,0,1,0,1,1,0,0,0,1,2,0,1,1,1,0,0,1,1,1,1,0,0,1,0,0,0,1,0,1,1,0,1
"PTHR12231_SF63",1,1,1,1,1,1,1,1,1,1,1,1,1,1,1,1,1,1,1,1,1,1,1,1,1,1,1,1,1,1,1,1,1,1,0,1,1,1,1,1,1,1,1,0,1
"PTHR12231_SF66",1,1,1,0,0,1,0,0,0,1,1,1,1,1,1,1,0,0,1,0,1,1,1,1,0,1,0,1,1,1,1,1,0,1,1,0,1,1,1,0,1,1,1,0,1
"PTHR12231_SF73",1,1,1,1,1,1,1,1,1,1,1,2,1,1,1,1,1,1,1,1,1,1,1,1,1,1,1,1,1,1,1,1,1,1,1,1,1,1,1,1,1,1,1,1,1
"PTHR12231_SF74",1,1,1,1,1,1,1,1,1,1,1,1,1,1,1,1,1,1,1,1,1,1,1,1,1,1,1,1,1,1,1,1,1,1,1,1,1,1,1,1,1,1,1,1,1
"PTHR12231_SF75",1,1,1,1,1,1,1,1,1,1,1,1,1,1,1,1,1,1,1,1,1,1,1,1,1,1,1,1,1,1,1,1,1,1,1,1,1,1,1,1,1,1,1,1,1
"PTHR12231_SF78",1,1,1,1,1,1,1,1,1,1,1,1,1,1,1,1,1,1,1,0,1,1,1,1,1,1,1,1,1,1,1,1,1,1,1,1,1,1,1,1,1,1,1,1,1
"PTHR12231_SF79",1,1,1,1,1,1,1,1,1,1,1,1,1,1,1,1,1,1,1,1,1,1,1,1,1,1,2,1,1,1,1,1,1,1,1,1,1,1,1,1,1,1,1,1,1
"PTHR12231_SF8",2,1,1,1,1,1,2,1,1,1,1,1,1,1,1,1,1,1,1,2,1,1,1,1,1,1,1,1,1,1,1,1,1,1,1,1,1,1,1,1,1,1,1,1,1
"PTHR12231_SF9",1,1,1,1,1,1,1,1,1,1,1,1,1,2,1,2,1,1,1,1,1,1,2,1,2,1,1,3,1,1,1,1,1,1,1,2,1,1,6,3,1,1,1,2,1
"PTHR12232_SF1",1,1,1,1,0,1,1,1,1,1,1,1,1,1,1,2,1,1,1,2,1,1,1,1,1,1,2,1,1,1,1,1,1,1,1,1,1,1,1,2,1,1,1,1,1
"PTHR12232_SF3",1,1,1,1,1,1,1,1,1,1,1,1,1,1,1,1,1,1,2,1,0,1,1,1,1,1,1,1,1,3,1,2,2,1,1,1,1,1,1,1,1,1,1,1,2
"PTHR12232_SF4",1,1,1,1,1,1,1,1,1,1,1,1,1,1,1,1,1,1,1,1,1,1,1,1,1,1,1,1,1,1,1,1,2,1,1,1,1,1,1,1,1,1,1,1,1
"PTHR12232_SF5",1,1,1,1,1,1,3,1,2,1,3,2,1,1,2,1,1,1,1,1,1,4,1,1,1,1,1,1,1,1,1,3,1,1,1,1,1,1,1,1,1,1,1,1,1
"PTHR12233",3,3,4,4,4,3,4,3,3,3,3,4,3,3,7,3,4,3,3,4,3,6,3,3,3,5,3,5,3,3,3,3,3,3,3,3,4,3,5,3,4,3,3,3,3
"PTHR12234",1,2,2,2,1,2,1,1,1,2,2,2,1,2,1,3,2,2,2,2,2,2,1,2,1,1,1,2,2,2,0,1,3,2,2,1,2,2,1,1,2,2,1,2,1
"PTHR12239_SF30",1,1,1,0,1,1,1,1,1,0,0,1,1,1,1,1,0,1,0,0,1,0,1,0,0,1,1,1,1,1,0,1,1,0,1,1,1,0,0,0,1,1,1,0,1
"PTHR12241_SF11",1,1,1,1,1,1,1,1,1,1,1,1,1,1,1,1,1,1,1,1,1,1,1,1,0,1,1,1,1,1,1,1,1,1,1,1,1,1,1,1,1,1,1,1,1
"PTHR12241_SF13",1,1,1,1,1,1,1,1,1,1,1,1,1,1,1,1,1,1,1,1,1,1,1,1,1,1,1,1,1,1,1,1,1,1,1,1,1,1,1,1,1,1,1,1,1
"PTHR12241_SF31",1,1,1,1,1,1,1,1,1,1,1,1,1,1,1,1,1,1,1,2,1,1,1,1,1,1,1,1,1,1,1,1,1,1,1,1,1,1,1,1,1,1,1,1,1
"PTHR12241_SF39",1,1,1,1,1,1,1,1,1,1,1,1,1,1,1,1,1,1,1,1,1,1,1,1,1,1,1,1,1,1,1,1,1,1,1,1,1,1,1,1,1,1,1,1,1
"PTHR12241_SF72",1,1,1,1,1,1,1,1,1,1,1,1,1,1,1,1,0,1,1,0,1,1,1,1,1,1,1,1,1,1,0,1,1,1,1,1,1,1,1,1,1,1,1,0,1
"PTHR12241_SF88",1,1,1,1,1,1,1,1,0,1,1,1,1,1,0,1,1,1,1,1,1,1,1,1,1,1,1,1,1,1,1,0,1,1,1,1,1,0,1,1,1,1,1,1,1
"PTHR12241_SF91",1,0,0,1,1,0,1,1,1,1,1,1,1,1,0,2,1,1,1,1,1,1,1,1,1,1,2,1,1,0,1,1,1,1,1,1,1,1,1,1,1,1,0,1,1
"PTHR12241_SF92",1,1,1,1,1,2,1,1,1,1,1,1,1,1,2,2,1,1,1,1,1,1,1,1,1,1,1,1,2,1,1,1,1,1,1,1,1,2,1,1,1,1,1,1,1
"PTHR12241_SF95",1,1,1,1,1,1,1,2,1,1,1,1,1,1,1,1,2,1,1,1,1,1,1,1,1,1,1,1,1,1,1,1,1,1,1,1,1,1,1,1,1,1,1,2,1
"PTHR12241_SF96",1,1,1,1,1,1,1,1,1,1,1,1,1,1,1,1,1,1,1,1,1,1,1,1,1,1,2,1,1,1,1,1,1,1,1,1,1,1,1,1,1,1,1,0,1
"PTHR12245",5,5,5,6,5,5,5,5,5,5,5,5,5,6,7,5,5,5,5,3,5,5,5,5,5,5,6,5,5,5,3,5,5,5,5,5,5,5,5,6,5,5,5,5,5
"PTHR12246",1,1,1,1,1,2,1,1,1,1,1,1,1,2,1,1,1,1,1,1,1,1,1,1,1,1,1,1,1,1,1,1,1,1,1,1,1,1,1,1,1,1,1,1,1
"PTHR12247_SF17",1,1,1,1,1,1,1,1,1,1,1,1,1,1,1,1,1,1,1,1,1,1,1,1,0,1,1,1,1,1,1,1,1,1,1,1,1,1,1,1,1,1,1,1,1
"PTHR12247_SF19",1,1,0,1,0,0,0,0,0,0,2,0,0,1,1,1,0,1,1,0,0,1,0,1,1,1,0,0,1,1,0,0,1,1,0,1,1,1,1,1,1,1,1,1,0
"PTHR12247_SF20",1,1,1,1,1,1,1,1,1,1,1,1,1,1,1,1,1,1,1,1,1,1,1,1,1,1,1,1,1,1,1,1,1,1,1,1,1,1,1,1,1,1,1,1,1
"PTHR12247_SF21",1,1,1,1,1,1,1,1,1,2,1,1,1,1,2,1,1,1,1,1,1,1,1,1,1,1,1,1,1,1,1,4,1,1,1,1,1,1,1,1,1,1,1,1,1
"PTHR12247_SF4",1,1,1,1,1,1,1,0,0,0,0,0,1,1,0,1,0,0,1,0,1,1,0,1,0,1,0,1,1,0,0,0,0,1,1,0,1,1,1,0,1,0,1,0,1
"PTHR12247_SF6",1,1,1,1,1,1,1,1,1,1,1,1,1,1,1,1,1,1,1,2,1,1,1,1,1,1,1,1,2,1,2,0,1,1,1,1,1,1,1,1,1,1,1,1,2
"PTHR12247_SF62",1,1,1,1,1,1,1,1,1,2,1,1,1,1,1,1,1,2,1,1,1,1,2,1,1,1,1,1,1,1,1,1,1,1,1,1,1,1,1,1,1,1,1,2,1
"PTHR12247_SF63",1,1,0,0,1,1,0,0,1,1,1,1,1,0,0,0,0,1,0,1,0,1,0,0,0,1,0,0,1,1,1,0,1,0,0,0,0,0,0,0,0,1,1,0,0
"PTHR12247_SF64",2,2,2,2,2,2,2,2,2,2,2,2,2,2,2,2,2,2,2,2,2,2,2,2,2,2,2,3,2,2,2,2,2,2,2,2,2,2,2,2,2,2,2,2,2
"PTHR12247_SF66",1,2,1,1,2,2,2,1,1,1,2,2,2,1,1,2,1,0,1,0,2,1,2,1,1,1,2,1,1,0,1,1,1,1,2,2,1,2,1,0,1,1,1,0,2
"PTHR12247_SF67",1,1,1,1,1,1,1,1,1,0,1,1,1,1,1,1,0,1,1,1,1,1,1,1,1,1,1,0,1,1,0,1,1,1,1,1,1,1,2,1,1,1,1,1,1
"PTHR12247_SF68",1,1,1,1,1,2,1,1,1,1,1,1,1,1,1,1,1,2,1,1,1,1,1,1,1,1,1,1,1,1,1,1,1,1,1,1,1,1,1,1,1,1,1,1,1
"PTHR12247_SF69",1,1,1,1,1,1,1,1,1,1,1,1,1,1,1,3,1,1,1,1,1,1,1,1,1,1,1,1,1,1,1,1,1,1,1,1,1,1,1,1,1,1,1,1,1
"PTHR12247_SF71",1,1,1,1,1,1,1,1,1,1,1,1,1,1,1,1,1,1,1,1,1,1,1,1,1,1,1,1,1,1,1,1,1,1,1,1,1,1,1,1,1,1,1,1,1
"PTHR12247_SF72",1,1,1,1,1,1,1,1,1,1,1,1,1,1,1,1,1,1,1,1,1,1,1,1,1,1,1,1,1,1,1,1,1,1,1,1,1,1,1,1,1,1,1,1,1
"PTHR12247_SF76",1,1,1,1,1,0,1,1,0,1,2,1,1,1,0,1,1,1,1,1,1,1,1,1,1,1,0,1,1,1,1,0,1,1,2,1,1,2,1,1,1,1,1,2,1
"PTHR12247_SF77",1,1,1,1,1,1,1,1,1,1,1,1,1,1,2,1,1,1,1,1,1,1,1,1,1,1,1,1,1,1,1,1,1,1,1,1,1,1,1,1,1,1,1,1,2
"PTHR12247_SF78",1,0,1,1,1,0,1,0,0,1,0,0,1,1,0,1,1,0,1,1,1,1,1,1,1,1,0,1,1,0,1,0,1,1,1,1,1,1,1,1,1,0,1,2,1
"PTHR12250",1,1,1,1,1,1,1,1,1,2,2,1,1,1,1,1,1,1,1,1,1,1,1,1,1,1,1,1,1,1,1,1,1,1,1,1,1,1,1,1,1,1,1,1,1
"PTHR12253_SF11",1,1,1,1,1,1,1,1,1,1,1,1,1,1,1,1,1,1,1,1,1,1,1,1,1,1,1,1,1,1,1,1,1,1,1,1,1,1,1,1,1,1,1,1,1
"PTHR12253_SF14",1,1,1,1,1,1,1,1,1,1,1,1,1,1,1,1,1,1,1,1,1,1,1,1,1,0,1,1,1,1,1,1,1,1,0,1,1,1,1,1,1,1,1,0,1
"PTHR12258",1,1,2,1,1,1,1,1,1,0,1,1,1,1,1,1,1,1,1,0,1,2,1,1,1,0,1,0,1,1,0,1,1,1,1,1,1,1,1,1,1,0,0,1,0
"PTHR12259",3,4,3,3,2,3,4,3,3,2,3,3,3,3,3,3,3,2,3,3,3,3,3,3,3,3,3,3,3,3,1,3,3,3,3,3,3,3,3,3,3,3,3,3,2
"PTHR12260",1,1,1,1,1,1,1,1,1,1,1,1,1,1,3,1,1,1,2,1,2,1,1,1,1,1,1,1,1,1,1,2,1,1,1,1,1,1,1,1,1,1,1,2,1
"PTHR12262",1,1,2,2,1,1,1,1,1,1,1,1,1,1,1,1,1,1,1,1,1,1,1,1,1,1,1,1,1,1,1,3,1,1,1,2,1,1,1,1,2,1,1,1,1
"PTHR12263_SF1",1,3,2,2,2,2,1,1,1,1,1,1,1,1,1,1,1,0,1,1,1,1,1,1,1,0,1,2,1,2,1,1,1,1,1,1,1,1,1,1,1,3,1,1,2
"PTHR12263_SF2",1,1,1,1,1,1,1,1,1,0,1,1,1,1,1,1,1,1,1,1,1,1,1,1,1,1,1,1,1,1,1,1,0,1,1,1,1,1,1,1,1,0,0,1,1
"PTHR12264",1,1,1,1,3,1,1,1,1,1,1,1,1,1,2,1,1,1,1,1,1,1,1,1,1,1,1,1,1,1,2,4,1,1,1,1,1,1,1,1,0,1,1,1,1
"PTHR12265",1,1,1,1,1,1,1,1,1,1,1,1,1,1,1,1,1,1,1,1,1,1,1,1,1,1,1,1,1,1,2,1,1,1,1,1,1,1,1,1,1,1,1,1,1
"PTHR12266_SF0",1,1,1,1,1,1,1,1,1,1,1,1,1,1,1,1,0,1,1,1,1,1,1,1,1,1,1,1,1,1,1,1,1,1,1,1,1,1,1,1,1,1,1,1,1
"PTHR12267",1,2,1,1,1,1,1,1,1,1,1,1,1,1,3,1,1,1,1,1,1,1,2,1,1,1,1,1,1,1,1,1,1,1,1,1,1,1,1,1,1,1,1,1,1
"PTHR12268_SF13",1,1,1,1,1,1,1,1,1,1,2,1,1,1,1,1,1,1,1,1,1,1,1,2,1,1,1,1,1,1,2,3,1,1,1,1,1,1,1,1,1,1,1,1,1
"PTHR12269",1,1,1,1,1,1,1,1,1,1,1,1,1,1,2,1,1,1,1,1,1,2,1,1,1,1,1,1,1,1,1,2,1,1,1,1,1,1,2,1,1,1,1,1,1
"PTHR12270_SF14",1,1,1,1,1,1,1,1,1,1,1,1,1,1,1,1,1,1,1,1,1,1,1,1,1,1,0,1,1,1,1,1,1,1,1,1,1,1,1,1,1,1,1,1,1
"PTHR12270_SF15",1,1,1,1,1,1,1,1,1,1,1,1,1,1,1,1,1,1,1,1,1,1,1,1,1,1,1,1,1,2,1,1,1,1,1,1,1,1,1,1,1,1,1,1,1
"PTHR12270_SF17",1,1,1,1,1,1,1,1,1,1,1,1,1,1,1,1,0,1,1,1,1,1,1,1,1,1,1,1,1,1,1,1,1,1,1,1,1,1,1,1,1,1,1,1,1
"PTHR12270_SF18",1,1,1,1,1,1,1,1,1,1,1,1,1,1,1,1,1,1,1,1,1,1,1,1,1,1,1,2,1,1,1,1,1,1,1,1,2,1,1,1,1,1,1,1,1
"PTHR12270_SF20",1,1,1,1,1,1,1,1,1,1,1,1,1,1,1,1,1,1,1,1,1,1,2,1,1,1,1,1,1,1,1,1,1,1,1,1,1,1,1,2,1,1,1,1,1
"PTHR12270_SF23",1,1,1,1,1,1,1,1,1,1,1,1,1,1,1,1,1,1,1,1,1,1,1,1,1,1,1,1,1,1,1,1,1,1,1,1,1,1,1,1,1,1,1,1,1
"PTHR12271_SF11",1,1,1,1,1,1,1,1,1,1,1,1,1,1,1,2,1,1,1,1,1,1,1,1,1,1,1,1,1,1,1,1,1,1,1,1,1,1,1,1,1,1,1,1,1
"PTHR12271_SF33",1,1,1,1,1,1,1,1,1,1,1,1,1,1,1,1,1,1,1,1,1,1,1,1,1,1,1,1,1,1,1,1,1,1,1,1,1,1,1,1,1,1,1,1,1
"PTHR12271_SF34",1,1,1,1,1,1,1,1,1,1,1,1,1,1,1,1,1,1,1,1,1,1,2,1,2,1,1,1,1,1,1,3,1,1,1,1,1,1,1,1,1,1,1,1,1
"PTHR12271_SF40",1,1,1,1,1,1,1,1,1,1,1,1,1,1,1,1,1,1,1,1,1,1,1,1,1,1,1,1,1,0,1,1,1,1,1,1,1,1,1,1,1,1,1,1,1
"PTHR12271_SF49",1,1,1,2,1,1,1,1,1,1,1,1,1,1,1,1,1,1,1,1,1,1,1,1,1,1,1,1,1,1,1,1,1,1,1,1,1,1,1,1,2,1,1,1,1
"PTHR12272",1,1,1,1,1,1,1,1,1,1,1,1,1,1,1,1,1,1,1,1,1,1,1,1,1,1,0,1,1,1,1,1,1,1,1,1,1,1,1,1,1,1,1,1,1
"PTHR12274",1,1,1,1,1,1,1,1,1,1,1,1,1,1,1,1,1,1,1,1,1,1,1,1,1,1,1,1,1,1,1,1,1,1,1,1,1,1,1,1,1,1,1,1,1
"PTHR12276_SF16",1,1,1,1,1,1,1,1,1,1,1,1,1,1,1,1,1,1,1,1,1,1,1,1,1,1,1,2,1,1,1,1,1,1,1,1,1,1,1,1,1,1,1,2,1
"PTHR12276_SF44",1,1,1,1,1,1,1,1,1,1,1,1,1,1,1,1,1,1,1,1,1,1,1,1,1,1,1,1,1,1,1,1,1,1,1,1,1,1,1,1,1,1,1,1,1
"PTHR12276_SF47",1,1,1,1,1,1,1,1,1,1,1,1,1,1,1,1,1,1,1,1,1,1,1,1,1,1,1,1,1,1,1,5,1,1,1,1,1,2,1,1,1,1,1,1,1
"PTHR12276_SF48",1,1,1,1,1,1,2,1,1,1,1,1,1,1,1,1,1,1,1,1,1,1,1,1,1,1,1,1,1,1,0,1,1,1,1,1,1,1,1,1,1,1,1,1,1
"PTHR12276_SF50",1,1,1,1,1,1,1,1,1,1,1,1,1,1,1,1,1,1,1,1,1,2,1,1,1,1,1,1,1,1,1,1,1,1,1,1,1,2,1,1,1,2,1,1,1
"PTHR12276_SF51",1,1,1,1,1,1,1,1,1,1,1,1,1,1,1,1,1,1,1,1,1,1,1,1,1,1,1,1,1,1,1,1,1,1,1,1,1,1,1,1,1,1,1,1,1
"PTHR12277_SF32",1,1,1,1,1,1,1,1,1,1,1,1,1,1,1,1,1,1,1,1,1,1,1,1,1,1,1,1,1,1,1,1,1,1,1,1,1,1,1,1,1,1,1,1,1
"PTHR12277_SF35",1,1,1,1,1,1,1,1,1,1,1,1,1,1,2,1,1,1,1,0,1,1,1,1,1,1,1,1,1,1,1,1,1,1,1,1,1,1,1,1,1,1,1,2,1
"PTHR12277_SF47",1,1,1,1,1,1,1,1,1,1,1,1,1,1,1,1,1,1,1,1,1,1,1,1,1,1,2,1,1,1,1,1,1,1,1,1,1,1,1,1,1,1,1,1,1
"PTHR12277_SF48",1,1,1,1,1,1,1,1,1,1,1,1,1,1,1,1,1,1,1,1,1,1,1,1,1,1,1,1,1,1,1,1,1,1,1,1,1,1,1,1,1,1,1,1,1
"PTHR12277_SF52",1,1,1,1,1,1,1,1,1,1,1,1,1,6,1,1,1,1,1,1,1,1,1,1,1,1,1,1,1,1,0,1,1,1,2,1,1,1,8,1,1,1,1,1,1
"PTHR12277_SF54",1,1,1,1,1,1,1,1,1,1,1,1,1,1,1,7,1,1,1,1,1,1,1,1,1,1,1,1,1,1,1,1,1,1,1,1,1,1,1,1,1,1,1,1,1
"PTHR12277_SF55",1,2,1,1,1,1,1,1,1,1,1,1,1,1,1,1,1,1,1,1,1,1,1,1,1,1,1,1,1,2,1,1,1,1,1,1,1,2,1,1,1,1,1,1,1
"PTHR12280_SF20",1,1,1,1,1,1,1,1,1,1,1,1,1,1,1,2,1,1,1,0,1,1,1,1,1,1,1,1,1,1,0,1,1,1,1,1,1,1,2,1,1,1,1,1,1
"PTHR12280_SF21",1,1,2,1,1,1,1,1,1,1,1,1,1,2,2,1,1,1,1,1,1,1,1,1,1,1,1,4,1,1,1,1,1,1,1,1,2,1,2,1,2,1,2,1,1
"PTHR12280_SF23",1,1,1,1,3,1,1,1,1,1,1,1,1,1,1,1,1,1,1,1,1,1,1,1,2,1,1,1,1,1,1,1,2,1,2,1,1,1,1,2,1,1,1,1,1
"PTHR12280_SF25",1,1,1,1,1,1,1,1,1,1,1,1,1,1,1,1,1,1,1,1,1,1,1,1,1,1,1,1,2,1,1,1,1,1,1,1,1,1,1,1,1,1,1,2,1
"PTHR12281_SF1",1,1,1,1,1,1,1,1,1,1,1,1,1,1,1,1,1,1,1,1,1,1,1,1,1,1,2,1,1,1,1,1,1,1,1,1,1,1,1,2,1,1,1,2,1
"PTHR12281_SF2",1,1,2,1,1,1,1,1,2,1,1,1,1,1,2,1,1,1,2,1,1,2,1,2,1,1,1,3,1,1,1,1,1,2,1,1,1,1,2,1,1,1,1,2,1
"PTHR12281_SF4",1,1,2,2,1,1,1,1,3,1,1,1,1,1,5,1,1,1,2,1,1,2,2,3,1,1,1,1,1,1,1,5,1,3,1,1,1,1,2,1,2,0,1,1,1
"PTHR12281_SF6",1,1,1,1,2,1,1,1,1,1,1,1,1,1,4,1,1,1,1,1,1,1,1,1,1,1,1,1,1,1,1,1,1,1,1,1,1,1,1,1,2,1,1,1,1
"PTHR12281_SF8",1,1,1,1,1,1,2,1,1,1,1,1,1,1,4,1,1,1,1,1,1,1,1,1,1,1,1,1,1,1,1,2,1,1,1,1,1,1,1,1,1,1,1,1,1
"PTHR12283",2,2,1,2,2,2,2,2,2,3,2,2,2,2,2,2,2,2,2,2,2,2,2,2,2,2,2,2,2,2,2,2,2,2,3,2,2,2,2,2,1,2,2,3,2
"PTHR12286_SF4",1,1,1,1,1,1,1,1,1,1,1,1,1,1,1,1,1,1,1,1,1,1,1,1,1,1,2,1,1,1,1,1,1,1,1,1,1,1,1,2,1,4,1,2,1
"PTHR12287_SF19",1,1,1,1,1,1,1,1,1,1,1,1,1,1,1,1,1,1,1,1,2,1,1,1,1,1,1,1,1,1,0,1,1,1,1,1,1,1,1,1,1,1,1,1,1
"PTHR12287_SF20",1,1,1,1,1,1,1,1,1,1,1,1,1,1,1,1,1,1,1,0,1,1,1,1,1,0,1,1,1,1,0,1,1,1,1,1,1,0,1,1,1,1,1,1,1
"PTHR12287_SF21",1,1,1,1,1,1,1,1,1,1,1,1,1,1,1,1,1,1,1,1,1,1,1,1,1,1,2,1,1,1,1,2,1,1,1,1,1,1,1,1,1,1,1,1,1
"PTHR12287_SF22",1,1,1,1,1,1,1,1,1,1,1,1,1,1,1,1,1,1,1,1,1,1,1,1,1,1,1,1,1,1,1,1,1,1,1,1,0,1,1,2,1,1,1,0,1
"PTHR12289",4,4,4,4,4,6,4,3,3,4,4,4,4,4,3,4,3,4,4,4,5,4,4,4,3,4,4,5,4,5,4,3,4,4,5,4,4,5,4,4,4,4,4,5,5
"PTHR12290",5,5,5,5,5,7,7,5,6,5,5,5,5,5,8,5,5,5,5,4,5,9,5,5,5,4,5,6,5,6,4,7,5,5,6,7,5,5,5,5,5,4,5,7,4
"PTHR12292",1,1,2,2,1,3,2,4,1,2,1,1,1,1,7,1,1,2,2,1,1,2,1,2,2,1,1,1,1,1,2,3,3,2,2,1,1,1,2,1,1,1,1,1,3
"PTHR12294",5,3,3,3,3,3,3,3,3,3,4,3,4,3,4,4,3,3,3,3,3,3,3,3,3,3,2,3,3,3,3,3,3,3,3,3,3,3,3,3,3,3,3,3,3
"PTHR12295",2,2,2,2,2,2,2,2,2,2,2,2,2,2,2,2,2,2,2,2,2,2,2,2,2,3,1,2,2,2,2,2,2,2,2,3,2,2,2,2,2,3,2,2,2
"PTHR12296_SF16",1,1,1,1,1,1,1,1,1,1,1,1,1,1,1,1,1,1,1,1,1,1,1,1,1,1,1,1,1,1,1,1,1,1,1,1,1,1,1,1,1,1,1,1,1
"PTHR12296_SF17",1,1,1,1,1,1,1,1,1,1,1,1,1,1,1,1,1,1,1,1,1,1,1,1,1,1,1,1,1,1,1,1,1,1,1,1,1,1,1,1,1,1,1,1,1
"PTHR12296_SF18",1,1,1,1,1,1,1,1,1,1,1,1,1,1,1,1,1,1,1,1,1,1,1,1,1,1,1,1,1,1,1,1,1,1,1,1,1,1,1,1,1,1,1,2,1
"PTHR12296_SF3",1,1,1,2,1,1,1,1,1,1,1,1,1,1,1,1,1,1,1,0,1,1,1,1,1,1,1,1,2,1,1,1,1,1,1,1,1,1,1,1,1,1,1,1,1
"PTHR12297_SF10",1,1,1,1,1,1,1,0,1,1,1,1,1,1,1,1,1,1,1,0,1,1,1,1,2,1,0,1,1,1,1,1,0,1,0,1,1,1,1,1,0,1,1,0,1
"PTHR12297_SF11",1,1,1,2,2,1,2,1,1,1,1,2,1,2,1,2,1,1,2,1,1,1,1,2,1,1,1,1,1,1,1,1,1,2,1,1,2,2,3,2,1,1,1,1,2
"PTHR12297_SF5",1,8,3,2,4,3,3,1,1,1,1,4,2,4,2,2,1,1,3,1,1,2,1,2,1,1,3,4,2,5,5,6,1,1,3,1,3,3,5,1,1,1,1,10,3
"PTHR12297_SF9",1,1,1,1,1,1,1,1,1,1,1,1,1,1,1,1,1,1,1,1,1,1,1,1,1,1,1,1,1,1,1,1,1,1,1,1,1,1,1,1,1,1,1,1,1
"PTHR12298_SF14",1,1,1,1,1,1,1,1,1,1,1,1,1,1,1,1,1,1,1,1,1,1,1,1,1,1,1,1,1,1,1,1,1,1,1,1,1,1,1,1,1,1,1,1,1
"PTHR12298_SF18",1,1,1,1,1,1,1,1,1,1,1,1,1,1,1,2,1,1,1,1,1,0,1,1,1,1,1,1,1,1,1,1,1,1,0,1,1,1,1,1,1,1,1,1,0
"PTHR12298_SF4",1,1,1,1,1,1,4,1,0,0,1,1,1,1,1,1,1,1,2,1,2,1,1,2,1,1,1,2,1,1,1,1,1,1,1,1,1,1,1,1,2,0,0,1,1
"PTHR12299",2,2,2,5,2,2,3,2,2,2,2,2,2,2,2,2,2,5,2,2,2,3,2,2,2,2,3,2,2,2,2,5,3,2,2,2,3,2,3,2,2,2,1,2,2
"PTHR12300_SF29",1,1,1,1,1,1,1,1,1,1,1,1,1,1,1,1,1,0,1,1,1,1,1,1,1,1,1,2,1,1,1,1,1,1,1,1,1,1,1,1,1,1,1,1,1
"PTHR12300_SF30",1,1,1,0,1,1,1,1,1,2,1,1,1,1,1,1,1,0,1,1,1,1,1,1,1,1,1,1,1,1,0,1,1,1,5,1,1,1,1,1,1,0,0,4,1
"PTHR12300_SF33",1,1,1,1,1,1,1,1,1,1,1,1,1,1,1,1,1,1,1,1,1,1,1,1,1,1,1,1,1,1,1,1,1,1,1,1,1,1,1,1,1,1,1,1,1
"PTHR12300_SF36",1,1,1,1,1,1,2,1,1,1,1,1,1,1,1,1,1,1,1,1,1,1,1,1,1,1,1,1,1,1,1,1,1,1,1,1,1,1,1,1,1,1,1,2,1
"PTHR12300_SF39",1,1,1,1,1,1,1,1,1,1,1,1,1,1,2,1,1,1,1,1,1,1,1,1,1,1,1,1,1,1,1,1,1,1,1,1,1,1,1,1,1,1,1,1,1
"PTHR12300_SF41",1,1,1,1,2,1,1,1,1,1,1,1,1,1,1,1,1,1,1,1,1,2,1,1,1,1,1,1,1,1,2,1,1,1,1,1,1,1,1,1,1,1,1,1,1
"PTHR12301_SF3",1,1,1,1,1,1,1,1,1,1,1,1,1,1,1,1,1,1,1,2,1,1,1,1,2,1,1,1,1,1,1,1,1,1,1,1,1,1,1,1,1,1,1,1,1
"PTHR12301_SF4",1,1,1,1,1,1,1,1,1,1,1,1,1,1,1,1,1,1,1,1,1,1,1,1,1,1,3,1,1,1,1,1,1,1,1,1,1,1,1,1,1,1,1,1,1
"PTHR12301_SF5",1,1,1,1,1,1,1,1,1,1,0,1,1,1,1,1,1,1,1,1,1,1,1,1,1,1,1,1,1,1,0,1,1,1,1,1,1,1,1,1,1,1,1,1,1
"PTHR12302_SF0",1,1,2,1,1,1,1,1,1,1,1,1,1,1,1,1,1,1,1,1,1,1,1,1,1,1,2,1,1,1,1,1,1,1,1,1,1,1,2,1,1,1,1,2,1
"PTHR12302_SF2",1,1,1,1,1,1,1,1,1,1,1,1,1,1,1,1,1,1,1,1,1,1,1,1,1,1,1,1,1,1,1,1,1,1,1,1,1,1,1,1,1,1,1,1,1
"PTHR12303",1,1,1,1,1,1,1,1,1,1,1,1,1,1,1,1,1,1,1,2,1,1,1,1,1,1,1,1,1,1,1,1,1,1,1,1,1,1,1,1,1,1,1,1,1
"PTHR12305_SF32",2,1,2,2,1,1,2,3,2,0,0,1,2,3,4,3,1,2,3,1,2,2,2,2,2,0,2,3,2,1,4,2,2,2,1,2,1,2,2,2,2,1,0,0,1
"PTHR12305_SF40",1,1,1,1,1,1,1,1,1,1,2,1,1,1,1,1,1,1,1,1,1,1,1,1,1,1,1,1,1,2,1,1,1,1,1,1,1,1,1,1,1,1,1,1,1
"PTHR12305_SF41",1,1,1,1,1,1,1,1,1,1,1,1,1,1,1,1,1,1,1,1,1,1,1,1,1,1,1,1,1,1,1,2,1,1,1,1,1,1,1,1,1,1,1,1,1
"PTHR12305_SF44",1,1,1,1,1,1,1,1,1,1,1,1,1,1,1,1,1,1,1,1,1,1,1,1,1,1,1,1,1,1,1,1,1,1,1,1,1,1,1,1,1,1,1,2,1
"PTHR12305_SF45",1,1,1,1,1,1,1,1,1,1,1,1,1,1,1,1,1,1,1,0,1,1,1,1,1,1,1,1,1,1,1,1,1,1,1,1,1,1,1,1,1,1,1,1,1
"PTHR12306",4,5,5,4,5,5,4,4,4,5,4,4,4,4,4,5,4,4,4,4,4,4,4,4,6,4,4,4,4,4,4,3,5,4,4,4,4,4,4,4,4,4,4,6,5
"PTHR12307_SF10",1,1,0,0,0,1,1,1,0,1,1,1,1,1,1,1,1,1,0,1,1,0,1,0,1,0,1,1,1,0,0,0,1,0,1,1,1,1,1,1,0,1,0,1,0
"PTHR12307_SF11",1,1,1,0,1,1,1,0,0,1,1,1,1,0,1,1,1,1,1,1,1,0,1,1,1,1,1,1,0,1,0,1,1,1,0,1,0,1,1,1,0,1,0,0,1
"PTHR12307_SF13",1,1,1,1,1,1,1,1,1,1,1,1,1,1,1,2,1,1,1,1,1,0,1,1,1,1,1,1,1,1,1,1,1,1,1,1,1,1,1,1,1,1,0,1,1
"PTHR12307_SF2",1,1,1,1,1,1,1,1,1,1,1,1,1,1,1,1,1,1,1,1,1,1,1,1,1,1,0,1,1,1,1,1,1,1,1,1,1,1,1,1,1,1,1,1,1
"PTHR12307_SF4",1,1,1,1,1,1,1,1,1,1,1,1,1,1,1,1,1,1,1,1,1,1,1,1,1,1,1,1,1,1,1,1,1,1,1,1,1,2,1,1,1,1,0,1,1
"PTHR12307_SF5",1,1,1,1,1,2,1,1,1,1,1,1,1,1,1,1,1,1,1,1,1,1,1,1,1,1,1,1,1,1,0,1,1,1,1,1,1,1,1,0,1,1,1,0,1
"PTHR12308_SF13",1,1,1,1,1,1,1,1,1,1,1,1,1,1,1,1,1,1,1,1,1,1,1,1,1,1,1,1,1,1,1,2,1,1,1,1,1,1,1,1,1,1,1,1,1
"PTHR12308_SF16",1,1,2,1,1,1,1,1,1,2,1,1,1,1,1,1,1,1,1,1,1,1,1,1,1,1,0,1,1,1,1,1,1,1,1,1,1,1,1,1,1,1,1,1,1
"PTHR12308_SF18",1,1,1,1,1,1,1,1,1,1,1,1,1,1,1,1,1,1,1,1,1,1,1,1,1,1,2,1,1,1,2,1,1,1,1,1,1,1,1,1,1,1,1,2,1
"PTHR12308_SF20",1,1,1,1,1,1,1,1,1,0,1,1,1,1,1,1,1,1,1,1,1,1,1,1,1,1,2,1,1,1,2,1,1,1,1,1,1,1,1,1,1,1,1,1,1
"PTHR12308_SF21",1,1,1,1,1,1,2,1,1,1,1,1,1,1,1,1,1,1,1,1,1,1,1,1,1,1,0,1,1,1,1,1,1,1,0,1,1,1,1,1,1,1,1,0,1
"PTHR12308_SF22",1,0,2,2,3,0,2,1,1,1,1,1,1,2,1,2,0,2,2,1,1,0,2,2,1,1,2,2,1,1,1,1,0,2,1,2,2,1,2,1,3,1,1,1,0
"PTHR12308_SF23",1,1,1,1,1,1,1,1,1,1,1,1,1,1,1,1,1,1,1,1,1,1,1,1,1,1,1,1,1,1,1,1,1,1,1,1,1,1,1,1,1,1,1,1,1
"PTHR12308_SF26",1,1,1,1,1,1,1,1,1,0,1,1,1,1,1,1,1,1,1,1,1,1,1,1,1,1,1,1,1,1,0,1,1,1,1,1,1,0,1,1,1,1,1,1,1
"PTHR12308_SF27",1,1,1,1,1,1,0,1,1,1,1,1,1,1,1,1,1,1,1,0,1,1,1,1,1,1,1,1,1,1,0,1,1,1,1,1,1,0,1,1,1,1,1,1,1
"PTHR12308_SF28",1,1,1,1,1,1,1,1,1,1,1,1,1,1,1,2,1,1,1,1,1,2,1,1,1,1,1,1,1,1,1,1,1,1,1,1,1,1,1,1,1,1,1,1,1
"PTHR12309_SF5",1,1,1,2,2,1,1,1,1,1,1,1,2,1,1,1,1,1,1,1,1,1,2,1,3,1,2,1,1,1,1,3,1,1,2,1,1,2,1,5,2,1,1,1,1
"PTHR12311",1,1,2,1,1,1,1,1,1,1,1,1,1,3,1,1,1,1,1,1,1,1,1,1,1,1,1,1,1,1,1,1,1,1,1,1,1,1,1,1,1,1,1,1,1
"PTHR12312",1,1,1,1,1,1,1,1,1,1,2,1,1,1,1,1,1,1,1,1,1,1,1,1,1,1,1,1,1,1,1,1,1,1,1,1,1,1,1,1,1,1,1,2,1
"PTHR12313",2,2,2,3,2,2,3,2,2,2,2,2,2,2,2,8,2,2,2,3,2,3,2,2,2,0,2,2,2,2,2,5,2,2,2,2,3,2,3,2,2,2,2,2,2
"PTHR12315",2,2,2,2,2,2,2,2,2,2,2,2,2,1,2,2,2,2,2,2,2,2,2,2,2,2,2,2,2,3,2,2,3,2,2,2,2,2,3,3,2,2,2,2,2
"PTHR12316_SF16",1,2,1,1,1,1,3,1,1,1,1,1,1,1,1,1,1,1,1,2,1,1,1,1,1,1,1,1,1,1,1,1,1,1,1,1,1,1,1,1,1,1,1,1,1
"PTHR12316_SF7",1,1,1,1,1,1,1,1,1,1,1,1,1,1,1,1,1,1,1,1,1,1,1,1,1,1,1,1,1,1,1,1,1,1,1,1,1,1,1,1,1,0,1,1,1
"PTHR12317",8,11,7,7,6,13,7,6,6,14,7,7,7,7,6,7,7,7,7,7,7,6,6,7,6,7,6,7,7,14,13,6,7,7,6,8,7,7,8,7,7,6,7,6,7
"PTHR12318",1,1,0,1,0,1,1,1,1,1,1,0,1,1,1,1,1,1,1,1,1,1,1,1,1,1,1,1,1,1,1,1,1,1,1,1,1,1,1,1,0,1,0,2,0
"PTHR12320",1,1,1,1,1,1,1,1,1,1,1,1,1,2,1,1,1,1,1,1,1,1,1,1,1,1,1,1,1,1,1,1,1,1,1,1,1,1,1,1,1,1,1,1,1
"PTHR12321_SF33",1,1,1,1,2,1,1,1,1,1,1,1,2,1,1,1,1,1,1,1,1,1,1,1,1,2,1,1,1,2,1,1,1,1,1,1,1,1,1,1,1,1,1,1,2
"PTHR12321_SF34",1,1,1,1,1,1,1,1,1,1,1,1,1,1,1,1,1,1,1,1,1,1,1,1,1,1,1,1,1,1,1,1,3,1,1,1,1,1,1,1,1,1,1,1,1
"PTHR12322_SF12",1,1,1,1,1,1,1,1,1,1,1,1,1,1,1,1,1,1,1,1,1,1,1,1,1,1,1,1,1,1,0,1,1,1,1,1,1,1,1,2,1,1,1,1,1
"PTHR12322_SF13",1,1,1,1,1,1,1,1,1,1,1,1,1,1,1,1,1,1,1,1,1,1,1,1,1,1,1,1,1,1,1,1,1,1,1,1,1,1,1,1,1,1,1,1,1
"PTHR12322_SF15",1,1,1,1,0,1,1,1,0,1,1,1,1,1,1,1,1,1,1,1,1,1,1,1,1,1,1,1,1,1,1,1,1,1,1,1,1,1,1,1,1,1,0,1,0
"PTHR12322_SF17",1,2,1,1,2,1,2,0,0,1,1,4,2,2,1,2,0,0,1,0,0,1,1,1,0,1,0,1,1,1,3,0,1,0,0,1,0,0,2,0,1,2,1,0,1
"PTHR12322_SF18",1,1,0,1,0,1,1,0,1,1,1,1,1,1,1,1,1,1,1,1,1,1,1,1,1,1,1,1,1,1,1,1,1,1,0,1,1,1,1,1,1,1,1,0,1
"PTHR12322_SF59",1,1,1,1,1,1,1,1,1,1,1,1,1,1,1,1,1,1,1,1,1,1,1,1,1,1,1,1,1,1,1,1,1,1,1,1,1,1,1,1,1,1,1,1,1
"PTHR12322_SF62",1,1,1,1,1,1,1,1,1,1,1,1,1,1,1,1,1,1,1,2,1,1,1,1,1,0,1,1,1,1,1,1,1,1,1,1,1,1,1,1,1,1,1,1,1
"PTHR12322_SF64",1,1,1,1,1,1,1,1,1,1,1,1,1,1,1,1,1,1,1,1,1,1,2,1,1,1,2,1,1,1,1,1,1,1,1,2,1,1,1,2,1,1,1,1,1
"PTHR12323",2,1,1,1,1,1,1,1,1,0,1,1,1,1,1,1,1,1,1,1,1,1,1,1,1,1,1,1,1,1,1,1,1,1,1,1,1,1,1,1,1,1,1,1,1
"PTHR12326_SF10",1,1,1,1,1,1,1,1,1,1,1,1,1,1,1,2,1,1,1,1,1,1,1,1,1,1,1,1,1,1,1,1,1,1,1,1,1,1,1,1,1,1,1,1,1
"PTHR12326_SF3",1,1,1,1,1,1,1,1,1,1,1,1,1,1,2,1,1,1,1,1,1,1,1,1,1,1,1,1,1,1,1,1,1,1,1,1,1,1,1,1,1,1,1,1,1
"PTHR12326_SF5",2,1,1,1,0,1,1,1,1,2,1,1,1,3,1,3,1,1,2,1,1,1,1,1,1,1,1,2,1,1,1,1,1,2,1,1,1,2,1,1,1,1,1,1,3
"PTHR12326_SF7",1,1,0,1,1,1,1,1,1,1,1,1,1,1,1,1,1,1,1,2,1,1,1,1,1,1,2,1,1,1,1,1,1,1,1,1,1,1,1,1,1,1,1,1,1
"PTHR12326_SF9",1,1,1,1,1,1,0,1,1,1,1,1,1,1,1,1,0,1,1,1,1,1,1,1,1,1,2,1,1,1,1,1,1,1,1,1,1,1,1,1,1,1,1,1,1
"PTHR12327",1,1,1,1,2,1,1,1,1,1,1,1,1,1,1,7,1,1,1,1,1,1,1,1,1,0,1,1,1,1,1,1,1,1,1,1,1,1,1,1,1,1,1,1,1
"PTHR12329_SF10",1,1,1,1,1,2,1,1,1,1,1,1,1,1,1,1,1,1,2,1,1,1,1,1,1,1,1,1,1,1,1,1,1,1,1,1,2,1,2,1,1,1,1,1,1
"PTHR12329_SF12",1,1,1,1,1,1,2,1,1,1,1,1,1,1,1,1,1,1,1,1,1,1,1,1,1,1,1,1,1,1,1,1,1,1,2,1,1,1,1,1,1,1,1,2,1
"PTHR12329_SF2",1,0,1,1,1,1,1,1,1,2,1,1,1,1,4,1,1,1,1,0,1,2,1,1,1,1,1,1,1,1,0,2,1,1,1,1,1,1,1,2,1,1,1,1,1
"PTHR12333",1,1,1,1,1,1,1,1,1,1,1,1,1,1,1,1,1,1,1,1,1,2,1,1,1,1,1,1,1,1,1,2,1,1,1,1,1,1,1,1,1,1,1,1,1
"PTHR12334",1,1,1,1,1,1,1,2,1,1,1,1,1,1,2,1,1,1,1,2,0,1,1,1,1,1,1,1,1,1,0,2,1,1,1,1,1,1,1,1,1,1,1,1,2
"PTHR12341_SF7",1,1,1,1,1,1,1,1,1,1,1,1,1,1,1,1,1,1,1,1,1,1,1,1,1,1,1,1,1,1,1,2,1,1,1,1,1,1,1,1,1,1,1,1,1
"PTHR12341_SF9",1,1,1,1,1,1,1,1,2,3,1,1,1,1,1,1,1,1,1,1,1,1,1,1,1,1,1,1,1,1,1,1,1,1,1,1,1,1,1,1,1,1,1,1,1
"PTHR12345_SF10",1,2,3,1,2,1,1,1,1,1,1,1,1,3,1,1,1,1,3,2,1,3,1,4,2,3,1,4,4,1,1,5,1,4,1,1,3,2,4,1,1,1,1,2,2
"PTHR12345_SF12",2,1,1,1,1,1,2,1,1,1,1,1,1,1,1,2,1,1,1,1,1,1,1,1,1,1,1,1,1,1,1,1,1,1,1,1,1,1,1,1,1,1,1,1,1
"PTHR12345_SF13",1,1,1,1,1,1,1,1,1,1,1,1,1,1,1,1,1,1,1,1,1,1,1,1,1,1,1,1,1,1,1,1,1,1,1,1,1,1,1,1,1,1,1,2,1
"PTHR12345_SF14",1,1,1,1,1,1,1,1,1,1,1,1,1,1,1,2,1,1,1,1,1,1,1,1,1,1,1,1,1,1,1,1,1,1,1,1,1,1,1,1,1,1,1,1,1
"PTHR12345_SF9",1,1,1,1,1,1,1,1,1,1,1,1,1,1,1,1,1,1,1,1,1,1,1,1,1,1,1,1,1,1,0,1,1,1,1,1,1,1,1,1,1,1,1,1,1
"PTHR12346_SF1",1,1,1,1,1,1,1,1,1,0,1,1,1,1,1,1,1,1,1,1,1,1,1,1,1,1,1,1,1,1,2,1,1,1,1,1,1,1,1,1,1,1,1,1,1
"PTHR12346_SF2",1,1,1,1,1,1,1,1,1,1,1,1,1,1,1,1,1,1,1,1,2,1,1,1,1,1,1,1,1,1,1,1,1,1,1,1,1,1,1,1,1,1,1,1,1
"PTHR12348_SF1",1,1,1,1,1,1,1,2,1,1,1,1,1,1,1,1,1,1,1,1,1,1,1,1,1,1,1,0,1,1,1,1,1,1,1,1,1,1,2,2,1,1,1,4,1
"PTHR12348_SF16",1,1,1,1,1,1,1,1,1,1,1,1,1,1,2,1,1,1,1,1,1,1,1,1,2,1,1,1,1,1,1,2,1,1,1,1,1,1,1,2,1,1,1,2,2
"PTHR12348_SF17",1,1,1,1,1,1,1,1,1,1,1,1,1,1,1,1,1,1,1,0,1,1,1,1,0,1,1,1,1,0,0,0,1,1,1,1,1,1,1,1,1,1,1,0,1
"PTHR12348_SF19",1,1,1,1,1,1,1,1,1,1,1,1,1,1,1,1,1,1,1,1,1,1,1,1,1,1,1,1,1,1,1,1,1,1,1,1,1,1,1,1,1,1,1,1,1
"PTHR12349_SF1",1,1,1,1,1,1,1,1,1,1,1,1,1,1,1,1,1,1,1,1,1,1,2,1,1,1,1,1,1,1,1,1,1,1,1,1,2,1,1,1,1,1,1,1,1
"PTHR12349_SF3",1,1,1,1,1,1,1,1,1,1,1,1,1,1,1,1,1,1,1,1,1,1,1,1,1,1,1,1,1,1,1,1,1,1,1,1,1,1,1,1,1,1,1,1,1
"PTHR12352",3,2,2,2,2,2,2,2,2,3,2,2,2,2,2,2,2,2,2,2,2,2,2,2,2,2,3,2,2,2,2,2,2,2,2,2,2,2,2,2,2,2,2,3,2
"PTHR12353_SF1",1,1,0,1,1,1,1,1,1,1,0,1,1,1,1,1,0,1,1,1,1,1,1,1,1,1,1,1,1,1,1,0,2,1,1,0,1,1,1,1,1,1,1,1,1
"PTHR12353_SF19",1,2,1,1,1,1,1,1,1,1,2,1,1,1,2,1,1,1,2,1,1,1,1,2,1,1,1,1,1,1,2,2,1,2,1,1,1,1,1,1,1,1,1,2,2
"PTHR12353_SF3",1,2,1,1,1,1,1,1,1,1,1,1,1,1,1,4,1,1,1,0,1,1,1,1,1,1,1,1,1,1,1,1,1,1,1,1,1,1,1,1,1,1,1,1,1
"PTHR12353_SF4",1,1,1,1,1,1,0,1,1,1,1,0,1,1,1,1,1,1,1,1,1,1,1,1,1,1,1,1,1,1,1,1,1,1,1,1,1,1,1,1,1,1,1,1,1
"PTHR12353_SF7",1,2,1,1,1,1,1,1,1,2,1,1,1,1,1,1,1,1,1,1,1,1,1,1,1,1,1,1,1,1,1,1,1,1,1,1,1,1,1,1,1,1,1,2,1
"PTHR12354",2,2,3,3,2,2,3,3,2,2,2,2,2,2,2,2,2,2,3,2,4,2,2,3,2,2,2,1,2,2,1,2,2,3,2,3,2,2,2,2,2,2,2,2,2
"PTHR12356_SF15",1,1,1,2,2,2,1,2,1,1,1,2,1,1,1,1,1,1,1,2,2,3,1,1,1,1,2,1,1,0,1,4,1,1,1,1,1,1,1,2,1,1,1,2,1
"PTHR12356_SF16",1,1,1,1,1,1,1,1,1,1,1,1,1,1,1,1,1,1,1,0,0,1,1,1,1,1,1,1,1,1,1,1,1,1,1,1,1,1,1,0,1,1,1,0,1
"PTHR12356_SF3",1,1,1,1,1,1,1,1,1,2,1,1,1,1,1,1,1,1,3,1,1,1,1,2,2,1,1,2,1,1,1,2,1,2,1,1,1,1,1,2,1,1,1,3,1
"PTHR12357_SF20",1,1,1,1,1,1,1,1,1,1,1,1,1,1,1,1,1,1,1,1,1,1,1,1,1,1,2,1,1,1,1,2,1,1,1,1,1,1,1,1,1,1,1,1,1
"PTHR12357_SF3",1,1,1,1,1,1,1,1,1,1,1,1,1,1,2,2,1,1,1,1,1,1,1,1,1,1,1,1,1,1,1,1,1,1,1,1,1,1,1,1,1,1,1,1,1
"PTHR12357_SF8",1,1,1,1,1,1,1,1,1,1,1,1,1,1,2,1,1,1,1,1,1,1,1,1,1,1,1,1,1,1,1,3,1,1,1,1,1,1,1,1,1,1,1,1,1
"PTHR12357_SF9",1,2,1,1,1,1,2,1,1,1,1,1,1,1,1,1,1,1,1,1,1,2,1,1,1,1,2,1,1,1,1,1,1,1,1,1,1,1,1,1,1,1,1,2,1
"PTHR12358_SF11",1,1,1,1,1,1,2,1,1,1,1,1,1,1,1,1,1,1,1,1,1,1,1,1,1,1,1,1,1,1,1,0,1,1,1,1,1,1,1,1,1,1,1,1,1
"PTHR12358_SF12",1,1,1,1,1,1,1,1,1,1,1,1,1,1,1,1,1,1,1,1,1,1,1,1,1,1,1,1,1,1,0,1,1,1,2,1,1,1,1,1,1,1,0,1,1
"PTHR12358_SF25",1,1,1,1,1,1,1,1,1,1,1,1,1,1,1,1,1,1,1,1,1,1,1,1,1,1,1,1,1,1,1,1,1,1,1,1,1,1,1,1,1,1,1,1,1
"PTHR12358_SF7",1,1,2,1,1,1,1,1,1,1,1,1,1,2,1,2,1,1,2,1,1,3,1,2,1,1,1,2,1,1,1,1,1,2,1,1,2,2,4,1,1,1,1,1,1
"PTHR12360_SF0",1,1,1,1,1,1,1,1,1,1,1,1,1,1,1,1,1,1,1,1,1,1,1,1,1,1,1,1,1,1,1,1,1,1,2,1,1,1,1,1,1,1,1,1,1
"PTHR12360_SF1",1,1,1,1,1,1,1,1,1,1,1,1,1,1,1,1,1,1,1,1,1,1,1,1,1,1,1,1,1,1,1,1,1,1,1,1,1,1,2,1,1,1,1,1,2
"PTHR12363",2,2,2,2,2,2,2,2,2,2,2,2,2,2,2,2,2,2,2,2,2,2,2,2,2,2,2,2,2,2,2,2,2,2,2,2,2,2,2,2,2,2,2,2,2
"PTHR12365",4,4,4,4,4,2,5,3,4,4,4,4,4,4,5,4,5,3,4,3,4,3,4,4,4,3,5,4,4,3,4,4,4,4,4,4,4,4,4,4,4,4,3,4,4
"PTHR12366_SF18",1,1,1,1,1,1,1,1,1,1,1,1,1,1,1,1,1,1,1,1,1,1,1,1,1,1,1,1,1,1,1,1,1,1,1,1,1,1,1,1,1,1,1,1,1
"PTHR12366_SF20",2,1,1,2,1,1,1,1,1,2,2,1,1,1,1,1,1,1,1,1,1,1,1,1,1,1,1,1,1,1,1,1,1,1,1,1,1,1,1,1,1,1,1,2,1
"PTHR12366_SF3",1,1,1,1,1,1,0,1,1,1,1,1,1,1,1,1,1,1,1,1,1,1,1,1,1,1,1,1,1,1,1,1,1,1,1,1,1,1,1,1,1,1,1,1,1
"PTHR12369",8,8,8,8,8,8,8,8,8,9,10,8,9,8,13,8,8,7,8,7,8,8,8,8,9,8,7,8,8,9,7,9,8,8,8,8,8,8,8,9,8,9,8,7,9
"PTHR12370",2,2,2,2,2,2,2,2,2,2,2,2,2,2,2,2,2,2,2,2,2,2,2,2,2,2,2,2,2,2,2,2,2,2,2,2,2,2,2,2,2,2,2,2,2
"PTHR12371",3,3,3,2,3,3,3,3,2,2,3,3,2,3,6,3,3,3,3,2,3,2,3,3,3,2,3,3,3,3,3,3,2,2,2,3,2,3,2,3,3,2,3,3,3
"PTHR12372_SF2",1,1,1,1,1,1,1,1,1,1,1,1,1,1,1,1,1,1,1,1,1,1,1,1,1,1,1,1,1,1,1,1,1,1,1,1,1,1,1,1,1,1,1,2,1
"PTHR12372_SF3",1,1,1,1,1,1,1,1,1,1,2,1,1,1,1,1,1,2,1,1,1,1,1,1,1,1,1,1,1,1,1,1,1,1,1,1,1,1,1,1,1,1,1,1,1
"PTHR12372_SF4",1,1,1,1,1,1,1,1,1,1,1,1,1,1,1,1,1,1,1,1,1,1,1,1,1,1,1,1,1,1,0,1,1,1,1,1,1,1,1,1,1,1,1,1,1
"PTHR12372_SF5",1,1,1,1,1,1,1,1,1,1,1,1,1,1,1,1,1,1,1,1,1,1,1,1,1,1,1,1,0,1,1,1,1,1,1,1,1,1,1,1,1,1,1,2,1
"PTHR12373",1,4,2,2,1,5,3,1,1,1,2,2,1,2,2,1,1,1,2,3,1,3,2,2,2,1,4,2,1,3,4,7,1,4,3,4,2,1,2,2,2,1,1,3,1
"PTHR12374_SF18",1,1,1,1,1,2,1,1,1,1,1,1,1,1,2,2,1,1,1,1,1,1,1,1,1,1,1,1,1,1,1,1,1,1,1,1,1,1,1,1,1,1,1,1,1
"PTHR12374_SF20",1,2,1,1,1,3,1,1,1,1,1,1,1,1,1,1,2,1,1,1,1,1,1,1,1,1,2,1,1,2,0,1,1,1,1,1,1,1,1,1,1,1,1,1,1
"PTHR12375",3,3,2,3,3,2,3,3,3,3,3,3,3,3,3,4,3,3,3,2,3,4,3,3,3,3,2,3,3,3,3,3,3,3,4,3,3,3,3,3,3,3,4,5,3
"PTHR12377",2,2,3,2,2,4,2,4,2,2,2,2,2,3,2,2,2,2,4,3,2,3,2,4,2,2,2,2,2,3,4,4,2,3,3,2,3,2,3,2,3,2,2,3,2
"PTHR12378_SF6",1,1,1,1,1,1,1,1,1,1,1,1,1,1,1,1,1,1,1,1,1,1,2,1,1,1,1,1,1,1,1,2,3,1,1,1,1,1,1,1,1,1,1,2,1
"PTHR12378_SF7",1,1,1,1,1,1,1,1,1,1,1,1,1,1,3,1,1,1,1,1,1,1,1,1,1,1,1,1,1,1,2,1,1,1,1,1,1,1,2,1,1,1,1,1,1
"PTHR12380_SF11",1,1,1,1,1,1,1,1,1,1,1,1,1,1,2,1,1,1,1,1,1,1,1,1,1,1,1,1,1,1,1,1,1,1,1,1,1,1,1,1,1,1,1,1,1
"PTHR12380_SF35",2,1,1,1,1,1,1,1,1,1,1,1,1,1,1,1,1,1,1,1,1,1,1,1,1,1,1,1,3,1,3,1,1,1,2,1,1,1,1,1,1,1,1,2,1
"PTHR12380_SF45",1,1,1,1,1,1,1,0,0,0,1,1,1,1,0,1,1,1,1,0,1,1,0,1,0,1,0,1,1,1,1,0,1,1,0,0,1,1,1,0,1,1,1,0,1
"PTHR12381_SF11",1,1,1,2,1,1,1,1,2,1,1,1,1,1,2,1,1,1,1,1,1,1,2,1,1,1,2,1,1,1,1,2,1,1,1,1,2,1,1,1,2,1,1,2,1
"PTHR12381_SF41",1,2,1,1,1,1,1,1,2,1,1,1,2,1,1,1,1,1,1,1,1,1,1,1,1,1,1,2,1,0,1,1,2,1,1,1,1,1,1,1,1,1,1,2,1
"PTHR12381_SF43",1,1,1,1,1,1,1,1,0,1,1,1,1,1,1,2,1,1,1,1,1,1,2,1,1,1,1,1,1,1,1,1,1,1,1,1,0,1,1,1,1,1,1,1,1
"PTHR12383_SF14",1,1,1,2,1,2,2,1,1,2,1,1,1,2,1,1,1,2,2,2,1,2,1,2,1,1,2,2,2,1,1,1,1,2,1,1,4,1,3,1,2,1,1,1,2
"PTHR12385_SF13",1,1,1,1,1,1,1,1,1,1,1,1,1,1,1,1,1,1,1,1,1,1,1,1,1,1,1,1,1,1,1,1,1,1,1,1,1,1,1,1,1,1,1,1,1
"PTHR12385_SF34",1,1,1,1,1,1,1,1,1,1,1,1,1,1,1,1,1,1,1,1,1,1,1,1,1,1,1,1,1,1,1,1,1,1,1,1,1,1,1,1,1,1,1,1,1
"PTHR12385_SF35",1,1,1,1,1,1,1,1,1,1,1,1,1,1,1,1,1,1,1,1,1,1,1,1,1,1,1,1,1,1,1,1,1,1,1,1,1,1,1,1,1,1,1,1,1
"PTHR12385_SF37",1,1,1,1,1,1,1,1,1,1,1,1,1,1,1,7,1,1,1,1,1,1,1,1,1,1,1,1,1,1,1,1,1,1,1,1,1,1,1,1,1,1,1,3,2
"PTHR12385_SF42",1,1,1,1,1,1,1,1,1,1,1,1,1,1,1,1,1,1,1,1,1,1,1,1,1,1,1,1,1,1,1,1,1,1,1,1,1,1,1,1,1,1,1,1,1
"PTHR12386",2,3,3,5,4,3,7,1,1,2,1,1,2,0,1,3,1,2,5,1,2,2,2,3,6,1,2,2,1,2,1,5,2,5,2,1,1,2,1,1,6,2,1,2,5
"PTHR12387",1,1,2,1,1,1,2,2,1,1,1,1,1,2,3,1,1,1,2,1,1,1,1,2,1,1,1,2,1,1,1,1,1,2,1,1,2,1,3,1,1,1,1,1,1
"PTHR12388_SF0",1,1,1,2,1,2,1,1,1,1,1,1,1,1,1,2,1,1,1,1,0,1,2,1,2,1,3,1,1,0,1,1,1,1,2,2,1,2,1,1,1,1,0,1,2
"PTHR12389",1,1,1,1,1,1,1,1,1,1,1,1,1,1,1,1,1,1,1,1,1,1,1,1,2,1,1,1,1,1,1,2,1,1,1,1,1,1,1,1,1,1,1,1,1
"PTHR12390",1,1,1,1,1,1,1,1,1,1,1,1,1,1,0,1,1,1,1,1,1,1,1,1,1,1,2,1,1,1,1,2,1,1,1,1,1,1,1,1,1,1,1,1,1
"PTHR12391",1,1,3,4,4,2,5,1,1,2,1,1,2,5,1,1,2,1,4,1,3,1,1,3,1,1,1,4,1,1,2,2,1,4,2,1,6,2,7,1,3,1,1,2,2
"PTHR12392",1,1,1,1,1,2,1,1,1,1,1,1,1,1,1,1,1,1,1,1,1,1,1,1,1,1,1,1,1,3,1,1,1,1,1,1,1,1,1,1,1,1,1,1,1
"PTHR12393",1,1,1,1,1,1,1,1,1,1,1,1,1,1,1,1,1,1,1,1,1,1,1,1,1,1,1,1,1,1,1,0,1,1,1,1,1,1,1,1,1,1,1,1,0
"PTHR12394",2,2,3,2,2,2,2,2,2,2,2,2,2,3,2,2,2,2,2,2,2,2,2,2,2,2,2,2,2,2,2,2,2,3,2,4,2,2,2,2,2,2,2,2,2
"PTHR12395",1,1,1,1,1,1,1,1,1,1,1,1,1,1,2,6,1,1,1,1,1,1,1,1,1,1,1,1,1,1,1,1,1,1,1,1,1,1,2,1,1,1,1,1,1
"PTHR12396",5,5,3,5,5,4,6,4,3,4,6,6,4,6,3,9,3,3,5,5,6,4,5,4,3,4,5,6,5,5,7,3,5,6,3,5,5,4,7,5,6,6,3,3,5
"PTHR12398_SF21",1,1,0,0,1,1,0,0,0,1,1,1,1,1,0,1,0,1,0,0,1,0,0,0,0,1,1,0,1,1,1,0,1,0,0,1,1,0,1,0,0,1,0,0,1
"PTHR12398_SF22",1,1,4,5,1,2,2,1,1,1,1,1,1,3,1,2,2,1,4,2,1,1,1,4,1,1,4,4,2,1,1,2,1,2,2,1,3,1,3,1,1,1,1,2,1
"PTHR12398_SF8",1,1,0,0,1,1,1,1,1,1,1,1,1,0,1,0,1,1,0,1,0,0,1,0,1,1,1,0,1,1,1,0,1,0,1,1,0,0,0,1,0,1,0,1,1
"PTHR12399",1,1,1,1,1,1,1,1,1,1,1,1,1,1,3,1,1,1,1,1,1,1,1,1,1,1,1,1,1,1,1,1,1,1,1,1,1,1,1,1,1,1,1,1,1
"PTHR12400_SF26",1,1,1,1,1,1,1,1,1,1,1,1,1,1,1,1,1,1,1,1,1,1,1,1,1,1,1,1,1,1,1,1,1,1,1,1,1,1,1,1,1,1,1,1,1
"PTHR12400_SF27",1,1,1,1,1,1,1,1,1,1,1,1,1,1,1,1,1,1,1,1,1,1,1,1,1,1,1,1,1,0,1,1,1,1,1,1,1,1,1,1,1,0,1,1,1
"PTHR12400_SF39",1,1,1,1,0,1,1,1,1,1,1,1,1,3,3,1,1,1,1,1,1,1,1,1,1,1,1,2,1,1,1,1,1,1,1,1,3,1,3,1,1,1,1,1,1
"PTHR12400_SF4",1,1,1,1,1,1,1,1,1,1,1,1,1,1,1,1,1,2,1,0,1,1,1,1,1,1,1,1,1,1,1,1,1,1,1,1,1,1,1,1,1,2,1,2,1
"PTHR12400_SF40",1,1,1,1,1,1,1,1,1,1,1,1,1,1,1,1,1,1,1,1,1,1,1,1,1,1,1,1,1,1,1,1,1,1,1,1,1,1,1,1,1,1,1,1,1
"PTHR12400_SF47",1,1,1,1,1,2,2,1,1,1,1,1,1,1,1,1,1,1,1,1,1,1,2,1,1,1,1,1,1,1,1,2,1,1,1,1,1,1,1,1,1,1,1,1,1
"PTHR12400_SF50",1,1,1,1,1,1,1,1,1,1,1,1,1,1,1,1,1,1,1,1,1,1,1,1,1,1,1,1,1,1,1,1,1,1,1,1,1,1,1,1,1,1,1,1,1
"PTHR12403_SF11",1,1,2,1,1,1,1,1,1,1,1,1,1,2,1,1,1,1,2,2,2,1,1,3,2,1,1,2,1,1,0,3,1,2,1,1,2,1,2,1,1,1,1,1,1
"PTHR12403_SF13",1,1,1,3,0,2,2,2,2,1,0,0,2,1,3,2,1,1,2,1,1,1,1,1,1,0,1,1,1,1,2,5,1,1,4,1,1,1,1,1,5,1,0,0,1
"PTHR12406_SF22",1,2,1,1,1,1,1,1,1,4,1,1,1,1,0,1,1,1,1,1,1,1,1,1,1,1,1,1,1,1,1,1,1,1,1,1,1,1,2,1,1,1,1,1,1
"PTHR12406_SF23",1,1,1,1,1,1,1,1,1,1,1,1,1,1,1,1,1,1,1,1,1,1,1,1,1,1,1,1,1,1,1,0,1,1,1,1,1,1,1,1,1,1,1,1,1
"PTHR12406_SF24",1,1,1,1,1,1,1,1,1,1,1,1,1,1,1,1,1,1,1,0,1,1,1,1,1,1,1,1,1,1,0,1,1,1,1,1,1,1,1,2,0,1,1,1,1
"PTHR12406_SF4",1,0,1,1,1,1,1,1,1,0,1,1,1,1,1,1,1,1,1,1,1,0,1,1,1,1,1,1,1,1,0,1,1,1,1,1,1,1,1,1,1,0,1,1,1
"PTHR12406_SF7",1,1,1,1,1,1,1,1,1,1,1,1,1,1,1,1,1,1,1,1,1,1,0,1,0,1,0,1,1,1,0,0,1,1,1,0,1,1,1,1,1,2,1,1,1
"PTHR12409",1,1,1,1,1,1,1,1,1,2,0,1,1,1,2,1,1,1,1,1,2,1,1,1,1,2,0,1,1,1,2,2,1,1,2,1,1,1,2,1,4,1,1,3,2
"PTHR12411_SF101",1,1,1,1,1,1,1,1,1,1,1,2,1,1,1,1,1,1,1,0,1,1,1,1,1,1,1,1,1,1,1,1,1,1,1,1,1,1,1,1,1,1,1,1,1
"PTHR12411_SF14",1,1,1,1,1,1,1,1,1,1,1,1,1,1,1,1,1,1,1,1,1,1,1,1,1,1,1,1,1,1,1,2,1,1,1,1,1,1,1,1,1,1,1,1,1
"PTHR12411_SF269",1,1,1,1,1,1,1,1,1,1,1,1,1,1,1,1,1,1,1,1,1,1,1,1,1,1,1,1,1,1,0,1,1,1,1,1,1,1,1,1,1,1,1,1,0
"PTHR12411_SF270",1,1,1,1,1,1,1,1,1,1,1,1,1,1,1,1,1,1,1,0,1,1,1,1,1,1,1,1,1,1,1,1,1,1,1,1,1,1,1,1,1,1,1,1,1
"PTHR12411_SF274",1,1,1,1,1,1,1,1,1,1,1,1,1,1,1,1,1,1,1,1,1,1,1,1,1,1,1,1,1,1,1,1,1,1,1,1,1,1,1,1,1,1,1,1,1
"PTHR12411_SF285",1,1,1,1,1,1,1,1,1,1,1,1,1,1,1,2,0,1,1,1,1,1,1,1,1,1,1,1,1,1,1,1,1,1,1,1,1,1,1,1,1,1,1,1,1
"PTHR12411_SF287",1,1,1,1,1,1,1,1,1,1,1,1,1,1,1,2,1,1,1,1,1,1,1,1,1,1,1,1,1,1,1,1,1,1,1,1,1,1,1,0,1,1,1,1,1
"PTHR12411_SF306",1,2,2,2,3,2,3,1,1,4,2,2,8,2,3,2,3,4,3,8,3,2,0,2,1,1,1,2,3,2,4,1,2,2,0,0,2,7,4,1,2,2,2,0,3
"PTHR12411_SF314",2,1,1,1,1,1,1,1,1,1,1,1,1,1,1,1,1,1,1,2,1,1,1,1,1,1,1,1,2,1,1,1,1,1,1,1,1,1,1,1,1,1,1,1,1
"PTHR12411_SF330",1,1,1,1,1,1,1,1,1,1,1,1,1,1,1,1,1,1,1,1,1,1,1,1,1,1,1,1,1,1,1,1,1,1,1,1,1,1,1,1,1,1,1,1,1
"PTHR12411_SF54",1,1,1,1,1,1,1,1,1,1,1,1,1,1,1,1,1,1,1,1,1,1,1,1,1,1,1,1,1,1,1,1,1,1,1,1,1,1,1,1,1,1,1,2,1
"PTHR12411_SF55",1,1,1,1,1,1,1,1,1,1,1,1,1,1,1,1,1,1,1,1,0,1,1,1,1,1,1,1,1,1,1,2,1,1,1,1,1,1,1,1,1,0,1,2,1
"PTHR12411_SF57",2,0,0,0,1,0,0,0,0,1,0,0,4,0,0,0,0,0,0,0,0,0,17,0,10,2,11,0,0,0,0,0,0,0,6,17,0,4,0,14,0,0,0,4,1
"PTHR12412",1,1,1,1,1,1,1,1,1,1,1,1,1,1,2,1,1,1,1,1,1,1,1,1,1,1,1,1,1,1,1,1,1,1,1,1,1,1,1,1,1,1,1,1,1
"PTHR12413",2,2,2,2,2,2,2,2,2,2,2,2,2,2,2,2,2,2,2,2,2,2,3,2,2,2,2,2,2,2,2,2,1,2,3,2,2,2,2,2,2,2,2,2,2
"PTHR12414",2,2,2,2,2,2,2,2,2,2,2,2,2,2,2,2,3,2,2,2,2,2,2,2,2,2,2,2,2,2,2,2,2,2,2,2,2,2,2,2,2,2,2,1,2
"PTHR12415",1,1,1,1,1,1,1,1,1,1,1,1,1,1,1,1,1,1,1,2,1,1,1,1,1,1,1,1,2,1,1,1,1,1,1,1,1,1,1,1,1,1,1,1,1
"PTHR12416",3,3,5,6,7,3,2,3,3,2,2,2,3,5,8,2,2,3,6,1,2,4,2,4,7,2,2,3,2,2,3,10,6,5,2,3,3,5,3,2,4,2,2,2,6
"PTHR12418_SF19",1,1,1,1,1,1,1,1,1,2,1,1,1,2,1,1,1,1,1,2,1,3,1,2,0,1,1,2,1,1,2,1,1,1,0,1,2,1,1,1,1,0,1,0,1
"PTHR12418_SF9",1,2,1,1,1,1,1,1,1,1,2,2,1,1,1,1,1,2,1,1,1,1,1,1,1,1,1,1,1,2,1,1,1,1,1,1,1,1,1,1,0,1,1,2,1
"PTHR12419_SF1",1,1,1,1,1,1,1,1,1,3,1,1,1,1,1,1,1,1,1,1,1,2,1,1,1,1,1,1,1,1,1,4,1,1,1,1,1,1,1,1,1,1,1,1,1
"PTHR12419_SF13",1,1,0,0,1,1,1,0,0,1,1,1,1,1,0,1,0,1,0,2,1,0,1,0,0,1,1,0,1,1,1,0,1,0,0,1,1,1,1,1,0,1,2,0,1
"PTHR12419_SF4",1,1,1,1,1,1,1,1,1,1,1,1,1,1,3,1,1,1,1,1,1,1,1,1,1,1,1,1,1,1,1,1,2,1,1,1,1,1,1,1,1,1,1,2,1
"PTHR12419_SF5",1,1,1,1,1,1,1,1,1,1,1,1,1,1,1,1,1,1,1,1,1,1,1,1,1,1,1,1,1,1,1,1,1,1,1,0,1,1,1,1,1,1,1,2,1
"PTHR12419_SF9",1,1,1,1,1,1,1,1,1,1,1,1,1,1,1,1,1,1,1,1,1,1,1,1,1,1,1,2,1,1,1,1,1,1,1,1,2,1,1,1,1,1,1,1,1
"PTHR12420",3,6,4,4,3,5,6,5,4,5,4,4,5,4,4,4,4,4,4,4,4,5,7,4,4,4,5,4,4,5,4,3,4,4,4,4,5,5,4,6,4,4,4,5,5
"PTHR12422",2,2,2,2,2,3,2,2,3,4,2,2,2,2,2,2,2,3,2,2,2,3,2,2,2,2,2,2,2,2,3,3,2,2,3,2,2,2,3,2,2,2,2,4,2
"PTHR12424",3,3,3,3,3,3,3,3,4,3,3,3,3,3,3,6,3,3,3,1,3,3,3,3,3,3,3,3,3,3,2,3,3,4,3,3,3,3,5,3,3,3,3,4,3
"PTHR12425",2,2,2,2,2,2,2,2,2,2,2,2,2,2,2,2,2,2,2,2,2,2,2,2,2,2,2,2,2,2,2,2,2,2,1,2,2,2,2,2,2,2,2,1,2
"PTHR12427_SF0",1,2,1,1,2,3,3,0,2,2,1,1,1,1,1,1,1,1,1,0,1,1,1,1,4,1,1,1,1,1,1,1,1,1,1,2,1,1,1,1,1,1,1,2,0
"PTHR12428",2,2,3,2,2,2,3,2,2,2,2,2,2,2,2,2,2,2,2,2,2,2,2,2,2,2,2,2,2,2,2,2,2,2,2,2,2,2,2,2,2,2,2,2,2
"PTHR12429_SF2",1,1,1,1,1,1,1,1,1,1,1,1,1,1,1,4,1,1,1,1,1,1,1,1,1,1,1,1,1,1,0,1,1,1,1,1,1,0,1,1,1,1,1,2,1
"PTHR12429_SF4",1,1,1,1,1,1,1,1,1,1,1,1,1,1,1,1,1,1,1,1,1,1,1,1,1,1,1,1,1,1,1,1,1,1,1,1,1,1,1,1,1,1,1,1,1
"PTHR12429_SF7",1,1,1,1,1,1,1,1,1,1,1,1,1,1,1,1,1,1,1,1,1,1,1,1,1,1,1,1,1,1,1,1,1,1,1,1,1,1,1,1,1,1,1,1,1
"PTHR12429_SF9",1,1,1,1,1,1,1,1,1,1,1,1,1,1,1,1,0,1,1,1,1,1,1,1,1,1,1,1,1,1,1,1,1,1,1,1,1,1,1,1,1,1,0,1,1
"PTHR12430",2,4,3,3,2,3,1,1,1,1,2,2,2,5,3,2,3,2,4,2,3,3,2,3,2,2,2,5,2,2,4,2,2,4,4,2,5,2,5,2,3,2,2,6,1
"PTHR12431",3,3,3,3,3,4,3,3,3,3,3,3,3,3,3,3,3,3,3,3,3,3,3,3,3,3,4,3,3,3,3,4,2,3,3,3,3,3,3,3,3,3,3,4,3
"PTHR12433_SF10",1,1,1,2,1,1,1,1,1,1,1,1,1,1,1,1,1,1,1,2,1,1,1,1,1,1,2,1,1,1,1,1,1,1,1,1,1,1,1,1,1,1,1,3,1
"PTHR12433_SF3",1,1,1,1,1,1,2,1,1,1,1,1,1,1,1,1,1,1,2,1,1,1,1,2,1,1,2,1,2,1,0,1,1,1,0,1,1,1,1,1,1,1,1,0,1
"PTHR12434",1,1,1,1,1,1,1,1,1,1,1,1,1,1,1,2,1,1,1,4,1,1,1,1,1,1,1,1,1,1,0,1,1,1,1,1,1,1,1,2,0,1,1,1,1
"PTHR12436_SF18",1,1,1,1,1,1,1,1,1,1,1,1,1,1,1,1,1,2,1,2,1,1,1,1,1,1,1,1,1,1,1,1,1,1,1,1,1,1,1,1,1,1,1,1,1
"PTHR12436_SF3",1,1,0,1,1,1,1,1,1,1,1,1,1,1,1,1,1,1,1,1,1,1,1,1,1,1,1,1,1,1,0,1,1,1,1,1,1,1,1,1,1,1,1,1,1
"PTHR12436_SF4",1,1,1,1,1,1,1,1,1,1,1,1,1,1,1,4,1,1,1,1,1,1,1,1,1,1,1,1,1,2,1,1,1,1,1,1,1,1,2,1,1,1,1,1,1
"PTHR12438_SF14",1,1,1,1,1,1,1,1,1,2,1,1,1,1,1,1,1,1,1,1,1,1,1,1,1,1,1,1,1,1,1,1,1,1,1,1,1,1,1,1,1,1,1,1,1
"PTHR12438_SF3",1,1,1,1,1,1,1,1,1,1,1,1,1,1,1,1,1,1,1,1,1,1,1,1,1,1,1,1,1,1,1,1,1,1,1,1,1,1,1,1,1,1,1,1,1
"PTHR12439",2,1,1,1,1,2,2,1,1,1,1,1,1,1,1,1,1,1,1,1,1,1,1,1,1,1,1,1,1,1,1,1,1,1,2,1,1,1,1,1,1,1,1,2,1
"PTHR12441_SF8",1,1,1,1,3,3,2,1,1,1,2,2,1,1,1,1,2,1,1,1,1,1,1,1,1,1,2,1,1,1,4,2,0,1,3,1,1,2,2,1,1,1,1,3,3
"PTHR12442_SF11",1,1,1,1,1,1,1,1,1,1,1,1,1,1,1,1,1,1,1,1,1,1,1,1,1,1,1,1,1,1,1,1,1,1,1,1,1,1,1,1,1,1,1,1,1
"PTHR12442_SF12",1,1,1,1,1,1,1,1,1,1,1,1,1,1,1,1,1,1,1,1,1,1,1,1,1,1,1,1,1,1,1,1,1,1,1,1,1,1,1,1,1,1,1,1,1
"PTHR12442_SF26",1,1,1,1,1,1,1,1,1,1,1,1,1,1,1,1,1,1,2,1,1,1,1,2,1,1,1,1,1,1,1,1,1,1,1,1,2,1,1,1,2,1,1,1,1
"PTHR12442_SF30",1,1,1,1,1,2,1,1,1,1,2,1,1,1,1,1,1,1,1,1,1,1,1,1,1,1,1,1,1,1,1,1,1,1,2,1,1,1,1,1,0,1,1,1,1
"PTHR12442_SF34",1,1,1,1,1,2,1,1,2,2,1,1,1,1,1,1,1,1,1,1,1,1,1,1,1,1,1,1,1,1,1,1,1,1,1,1,1,1,1,1,1,1,1,1,1
"PTHR12442_SF36",1,1,1,1,1,1,2,2,1,1,1,1,1,1,1,1,1,1,1,1,1,1,1,1,1,1,1,1,1,1,1,1,1,1,1,1,1,1,1,1,1,1,1,1,1
"PTHR12442_SF5",1,1,1,1,1,1,1,1,1,1,1,1,1,1,1,1,1,1,1,1,1,1,1,1,1,1,1,1,1,1,1,1,1,1,1,1,1,1,1,1,1,1,1,1,1
"PTHR12442_SF7",1,1,1,1,1,1,1,1,1,1,0,1,1,1,1,1,0,1,1,1,1,1,1,1,1,1,0,1,1,1,1,1,1,1,1,1,1,1,1,1,1,1,0,1,1
"PTHR12443",1,1,1,1,2,1,1,4,1,1,1,1,1,1,3,1,1,1,1,1,1,1,1,1,1,1,1,1,1,1,1,2,1,1,1,1,1,1,1,1,1,1,1,1,1
"PTHR12444",2,2,2,2,2,2,2,2,2,2,2,2,2,2,2,2,2,2,2,3,2,2,2,2,2,2,2,2,2,2,2,2,2,2,2,2,2,2,2,2,2,2,2,2,2
"PTHR12446_SF2",1,1,1,1,1,1,1,1,1,1,1,1,1,1,1,1,2,1,1,1,1,2,1,1,1,1,1,1,1,1,1,1,1,1,1,2,1,1,1,1,1,1,1,1,1
"PTHR12446_SF20",1,1,1,1,1,1,1,1,1,1,1,1,1,1,1,1,1,1,1,1,1,1,1,1,1,1,1,1,1,1,1,1,1,1,1,1,1,1,1,1,1,1,1,1,1
"PTHR12447",3,4,4,4,4,4,4,4,4,4,4,3,4,4,4,4,4,4,4,4,4,4,4,4,4,4,5,5,4,4,5,4,4,4,4,4,4,4,4,4,4,4,4,4,4
"PTHR12448_SF1",1,3,1,1,1,3,2,1,1,1,2,2,0,1,1,1,1,1,1,1,1,1,1,1,1,0,1,1,3,1,1,1,1,1,1,3,2,2,2,2,1,1,1,3,1
"PTHR12449_SF16",1,1,1,1,1,1,1,1,1,1,1,1,1,1,1,1,1,1,1,1,1,1,1,1,1,1,1,1,1,1,1,1,2,1,1,1,1,1,1,1,1,1,1,1,1
"PTHR12449_SF8",1,1,1,1,1,1,1,1,1,2,1,1,1,1,1,1,1,1,1,1,1,1,1,1,1,1,1,1,1,1,1,1,1,1,1,1,1,1,1,1,1,1,1,2,1
"PTHR12450",3,3,3,3,4,3,3,3,3,4,4,3,3,3,3,6,3,3,3,3,3,3,3,3,3,3,3,4,3,3,3,3,3,3,3,3,3,3,2,3,3,3,3,4,3
"PTHR12451",1,1,1,1,1,1,1,1,1,1,1,1,1,1,1,1,1,1,1,1,1,1,1,1,1,1,1,1,1,1,1,1,1,1,2,1,1,2,1,1,1,1,1,0,1
"PTHR12452_SF0",1,1,1,2,1,1,3,1,1,1,1,1,1,1,1,1,1,1,1,1,1,2,1,1,2,1,2,1,1,1,2,2,2,2,1,1,1,1,1,1,1,1,1,1,2
"PTHR12454",2,2,2,2,2,2,2,2,2,2,2,2,2,2,2,2,2,2,2,2,2,2,2,2,2,2,2,2,2,2,2,2,2,2,2,2,2,2,3,2,2,2,2,2,2
"PTHR12455",1,1,1,1,1,1,1,1,1,1,1,1,1,1,1,2,1,1,1,1,1,1,1,1,2,1,1,1,1,1,1,1,1,1,1,1,1,1,1,1,1,1,1,1,1
"PTHR12456",2,2,2,2,2,1,2,1,1,1,2,2,2,2,1,1,2,2,2,2,2,1,2,2,2,0,2,2,2,2,2,1,1,2,2,1,2,2,1,2,2,1,1,1,2
"PTHR12458_SF7",1,1,1,1,1,1,3,1,1,1,1,1,1,1,1,1,1,1,1,1,1,1,1,1,1,1,1,1,1,1,1,1,1,1,1,1,1,1,1,1,1,1,1,1,1
"PTHR12458_SF8",1,1,1,1,1,1,1,1,1,1,1,1,1,1,1,1,1,1,1,1,1,1,1,1,1,1,1,1,1,1,1,2,1,1,2,1,1,1,1,1,1,1,1,1,1
"PTHR12459_SF4",1,1,1,1,1,2,1,1,1,1,1,1,1,1,2,1,1,1,1,2,1,1,1,1,1,1,2,1,1,1,1,1,1,1,1,1,1,1,1,1,1,1,1,1,1
"PTHR12460",3,3,3,3,3,3,3,3,3,3,3,3,3,3,4,3,3,3,3,3,3,3,3,3,3,3,3,4,3,3,3,3,3,3,3,3,3,3,3,3,3,3,3,4,4
"PTHR12461_SF11",1,1,1,1,1,1,1,1,1,1,1,1,1,1,1,1,1,1,1,2,1,1,1,1,1,1,1,1,1,1,2,1,1,1,1,1,1,1,1,1,1,1,1,1,1
"PTHR12461_SF19",1,1,1,1,1,1,1,1,1,1,1,1,1,1,1,1,2,1,1,1,1,1,1,1,1,2,1,1,1,1,1,2,1,1,1,1,1,1,1,1,1,1,1,1,1
"PTHR12461_SF24",1,1,1,1,1,2,1,1,1,1,1,1,0,1,1,1,1,1,1,1,1,1,1,1,1,1,1,1,1,1,2,1,0,1,1,2,1,1,1,1,1,1,1,1,1
"PTHR12461_SF28",1,1,1,1,1,1,1,1,1,1,1,1,1,1,1,1,0,1,1,2,1,1,1,1,1,1,1,1,1,1,1,1,1,1,1,1,1,1,1,1,1,1,1,1,1
"PTHR12463",1,1,1,1,1,1,1,1,1,1,1,1,1,1,1,1,1,1,1,1,1,1,1,1,1,1,1,1,1,1,1,1,1,1,1,1,1,1,2,1,1,1,1,1,1
"PTHR12465",1,2,1,1,1,1,1,1,1,2,1,1,1,1,1,1,1,1,1,1,1,2,2,0,1,1,1,1,1,1,1,2,1,1,1,1,1,1,1,1,1,1,1,1,1
"PTHR12466",1,1,1,1,1,1,1,1,1,2,1,1,1,1,2,1,1,1,1,2,1,2,1,1,1,1,1,2,1,1,1,1,1,1,1,1,1,1,1,1,2,1,1,1,1
"PTHR12468",1,1,1,1,1,1,1,1,1,1,1,1,1,1,1,1,1,1,1,1,1,1,1,1,1,1,1,1,1,1,1,1,1,1,1,1,1,1,1,1,1,1,1,1,1
"PTHR12469_SF2",1,1,1,1,1,1,1,1,1,2,1,1,1,1,1,2,1,1,1,1,1,1,1,1,1,1,1,1,1,1,2,1,1,1,1,1,1,1,1,1,1,1,1,1,1
"PTHR12471_SF2",1,1,1,1,1,1,1,1,1,1,2,1,1,1,1,1,1,1,1,1,1,1,1,1,1,1,1,1,1,1,2,1,1,1,3,1,1,1,1,1,1,1,1,2,1
"PTHR12471_SF3",1,1,1,1,1,1,1,0,1,1,1,1,1,1,1,1,1,1,1,1,1,1,1,1,1,1,1,1,1,1,1,1,1,1,1,1,1,1,1,1,1,1,1,0,1
"PTHR12472",1,1,1,1,1,1,1,1,1,2,1,1,1,1,1,1,1,1,1,1,1,1,1,1,1,1,1,1,1,1,1,1,1,1,1,1,1,1,1,1,1,1,1,2,1
"PTHR12473_SF4",1,1,0,1,1,1,1,1,1,1,1,1,1,1,1,1,1,0,1,1,1,1,1,1,1,1,1,1,1,0,1,1,1,1,1,1,1,1,1,1,1,1,1,1,1
"PTHR12473_SF7",1,0,1,1,1,0,1,0,0,1,0,1,1,1,0,1,0,1,1,1,1,1,1,1,0,1,1,1,1,1,1,0,1,1,1,1,1,1,1,1,1,1,1,1,0
"PTHR12473_SF8",1,1,1,1,1,1,1,1,1,1,1,1,1,1,1,1,1,1,1,1,1,1,1,1,1,1,1,1,1,1,1,2,1,1,2,1,1,1,1,1,1,1,1,1,1
"PTHR12474",3,3,3,3,3,3,3,3,3,3,3,3,3,3,4,4,3,3,3,3,3,3,3,3,3,3,3,3,3,3,3,3,4,3,3,3,3,3,3,3,3,3,3,3,3
"PTHR12475",1,1,1,1,0,1,1,1,1,1,1,1,1,1,1,1,1,0,1,0,1,1,1,1,1,0,1,1,1,1,0,1,1,1,1,1,1,1,1,1,1,1,1,1,1
"PTHR12477_SF15",1,1,1,1,1,1,1,1,1,1,1,1,1,1,1,1,1,2,1,1,1,1,1,1,1,1,1,1,1,1,1,1,1,1,0,1,1,1,1,1,1,1,1,1,1
"PTHR12477_SF68",1,1,1,1,1,1,1,1,1,1,1,1,1,2,1,3,1,1,1,1,1,1,1,1,1,1,1,2,1,1,1,1,1,1,1,1,1,1,1,1,1,1,1,1,1
"PTHR12477_SF69",1,1,1,1,1,1,1,1,1,1,1,1,1,1,1,1,1,1,1,1,1,1,1,1,1,1,1,1,1,1,1,1,1,1,1,1,1,1,1,1,1,1,1,1,1
"PTHR12477_SF70",1,1,1,1,1,1,1,1,1,1,1,1,1,1,1,1,1,1,1,1,1,1,1,1,1,1,1,1,1,1,1,1,1,1,1,1,1,1,1,1,1,1,1,1,1
"PTHR12477_SF75",1,1,1,1,1,1,1,1,1,1,1,1,1,1,1,1,1,1,1,1,1,1,1,1,1,1,1,1,1,1,1,1,1,1,1,1,1,1,1,1,1,1,1,2,1
"PTHR12478",2,2,2,2,2,2,3,2,2,2,2,2,2,2,1,2,2,2,2,2,2,2,2,2,2,2,2,2,2,2,2,1,2,2,2,2,2,2,2,2,3,2,2,2,2
"PTHR12479",3,6,3,6,3,6,5,3,3,4,3,3,4,4,3,3,4,3,4,3,3,3,3,4,3,3,4,3,3,4,3,3,4,4,3,3,5,3,6,3,6,3,3,3,3
"PTHR12480_SF12",1,1,1,1,1,1,1,1,1,1,1,1,1,1,1,1,1,0,1,1,1,1,1,1,1,0,1,1,1,1,0,1,1,1,1,1,1,1,1,1,1,1,0,1,0
"PTHR12480_SF5",1,1,1,1,1,2,1,1,1,1,1,1,1,1,1,1,1,1,1,1,1,1,1,1,1,1,2,1,1,1,1,1,1,1,1,1,1,1,1,1,1,1,1,1,1
"PTHR12480_SF6",1,1,1,1,1,1,1,1,1,1,1,1,1,1,1,1,1,1,1,1,1,1,1,1,1,1,1,1,1,1,1,1,1,1,1,1,1,0,1,1,1,1,1,1,1
"PTHR12482_SF12",1,1,1,1,1,1,1,1,1,1,1,1,1,1,1,1,1,1,1,1,1,1,1,1,1,1,1,1,1,1,1,1,1,1,1,1,1,1,1,1,1,1,1,1,1
"PTHR12482_SF3",1,1,1,1,1,1,1,1,2,1,1,1,1,1,1,1,1,1,1,1,1,1,1,1,2,1,3,1,1,1,1,2,1,1,1,1,1,1,1,1,1,1,1,2,1
"PTHR12483_SF22",1,1,2,1,1,1,1,1,1,1,1,1,1,2,1,1,1,1,2,2,1,4,1,2,1,1,1,2,1,1,1,1,1,2,1,1,2,1,2,1,1,1,1,4,2
"PTHR12483_SF8",1,1,1,1,1,1,1,1,1,1,1,1,1,1,1,1,1,1,1,1,1,1,1,1,1,1,1,1,1,1,1,1,1,1,1,2,1,1,1,1,1,1,2,1,1
"PTHR12484",2,2,1,1,3,1,1,3,1,2,1,2,1,1,3,1,1,3,1,0,1,1,1,1,1,2,3,1,2,2,1,3,2,1,1,1,1,2,1,2,1,2,2,1,2
"PTHR12485",1,1,0,1,1,1,2,1,1,1,1,1,1,1,1,2,1,1,1,1,1,1,1,1,2,1,1,1,1,1,1,1,1,1,3,1,1,1,1,1,1,0,1,1,1
"PTHR12486_SF4",1,1,1,1,1,1,1,1,1,1,1,1,1,1,1,1,1,1,1,1,1,1,1,1,1,1,1,1,1,1,1,2,1,1,2,1,1,1,1,1,1,1,1,1,1
"PTHR12486_SF5",1,1,1,1,0,1,1,1,1,1,1,1,1,1,1,1,1,1,1,1,1,1,1,1,1,1,1,1,1,1,1,1,1,1,2,1,1,1,1,1,2,1,1,1,1
"PTHR12487",3,3,3,3,3,3,3,3,3,3,3,3,3,3,3,3,3,3,3,3,3,3,3,3,3,3,3,3,3,3,3,3,3,3,3,3,3,3,3,3,3,2,3,3,3
"PTHR12489",7,8,7,7,6,8,6,7,7,8,9,6,6,7,6,7,6,6,7,6,7,7,7,7,7,6,8,6,8,8,7,7,7,7,7,7,7,7,7,6,7,7,5,7,7
"PTHR12490",1,1,1,1,1,1,1,1,1,1,1,1,1,1,1,1,1,1,1,1,1,1,1,1,1,1,1,1,1,1,1,1,1,1,1,1,1,1,1,1,1,1,1,1,1
"PTHR12493",1,1,1,1,1,1,1,1,1,1,1,1,1,1,1,1,1,1,1,1,2,1,1,1,1,2,1,1,1,1,1,1,1,1,1,1,1,1,1,1,1,1,0,1,1
"PTHR12496",2,2,2,2,2,2,2,2,2,2,2,2,2,2,2,2,2,2,2,2,2,2,2,2,2,2,1,2,2,2,2,2,2,2,2,2,2,2,2,2,2,2,2,2,2
"PTHR12497",1,2,1,1,1,1,1,1,1,1,0,1,1,1,1,1,1,1,1,1,1,1,1,1,1,1,1,1,1,1,1,1,1,1,1,1,1,1,1,1,1,1,1,1,1
"PTHR12498",1,1,1,1,1,2,1,1,1,3,1,1,1,2,2,2,1,1,3,1,1,2,1,1,1,1,1,1,1,1,1,1,2,2,1,1,1,1,2,1,1,1,1,1,1
"PTHR12499",1,2,1,1,1,1,1,1,1,1,2,1,1,1,1,1,1,2,1,1,1,1,1,1,1,1,1,1,1,2,1,1,1,1,1,1,1,2,1,0,1,0,0,2,2
"PTHR12504",2,1,4,2,2,1,2,2,1,1,1,1,1,3,1,1,1,1,3,2,1,1,1,3,1,1,0,2,1,1,0,2,2,6,1,1,2,2,3,1,2,2,1,1,2
"PTHR12505_SF20",1,1,1,1,1,1,1,1,1,1,1,1,1,1,1,1,1,1,1,1,1,1,1,1,1,1,1,1,1,1,1,1,1,1,1,1,1,1,1,1,1,1,1,1,1
"PTHR12505_SF21",1,1,1,1,1,1,1,1,1,2,1,1,1,1,1,1,1,1,1,0,1,1,1,1,1,1,1,0,1,1,1,1,1,1,0,1,0,1,1,1,1,1,1,1,1
"PTHR12505_SF22",1,1,1,1,1,1,1,1,1,1,1,1,1,1,1,1,1,1,1,0,1,1,1,1,1,1,1,1,1,1,0,1,1,1,0,1,1,0,1,1,1,0,1,1,1
"PTHR12506_SF10",1,1,1,1,1,2,1,1,1,2,1,1,1,1,1,1,1,1,1,2,1,1,1,1,1,1,1,1,1,1,1,1,1,1,1,1,1,0,1,1,1,1,1,1,1
"PTHR12506_SF17",1,1,1,1,3,1,1,1,1,1,1,1,1,1,1,7,1,1,1,1,1,1,1,1,1,1,1,1,1,1,1,1,1,1,0,1,1,2,1,1,1,1,1,0,3
"PTHR12506_SF18",1,1,1,1,1,1,1,1,1,1,1,1,1,1,1,7,1,1,1,1,1,1,1,1,1,1,1,1,1,1,1,1,1,1,1,1,1,1,1,1,1,1,1,1,1
"PTHR12507",1,1,1,1,1,1,1,1,1,1,1,1,1,1,1,1,1,1,1,1,1,1,1,1,1,1,1,1,1,1,1,1,1,1,1,1,1,1,1,1,1,1,1,2,1
"PTHR12509",2,2,2,2,1,2,2,3,3,3,2,2,2,2,2,2,3,3,2,2,3,2,3,2,3,2,3,2,2,2,2,3,2,2,3,3,2,2,2,3,2,2,2,2,2
"PTHR12510",1,1,0,0,1,1,1,0,1,2,1,2,1,1,1,1,1,1,0,2,1,0,1,0,1,1,1,1,1,0,0,0,1,0,1,1,1,1,1,1,0,1,0,1,1
"PTHR12514_SF1",1,1,2,2,3,1,5,1,1,1,1,1,1,1,2,1,1,1,3,2,1,3,1,2,1,1,2,3,1,0,2,3,1,3,1,1,1,1,1,1,1,1,2,1,1
"PTHR12515_SF8",1,1,1,1,1,1,1,1,1,1,1,1,1,1,1,1,1,1,1,1,1,1,1,1,1,1,1,1,1,1,1,1,1,1,1,1,1,1,1,1,1,1,1,1,1
"PTHR12515_SF9",1,1,1,1,1,1,1,1,1,1,1,1,1,1,1,1,1,1,1,1,1,1,1,1,1,1,1,1,1,1,1,1,1,1,1,1,1,1,1,1,1,1,1,1,1
"PTHR12517",1,1,1,1,1,1,1,1,1,1,1,1,1,1,1,1,1,1,1,1,1,1,1,1,1,1,0,2,1,1,1,1,1,1,1,1,1,1,2,1,1,1,1,1,1
"PTHR12521_SF0",1,1,1,2,1,1,1,1,1,1,1,1,1,1,1,1,1,1,1,1,1,2,2,1,1,0,1,1,1,1,1,1,0,1,1,1,1,1,1,1,1,1,1,2,1
"PTHR12522",2,2,2,2,2,2,2,2,1,2,2,2,2,2,2,2,2,2,2,2,2,2,2,2,2,2,2,1,2,2,1,2,2,2,2,2,2,2,2,2,2,2,2,2,2
"PTHR12526_SF221",1,1,1,1,1,1,1,1,1,1,1,1,1,1,1,1,1,1,1,1,1,1,1,1,1,1,2,1,1,1,1,2,1,1,1,1,1,1,1,1,1,1,1,2,1
"PTHR12526_SF23",1,1,1,1,1,1,1,1,1,1,1,1,1,1,1,1,1,1,1,1,1,1,1,1,1,1,1,1,1,1,1,1,1,1,1,2,1,1,1,1,1,1,1,1,1
"PTHR12526_SF232",1,1,1,2,1,1,1,1,1,1,1,1,1,2,1,1,1,1,2,1,1,1,1,2,1,1,2,2,1,1,1,1,1,2,1,2,2,1,2,1,1,1,1,1,1
"PTHR12526_SF331",1,1,1,1,1,1,1,1,0,1,1,1,1,1,1,1,1,1,1,0,1,1,1,1,1,1,1,1,1,1,1,0,1,1,1,1,1,1,1,1,1,1,1,1,1
"PTHR12532",1,1,1,1,1,1,1,1,1,1,1,1,1,1,1,1,1,1,1,1,1,1,1,1,1,1,1,1,1,2,1,1,1,1,1,1,1,1,1,1,1,1,1,1,1
"PTHR12533_SF4",1,1,1,1,1,1,1,1,1,1,1,1,1,1,1,1,1,1,1,1,1,1,1,1,1,1,1,1,1,1,1,1,1,1,1,1,1,1,1,1,1,1,1,1,1
"PTHR12533_SF5",1,1,1,1,1,1,1,1,1,1,1,1,1,1,1,1,1,1,1,1,1,1,1,1,1,1,1,1,2,1,1,1,1,1,1,1,1,1,1,1,1,1,1,1,1
"PTHR12533_SF6",1,1,1,1,1,1,1,1,1,1,1,1,1,1,1,1,1,1,1,2,1,1,1,1,1,2,1,1,1,1,1,1,1,1,1,1,1,1,1,1,1,1,1,1,1
"PTHR12533_SF7",1,2,1,1,1,1,1,1,1,1,1,1,1,1,1,1,1,1,1,1,1,1,1,1,1,1,1,1,1,1,1,2,1,1,1,1,1,1,1,1,1,1,1,1,1
"PTHR12533_SF9",1,1,1,1,1,1,1,1,1,1,1,1,1,1,1,2,1,1,1,1,1,1,1,1,1,1,1,1,1,1,1,1,1,1,1,1,1,1,1,1,1,1,1,1,1
"PTHR12534",1,1,1,1,1,1,1,1,1,1,1,1,1,1,1,1,1,1,1,1,1,1,1,1,3,1,1,1,1,1,0,1,1,1,1,1,1,1,2,1,1,1,1,1,1
"PTHR12537_SF1",1,1,1,2,1,1,1,1,1,1,1,1,1,1,1,1,1,1,1,1,1,2,2,1,1,1,1,1,1,1,1,1,1,1,1,1,1,1,1,1,1,1,1,1,1
"PTHR12537_SF52",1,1,1,1,1,1,1,1,1,1,1,1,1,1,1,2,1,1,1,1,1,1,1,1,1,1,1,1,1,1,1,1,1,1,1,1,1,1,1,1,1,1,1,1,1
"PTHR12538",1,5,7,7,4,5,2,2,2,6,1,1,3,5,3,1,1,2,6,6,2,6,1,5,2,0,2,6,2,2,4,11,1,8,7,5,8,3,10,7,3,1,3,7,4
"PTHR12542_SF7",1,1,1,1,1,1,1,1,1,1,1,1,1,1,1,1,1,1,1,1,1,1,1,1,1,1,1,1,1,1,2,2,1,1,1,1,1,1,1,2,1,1,1,1,1
"PTHR12544",2,3,2,3,2,2,2,2,2,3,2,2,2,2,2,2,2,2,2,3,2,2,2,2,2,2,2,2,2,2,2,4,2,2,2,2,2,2,2,2,2,2,2,4,2
"PTHR12546_SF32",1,1,1,1,1,1,1,1,1,1,1,1,1,1,1,1,1,1,1,1,1,1,1,1,1,1,1,1,1,1,1,1,1,1,1,1,1,1,1,1,1,1,1,1,0
"PTHR12546_SF34",1,1,1,1,1,1,1,1,1,1,2,1,1,1,1,1,0,1,1,1,0,1,1,1,1,1,1,1,1,1,1,1,1,1,1,1,1,1,1,1,1,0,2,1,1
"PTHR12546_SF35",1,1,1,1,1,1,1,1,1,1,1,1,1,1,1,1,1,1,1,1,1,1,1,1,1,1,1,1,1,1,1,1,1,1,1,1,1,1,1,1,1,1,1,1,1
"PTHR12546_SF36",2,0,2,1,1,1,1,1,1,1,1,1,0,1,1,0,1,1,1,1,0,1,1,1,1,1,1,1,1,1,1,1,1,1,1,1,1,0,1,1,1,0,1,1,1
"PTHR12546_SF37",1,1,1,1,1,1,1,1,1,1,1,1,1,1,1,1,1,1,1,1,1,1,2,1,1,1,1,1,1,1,1,1,1,1,1,1,1,1,1,1,1,1,1,2,1
"PTHR12546_SF38",1,1,1,1,1,1,1,1,1,1,1,1,1,1,1,1,1,1,1,1,1,1,1,1,1,1,3,1,1,1,1,1,1,1,1,1,1,1,1,1,1,1,1,1,1
"PTHR12547_SF3",1,1,1,1,1,1,1,1,1,1,1,1,1,1,1,1,1,0,1,1,1,1,1,1,1,1,1,1,1,1,1,1,1,1,1,1,1,1,1,1,1,1,1,1,1
"PTHR12547_SF53",1,1,1,1,1,1,1,1,1,1,1,1,1,1,1,1,1,1,1,0,1,1,2,1,1,1,1,1,1,1,2,1,1,1,1,1,1,1,1,2,1,1,1,1,1
"PTHR12547_SF58",1,1,1,1,1,1,1,0,1,1,1,1,1,1,1,1,1,1,1,1,1,2,1,1,1,1,2,1,1,1,1,0,1,1,1,2,1,1,1,2,1,1,1,1,1
"PTHR12548_SF4",1,1,3,2,1,1,1,1,1,3,1,1,1,2,1,1,1,2,4,1,2,1,1,4,1,1,2,2,1,1,1,2,1,4,1,1,3,1,3,1,2,1,1,2,1
"PTHR12548_SF5",1,1,1,1,1,1,2,1,1,1,1,1,1,1,3,1,1,1,1,1,1,1,1,1,1,1,1,1,1,1,1,1,2,1,1,1,1,1,1,1,1,1,1,1,1
"PTHR12549_SF4",1,1,1,1,1,1,1,1,1,1,1,1,1,1,1,1,1,1,1,1,1,1,1,1,1,1,1,1,1,1,1,1,1,1,1,1,1,1,1,1,1,1,1,1,1
"PTHR12549_SF6",1,1,1,1,1,1,1,1,1,1,1,1,1,1,1,1,1,1,1,1,1,1,2,1,1,1,1,1,1,1,1,1,1,1,1,1,1,1,1,1,1,1,1,1,1
"PTHR12549_SF7",1,1,1,2,1,1,1,1,1,1,1,1,1,1,1,1,1,2,1,1,1,1,1,1,1,1,1,1,1,1,1,1,1,1,1,1,1,1,1,1,1,1,1,1,1
"PTHR12549_SF8",1,1,1,1,1,1,1,1,1,1,1,1,1,1,1,1,1,1,1,1,1,1,1,1,1,1,1,1,1,1,1,1,1,1,1,1,1,1,1,1,1,1,1,1,2
"PTHR12550_SF18",2,2,2,2,2,2,2,2,2,1,2,2,2,2,4,2,3,2,2,2,2,2,2,2,2,2,2,2,1,2,1,4,2,2,3,2,2,2,2,2,1,2,2,3,3
"PTHR12550_SF19",1,1,1,0,1,1,1,0,0,1,1,2,1,1,0,1,0,1,0,1,0,0,1,0,0,0,1,1,0,1,1,0,1,1,0,1,1,0,0,0,0,1,0,0,1
"PTHR12550_SF20",1,1,1,2,1,1,2,1,1,2,1,1,1,1,2,1,1,1,1,1,1,1,1,1,1,1,2,1,1,1,2,1,1,1,1,2,1,2,1,1,1,1,1,1,1
"PTHR12550_SF41",1,1,1,2,1,2,2,1,1,1,2,1,1,1,6,1,1,1,1,1,1,1,1,1,1,1,1,1,1,2,1,2,1,1,2,1,2,1,2,1,1,1,1,1,2
"PTHR12552_SF2",1,1,1,1,1,1,1,1,1,1,0,1,1,1,1,1,1,1,1,1,1,1,1,1,1,1,0,1,1,1,1,1,1,1,1,1,1,1,1,1,1,1,1,1,1
"PTHR12552_SF3",1,1,1,1,1,1,1,1,1,1,1,1,1,2,1,1,1,1,1,1,1,1,1,2,1,1,1,1,1,1,1,1,1,1,1,1,1,1,3,1,1,1,1,1,1
"PTHR12552_SF4",1,1,1,1,1,1,1,1,1,1,1,1,1,1,1,1,1,1,1,2,1,1,2,1,1,1,1,1,1,1,1,1,2,1,1,1,1,1,1,1,1,1,1,1,1
"PTHR12552_SF5",1,1,1,1,1,1,2,1,1,1,1,1,1,1,0,1,1,1,1,1,1,1,1,1,1,1,1,1,1,1,1,0,1,1,1,2,1,2,1,1,1,1,1,1,1
"PTHR12553_SF44",1,1,1,1,1,1,1,1,1,1,1,1,1,1,1,1,1,1,1,0,1,1,1,1,1,1,1,1,1,1,0,1,1,1,1,1,1,1,1,1,1,1,1,1,1
"PTHR12553_SF6",1,1,2,1,1,1,1,1,1,1,1,2,2,2,1,2,1,1,2,1,1,2,1,2,1,1,1,2,2,1,2,1,1,2,1,1,2,2,2,1,2,2,1,1,2
"PTHR12555_SF13",1,1,2,1,1,1,1,1,1,1,1,1,1,2,1,1,1,1,2,2,1,1,1,2,1,1,1,2,1,1,1,3,1,2,1,1,2,1,2,1,1,1,1,1,1
"PTHR12558",4,4,3,4,4,4,4,4,4,4,4,4,4,6,5,4,4,4,4,4,4,6,4,4,4,4,4,8,4,4,4,4,4,4,4,4,6,4,5,4,4,4,4,5,4
"PTHR12560",6,6,6,6,5,7,6,6,5,5,5,6,6,5,6,6,6,4,6,6,6,6,6,5,6,6,5,5,6,7,5,6,6,6,12,6,6,6,6,6,6,5,5,12,6
"PTHR12563",3,3,3,3,3,3,3,3,3,3,3,3,3,3,3,3,3,3,3,3,4,3,3,3,3,3,4,3,3,3,3,3,3,3,2,3,3,3,3,3,2,4,3,3,3
"PTHR12565_SF11",1,1,1,1,1,1,1,1,1,1,1,1,1,1,1,1,1,1,1,2,1,1,1,1,1,1,1,1,1,1,1,1,1,1,1,1,1,1,1,1,1,1,0,1,1
"PTHR12565_SF45",1,1,1,1,1,2,1,1,1,1,1,1,1,1,1,1,1,1,1,1,1,1,1,1,1,1,1,1,1,2,1,2,2,1,1,2,1,1,1,1,1,1,1,1,1
"PTHR12565_SF5",1,1,1,1,1,2,1,1,1,1,1,1,1,1,1,1,1,1,1,0,1,1,1,1,1,1,1,1,1,1,0,1,1,1,1,1,1,1,1,1,1,1,1,1,1
"PTHR12565_SF6",1,1,1,1,1,1,1,1,1,1,2,1,1,1,2,1,2,1,1,1,1,1,1,1,1,1,1,1,1,1,1,2,1,1,1,1,1,1,1,1,1,1,1,1,2
"PTHR12566_SF2",1,1,1,1,2,1,1,2,1,1,1,1,1,1,1,2,2,1,1,1,1,1,1,1,1,1,2,1,1,1,2,1,1,1,1,1,1,1,1,1,1,1,1,1,2
"PTHR12566_SF4",1,1,1,1,1,1,1,1,1,1,1,1,1,1,1,1,1,1,1,1,1,1,1,1,1,1,1,1,1,1,1,1,1,1,1,1,1,1,1,1,1,1,1,1,1
"PTHR12566_SF5",1,1,1,1,1,1,1,1,1,1,1,1,1,1,3,4,1,1,1,1,1,1,1,1,1,1,1,1,1,1,1,3,1,1,1,1,1,1,1,1,1,1,1,1,1
"PTHR12566_SF7",1,1,1,1,1,1,1,1,1,1,1,1,1,1,1,1,1,1,1,1,1,1,2,1,1,1,1,1,1,1,1,1,1,1,1,1,1,1,1,1,1,1,1,1,1
"PTHR12570_SF1",1,1,1,1,1,1,1,1,1,1,1,1,1,1,1,1,5,1,1,2,1,1,1,1,1,1,1,1,1,1,1,2,1,1,1,1,1,2,1,1,1,1,1,1,1
"PTHR12570_SF13",1,1,1,1,1,1,1,1,1,1,1,1,1,1,1,1,1,1,1,1,1,1,1,1,1,1,1,1,1,1,1,1,1,1,1,1,1,1,2,1,1,1,1,1,1
"PTHR12570_SF14",1,1,1,1,1,1,1,1,1,1,1,1,1,1,1,1,1,1,1,1,1,1,1,1,2,1,1,1,1,1,1,1,1,1,1,1,1,1,1,1,1,1,1,1,1
"PTHR12570_SF16",1,1,1,1,1,1,1,1,1,1,1,1,1,1,1,1,1,1,1,1,1,1,1,1,1,1,1,1,1,1,1,1,1,1,1,1,1,1,1,1,1,1,1,1,1
"PTHR12570_SF17",1,1,1,1,1,1,2,1,1,1,1,1,1,1,1,2,1,1,1,1,1,1,1,1,1,1,1,1,1,1,1,1,1,1,1,1,1,1,1,1,1,1,1,1,1
"PTHR12570_SF7",1,1,1,1,1,1,1,1,1,1,1,1,1,1,1,1,1,1,1,1,1,1,1,1,1,1,1,1,1,1,1,1,1,1,1,1,1,1,1,1,1,1,1,1,1
"PTHR12577",3,2,2,2,2,3,2,2,1,2,2,2,2,2,2,2,2,3,2,3,2,3,2,2,1,3,0,2,1,3,2,2,1,2,3,2,1,1,2,2,2,2,2,4,2
"PTHR12581",1,1,1,1,1,1,1,1,1,1,1,1,1,1,5,1,1,1,1,2,1,1,1,2,1,1,1,1,1,1,1,2,2,1,1,1,1,1,1,1,1,1,1,1,1
"PTHR12582",5,5,5,5,5,5,5,5,5,5,6,5,5,5,5,5,5,5,5,5,5,5,6,5,5,5,5,5,5,5,5,5,4,5,5,5,5,5,5,5,5,5,5,6,5
"PTHR12583_SF20",1,1,1,1,1,1,1,1,1,1,1,1,1,1,1,1,1,1,1,1,1,1,1,1,1,1,1,1,1,1,1,1,1,1,1,1,1,1,1,1,1,1,1,1,1
"PTHR12583_SF21",1,1,1,1,1,1,1,1,1,1,1,1,1,1,1,1,1,1,1,1,1,1,1,1,1,1,1,1,1,1,0,1,1,1,1,1,1,1,1,1,1,1,1,1,1
"PTHR12585_SF19",1,1,1,1,1,1,1,1,1,1,1,1,1,1,1,1,1,1,1,1,1,1,1,1,1,1,1,1,1,1,1,1,1,1,1,1,1,1,1,1,1,0,0,1,1
"PTHR12585_SF20",1,1,3,2,1,1,1,1,1,2,1,1,1,1,1,1,1,1,2,1,1,1,1,2,1,1,1,1,1,1,1,1,2,2,1,1,1,1,1,1,2,1,1,1,1
"PTHR12585_SF27",1,1,1,1,1,1,1,1,1,1,1,1,1,1,1,2,1,1,1,1,1,1,1,1,1,1,1,1,1,1,1,1,1,1,1,1,1,1,1,1,1,1,1,1,1
"PTHR12586",1,1,1,1,1,1,1,1,1,1,1,1,1,2,2,1,1,1,1,1,1,1,1,1,1,1,1,1,1,1,1,0,1,1,1,1,1,1,1,1,1,1,1,1,1
"PTHR12587",6,6,6,6,7,7,6,6,6,6,5,7,6,6,6,7,5,6,7,6,6,7,6,6,7,7,7,6,6,10,6,6,6,6,7,6,7,9,7,7,6,6,6,7,7
"PTHR12588",1,1,1,1,1,1,1,1,1,2,1,1,1,1,1,1,1,1,1,1,1,1,1,1,1,1,1,1,1,1,1,1,1,1,1,1,1,1,1,1,1,2,1,1,1
"PTHR12589",1,4,1,2,1,3,1,1,1,3,1,1,2,1,1,1,1,1,1,1,1,1,1,1,1,1,1,1,3,1,1,1,1,1,1,1,1,3,1,1,3,1,1,2,1
"PTHR12590",1,1,1,0,0,1,1,1,1,1,1,1,1,1,3,1,1,1,1,1,1,0,1,1,1,2,1,1,1,1,1,1,1,1,1,1,1,1,1,1,0,1,1,2,1
"PTHR12591",3,3,3,3,3,3,3,3,3,2,3,3,3,3,3,4,3,3,3,3,3,3,3,3,2,3,3,3,3,3,3,3,3,3,3,3,3,3,3,3,3,3,3,3,3
"PTHR12592",1,1,1,1,1,1,1,1,1,1,1,1,1,1,1,1,1,1,1,1,1,1,1,1,1,1,1,1,1,2,1,1,1,1,1,1,1,1,1,1,1,1,1,2,1
"PTHR12595",1,1,2,2,2,1,1,1,1,2,1,1,1,3,7,2,3,1,2,1,1,2,1,1,1,1,2,2,1,1,2,2,1,2,2,3,4,1,6,2,2,1,1,4,1
"PTHR12596",3,3,3,3,3,3,3,3,3,3,5,3,3,3,3,3,3,3,3,5,3,3,3,3,3,4,3,3,3,3,3,4,3,3,3,3,3,3,3,3,3,3,3,3,3
"PTHR12598",1,1,1,1,1,1,1,1,1,1,1,1,1,1,1,1,1,1,1,1,1,1,1,1,1,1,1,1,1,1,1,1,1,1,1,1,1,1,1,1,1,1,1,1,1
"PTHR12599",1,2,2,2,2,2,3,2,2,2,2,2,1,2,2,2,2,2,2,2,2,2,2,2,2,1,2,2,2,2,2,2,1,2,2,2,2,2,2,2,2,2,2,2,2
"PTHR12601",1,1,1,1,1,1,1,1,1,1,1,1,1,1,1,1,1,1,1,1,1,1,1,1,1,1,1,1,1,1,1,1,1,1,1,1,1,1,1,1,1,1,1,1,1
"PTHR12602",3,3,3,3,3,3,3,3,3,3,3,3,3,3,3,3,3,3,3,3,3,3,3,3,3,3,3,3,3,3,2,3,3,3,3,3,3,3,3,3,3,3,3,3,3
"PTHR12603_SF2",1,1,1,1,1,1,1,1,1,1,1,1,1,1,1,1,1,1,1,1,1,1,1,1,1,1,1,1,1,1,1,1,1,1,1,1,1,1,1,1,1,1,1,1,1
"PTHR12604",2,2,4,8,2,2,9,2,2,2,2,2,2,5,2,2,2,3,5,2,3,2,2,5,2,2,2,6,2,3,2,2,2,5,2,2,5,2,7,2,8,2,2,2,4
"PTHR12606_SF10",1,1,1,1,1,1,1,1,1,1,1,1,1,1,1,2,1,1,1,1,1,2,1,1,1,1,1,1,1,1,1,1,1,1,1,1,1,1,1,1,1,1,1,3,1
"PTHR12606_SF11",1,1,1,1,1,2,1,1,1,1,2,1,1,1,1,1,1,1,1,2,1,1,4,1,2,2,3,1,1,1,1,1,1,1,1,6,2,1,1,9,1,1,1,1,1
"PTHR12606_SF12",1,1,1,1,1,1,1,1,1,2,1,1,1,1,1,1,1,1,1,1,1,1,1,1,1,1,1,1,1,1,1,1,1,1,2,1,1,1,1,3,1,1,1,1,1
"PTHR12606_SF7",1,1,1,1,1,1,1,1,1,1,1,1,1,2,1,1,1,1,2,1,1,1,1,2,1,1,1,1,1,1,1,1,1,1,1,1,1,1,1,2,1,1,1,1,1
"PTHR12607",2,2,2,2,2,2,2,2,2,2,2,2,2,2,2,3,2,2,2,2,2,2,2,2,2,2,2,2,2,2,1,2,2,2,3,2,2,2,2,2,2,2,2,2,2
"PTHR12608",1,1,1,1,1,1,1,1,1,1,1,1,1,1,1,1,1,1,1,1,1,1,1,1,1,1,1,1,2,1,1,1,1,1,1,1,1,1,1,1,1,1,1,1,1
"PTHR12609_SF0",1,1,1,1,1,1,1,1,1,1,1,1,1,1,1,1,1,1,1,1,1,1,1,1,1,1,2,1,1,1,1,1,1,1,1,1,1,1,1,1,1,1,1,1,1
"PTHR12610",3,4,3,3,4,4,3,3,3,2,3,3,3,6,3,3,3,3,3,3,4,3,3,3,3,5,2,4,4,4,3,3,3,4,3,3,6,3,9,3,3,3,3,3,3
"PTHR12611",3,3,1,2,2,3,3,2,2,3,3,3,2,3,3,3,2,1,3,2,3,2,3,2,2,2,3,1,2,3,3,3,3,1,3,3,3,3,3,3,1,3,3,3,3
"PTHR12612_SF0",2,1,6,3,4,2,2,1,1,1,1,1,1,3,1,1,1,1,4,2,1,1,2,5,1,1,1,3,1,1,2,3,1,4,3,1,4,1,3,1,1,1,1,2,5
"PTHR12612_SF1",1,1,1,1,1,1,1,1,1,2,1,1,1,1,1,1,1,1,1,1,1,3,1,1,1,1,1,1,1,3,1,1,1,1,2,1,1,1,1,1,1,1,1,3,1
"PTHR12612_SF4",1,1,1,1,1,0,1,1,1,2,1,1,1,2,1,1,1,1,1,1,1,1,1,1,1,1,1,0,0,0,1,1,1,1,0,1,1,1,1,1,1,1,1,0,1
"PTHR12613",1,2,2,2,2,2,2,2,2,2,2,2,2,2,2,2,2,2,2,3,2,2,2,2,2,2,2,2,2,2,2,2,2,2,1,2,2,2,2,2,2,2,2,2,2
"PTHR12615",2,2,2,2,2,2,1,2,2,2,2,2,2,2,2,3,2,2,2,2,3,2,2,2,2,2,2,2,2,3,1,2,2,2,2,2,2,2,1,2,2,2,2,2,2
"PTHR12616",1,1,1,1,1,1,1,1,1,2,1,1,1,1,1,1,1,1,1,1,1,1,1,1,1,1,2,1,1,1,1,2,1,1,1,1,1,1,1,1,1,1,1,1,1
"PTHR12619",8,8,8,8,8,8,7,8,8,7,9,8,8,8,8,9,8,9,8,8,8,8,8,8,8,8,8,8,8,8,7,8,8,8,8,8,8,8,8,8,8,8,7,9,8
"PTHR12620",3,3,5,3,4,4,4,2,2,4,2,3,4,5,2,5,3,4,3,3,5,3,4,3,3,3,5,3,3,3,3,2,5,4,3,10,5,4,7,3,3,4,3,4,4
"PTHR12621_SF8",1,1,1,1,1,1,1,1,1,0,1,1,1,1,1,1,1,1,1,1,1,1,1,1,1,1,1,1,1,1,1,1,1,1,1,1,1,1,1,1,1,1,1,1,1
"PTHR12621_SF9",1,1,3,5,1,1,2,3,1,1,1,4,2,4,4,2,1,1,4,1,1,2,1,4,1,1,1,5,1,1,2,3,1,5,1,2,4,1,4,1,5,1,1,1,1
"PTHR12622_SF21",1,1,1,1,1,1,1,1,2,1,1,1,1,1,1,2,1,1,1,1,1,1,1,1,1,1,1,2,1,1,1,1,1,1,1,1,0,1,4,1,1,1,1,1,1
"PTHR12622_SF23",1,1,1,1,1,1,1,1,1,1,1,1,1,1,1,1,1,2,1,1,1,1,1,1,0,1,1,1,1,1,1,1,2,1,6,1,1,1,1,1,1,1,1,6,1
"PTHR12622_SF24",1,1,1,2,1,1,1,1,0,0,1,1,1,1,1,1,1,1,1,1,1,1,1,1,1,1,1,1,1,1,1,1,1,1,1,1,1,1,1,1,1,1,1,1,1
"PTHR12622_SF5",1,1,1,1,1,1,1,1,1,1,1,1,1,1,1,1,1,1,1,1,1,1,1,1,1,1,1,1,1,1,1,1,1,1,1,1,1,1,1,1,1,1,1,1,1
"PTHR12622_SF7",1,1,1,1,0,1,1,1,0,1,1,1,1,1,1,1,0,1,1,1,1,1,1,1,1,1,1,1,1,1,0,1,1,1,1,1,1,1,1,1,1,1,1,1,1
"PTHR12623",2,2,2,2,2,2,2,2,2,2,2,2,2,3,3,2,2,2,3,2,2,3,2,2,2,2,2,3,2,2,2,2,2,3,2,2,3,2,3,2,2,2,2,2,2
"PTHR12625",2,2,2,2,2,2,2,2,2,2,2,2,2,2,3,2,2,2,2,1,2,2,2,2,2,2,3,2,2,2,3,3,2,2,2,1,2,2,2,2,2,2,2,2,2
"PTHR12626",1,1,1,1,1,1,1,1,1,1,1,1,1,1,2,1,1,1,1,1,1,1,1,1,1,1,1,1,1,1,1,1,1,1,1,1,1,1,1,1,1,1,1,1,1
"PTHR12628",3,3,3,3,3,3,3,3,3,3,3,3,3,3,6,4,3,3,3,3,3,5,3,3,3,3,4,3,3,3,3,4,3,3,3,3,3,3,3,3,3,3,3,3,3
"PTHR12629_SF3",1,2,2,1,2,2,1,0,2,2,2,2,2,1,2,1,1,2,1,2,1,2,2,0,2,2,1,1,1,2,1,0,2,1,0,2,1,2,3,2,1,2,1,0,1
"PTHR12629_SF5",1,1,1,1,1,1,2,1,1,1,1,1,1,1,1,1,1,1,1,1,1,1,1,1,1,1,1,1,1,1,1,1,1,1,1,1,1,1,1,1,1,1,1,1,1
"PTHR12629_SF6",1,1,1,1,1,1,1,1,1,1,1,2,1,1,2,2,1,1,1,1,1,2,1,1,1,1,1,1,1,1,1,1,1,1,2,1,1,2,1,1,1,1,1,2,1
"PTHR12630_SF1",1,1,1,1,1,1,1,1,1,1,1,1,1,1,1,1,1,1,1,1,1,1,1,1,1,1,1,1,1,1,0,1,1,1,1,1,1,1,1,1,1,1,1,1,1
"PTHR12630_SF6",1,0,1,1,1,1,1,1,1,1,1,1,1,1,1,1,1,1,1,1,1,1,1,1,1,1,1,1,1,1,0,1,1,1,1,0,1,1,1,1,1,1,1,1,1
"PTHR12631",1,1,1,1,1,1,1,1,1,1,1,1,1,1,1,1,1,1,1,0,1,1,1,1,1,1,1,1,1,1,0,1,1,1,1,1,1,1,1,1,1,1,1,1,1
"PTHR12632_SF6",1,1,1,1,1,2,1,1,1,1,1,1,1,1,1,1,2,1,1,1,1,1,2,1,1,1,1,1,1,1,1,1,1,1,1,1,1,1,1,1,1,1,1,2,1
"PTHR12634",3,3,3,3,3,3,3,3,3,3,3,3,3,3,4,3,3,3,3,2,3,3,3,3,3,3,3,3,3,3,3,3,3,3,3,3,3,3,3,3,3,3,3,4,3
"PTHR12635",2,2,2,2,2,2,2,2,2,3,2,2,2,2,2,2,2,2,2,2,2,2,2,2,2,2,1,2,2,2,1,2,2,2,2,2,2,2,2,2,2,2,2,1,2
"PTHR12636",1,1,2,3,1,1,1,1,1,1,1,1,1,1,1,1,1,1,1,1,1,1,1,1,1,1,1,1,1,1,1,1,1,2,1,2,1,1,1,1,2,1,1,1,1
"PTHR12638",2,3,3,4,2,5,4,4,2,2,3,3,2,4,3,2,3,1,4,2,2,3,2,4,3,2,2,4,5,2,2,4,2,4,4,3,4,3,4,2,6,2,2,4,4
"PTHR12639",1,1,1,1,1,1,1,1,1,1,1,1,1,1,1,1,1,1,1,1,1,1,2,1,1,1,1,1,1,1,1,1,1,1,1,1,1,1,1,1,1,1,1,1,1
"PTHR12640",1,1,1,1,1,1,1,1,1,1,1,1,1,1,1,1,1,1,1,1,1,1,1,1,1,1,1,1,1,1,1,1,1,1,1,1,1,1,1,1,2,1,1,1,1
"PTHR12642",1,1,6,6,4,3,2,2,1,2,1,1,3,5,4,1,2,2,6,1,1,5,1,5,1,4,0,5,2,2,5,6,0,4,1,1,5,2,6,2,7,1,1,1,2
"PTHR12644_SF1",1,1,2,1,1,2,1,1,1,1,1,1,2,1,2,1,1,1,1,1,1,2,1,2,2,1,3,1,1,1,0,1,1,3,1,1,1,2,1,1,1,1,1,1,1
"PTHR12644_SF2",1,1,1,2,1,1,2,1,1,0,1,1,2,1,1,1,1,1,1,1,1,1,1,1,1,1,1,1,1,1,1,2,1,1,2,1,1,2,1,1,1,1,1,2,1
"PTHR12645_SF0",1,1,1,1,1,1,1,1,1,1,1,1,1,1,1,1,1,1,1,1,1,1,1,1,1,1,1,1,1,1,0,1,1,1,1,1,1,1,1,2,1,1,1,1,1
"PTHR12646",1,1,1,1,1,1,1,1,1,1,1,1,1,1,1,1,1,1,1,1,1,1,1,1,1,1,1,1,1,1,1,1,1,1,1,1,1,1,1,1,1,1,1,1,1
"PTHR12649_SF7",1,1,1,1,1,1,1,1,1,1,1,1,1,1,1,1,1,1,1,1,1,2,1,1,1,1,1,1,1,1,1,1,2,1,1,1,1,1,1,1,1,1,1,1,1
"PTHR12650_SF15",3,3,3,2,1,3,3,2,1,2,3,3,6,1,1,1,1,1,1,4,1,1,1,2,1,5,2,1,3,1,3,3,2,1,4,2,2,2,2,4,3,2,1,5,1
"PTHR12651",1,1,1,1,1,1,1,1,1,1,1,1,1,1,1,2,1,1,1,1,1,1,1,1,1,1,1,1,1,1,1,1,1,1,1,1,1,1,1,1,1,1,1,1,1
"PTHR12652",2,3,2,2,2,2,2,2,2,3,2,2,2,2,2,2,2,2,2,2,2,4,2,2,2,2,2,2,2,2,1,2,2,2,2,2,2,2,2,2,2,2,2,3,2
"PTHR12653_SF0",1,2,3,5,3,1,6,1,1,2,1,1,1,2,1,1,1,1,2,1,1,2,1,2,1,1,1,3,1,3,3,8,1,2,5,1,3,3,4,1,6,1,0,3,2
"PTHR12654",1,1,2,1,1,1,1,1,1,1,1,1,1,1,1,1,1,1,1,1,1,1,1,1,1,1,1,1,1,1,1,1,1,1,1,1,1,1,1,1,1,1,1,1,1
"PTHR12655",1,1,1,1,1,1,1,1,1,1,1,1,1,1,1,1,1,1,1,2,1,1,2,1,1,1,0,1,1,1,1,2,1,1,1,1,1,1,2,1,1,1,1,1,1
"PTHR12656_SF11",1,1,1,1,2,1,1,1,1,1,2,2,2,1,1,1,1,1,1,1,2,1,1,1,1,1,1,1,1,1,1,1,1,1,1,1,1,1,1,1,1,1,1,2,1
"PTHR12656_SF12",1,1,1,1,1,1,1,1,1,1,1,0,1,1,1,1,2,1,1,1,1,1,1,1,1,1,1,1,1,1,1,1,1,1,1,1,1,1,1,1,1,1,1,1,1
"PTHR12658",1,1,1,1,1,1,1,1,1,2,1,1,1,1,1,2,1,1,1,2,1,1,1,1,1,1,1,1,1,1,1,1,1,1,1,1,1,1,1,1,1,1,1,1,1
"PTHR12659",3,3,3,3,3,3,3,3,2,3,4,3,3,3,3,4,3,4,4,4,3,4,4,3,3,3,4,3,3,3,3,3,3,3,4,3,3,4,4,3,3,4,3,4,3
"PTHR12661",1,1,1,1,1,1,1,1,1,1,1,1,1,1,1,2,1,1,1,1,1,1,1,1,1,1,1,1,1,1,0,1,1,1,1,1,1,1,1,1,1,1,1,1,1
"PTHR12663_SF1",1,1,1,1,1,1,1,1,1,1,1,1,1,1,1,1,1,1,1,1,1,1,1,1,1,1,0,1,1,1,1,1,1,1,1,1,1,1,1,1,1,1,1,1,1
"PTHR12663_SF2",1,1,2,2,1,1,1,1,1,1,2,1,1,1,1,1,1,1,2,1,1,1,1,3,1,1,1,1,1,1,1,1,1,2,1,1,1,1,1,1,1,1,1,1,1
"PTHR12664",2,2,5,2,2,2,2,2,3,3,2,2,2,3,4,6,2,2,4,2,3,3,2,4,2,2,2,2,2,2,4,2,2,4,3,2,2,2,2,2,3,3,2,3,2
"PTHR12665",3,3,3,3,6,3,4,4,3,4,3,3,4,3,4,3,3,3,3,3,3,5,4,3,2,3,4,3,4,3,3,6,3,3,5,3,3,4,3,3,3,3,3,4,8
"PTHR12668_SF11",1,1,1,1,1,1,1,1,1,2,1,1,1,1,1,1,1,1,1,1,1,2,1,1,1,2,2,1,1,1,1,1,1,1,1,1,1,1,1,2,1,1,1,2,1
"PTHR12668_SF4",1,1,2,1,2,1,1,1,1,1,2,1,2,1,2,2,2,1,1,1,1,3,1,1,1,1,2,1,2,1,1,3,1,1,1,3,1,5,1,2,1,3,1,1,1
"PTHR12669_SF13",1,1,1,1,1,1,1,1,1,1,1,1,1,0,1,1,2,1,1,1,1,1,1,1,1,1,1,0,1,1,1,1,1,1,1,1,1,1,0,1,1,1,1,1,1
"PTHR12669_SF4",1,1,2,1,1,1,1,1,1,1,1,1,1,2,4,1,1,1,3,1,1,2,1,2,1,1,1,3,1,1,1,1,1,3,1,1,3,1,2,1,1,1,1,1,1
"PTHR12670",1,1,1,1,1,1,1,1,1,1,1,1,1,1,1,2,1,1,1,2,1,1,1,1,1,1,2,1,1,1,1,1,1,1,1,1,1,1,1,1,1,1,1,1,1
"PTHR12673_SF103",1,1,1,1,1,1,1,1,1,1,1,1,1,1,1,1,1,1,1,1,1,1,1,1,1,1,1,1,1,1,1,1,1,1,1,1,1,1,1,1,1,1,1,1,1
"PTHR12673_SF105",1,1,1,1,1,1,1,1,1,1,1,1,1,1,1,1,1,1,1,1,1,1,1,1,1,1,1,1,1,1,1,1,1,1,1,1,1,1,1,1,1,1,1,1,1
"PTHR12673_SF12",1,1,1,1,1,1,1,1,1,1,1,1,1,1,1,1,1,1,1,1,1,1,1,1,1,1,1,1,1,1,1,1,1,1,1,1,1,1,1,1,1,1,1,1,1
"PTHR12673_SF13",1,1,1,1,1,1,1,1,1,1,1,1,1,1,1,1,1,1,1,1,1,0,1,1,1,1,1,1,1,1,1,0,1,1,1,1,1,1,1,1,1,1,1,1,1
"PTHR12673_SF14",1,1,1,1,1,1,1,1,1,1,1,1,1,1,1,1,1,1,1,1,1,1,1,1,1,1,2,1,1,1,1,1,1,1,0,1,1,1,1,1,1,1,1,0,1
"PTHR12673_SF16",1,1,0,0,0,0,0,0,0,1,0,0,0,0,1,0,0,1,0,0,1,0,1,0,1,1,0,0,0,1,0,0,0,0,0,0,0,0,0,0,0,0,1,0,0
"PTHR12673_SF58",1,1,1,1,1,1,1,1,1,1,1,1,1,1,1,1,1,1,1,1,1,1,1,1,1,1,1,1,1,1,1,1,1,1,1,1,1,1,1,1,1,1,1,1,2
"PTHR12673_SF66",1,1,1,1,1,1,1,1,1,1,1,1,1,1,1,1,1,1,1,1,1,1,1,1,1,1,0,1,1,1,1,1,1,1,1,1,1,1,2,1,1,1,1,1,1
"PTHR12673_SF70",1,1,1,1,1,1,1,1,1,1,1,1,1,1,1,1,1,1,1,1,1,1,1,1,1,1,1,1,1,1,1,1,1,1,1,1,1,1,1,1,1,1,1,1,0
"PTHR12673_SF79",1,1,1,1,1,1,1,1,1,1,1,1,1,1,1,1,1,1,1,1,1,1,1,1,1,1,1,1,1,1,1,1,1,1,1,1,1,1,1,1,1,1,1,2,1
"PTHR12673_SF82",1,1,1,1,1,1,1,1,1,1,1,1,1,1,0,1,1,1,1,1,1,1,1,1,1,1,1,1,1,1,1,0,1,1,1,1,1,1,1,1,1,1,1,1,1
"PTHR12673_SF98",1,2,1,1,1,1,1,1,1,1,2,1,1,1,1,1,1,1,1,1,1,1,1,1,1,1,2,1,1,1,1,1,1,1,1,1,1,1,1,1,1,1,1,1,1
"PTHR12674_SF2",2,1,1,6,3,2,5,1,1,1,1,1,2,2,2,1,1,1,3,1,1,1,1,2,2,2,1,1,1,2,1,4,2,2,3,1,2,2,2,1,3,1,1,3,4
"PTHR12675",4,4,4,5,3,4,4,4,4,4,4,4,4,4,4,4,4,4,4,5,4,3,4,4,4,4,4,3,4,4,4,4,4,4,4,4,4,3,4,4,4,4,4,4,4
"PTHR12677_SF15",1,1,1,1,1,1,1,1,1,1,1,1,1,1,1,1,1,1,1,1,1,2,1,1,1,1,1,1,1,1,1,2,1,1,1,1,1,1,1,1,1,1,1,1,1
"PTHR12677_SF3",1,1,0,0,1,1,0,1,0,0,0,0,1,0,0,0,0,0,0,0,0,0,1,1,0,1,0,1,1,1,0,1,0,0,1,0,0,1,0,1,0,0,1,0,1
"PTHR12677_SF5",1,1,0,1,1,1,1,1,1,1,1,1,1,1,1,1,1,1,1,1,1,1,1,1,1,1,1,1,1,1,1,1,1,1,1,1,1,1,1,1,1,1,0,1,1
"PTHR12680",2,2,2,3,2,2,2,2,2,2,2,2,2,2,2,2,2,2,2,2,2,2,2,2,2,2,2,2,2,2,2,2,2,2,2,2,2,2,2,2,2,2,2,3,2
"PTHR12681_SF3",1,2,1,2,1,2,1,1,2,3,2,1,1,1,4,1,1,3,1,1,1,2,1,1,3,1,1,1,1,2,2,3,1,1,1,2,2,1,2,2,1,1,1,1,1
"PTHR12682",1,1,2,1,1,1,1,1,1,2,1,1,1,4,4,1,1,0,1,2,1,2,1,1,1,1,1,1,1,1,1,3,1,2,1,1,3,1,3,1,1,1,1,1,1
"PTHR12683_SF13",1,1,1,1,1,1,1,1,1,1,1,1,1,1,2,1,1,1,1,1,1,1,1,1,1,1,1,1,1,1,1,3,1,1,1,1,1,1,1,1,2,1,1,1,1
"PTHR12684",1,1,1,1,1,1,1,1,1,1,1,1,1,1,1,1,1,1,1,1,1,1,1,1,1,1,1,1,1,1,1,1,1,1,1,1,1,1,1,1,1,1,1,1,1
"PTHR12686",1,1,1,1,1,1,1,1,1,1,1,1,1,1,1,1,2,1,1,1,2,1,1,1,2,1,1,1,1,1,2,1,1,1,1,2,1,1,1,1,1,1,1,1,1
"PTHR12687",1,1,1,1,1,1,1,1,1,1,1,1,1,2,1,1,1,1,1,1,1,1,1,1,1,1,1,2,1,1,1,1,1,1,1,1,1,1,3,1,1,1,1,1,1
"PTHR12688",2,2,2,3,2,2,2,2,2,2,2,2,2,2,5,2,2,2,2,2,2,2,2,2,2,2,2,2,3,2,2,3,2,2,2,2,2,2,2,2,2,2,2,4,2
"PTHR12689",1,1,1,1,1,1,1,1,1,1,1,1,1,1,2,1,1,1,1,1,1,1,1,1,0,1,1,1,1,1,1,1,1,1,1,1,1,1,1,1,1,1,1,1,1
"PTHR12691",1,1,1,1,1,1,1,1,1,1,1,1,1,1,1,1,1,1,1,1,1,1,1,1,1,1,1,1,1,1,1,1,1,1,1,1,1,1,1,1,1,1,1,1,1
"PTHR12692",2,3,3,2,2,2,3,2,2,2,2,2,2,3,3,2,2,2,3,2,2,2,2,3,2,1,2,2,2,3,4,2,2,3,2,2,2,2,2,2,2,3,2,2,3
"PTHR12693",1,1,1,1,1,1,1,1,1,1,1,1,1,1,1,1,1,1,1,1,1,1,2,1,1,1,1,1,1,2,0,1,1,1,1,1,1,1,1,1,1,1,1,1,1
"PTHR12694_SF7",1,1,1,1,1,1,1,1,1,1,1,1,1,1,1,1,1,1,1,2,1,1,1,1,1,1,1,1,1,1,1,2,1,1,1,1,1,1,1,1,1,1,1,1,1
"PTHR12694_SF9",1,1,1,1,1,1,1,1,1,0,1,1,1,1,1,1,1,1,1,0,1,1,1,1,1,0,1,1,1,1,1,1,0,1,1,1,1,1,1,1,1,1,0,1,1
"PTHR12695",1,1,1,2,1,1,1,1,6,1,1,1,1,1,1,5,1,1,1,1,1,1,1,1,1,1,1,1,2,1,1,1,1,1,1,1,1,1,1,1,1,1,1,1,1
"PTHR12696",2,2,2,2,2,2,2,2,2,2,2,2,2,2,2,2,2,2,2,2,2,2,2,2,2,2,2,2,2,2,2,2,2,2,2,3,2,2,2,2,2,2,2,2,3
"PTHR12697_SF14",1,1,1,1,1,1,2,1,1,1,1,1,1,1,0,1,1,1,1,1,0,1,1,1,1,1,1,1,1,1,1,1,0,1,1,1,1,1,1,1,1,1,1,1,1
"PTHR12700",1,1,4,2,20,4,4,1,1,3,1,1,1,2,1,1,1,1,4,1,3,2,1,5,1,3,4,2,3,1,2,2,1,4,1,2,2,2,4,2,4,3,1,2,10
"PTHR12701",2,2,2,2,2,2,2,2,2,2,2,2,2,2,2,4,2,2,2,2,2,2,2,2,2,2,2,2,2,2,3,3,2,2,2,2,2,2,2,2,3,2,2,2,2
"PTHR12702",2,2,2,2,2,5,2,2,2,3,2,2,2,2,2,2,2,3,2,3,2,2,2,2,2,2,5,2,3,2,2,2,2,2,2,2,2,2,2,2,2,2,2,2,2
"PTHR12703",1,1,1,1,1,1,1,1,1,1,1,1,1,1,1,1,1,1,1,1,1,2,1,1,1,0,1,1,1,1,1,1,1,1,1,1,1,1,1,1,1,1,2,1,1
"PTHR12704",2,2,2,2,3,3,2,2,2,2,3,2,2,2,2,2,2,2,2,2,2,2,2,2,2,2,2,2,3,3,2,2,2,2,2,2,2,2,2,2,2,3,2,3,3
"PTHR12705",1,1,1,1,1,1,1,1,1,1,1,1,1,1,1,1,1,1,1,1,1,1,1,1,1,1,0,1,1,1,1,1,1,1,1,1,1,1,1,1,1,1,1,1,1
"PTHR12706_SF5",1,1,1,1,1,1,0,1,1,1,1,1,1,1,1,2,1,1,1,1,1,1,1,1,1,1,1,1,1,1,0,1,1,1,1,1,1,0,1,1,1,1,1,1,1
"PTHR12706_SF8",1,1,2,1,1,1,1,1,1,1,2,1,1,1,4,1,1,1,1,1,1,2,1,1,1,1,2,1,1,1,1,1,1,1,1,1,1,1,1,1,1,1,1,1,1
"PTHR12707_SF0",1,1,1,1,1,1,1,2,1,2,1,1,3,1,1,1,2,1,1,1,1,2,1,1,1,1,1,1,1,1,1,2,1,1,1,1,1,1,1,1,1,1,1,1,1
"PTHR12708",1,1,1,1,1,1,1,1,1,1,1,1,1,1,1,1,1,1,1,1,1,1,2,1,1,1,1,1,0,1,1,2,1,1,1,1,1,1,2,1,1,1,1,0,1
"PTHR12709_SF1",1,1,1,1,1,1,1,1,1,1,1,1,1,1,1,1,1,1,1,1,1,1,1,1,1,1,1,1,1,1,1,1,2,1,1,2,1,1,1,1,1,1,1,1,1
"PTHR12709_SF4",1,1,1,1,1,1,2,1,1,1,1,1,1,1,1,1,1,1,1,2,1,1,1,1,1,1,1,1,1,1,1,3,1,1,1,1,1,1,0,1,1,1,1,1,1
"PTHR12709_SF5",1,1,1,1,1,1,1,1,1,2,1,1,1,1,1,1,1,1,1,1,1,1,1,1,1,1,1,1,1,1,1,1,1,1,1,1,1,1,1,1,1,1,1,2,1
"PTHR12710",1,1,1,1,1,1,1,1,1,1,1,1,1,1,3,1,1,1,1,1,1,1,1,1,1,1,1,1,1,1,1,1,1,1,1,1,1,1,1,1,1,1,1,1,1
"PTHR12713_SF12",1,1,2,2,2,1,5,1,1,12,1,1,1,1,6,1,1,2,1,2,1,5,1,1,1,1,2,2,2,1,2,1,1,2,2,2,2,1,2,2,2,2,1,3,4
"PTHR12713_SF13",1,1,1,1,2,2,1,1,1,1,1,1,1,1,1,9,1,1,1,0,1,1,1,1,1,0,1,1,1,1,1,1,1,1,1,1,1,1,1,1,1,1,1,1,2
"PTHR12714",1,1,1,1,1,1,1,1,1,1,1,1,1,1,1,1,1,1,1,1,1,1,1,1,1,1,1,1,1,0,1,1,1,1,1,1,1,1,1,1,1,1,1,1,1
"PTHR12716",1,1,1,1,1,3,1,1,2,1,1,1,1,1,1,1,1,1,1,1,1,2,1,1,1,1,1,1,1,1,1,1,1,1,1,1,1,1,1,1,1,1,1,1,1
"PTHR12718",1,1,1,1,2,1,1,1,1,2,1,1,1,1,2,1,1,1,1,2,1,1,1,1,1,1,2,1,1,2,1,5,1,1,1,1,1,2,1,2,3,1,1,1,2
"PTHR12722",2,1,2,1,1,1,2,2,2,2,2,2,2,1,2,2,5,2,2,2,2,1,2,2,2,3,3,1,2,1,2,2,2,2,3,2,1,1,1,3,2,2,1,4,1
"PTHR12725_SF4",1,1,1,1,2,1,1,1,1,1,1,1,1,1,1,1,1,1,1,1,1,1,1,1,2,1,1,1,1,1,1,3,2,2,1,1,1,1,1,1,1,0,1,1,1
"PTHR12725_SF57",1,1,1,0,1,1,1,1,1,1,1,1,1,1,1,1,1,1,1,1,1,0,1,1,1,1,1,0,1,1,1,0,1,1,1,1,1,0,1,0,0,1,1,1,1
"PTHR12726",1,1,1,1,1,1,1,1,1,1,1,1,1,1,1,1,1,1,1,1,1,1,1,1,1,1,1,1,1,1,1,1,1,1,1,1,1,1,1,1,1,1,1,1,1
"PTHR12727",1,1,2,1,1,1,1,1,1,1,1,1,1,1,1,1,1,1,1,1,1,1,1,1,1,1,1,1,1,1,1,1,1,1,1,1,1,2,1,1,1,1,1,1,1
"PTHR12728",1,1,1,4,1,1,1,3,1,1,2,1,2,2,3,1,1,1,2,1,1,3,1,1,1,1,1,3,1,2,1,6,1,1,1,1,2,2,1,1,6,1,1,1,2
"PTHR12729",1,1,1,1,1,1,1,1,1,1,1,1,1,1,1,1,1,1,1,1,1,1,1,1,1,1,1,1,1,1,1,1,1,1,1,1,1,1,1,1,1,1,1,1,1
"PTHR12730",2,1,2,2,2,1,1,1,2,1,1,1,1,2,5,1,1,2,4,1,1,1,1,2,1,1,1,1,1,1,1,2,2,2,1,0,3,2,3,1,3,1,1,1,2
"PTHR12731",1,1,1,1,1,1,1,1,1,1,1,1,1,1,1,1,1,1,1,1,1,1,1,1,1,2,1,1,1,1,1,1,1,1,2,1,1,1,1,1,2,1,0,2,1
"PTHR12732",1,1,1,1,1,1,1,1,1,1,1,1,1,2,1,1,1,1,1,4,1,1,1,1,1,1,1,1,1,1,1,2,1,1,1,1,1,1,2,1,1,1,1,2,1
"PTHR12733",1,2,2,1,1,1,3,1,1,3,1,1,1,1,3,1,2,1,4,2,3,1,1,3,2,1,1,2,1,2,3,3,2,2,1,2,2,2,1,2,1,1,1,1,1
"PTHR12734",1,1,1,1,1,1,1,1,1,1,1,1,1,1,1,1,1,1,1,1,1,1,1,1,1,1,1,1,1,1,1,1,1,1,1,1,1,1,2,1,1,1,1,1,2
"PTHR12735_SF14",1,1,0,0,1,1,1,1,1,1,1,1,0,1,1,1,0,1,0,1,1,0,1,0,1,0,1,0,1,1,1,1,1,1,1,1,1,1,1,1,0,1,1,2,1
"PTHR12735_SF2",1,1,1,1,1,1,1,1,1,1,2,2,2,2,1,3,1,1,2,1,1,1,1,3,1,1,1,1,1,1,2,1,0,2,1,2,2,2,2,1,2,1,1,1,1
"PTHR12735_SF4",1,1,2,1,2,1,1,1,1,1,1,1,1,1,1,1,1,1,1,1,1,1,1,1,1,1,1,1,1,1,2,1,1,1,2,1,1,1,2,1,1,1,1,1,1
"PTHR12736",3,3,3,3,3,2,3,3,3,3,4,3,3,3,3,3,3,3,3,2,3,4,3,3,3,3,1,3,3,2,3,3,3,3,3,3,3,3,3,3,3,3,3,3,3
"PTHR12737_SF16",1,1,1,1,1,1,1,1,1,1,1,1,1,1,1,7,1,1,1,1,1,1,1,1,1,1,1,1,1,1,1,1,1,1,1,1,1,1,1,1,1,1,1,1,1
"PTHR12737_SF17",1,1,1,1,1,1,1,1,1,1,1,1,1,1,1,1,1,1,1,1,1,1,1,1,2,1,1,1,1,1,1,1,1,1,1,1,1,1,1,1,1,1,1,1,1
"PTHR12738",1,1,1,1,1,1,1,1,1,1,1,1,1,1,2,3,1,1,1,1,2,1,1,1,1,1,1,1,1,1,1,1,1,1,1,1,1,1,1,1,1,1,1,1,1
"PTHR12740",1,1,1,1,1,1,1,1,1,1,1,1,1,1,1,1,0,1,1,1,1,1,2,1,1,1,2,1,1,1,3,1,1,1,1,2,1,1,1,2,1,1,1,1,1
"PTHR12741_SF4",1,1,1,1,1,2,1,1,1,1,1,1,1,1,1,1,1,1,1,1,1,2,1,1,1,1,1,1,1,1,1,1,1,1,1,1,1,1,1,1,1,1,1,1,1
"PTHR12742_SF2",1,1,1,1,1,1,1,1,1,1,1,1,2,1,1,1,1,1,1,1,1,1,1,1,1,1,1,1,1,1,1,1,1,1,1,1,1,1,1,1,1,1,1,1,2
"PTHR12742_SF4",1,2,1,1,1,2,1,1,1,1,1,1,1,1,1,1,1,1,1,1,1,1,1,1,1,1,1,1,1,1,1,1,1,1,2,1,1,1,1,1,1,1,1,1,1
"PTHR12743",1,1,2,1,1,1,1,1,4,1,1,1,1,1,1,1,2,1,1,1,1,1,1,1,1,1,1,1,1,1,1,2,1,1,1,1,1,1,1,1,1,1,1,1,1
"PTHR12745",2,3,2,2,2,2,2,2,2,2,2,2,2,2,2,2,2,2,2,2,2,2,2,2,2,2,3,2,2,2,3,2,2,2,3,2,2,2,2,2,2,2,2,2,2
"PTHR12746",1,1,1,1,1,1,1,1,1,1,1,1,1,2,2,1,1,1,1,1,1,1,1,1,1,1,1,1,1,1,1,1,1,1,1,1,1,1,1,1,1,1,1,1,1
"PTHR12747",1,1,1,1,1,1,1,1,1,1,1,1,1,1,1,1,1,1,1,1,1,1,1,1,1,1,1,1,1,1,1,1,1,1,1,1,1,1,1,1,1,1,2,2,1
"PTHR12748",1,1,1,2,1,1,1,1,1,1,1,1,1,2,2,1,1,1,1,1,1,1,1,1,1,1,1,2,1,1,1,1,1,1,1,1,2,1,2,1,1,1,1,1,1
"PTHR12749",1,1,1,1,2,1,1,1,1,1,1,1,1,1,1,1,1,1,1,1,1,1,1,1,1,1,1,1,1,1,0,1,1,1,1,1,1,1,1,1,1,0,1,1,1
"PTHR12750",2,2,3,2,2,2,2,2,2,2,2,2,2,3,2,2,2,2,2,2,3,2,2,2,1,2,2,2,2,2,2,2,2,3,2,2,1,2,3,2,2,2,2,2,2
"PTHR12751_SF4",1,1,1,1,1,1,1,1,1,1,1,1,1,1,1,1,1,1,1,1,1,1,1,1,1,1,1,1,1,1,1,1,1,1,1,1,1,1,1,1,1,1,1,1,1
"PTHR12751_SF5",1,1,1,2,1,1,1,1,1,1,1,1,1,1,2,1,1,1,1,1,1,1,1,1,1,1,1,1,1,1,1,2,1,1,1,1,1,1,1,1,1,1,1,1,1
"PTHR12751_SF6",1,1,1,1,1,1,1,1,1,2,1,4,1,1,1,1,2,1,1,1,1,1,1,1,1,1,2,1,1,1,1,1,1,1,1,1,1,1,1,1,1,1,1,1,1
"PTHR12752_SF1",1,1,1,1,1,1,1,1,1,1,1,1,1,1,1,1,1,1,1,1,1,1,1,1,1,1,1,1,1,1,1,1,1,1,1,1,1,1,1,1,1,1,1,1,1
"PTHR12752_SF2",1,1,0,0,1,1,0,1,1,1,2,1,1,0,1,0,1,0,0,1,0,1,1,0,1,1,1,0,1,1,1,1,1,0,1,1,0,1,0,1,0,1,0,1,1
"PTHR12752_SF3",1,1,1,1,1,1,2,1,1,1,1,1,1,1,1,1,1,1,1,0,1,1,1,2,1,1,1,1,1,1,1,1,2,1,1,1,1,2,1,1,2,1,1,1,1
"PTHR12752_SF4",1,1,1,1,1,1,1,1,1,1,1,1,1,1,1,2,1,1,1,1,1,1,1,1,1,1,1,1,1,1,1,1,1,1,1,1,1,1,1,1,1,1,1,1,1
"PTHR12752_SF5",1,1,1,1,1,1,1,1,1,1,1,1,1,1,1,1,1,1,1,1,1,1,1,1,1,1,1,1,1,1,1,1,1,1,1,1,1,1,1,0,1,1,1,1,1
"PTHR12753",2,2,2,2,2,2,2,2,2,2,2,2,2,2,2,2,2,2,2,2,2,2,2,2,2,1,2,2,2,2,2,2,2,2,2,2,2,2,2,2,2,2,2,2,2
"PTHR12755",2,2,2,2,2,2,2,2,2,2,2,2,2,2,2,2,2,2,2,2,2,2,2,2,2,2,2,2,2,2,2,2,2,2,2,2,2,2,2,2,3,2,2,2,1
"PTHR12756_SF12",1,1,1,1,1,1,1,1,1,1,1,1,1,1,1,1,1,1,1,1,1,1,1,1,1,1,1,1,1,1,1,1,1,1,1,1,1,1,1,1,1,1,1,1,1
"PTHR12756_SF2",1,1,1,1,1,1,1,1,1,1,1,1,1,1,1,1,1,1,1,1,1,1,1,1,1,1,1,1,1,1,1,1,1,1,1,1,1,1,1,1,1,1,1,2,1
"PTHR12756_SF6",1,1,1,1,1,1,1,1,1,0,1,1,1,1,0,1,1,1,1,0,1,1,1,1,2,1,2,1,1,1,1,1,1,1,0,1,1,1,1,1,1,0,1,2,1
"PTHR12756_SF7",1,1,1,1,1,1,1,0,1,1,1,1,1,1,1,2,1,1,1,0,1,1,1,1,1,1,1,1,1,1,1,1,1,1,1,1,1,1,1,1,1,1,1,1,1
"PTHR12756_SF9",1,2,1,2,1,1,1,1,1,2,1,1,1,1,1,1,1,1,1,2,1,1,1,1,1,2,1,1,2,1,2,1,2,1,2,1,1,2,1,1,1,1,1,1,1
"PTHR12757",4,4,4,4,4,4,4,4,3,4,4,4,4,3,5,4,4,3,4,5,4,3,4,4,4,4,4,4,4,4,3,5,4,4,4,4,4,5,4,4,4,4,4,5,4
"PTHR12758_SF19",1,1,1,1,1,1,1,1,2,1,1,1,1,3,3,1,1,1,1,3,1,2,1,2,1,1,1,2,1,1,1,2,1,2,1,1,3,1,3,1,1,1,1,1,1
"PTHR12760",1,1,1,3,2,1,1,1,1,1,1,1,1,1,3,1,1,1,1,1,1,1,1,1,1,1,1,1,1,1,1,6,1,1,1,1,1,1,1,1,1,1,1,1,2
"PTHR12761",1,1,1,1,1,1,1,1,1,1,1,1,1,2,1,1,1,1,1,1,1,1,1,1,1,1,1,2,1,1,1,1,1,1,1,1,2,1,2,1,1,1,1,1,1
"PTHR12763_SF7",1,1,1,1,1,1,0,1,1,2,1,1,1,1,1,1,1,1,1,1,1,1,1,1,1,1,2,1,1,1,1,2,0,1,1,1,1,1,1,1,1,1,1,1,1
"PTHR12763_SF8",1,2,2,4,1,2,4,2,1,6,1,1,2,2,1,1,1,2,2,2,1,4,1,2,1,1,2,1,3,3,1,4,2,1,2,2,2,1,1,1,7,1,1,2,1
"PTHR12764",1,1,1,1,1,1,1,1,1,1,1,1,1,1,1,1,1,1,1,1,1,1,1,1,1,1,1,1,1,1,1,1,1,1,1,1,1,1,1,1,1,1,1,1,1
"PTHR12766_SF6",1,1,1,1,1,2,1,1,1,0,1,1,2,1,1,5,1,1,1,1,1,1,1,1,1,1,1,0,1,1,1,1,3,1,1,1,1,1,1,1,1,1,1,1,1
"PTHR12767",3,4,3,3,4,3,3,4,3,3,3,3,3,3,3,4,3,3,3,3,6,3,3,3,3,3,4,3,3,3,2,3,3,3,3,3,3,4,3,3,3,3,3,3,4
"PTHR12768",2,2,2,1,2,2,2,2,1,2,2,2,2,2,3,2,2,2,1,4,2,1,2,1,2,2,2,1,2,2,3,1,3,1,1,1,2,1,3,2,2,2,1,1,1
"PTHR12770",1,1,0,1,1,1,1,1,1,1,1,1,1,1,1,1,1,1,1,1,1,1,1,1,1,1,1,1,1,1,1,1,1,1,1,1,1,1,1,1,1,1,1,1,1
"PTHR12771_SF16",1,1,1,1,1,1,1,1,1,1,1,1,1,1,1,1,1,1,1,1,1,1,1,1,1,1,1,1,1,1,1,1,1,1,1,1,1,1,1,1,1,1,1,1,1
"PTHR12771_SF18",1,1,1,1,1,1,1,1,1,1,1,1,1,1,1,1,1,1,1,1,1,1,1,1,1,1,1,1,1,1,1,1,1,1,1,1,1,1,1,1,1,1,1,1,1
"PTHR12771_SF2",1,1,1,1,1,1,1,1,1,1,1,1,1,1,1,1,1,1,1,1,1,1,1,1,1,1,1,1,1,1,1,1,1,1,1,1,1,1,1,1,1,1,1,1,1
"PTHR12771_SF21",1,1,1,1,1,1,1,1,1,1,1,1,1,1,1,1,1,1,1,1,1,1,1,1,1,1,1,1,1,1,1,1,1,1,1,1,1,1,1,2,1,1,1,1,1
"PTHR12771_SF23",1,1,1,1,1,1,1,1,1,1,1,1,1,1,1,1,1,1,1,1,1,1,1,1,1,1,1,1,1,1,1,1,1,1,2,1,2,1,1,1,1,0,1,1,1
"PTHR12771_SF8",1,1,1,1,1,1,1,1,1,1,1,1,1,1,1,2,1,1,1,1,1,1,1,1,1,1,1,1,1,1,1,1,1,1,1,0,1,1,1,1,1,1,1,1,1
"PTHR12772",1,1,2,1,1,1,1,1,1,2,1,1,1,1,1,1,1,1,2,1,1,1,1,1,1,0,1,2,0,1,1,1,1,2,1,1,2,1,1,1,1,1,1,1,1
"PTHR12773_SF2",2,2,2,3,1,2,1,1,1,2,1,1,3,2,1,1,1,1,3,1,1,2,1,1,2,1,1,1,3,1,2,3,1,3,1,2,1,2,1,1,1,1,1,4,1
"PTHR12775",1,1,1,1,1,1,1,1,1,1,1,1,1,1,2,1,1,1,1,1,1,1,1,1,1,1,1,1,1,1,1,1,1,1,1,1,1,1,1,1,1,1,1,1,1
"PTHR12776",1,3,2,1,1,2,1,2,2,2,2,1,1,1,2,1,2,1,1,2,1,1,2,1,2,1,3,1,1,1,2,2,1,1,2,2,1,1,1,2,1,1,1,2,2
"PTHR12777_SF0",1,1,4,8,2,2,7,3,2,1,2,2,2,1,2,1,1,1,4,5,2,1,1,3,4,1,3,1,1,2,2,11,1,2,1,2,1,2,1,2,5,1,1,3,3
"PTHR12778",2,2,2,2,2,2,3,2,2,2,2,2,2,2,2,3,2,2,2,2,2,2,2,2,2,2,3,2,2,2,1,2,2,2,2,2,2,2,2,2,2,2,2,2,2
"PTHR12779",2,2,2,2,2,2,2,2,2,2,2,2,2,3,2,2,2,2,2,2,2,2,2,2,2,2,2,2,2,2,2,2,2,2,1,2,2,2,3,2,2,2,2,2,2
"PTHR12780",1,1,1,1,1,1,1,1,1,1,1,1,1,1,1,1,1,1,1,1,1,1,1,1,1,2,1,1,1,2,1,1,1,1,1,1,1,1,1,1,1,1,1,1,1
"PTHR12782",1,1,1,1,1,1,1,1,1,1,1,1,1,1,1,1,1,1,1,1,1,1,1,1,1,1,1,1,1,2,1,1,1,1,1,1,1,1,2,1,2,1,1,1,1
"PTHR12783",1,1,3,1,1,1,1,1,1,1,1,1,1,3,1,1,1,1,3,1,1,1,1,4,1,1,1,3,1,1,1,1,1,3,1,1,2,1,2,3,1,1,1,2,1
"PTHR12784_SF18",1,1,1,1,1,1,1,1,1,1,1,1,1,1,1,1,1,1,1,1,1,1,1,1,1,1,1,1,1,1,1,1,1,1,1,1,1,1,1,1,1,1,1,1,1
"PTHR12784_SF3",1,1,1,1,1,1,1,1,1,1,1,1,1,1,1,1,1,1,1,0,1,1,1,1,1,1,1,1,1,1,1,1,1,1,1,1,1,1,1,1,1,1,1,1,1
"PTHR12784_SF6",1,1,1,1,1,1,1,1,1,1,1,1,1,1,1,1,1,1,1,2,1,1,1,1,1,1,1,1,1,1,1,1,1,1,2,1,1,1,1,1,1,1,1,2,1
"PTHR12785_SF6",1,1,1,1,1,1,1,1,1,1,1,1,1,1,1,1,1,1,1,1,1,2,1,1,1,1,1,1,1,1,1,1,1,1,1,2,1,1,1,1,1,1,1,1,1
"PTHR12786",2,2,3,3,3,2,2,2,2,2,2,2,2,4,2,2,2,2,3,2,2,4,2,3,3,2,2,3,2,2,2,6,2,4,2,2,3,2,3,2,3,2,2,3,2
"PTHR12787",1,1,1,1,1,1,1,1,1,1,1,1,1,1,1,1,1,1,1,1,1,1,1,1,1,1,1,1,1,1,1,1,1,1,1,1,1,1,1,1,1,1,1,1,1
"PTHR12788",2,2,2,2,2,2,2,2,2,2,2,2,2,2,2,2,2,2,2,2,2,2,2,2,2,2,2,2,2,2,2,2,2,2,2,2,2,2,3,2,2,3,2,2,2
"PTHR12789_SF0",1,2,1,3,1,1,2,1,1,2,1,1,1,2,1,1,1,1,1,1,1,1,1,2,1,1,1,1,1,1,1,4,1,2,1,1,2,2,2,1,3,1,1,1,1
"PTHR12790",1,1,1,1,1,1,1,1,1,1,1,1,1,1,2,2,1,1,1,1,1,1,1,1,1,1,1,1,1,1,1,1,1,1,1,1,0,1,1,1,1,1,1,1,1
"PTHR12791_SF29",1,1,1,1,1,1,1,1,1,1,1,1,1,1,1,1,1,0,1,0,0,1,2,1,1,0,1,1,1,1,1,1,1,1,1,1,1,1,1,1,1,1,1,1,1
"PTHR12792",1,1,1,1,1,1,1,1,1,1,1,1,1,1,1,1,1,1,1,1,1,1,1,1,1,1,1,1,1,1,1,1,1,1,1,1,1,1,1,1,1,1,1,1,1
"PTHR12794",1,1,2,2,1,1,2,1,1,1,1,1,1,2,1,1,1,1,2,1,1,2,1,2,1,1,1,1,1,1,1,1,1,2,1,1,2,1,2,1,1,1,1,1,1
"PTHR12796",2,2,2,2,2,3,2,2,3,2,2,2,2,2,2,2,2,2,2,2,2,2,2,2,3,2,2,2,2,2,2,2,2,2,2,2,2,2,2,2,2,2,2,2,2
"PTHR12800",2,1,2,2,2,2,2,2,2,2,2,2,3,3,4,2,2,2,3,2,3,2,2,3,2,2,2,3,2,2,1,2,2,3,2,2,3,2,3,2,2,2,2,2,2
"PTHR12801_SF44",1,1,1,1,1,1,1,1,1,1,1,1,1,1,1,1,1,0,1,0,1,1,1,1,1,1,1,1,1,1,1,1,1,1,1,1,1,1,1,1,1,1,0,1,1
"PTHR12801_SF46",1,0,0,0,1,0,0,0,0,0,0,0,0,0,0,0,0,0,0,0,0,0,0,0,0,0,0,0,0,1,1,0,1,0,0,0,0,0,0,0,0,0,0,0,1
"PTHR12801_SF49",1,1,1,1,1,1,1,1,1,1,1,1,1,2,1,2,1,1,1,0,1,1,1,1,1,1,1,2,2,1,0,1,1,1,1,1,1,1,2,1,1,1,1,1,1
"PTHR12801_SF57",1,1,1,1,1,1,1,1,1,2,1,1,1,1,1,1,1,1,1,1,1,1,1,1,1,1,1,1,1,1,1,1,1,1,1,1,1,1,1,1,1,1,1,1,1
"PTHR12801_SF59",1,1,3,2,2,1,1,1,1,1,1,1,1,1,1,2,1,1,3,1,1,2,1,3,1,1,1,1,1,1,1,1,1,3,1,1,1,1,2,1,1,1,1,1,1
"PTHR12801_SF61",1,1,1,1,1,1,1,1,1,0,1,1,1,1,1,1,1,1,1,0,1,1,1,1,1,1,0,1,1,1,1,0,1,1,1,0,1,1,1,1,1,1,1,2,1
"PTHR12801_SF62",1,1,1,1,1,1,2,1,1,3,1,1,1,1,1,1,1,1,1,9,1,1,1,1,1,1,1,1,1,1,0,1,2,1,1,2,1,1,1,2,1,1,1,1,1
"PTHR12802_SF3",1,1,1,1,1,1,1,1,1,1,1,1,1,1,1,1,1,1,1,1,1,1,1,1,1,1,1,1,1,1,1,1,1,1,1,1,1,1,1,1,1,1,1,1,1
"PTHR12802_SF38",1,1,1,1,1,1,1,1,1,1,1,1,1,1,1,1,1,1,1,1,1,1,1,1,1,1,1,1,1,1,1,1,1,1,1,1,1,1,1,1,1,1,1,2,1
"PTHR12802_SF40",1,1,1,1,1,1,1,1,1,1,1,1,1,1,1,1,1,1,1,1,1,1,1,1,1,1,1,0,1,1,0,1,1,1,1,1,1,1,1,1,1,1,1,1,1
"PTHR12802_SF9",1,1,1,2,1,1,1,1,1,1,1,1,1,1,1,1,1,1,1,2,1,1,1,1,2,1,1,1,1,1,2,1,2,1,1,1,1,1,1,1,1,1,1,1,1
"PTHR12804_SF1",1,1,1,2,1,1,1,1,1,1,1,1,1,1,1,1,1,1,1,1,1,1,3,1,2,0,2,1,1,1,2,1,1,1,1,3,1,1,1,3,1,1,1,1,1
"PTHR12805",1,1,2,1,1,1,1,3,1,1,1,1,1,1,1,1,1,1,1,1,1,1,1,1,1,1,1,1,1,1,1,3,1,1,1,2,1,1,1,1,1,1,1,1,1
"PTHR12806",1,1,2,1,1,1,1,1,1,1,1,1,1,2,1,1,1,1,2,1,1,1,1,1,1,1,2,1,1,1,1,2,2,2,1,1,2,2,2,1,2,1,1,1,1
"PTHR12809",1,1,1,1,1,1,1,1,1,2,1,1,1,1,1,1,1,1,1,1,1,1,1,1,2,1,1,1,1,1,1,1,2,1,1,1,1,1,1,1,1,1,1,1,1
"PTHR12810",1,1,1,1,1,1,1,1,1,1,1,1,1,1,1,1,1,1,1,1,1,1,1,1,1,1,1,1,1,1,1,1,1,1,1,2,1,1,1,1,1,1,1,1,1
"PTHR12811",1,1,1,1,1,1,1,1,1,1,1,1,1,1,1,1,1,1,1,1,1,1,1,1,1,1,1,1,1,1,1,1,1,1,1,1,1,1,1,1,2,1,1,1,1
"PTHR12812",5,3,3,3,3,5,3,3,3,5,4,3,3,3,3,3,3,4,4,5,3,3,3,3,3,1,4,3,3,3,3,4,3,4,4,3,3,3,3,2,3,3,2,3,3
"PTHR12813",1,1,1,1,2,1,1,1,1,1,1,1,1,1,1,1,1,1,1,1,1,1,1,1,1,1,1,1,1,1,1,3,1,1,1,1,2,1,3,1,1,1,1,1,1
"PTHR12814",1,1,0,1,1,1,1,1,1,1,1,1,1,2,1,1,1,1,1,1,1,1,1,1,1,1,1,1,1,1,1,1,1,1,1,1,2,1,1,1,1,1,0,1,1
"PTHR12815",1,1,1,1,1,1,2,1,1,1,1,1,1,1,1,1,1,1,1,1,1,1,1,1,1,1,1,1,1,1,1,1,1,1,1,1,1,1,2,1,1,1,1,1,1
"PTHR12816_SF18",1,1,1,1,1,1,1,1,1,1,1,1,1,1,1,1,1,2,1,1,1,1,1,1,1,1,1,1,1,1,1,1,1,1,1,1,1,1,1,1,1,1,1,1,1
"PTHR12816_SF19",1,2,1,1,1,1,1,1,1,2,2,1,1,1,1,1,1,1,1,1,1,1,1,1,1,1,2,1,3,1,1,1,1,1,1,1,1,1,1,1,1,1,1,1,1
"PTHR12816_SF21",1,1,1,1,1,1,1,1,1,1,1,1,1,1,1,1,1,1,1,1,1,1,1,1,1,1,1,1,1,1,1,1,1,1,1,1,1,1,1,1,1,1,1,1,1
"PTHR12817",2,2,2,2,2,2,2,2,2,2,2,2,2,2,3,2,2,2,2,2,2,2,2,2,3,2,3,2,2,2,1,3,2,2,2,2,2,2,2,2,2,1,2,2,2
"PTHR12818",1,1,1,1,1,1,1,1,1,1,1,1,1,1,1,1,1,1,1,1,1,1,1,1,1,1,1,1,1,1,1,1,1,1,1,1,1,1,1,1,1,1,1,1,1
"PTHR12820",1,1,1,1,1,1,1,1,1,1,1,1,1,1,1,2,1,1,1,1,1,1,1,1,1,1,1,1,1,1,1,1,1,1,1,1,1,1,1,1,1,1,1,1,1
"PTHR12821",1,1,1,1,1,1,1,1,1,1,1,1,1,1,1,1,1,1,1,1,1,1,1,1,1,1,1,1,1,1,2,1,1,1,1,1,1,1,1,1,1,1,1,1,1
"PTHR12822",2,2,2,2,2,2,2,2,2,2,2,2,2,2,3,2,2,2,2,2,2,2,2,2,2,2,2,2,2,2,2,2,2,2,2,2,2,2,2,2,2,2,2,2,2
"PTHR12824",2,2,2,2,2,2,1,2,2,4,2,2,2,2,2,2,2,2,2,2,1,3,2,2,2,2,2,2,2,2,2,3,2,3,2,2,2,2,2,2,2,1,2,2,2
"PTHR12825",1,1,1,1,1,1,1,1,1,2,1,1,1,1,1,1,1,2,1,1,1,2,1,1,1,1,1,1,1,1,1,1,1,1,1,1,1,1,1,1,1,1,1,1,1
"PTHR12826",1,1,2,2,1,1,3,1,1,1,1,1,1,1,1,1,1,1,3,1,2,2,1,3,1,2,1,2,2,1,2,1,1,2,1,2,1,1,1,1,2,1,1,1,1
"PTHR12827",1,1,1,1,1,1,1,1,1,2,1,3,1,1,1,1,1,1,1,1,1,1,1,1,1,1,1,1,1,1,1,0,1,1,1,1,0,1,2,1,1,1,1,1,1
"PTHR12828_SF3",1,1,3,1,8,3,3,1,1,0,1,1,1,1,3,1,1,1,1,3,1,2,1,1,1,1,0,1,2,1,1,6,1,1,3,2,1,1,1,2,1,1,1,1,8
"PTHR12829",1,1,1,1,1,1,1,1,1,1,1,1,1,1,1,1,1,1,1,1,1,1,1,1,1,2,1,1,1,1,1,1,1,1,1,1,1,1,1,1,1,1,1,1,1
"PTHR12830",1,1,1,1,1,1,1,1,1,1,1,1,1,1,1,1,1,1,1,1,1,1,1,1,1,1,1,1,1,1,1,1,1,1,1,1,1,1,1,1,1,1,1,1,1
"PTHR12831",1,1,2,1,1,1,1,1,1,1,1,1,1,1,2,1,1,1,2,2,1,1,1,1,1,1,2,1,2,1,1,2,1,1,1,1,1,1,1,1,1,1,1,1,1
"PTHR12832_SF14",1,1,1,1,1,1,1,0,0,0,1,1,1,2,0,3,1,1,2,0,2,1,1,2,1,1,1,1,1,2,1,0,4,2,1,1,1,1,3,1,1,1,0,1,1
"PTHR12832_SF15",1,1,1,1,1,1,1,1,1,1,1,1,1,1,1,1,1,1,1,1,1,1,1,1,1,1,1,1,1,1,1,1,1,1,1,1,1,1,1,1,1,1,1,1,1
"PTHR12832_SF16",1,1,1,1,1,1,1,1,1,1,1,1,1,1,1,1,1,1,1,1,1,1,1,1,1,1,1,1,1,1,1,1,1,1,0,1,1,1,1,1,1,1,1,0,1
"PTHR12832_SF17",1,1,1,1,1,1,1,1,1,1,1,1,1,1,1,1,1,1,1,1,1,1,1,1,1,1,2,1,1,1,1,1,1,1,1,1,1,1,1,1,1,1,1,1,1
"PTHR12834",1,1,2,1,1,1,1,2,1,2,1,1,1,1,5,1,1,1,1,1,1,2,1,1,1,0,1,1,1,1,1,3,2,1,1,1,1,1,1,1,1,1,1,2,1
"PTHR12835",1,1,1,1,1,1,1,1,1,1,1,1,1,1,1,1,1,1,1,1,1,1,1,1,1,1,1,1,1,1,1,1,1,1,1,1,1,1,1,1,1,1,1,1,1
"PTHR12837",1,1,1,1,1,1,1,1,1,1,1,1,1,0,1,1,1,1,1,1,1,1,1,1,1,1,1,1,1,1,1,1,1,1,1,1,0,1,1,1,1,1,1,1,1
"PTHR12838",1,1,1,2,1,1,1,1,1,1,1,1,1,1,1,1,1,1,1,1,1,1,1,1,1,1,1,1,1,1,1,3,1,1,1,1,1,1,1,1,2,1,1,1,1
"PTHR12839",1,1,1,1,1,1,1,1,1,1,1,1,1,1,2,1,1,1,1,1,1,1,1,2,1,1,1,1,1,1,1,1,1,1,3,1,1,1,1,1,1,1,1,1,1
"PTHR12840",1,3,3,2,1,1,1,1,1,1,1,1,1,2,1,2,1,1,4,1,4,2,1,2,1,1,1,1,1,1,1,1,2,3,1,3,1,1,3,1,1,1,1,1,1
"PTHR12841",1,1,1,1,1,1,1,2,1,1,1,1,1,1,1,1,1,1,1,1,1,1,1,1,1,1,1,1,1,1,1,1,1,1,1,1,1,1,1,1,1,1,1,1,1
"PTHR12842",2,3,2,2,3,2,2,2,2,2,2,2,2,3,3,2,2,2,2,2,2,2,2,2,2,2,2,2,2,2,2,3,2,2,2,2,2,2,2,3,2,2,2,2,3
"PTHR12843",1,1,1,1,1,2,1,1,1,1,1,1,0,1,1,2,1,1,2,1,1,1,1,1,1,1,2,1,1,1,1,1,2,1,1,1,1,1,1,1,1,0,1,1,1
"PTHR12844_SF10",1,1,1,1,1,1,1,1,1,1,1,1,1,1,1,1,1,1,1,1,1,1,1,1,1,1,1,1,1,1,1,1,1,1,1,1,1,1,1,1,1,1,1,2,1
"PTHR12844_SF18",1,1,1,1,1,1,1,1,1,1,1,1,1,1,1,1,1,1,1,1,1,1,1,1,1,1,1,1,1,1,1,1,1,1,1,1,1,1,1,1,1,1,1,1,1
"PTHR12844_SF19",2,2,2,2,1,2,2,2,2,1,2,2,2,2,2,3,2,2,2,2,2,2,2,2,2,2,2,2,2,1,2,2,2,2,2,2,2,2,2,2,2,1,2,4,2
"PTHR12844_SF21",1,1,1,1,1,1,1,1,1,1,1,1,1,1,1,1,1,1,1,1,1,1,1,1,1,1,0,1,1,1,1,1,1,1,1,1,1,0,1,1,1,1,1,1,1
"PTHR12845",6,5,6,6,6,6,6,6,5,7,6,6,6,8,5,12,6,6,6,5,6,6,6,6,5,6,6,6,7,6,5,6,6,6,6,6,6,6,6,6,6,6,5,7,7
"PTHR12846_SF13",1,1,1,1,1,1,1,1,1,1,1,1,1,1,1,1,1,1,1,1,1,1,1,1,1,1,1,1,1,1,1,1,1,1,1,1,1,1,2,1,1,1,1,1,1
"PTHR12846_SF14",1,1,1,1,1,1,1,1,1,1,1,1,1,1,1,1,1,1,1,1,1,1,1,1,1,1,1,1,1,1,1,1,1,1,1,1,1,1,1,1,1,1,1,1,2
"PTHR12847",2,2,2,3,3,2,3,2,2,3,2,2,2,3,2,2,2,2,2,3,2,2,2,2,2,2,2,3,2,2,2,2,2,2,2,2,3,2,3,2,3,2,1,2,3
"PTHR12848",1,1,1,1,1,1,1,1,1,2,1,1,1,1,1,1,1,2,1,1,1,1,1,1,1,1,1,1,1,1,2,1,1,1,1,1,1,1,1,1,1,1,1,1,1
"PTHR12849",1,1,1,1,1,1,1,2,1,1,1,1,1,1,1,1,1,1,1,1,1,1,1,1,1,1,1,1,1,1,1,1,1,1,1,1,1,1,1,1,1,1,1,1,1
"PTHR12850",3,5,5,7,3,10,6,2,2,8,3,2,5,3,3,2,3,2,6,3,3,5,1,3,7,1,4,5,3,6,3,7,6,8,5,4,6,5,5,8,7,2,1,1,3
"PTHR12854_SF11",1,1,1,1,1,1,1,1,1,1,1,1,1,1,1,1,1,1,1,1,1,1,1,1,1,1,1,1,1,1,1,1,1,1,1,1,1,1,1,1,1,1,1,1,1
"PTHR12854_SF8",1,1,1,1,1,1,1,1,1,1,1,1,1,2,1,1,1,1,1,1,1,1,1,1,1,1,1,2,1,1,1,1,1,1,1,1,2,1,1,1,1,1,1,1,1
"PTHR12855",1,1,1,1,1,1,1,1,1,1,1,1,1,1,1,1,1,1,1,1,1,1,1,1,1,1,1,1,1,1,1,1,1,1,1,1,1,1,1,1,1,1,1,1,1
"PTHR12856",1,1,2,1,1,1,1,1,1,2,1,1,1,1,3,2,1,1,2,1,1,1,1,2,1,1,1,2,1,1,4,1,1,1,1,2,2,1,2,1,1,1,1,2,1
"PTHR12857",1,1,1,1,1,1,1,1,1,1,1,1,1,1,1,1,0,1,1,2,1,1,1,1,2,1,2,1,1,1,1,2,1,1,1,1,1,1,1,1,1,1,1,1,1
"PTHR12858",2,2,5,7,4,2,4,2,2,2,2,2,2,7,3,2,2,2,7,2,2,2,2,7,2,2,2,6,2,2,2,2,2,5,2,2,4,4,8,2,3,2,2,2,2
"PTHR12859",2,2,2,2,2,2,2,2,2,2,2,2,2,2,2,2,2,2,3,2,2,2,2,2,2,1,2,2,2,2,2,2,2,3,1,2,2,2,2,2,2,1,2,1,2
"PTHR12860",1,1,1,1,1,1,1,1,1,1,1,1,1,1,1,1,1,1,1,1,1,1,1,1,1,1,1,1,1,1,1,2,1,1,1,1,1,1,1,1,1,1,1,1,1
"PTHR12861",1,1,1,1,1,1,1,1,1,1,1,1,1,1,1,1,1,1,1,1,1,2,1,1,1,1,1,2,1,1,1,1,1,1,1,1,1,1,1,1,3,1,1,1,1
"PTHR12862",1,1,1,1,2,1,1,1,1,1,1,1,1,1,1,1,1,1,1,1,1,1,1,1,1,1,1,1,1,1,1,1,1,1,1,2,1,1,1,1,1,1,1,1,1
"PTHR12863",1,1,1,1,1,1,1,1,1,1,1,1,1,1,1,1,1,1,1,1,1,1,1,1,1,1,1,1,1,1,1,1,1,1,1,1,1,1,1,1,1,1,1,1,1
"PTHR12864_SF1",1,1,1,1,1,1,1,1,1,1,1,1,1,1,1,1,1,1,1,1,1,1,1,1,1,1,1,1,1,1,1,1,1,1,1,1,1,1,1,1,1,1,1,1,1
"PTHR12864_SF16",1,1,1,1,1,1,1,1,1,1,1,1,1,1,1,1,1,1,1,1,1,1,1,1,1,1,1,1,1,1,1,1,1,1,1,1,1,1,1,1,2,1,1,1,1
"PTHR12864_SF17",1,1,1,1,1,1,1,1,1,1,1,1,1,1,1,1,1,1,1,1,1,1,2,1,1,1,1,1,1,1,1,2,1,1,1,1,1,1,1,1,1,1,1,1,1
"PTHR12864_SF3",1,1,1,1,1,1,1,1,1,1,1,1,1,1,5,1,1,1,1,1,1,1,1,1,1,1,2,1,1,1,0,2,1,1,1,1,1,1,1,1,1,1,1,1,1
"PTHR12865",2,2,2,2,2,2,2,2,2,2,2,2,2,2,2,3,2,2,2,2,2,2,2,2,1,2,3,2,2,2,2,2,2,2,2,2,2,2,2,2,2,2,2,2,2
"PTHR12866",2,1,1,3,1,2,2,4,1,1,1,1,1,1,6,1,1,1,1,1,1,2,1,1,1,2,1,2,2,1,1,2,1,1,1,1,2,1,1,1,3,1,1,1,1
"PTHR12868_SF0",1,1,1,1,1,1,1,1,1,1,1,1,1,2,1,1,1,1,2,1,1,2,1,1,1,1,1,2,1,1,1,1,1,2,1,1,2,1,2,1,1,1,1,3,1
"PTHR12869",1,2,1,1,1,1,1,1,1,1,1,1,1,1,1,1,1,1,1,1,1,1,1,1,1,1,1,1,1,1,1,1,1,1,1,1,1,1,1,1,1,1,1,1,1
"PTHR12871",1,1,0,0,1,1,1,1,1,1,1,1,1,0,1,1,1,1,0,1,1,1,1,0,1,1,1,0,1,1,1,1,1,0,1,1,0,0,0,1,0,1,0,0,1
"PTHR12872",1,1,1,1,1,1,1,1,1,1,1,1,1,1,1,1,1,1,1,1,1,1,1,1,1,1,1,1,1,1,1,1,1,1,1,1,1,1,1,1,1,1,1,0,0
"PTHR12873",1,1,1,1,1,1,1,1,1,1,1,1,1,1,2,1,1,1,1,1,1,1,1,1,1,1,1,1,1,1,1,1,1,1,1,1,1,1,1,1,1,1,1,1,1
"PTHR12874",1,1,1,1,1,1,1,1,1,1,1,1,1,1,1,1,1,1,1,1,1,1,1,1,1,1,1,1,1,1,1,1,1,1,1,1,1,1,1,1,1,1,1,1,1
"PTHR12875",1,1,1,1,1,1,1,1,1,1,1,1,1,1,1,1,1,1,1,1,1,1,1,1,1,1,1,1,1,1,0,1,1,1,1,1,1,1,2,1,1,1,1,2,1
"PTHR12876_SF10",1,1,1,1,1,1,1,1,1,1,1,1,1,1,1,1,1,1,1,1,1,1,1,1,1,1,1,1,1,1,1,1,1,1,1,1,1,1,1,1,1,1,1,1,1
"PTHR12876_SF11",1,1,1,1,1,1,1,1,1,0,1,1,1,1,1,1,1,1,1,1,1,1,1,1,1,1,2,1,1,1,1,1,1,1,0,1,1,1,1,1,1,1,1,1,1
"PTHR12876_SF2",1,1,1,1,1,1,1,1,1,1,1,1,1,1,1,1,1,1,1,1,1,1,1,1,1,1,1,1,1,1,1,1,1,1,1,1,1,1,1,1,1,1,0,1,1
"PTHR12876_SF24",1,1,1,1,1,1,1,1,1,1,1,1,1,1,1,1,1,1,1,1,1,1,2,1,1,1,1,1,1,1,1,1,1,1,1,1,1,1,1,1,1,1,2,1,1
"PTHR12876_SF26",1,1,1,1,1,1,1,1,1,1,1,1,1,1,1,1,1,1,1,1,1,1,1,1,1,1,2,1,1,1,1,1,1,1,1,1,1,1,1,1,1,1,1,1,1
"PTHR12876_SF27",1,1,1,1,1,1,1,1,0,1,1,1,1,1,1,1,1,1,1,1,1,1,1,1,1,1,0,1,0,1,1,0,1,1,1,1,1,2,1,1,1,1,1,1,2
"PTHR12876_SF28",1,1,1,1,1,1,1,1,1,1,1,1,1,1,1,1,1,1,1,1,1,1,1,1,1,1,1,1,1,1,1,1,1,1,1,1,1,1,1,1,1,1,1,1,1
"PTHR12877",3,3,3,3,3,3,3,3,3,3,3,3,3,3,3,4,3,3,3,2,3,3,3,3,3,3,3,3,3,4,2,3,3,3,3,3,3,3,3,3,3,3,3,4,3
"PTHR12878",1,3,3,2,2,1,1,1,1,1,1,4,1,1,1,1,3,1,2,0,1,1,1,1,1,0,1,2,1,1,1,4,1,1,1,0,1,1,1,2,1,1,2,1,1
"PTHR12879",2,2,2,2,2,2,2,2,2,2,2,2,2,2,2,2,3,2,2,2,2,2,3,2,3,2,3,2,2,3,4,2,2,2,2,4,2,3,2,4,2,2,3,3,2
"PTHR12881",1,1,1,1,1,1,1,1,1,1,1,1,1,1,1,1,1,1,1,1,1,2,1,1,1,1,1,1,1,1,1,1,1,1,1,1,1,1,1,1,1,1,1,1,2
"PTHR12882",1,1,1,1,1,1,1,1,1,1,1,1,1,1,1,1,1,1,2,4,1,1,1,3,1,1,1,3,2,1,1,1,1,2,2,1,0,1,1,1,1,1,0,1,1
"PTHR12883",1,1,1,1,1,1,1,1,1,1,1,1,1,1,1,1,1,1,1,1,1,1,1,1,1,1,1,1,1,1,1,1,1,1,1,2,1,1,1,1,1,1,1,1,1
"PTHR12884",5,1,11,8,7,5,39,1,1,2,2,2,3,8,2,1,3,1,5,5,4,5,2,2,4,3,9,4,2,1,12,14,6,9,8,8,9,3,7,22,2,1,1,7,3
"PTHR12886",1,1,0,0,0,1,0,1,1,1,1,0,1,1,1,1,1,1,0,1,1,0,1,0,1,0,1,1,0,1,1,1,1,0,1,1,0,0,0,2,0,0,1,1,1
"PTHR12887",2,3,2,2,3,3,3,3,3,2,3,3,4,2,2,4,2,2,2,2,3,1,3,3,3,2,3,1,2,3,2,2,3,3,3,3,2,3,3,3,1,3,2,4,2
"PTHR12888",1,1,1,1,1,1,1,1,1,1,1,1,1,2,1,1,1,1,1,1,1,1,4,1,1,1,1,1,1,1,1,0,1,1,1,1,2,1,2,2,1,1,3,2,1
"PTHR12889",2,2,2,1,2,2,2,2,2,2,2,2,2,2,2,2,2,2,2,2,2,2,3,2,2,2,2,2,2,2,2,2,2,2,2,3,2,2,2,2,2,2,2,3,2
"PTHR12890",1,1,1,1,1,1,1,1,1,1,1,1,1,1,2,2,1,1,1,1,1,1,1,1,1,1,1,1,1,1,1,1,1,1,1,1,1,1,1,1,1,1,1,2,1
"PTHR12891",1,1,1,1,1,1,1,1,1,1,1,1,1,1,1,1,1,1,1,1,1,1,1,1,1,1,1,1,1,1,1,1,1,1,1,1,1,1,1,1,1,1,1,1,1
"PTHR12892",1,1,1,1,1,1,2,1,1,1,1,1,1,1,1,1,1,1,1,1,1,1,1,1,1,1,1,1,1,1,1,1,1,1,1,1,1,1,1,1,1,1,1,1,1
"PTHR12893",2,2,2,2,2,2,2,2,2,3,1,2,2,2,2,2,2,2,2,2,2,2,2,2,2,2,2,2,2,2,2,2,2,2,2,2,2,2,2,3,2,2,2,2,2
"PTHR12894",2,2,2,2,2,2,2,2,2,2,2,2,2,2,2,2,2,2,2,2,2,2,2,2,2,2,3,2,2,2,2,2,2,2,2,2,2,2,2,2,3,2,2,3,2
"PTHR12895",1,1,2,1,1,1,1,1,1,2,1,1,1,1,1,1,1,1,1,1,1,1,1,1,1,1,1,2,1,1,1,1,1,1,1,1,1,1,1,1,1,1,1,1,1
"PTHR12896",1,1,1,1,1,1,1,1,1,1,1,1,1,1,1,1,1,1,1,1,1,1,1,1,1,1,1,1,1,1,1,1,1,1,1,1,2,1,1,2,1,1,1,1,1
"PTHR12897",1,1,1,1,1,2,1,1,1,1,1,1,1,1,1,1,1,1,1,1,1,1,1,1,1,1,1,1,1,1,1,1,1,1,1,1,1,1,1,1,1,1,1,2,1
"PTHR12898",1,1,1,1,1,1,3,1,1,2,2,1,1,1,1,1,1,1,2,1,2,1,1,2,1,1,1,1,1,1,1,1,1,1,1,1,1,1,1,1,1,1,1,1,1
"PTHR12899_SF3",1,1,2,1,1,2,1,1,1,1,1,1,1,1,2,1,1,1,2,1,2,1,1,2,1,1,1,1,1,1,1,4,1,2,1,1,1,1,1,1,1,1,1,2,1
"PTHR12900",2,1,1,1,1,1,1,1,1,1,1,1,1,2,1,2,1,1,2,1,1,2,2,2,2,1,2,1,1,1,1,1,2,2,1,2,2,1,2,3,1,1,1,1,1
"PTHR12901_SF8",1,1,1,1,1,1,1,1,1,1,1,1,1,1,1,1,1,1,1,1,1,1,1,1,1,1,1,1,1,1,1,1,1,1,1,1,1,1,1,1,1,1,1,1,1
"PTHR12901_SF9",1,1,1,1,1,2,1,1,1,1,1,1,2,2,3,1,1,1,1,1,1,1,1,1,1,1,1,2,1,1,1,1,1,1,1,1,1,2,2,1,1,1,1,1,1
"PTHR12902",3,3,3,3,3,4,3,3,3,3,3,3,3,3,3,3,4,3,3,3,3,3,4,3,3,3,2,4,3,4,3,3,3,3,5,4,4,3,4,4,3,4,3,4,3
"PTHR12903",1,1,1,1,1,1,1,1,1,1,1,2,1,1,1,1,2,1,1,1,1,1,1,1,1,1,1,1,1,1,1,1,1,1,1,1,1,1,1,1,1,1,1,1,1
"PTHR12904",2,3,3,3,3,3,3,3,3,3,3,3,3,3,3,3,3,3,3,3,3,3,3,3,3,3,3,3,3,3,3,3,3,3,3,3,4,3,3,3,3,3,3,3,3
"PTHR12905",2,2,2,2,2,2,2,2,2,2,2,2,2,2,2,2,2,2,2,2,2,2,2,2,2,2,3,2,2,2,2,2,2,2,2,2,2,2,2,2,2,2,2,2,2
"PTHR12906",1,1,1,1,1,2,1,1,1,1,1,1,1,1,1,2,1,1,1,1,1,1,1,1,1,1,1,1,1,1,1,2,1,1,1,2,1,1,1,1,1,1,1,1,1
"PTHR12907_SF4",1,1,1,1,1,1,1,1,1,2,1,1,1,1,2,2,1,1,1,1,1,1,1,1,1,1,1,1,1,1,1,1,1,1,1,1,1,1,1,2,1,1,1,2,1
"PTHR12907_SF5",1,1,1,1,1,1,1,1,1,1,1,1,1,1,1,1,1,1,1,1,1,1,1,1,1,1,1,1,1,1,1,2,1,1,1,1,1,1,1,1,1,1,1,1,1
"PTHR12907_SF6",1,1,1,1,1,1,1,1,1,1,1,1,1,1,1,1,1,1,1,1,2,1,1,1,1,1,1,1,2,1,1,1,1,1,1,1,1,1,2,1,1,2,1,1,1
"PTHR12910_SF2",1,2,1,1,1,1,1,1,1,1,1,1,2,1,4,1,0,1,1,1,1,2,1,1,1,1,1,1,1,1,1,2,1,1,1,1,1,2,1,1,2,1,1,2,1
"PTHR12911_SF15",1,1,1,1,1,1,0,1,1,1,1,1,1,1,1,1,1,1,1,1,1,1,1,1,1,1,1,1,1,1,1,1,1,1,1,1,1,1,2,1,1,1,1,1,1
"PTHR12911_SF16",1,1,1,1,1,1,1,1,1,1,1,1,1,1,1,1,1,1,1,1,1,1,1,1,1,1,1,1,1,1,1,1,1,1,1,1,1,2,2,2,1,1,1,0,1
"PTHR12911_SF17",1,1,1,1,1,1,1,1,1,1,1,1,1,1,1,1,1,1,1,1,1,1,1,1,1,1,1,1,1,1,1,1,1,1,2,1,1,1,1,1,1,1,1,1,1
"PTHR12911_SF18",1,1,1,1,1,1,1,1,1,1,1,1,1,2,1,1,1,1,1,1,1,1,1,1,1,1,1,1,1,1,1,1,1,1,1,1,1,1,2,1,1,1,1,2,1
"PTHR12911_SF19",1,1,1,1,1,1,1,1,1,1,1,1,1,1,1,1,1,1,1,1,1,1,1,1,1,1,1,1,1,1,1,1,1,1,1,1,1,1,1,1,1,1,1,0,1
"PTHR12912_SF6",1,1,3,3,1,3,4,1,1,1,1,1,1,4,1,1,3,1,4,3,0,1,1,3,4,3,1,2,2,1,1,4,1,2,2,2,3,2,3,1,2,2,1,2,2
"PTHR12912_SF7",1,1,1,1,1,1,1,1,1,1,1,1,1,1,1,1,1,1,1,0,1,1,1,1,1,1,1,1,1,1,1,1,1,1,1,1,1,1,1,1,1,1,1,1,1
"PTHR12913",1,1,2,3,1,1,1,1,1,2,1,1,1,1,7,1,2,1,1,1,1,1,1,1,1,1,1,1,1,1,1,2,1,1,1,3,1,1,1,1,1,1,1,1,1
"PTHR12914",1,2,1,1,1,1,1,1,1,1,1,1,1,1,1,1,1,0,1,1,1,1,1,1,1,1,2,1,1,1,1,1,1,1,1,1,1,1,1,1,1,1,1,1,1
"PTHR12917",5,4,5,4,5,5,5,4,4,5,4,5,5,5,6,5,5,5,5,5,4,5,6,5,5,5,7,5,5,5,4,4,5,5,5,4,5,4,4,4,4,4,5,5,5
"PTHR12918",1,2,1,1,1,1,1,1,1,1,1,1,1,1,1,1,1,1,1,1,1,1,1,1,1,1,1,1,1,1,1,1,1,1,1,1,1,1,1,1,1,1,1,1,1
"PTHR12919_SF19",1,2,1,1,2,2,1,1,1,1,1,1,1,1,1,1,1,1,1,1,1,1,1,1,1,1,1,3,1,1,2,2,1,1,1,1,1,1,2,1,1,1,1,1,2
"PTHR12920",2,2,2,2,2,2,2,2,2,2,2,2,2,2,3,3,2,2,2,3,2,2,2,2,3,2,2,2,2,3,2,2,1,2,1,4,2,2,2,2,2,2,2,2,2
"PTHR12921",1,1,2,1,1,1,2,1,1,2,1,1,1,2,1,1,1,1,2,1,1,2,1,2,1,1,1,1,1,2,1,1,1,2,1,1,1,1,1,1,2,1,1,1,1
"PTHR12922",1,1,2,1,1,1,1,1,1,1,1,0,1,1,1,1,1,1,1,1,1,1,1,1,1,1,1,1,1,1,1,1,1,1,1,1,1,1,2,1,1,1,1,1,1
"PTHR12924",1,2,1,1,1,1,1,1,1,2,1,1,1,1,1,1,3,1,1,2,1,2,1,1,2,1,1,1,1,1,1,2,1,1,1,1,1,1,1,1,1,1,1,2,1
"PTHR12925",1,1,1,1,1,1,1,1,1,1,1,1,1,1,1,1,1,1,1,1,1,1,1,1,2,1,2,2,1,1,1,2,1,1,1,1,1,1,1,1,2,1,1,1,1
"PTHR12928",1,2,1,1,1,3,1,4,1,1,1,1,2,3,4,5,1,1,2,1,2,1,1,2,1,1,1,10,1,2,1,2,1,2,1,1,4,2,8,1,1,1,1,1,1
"PTHR12929",2,2,3,4,2,2,3,2,2,2,2,2,2,3,2,4,2,2,3,1,3,3,2,3,2,2,2,3,2,2,1,2,3,3,4,2,3,2,4,2,2,2,2,5,2
"PTHR12930",1,2,2,2,2,2,2,1,1,0,1,2,3,2,1,2,1,1,1,2,2,2,2,1,1,1,0,2,1,2,1,0,2,1,1,1,2,2,2,2,2,1,0,1,2
"PTHR12931",2,2,3,2,3,3,2,2,2,2,2,2,2,2,4,3,2,2,2,3,1,2,2,2,3,2,2,2,2,2,1,3,2,2,3,2,2,3,2,2,2,2,2,2,3
"PTHR12932",3,3,3,3,3,3,7,3,3,3,3,3,3,3,3,3,3,4,3,3,3,3,3,3,3,3,3,2,3,3,3,3,29,3,3,3,3,4,3,3,3,3,2,3,3
"PTHR12933",1,1,1,1,1,1,1,1,1,1,1,1,1,1,1,1,1,1,1,1,1,1,1,1,1,1,1,1,1,1,1,1,1,1,1,1,1,1,1,1,1,1,1,1,1
"PTHR12934",1,2,2,2,2,2,2,1,1,1,0,1,1,1,1,1,1,1,1,1,1,1,1,1,1,2,1,1,1,2,1,2,1,1,1,1,1,1,1,1,1,1,1,2,1
"PTHR12935",1,1,1,1,1,1,1,1,1,1,1,1,1,1,1,2,1,1,1,1,1,1,1,1,1,1,1,1,1,1,1,1,1,1,1,1,1,1,1,1,1,1,1,2,1
"PTHR12936",1,1,2,2,1,3,2,1,1,1,1,1,1,2,3,2,1,1,2,1,1,1,1,2,1,1,1,2,1,2,1,4,1,2,2,1,2,2,2,1,2,1,1,1,1
"PTHR12937",1,1,1,1,1,1,1,1,1,1,1,1,1,1,1,2,1,1,1,0,1,1,1,1,1,1,1,1,1,1,1,2,1,2,1,1,1,1,2,1,1,1,1,1,1
"PTHR12939_SF4",1,1,1,1,1,1,1,1,1,1,1,1,1,1,1,1,1,1,1,1,1,1,1,1,1,1,0,1,1,1,1,0,1,1,1,1,1,1,1,1,1,1,1,1,1
"PTHR12939_SF5",1,0,1,1,1,1,1,1,1,1,0,1,1,1,1,1,1,1,1,1,1,1,1,1,1,1,0,1,0,2,1,1,1,1,1,2,1,1,1,1,1,1,1,1,2
"PTHR12939_SF6",1,1,1,1,1,1,1,1,1,1,1,1,1,1,1,1,1,1,1,1,1,1,1,1,1,1,1,1,1,1,1,1,1,1,1,1,1,1,1,1,1,1,1,1,1
"PTHR12940",1,1,2,1,1,1,1,1,1,1,1,1,1,1,2,1,1,1,1,1,1,1,1,1,1,1,1,1,1,1,1,2,1,1,1,1,1,1,1,1,1,1,1,1,1
"PTHR12941",2,2,2,2,3,2,2,2,2,2,2,2,2,2,2,3,2,2,2,2,2,2,2,2,2,2,2,2,2,2,1,2,2,2,3,2,2,2,2,2,3,2,2,4,3
"PTHR12942",1,1,1,1,1,1,1,1,1,1,1,1,1,1,2,1,1,1,1,1,1,1,1,1,1,1,1,1,1,1,1,2,1,1,1,2,1,1,1,1,1,1,1,1,1
"PTHR12943",2,2,2,2,2,2,2,2,2,2,2,2,2,2,2,2,2,2,2,3,2,2,2,2,2,2,3,2,2,2,2,2,2,2,2,2,2,2,2,2,2,2,2,2,2
"PTHR12944",1,1,1,1,1,1,1,1,1,1,1,1,1,1,1,1,1,1,1,1,1,1,1,1,0,1,1,1,1,1,1,1,1,1,1,1,1,1,1,1,1,1,1,1,1
"PTHR12945",1,1,1,1,1,1,1,1,1,1,1,1,1,1,1,1,1,1,1,1,1,1,1,1,1,1,1,1,1,1,1,1,1,1,1,1,1,1,1,1,2,1,1,1,1
"PTHR12947",3,2,2,2,2,2,2,2,2,2,2,2,2,2,2,2,3,2,2,2,2,2,2,2,2,3,2,2,2,2,2,2,2,2,2,2,2,2,2,2,2,2,2,2,3
"PTHR12948",1,1,1,1,1,1,1,1,1,2,1,1,1,1,1,1,1,1,1,1,1,1,1,1,1,1,1,1,1,1,1,1,1,1,1,1,1,1,2,1,1,1,1,1,1
"PTHR12949",1,1,1,1,1,1,1,1,1,1,1,1,1,1,1,1,1,1,1,1,1,1,1,1,1,1,1,1,1,1,1,1,1,1,1,1,1,1,1,1,1,1,1,2,1
"PTHR12950",2,2,2,2,2,2,2,3,2,2,2,2,2,2,2,2,2,2,2,2,2,2,2,2,2,2,2,2,2,2,2,2,2,2,2,2,2,2,2,2,2,2,2,2,2
"PTHR12951",2,3,2,2,2,2,3,2,2,2,2,2,2,2,2,2,3,2,2,2,2,2,2,2,2,2,2,2,2,2,2,2,2,2,2,2,2,2,2,2,2,2,2,2,2
"PTHR12952",2,1,2,2,1,1,3,1,1,1,1,2,2,2,2,3,2,1,2,1,2,2,2,2,1,1,1,2,1,2,2,1,1,2,1,1,1,2,2,1,2,2,1,1,1
"PTHR12953",1,1,1,1,1,1,1,1,1,1,1,1,1,1,1,1,1,1,1,1,1,1,1,1,1,1,1,1,1,1,1,1,1,1,1,1,1,1,1,1,1,1,1,1,1
"PTHR12955_SF1",1,1,1,1,1,1,1,1,1,1,1,1,1,1,1,1,1,1,1,1,1,1,1,1,1,1,1,1,1,1,1,1,1,1,1,1,1,1,1,1,1,1,1,1,1
"PTHR12956",3,3,3,3,3,3,3,3,3,2,3,3,3,4,3,3,3,2,3,2,3,3,3,3,3,3,3,3,3,3,3,3,3,3,3,3,3,3,4,3,3,3,3,3,3
"PTHR12957",3,2,5,2,5,2,4,3,3,2,2,2,2,5,3,12,2,3,6,2,4,2,3,6,3,3,4,5,3,4,3,2,2,6,2,4,4,2,7,2,4,2,3,2,3
"PTHR12958",2,2,2,2,1,2,2,1,2,2,2,2,2,2,2,2,2,2,2,2,2,2,2,2,2,2,2,2,2,2,1,2,2,2,2,2,2,2,2,2,2,2,2,2,2
"PTHR12959",1,1,1,1,1,1,1,1,1,1,1,1,1,1,1,1,1,1,1,1,1,1,1,1,1,1,1,1,1,1,2,1,1,1,1,1,1,1,1,1,1,1,1,1,1
"PTHR12960",1,1,1,1,1,1,1,1,1,0,1,1,1,1,1,1,1,1,1,4,1,2,1,1,1,1,1,1,1,1,1,1,1,1,1,2,1,1,1,3,1,1,1,1,1
"PTHR12961",1,1,1,1,1,1,1,1,1,2,1,1,1,1,1,1,1,1,1,1,1,1,1,1,1,2,1,1,1,1,1,1,1,1,1,1,1,1,1,1,1,1,1,2,1
"PTHR12962",2,2,2,2,2,2,4,2,2,2,2,2,2,2,2,2,2,2,2,2,2,2,2,2,2,2,2,2,2,2,1,2,2,2,2,2,2,2,2,2,2,2,2,3,2
"PTHR12963_SF0",1,1,1,1,1,1,1,1,1,1,1,1,1,1,1,1,1,1,1,1,1,1,1,1,1,1,1,1,0,1,1,1,1,1,1,1,1,1,1,1,1,1,1,1,1
"PTHR12964",1,1,1,2,1,1,1,1,1,1,1,1,1,1,1,5,1,1,2,1,1,1,1,2,1,1,1,1,1,1,1,2,1,2,2,1,1,1,1,1,2,1,1,1,1
"PTHR12965",1,1,1,1,1,1,1,1,1,1,1,1,1,1,1,1,1,1,1,1,1,1,1,1,1,1,1,1,1,1,1,1,1,1,1,1,1,1,1,1,1,1,1,1,1
"PTHR12966_SF0",1,1,1,2,1,1,2,1,1,0,1,1,1,1,1,1,1,1,1,1,0,1,1,1,1,0,1,1,1,1,0,1,1,1,1,1,1,1,2,2,1,1,1,1,1
"PTHR12967",1,1,1,2,1,1,1,1,1,1,1,1,1,1,1,1,1,1,2,1,1,1,1,1,1,1,1,1,1,1,1,1,1,1,1,1,2,1,2,1,1,1,1,1,1
"PTHR12968_SF1",1,1,1,1,1,1,1,1,1,1,1,1,1,1,1,1,1,1,1,1,1,1,1,1,1,1,1,1,1,1,1,2,1,1,1,1,1,1,1,2,1,1,1,1,1
"PTHR12968_SF2",1,1,1,1,1,1,1,1,1,1,1,1,1,1,1,1,1,1,1,1,1,1,1,1,1,1,1,0,1,1,1,1,1,1,1,1,1,1,1,1,1,1,1,1,0
"PTHR12968_SF3",1,1,1,2,1,1,1,1,1,1,1,1,1,1,1,1,1,1,1,1,1,1,1,1,1,1,1,1,1,1,1,1,1,1,1,1,1,1,1,1,1,1,1,1,1
"PTHR12969_SF6",1,1,1,1,1,1,1,1,1,1,1,1,1,1,2,1,1,1,1,2,1,2,1,1,1,1,1,1,1,1,1,4,1,1,1,1,1,1,1,1,1,1,1,1,1
"PTHR12970",1,1,1,1,1,1,1,2,1,1,2,2,2,1,1,1,1,1,2,1,2,1,1,1,1,1,1,2,1,1,1,1,0,1,1,1,1,2,1,1,1,2,1,1,1
"PTHR12972",1,1,1,2,2,1,1,1,1,1,1,1,1,1,1,1,1,1,2,1,1,2,2,2,1,1,1,1,1,1,1,1,1,2,1,1,1,1,2,1,1,1,1,1,1
"PTHR12974_SF25",1,1,1,1,1,1,1,1,1,1,1,1,1,1,1,1,1,1,1,1,1,1,1,1,1,1,1,1,1,1,1,1,1,1,1,1,1,1,1,1,1,1,1,1,1
"PTHR12974_SF30",1,1,0,0,1,1,1,0,0,0,1,0,1,0,1,1,1,1,0,1,1,0,1,0,0,1,1,0,1,1,1,0,0,0,1,1,0,1,1,1,0,1,0,1,1
"PTHR12974_SF33",1,1,1,1,1,1,1,1,1,1,1,1,1,1,2,1,1,1,1,1,1,1,1,1,1,1,1,1,1,1,2,1,1,1,1,1,1,1,1,1,1,1,1,1,1
"PTHR12974_SF34",1,1,1,1,1,1,1,1,1,1,1,1,1,1,1,1,1,1,1,1,1,1,1,1,1,1,2,1,1,0,0,1,1,1,1,2,1,1,1,1,1,1,1,1,1
"PTHR12975",1,1,0,1,1,1,1,1,1,1,1,1,1,1,1,1,1,1,1,1,1,1,1,1,1,1,1,1,1,1,1,1,1,1,1,1,1,1,1,1,1,1,1,2,1
"PTHR12976",1,1,1,1,1,1,1,2,1,1,1,1,1,1,1,1,1,1,1,1,1,1,1,1,1,1,1,1,1,1,2,2,1,1,1,1,1,1,1,1,2,1,1,1,1
"PTHR12977_SF10",1,1,1,1,1,1,1,1,1,1,1,1,1,1,2,1,1,1,1,1,1,1,1,1,1,1,1,1,2,1,1,1,1,1,1,1,1,1,1,1,1,1,1,1,1
"PTHR12977_SF9",1,1,1,1,1,1,1,1,1,1,1,1,1,1,1,1,1,1,1,0,1,1,1,1,1,1,1,1,1,1,0,1,1,1,1,1,1,1,1,1,1,1,1,1,1
"PTHR12978",1,1,1,1,1,1,1,1,1,1,1,1,1,1,1,1,1,1,1,1,1,1,1,1,1,1,1,1,1,1,2,1,1,1,1,2,1,1,1,1,2,1,1,1,1
"PTHR12979",1,1,1,1,1,1,1,1,1,1,1,1,1,1,1,1,1,1,1,1,1,1,1,1,1,1,1,1,1,1,1,2,1,1,1,1,1,1,1,1,1,1,1,2,1
"PTHR12981",1,1,1,1,1,1,1,1,1,1,1,1,1,1,1,1,1,1,1,1,1,1,1,1,1,1,1,1,1,1,1,1,1,1,1,1,1,1,1,1,1,1,1,1,1
"PTHR12982",1,2,2,1,1,1,1,1,1,1,1,1,1,2,2,1,1,1,1,1,1,2,1,1,1,1,1,2,1,1,3,1,1,1,0,1,2,1,2,1,1,1,1,1,1
"PTHR12983",1,1,1,1,1,1,1,1,1,1,1,1,1,1,3,1,1,1,1,1,1,1,1,1,1,1,1,1,1,1,1,1,1,1,1,1,1,1,1,1,1,1,1,1,1
"PTHR12984_SF13",1,1,1,1,1,1,1,1,1,1,1,1,1,1,1,1,1,1,1,1,1,1,1,1,1,1,1,1,1,1,1,1,1,1,1,1,1,1,1,1,1,1,1,1,1
"PTHR12984_SF3",1,1,1,1,1,1,1,1,1,1,1,1,1,1,1,1,1,1,1,1,1,1,1,1,1,1,1,1,1,1,0,1,1,1,1,1,1,1,1,1,1,1,1,1,1
"PTHR12984_SF6",1,1,2,1,1,1,1,1,1,1,1,1,1,2,2,1,1,1,2,1,1,2,1,1,2,1,1,2,1,1,1,1,1,1,1,1,2,1,3,1,2,1,1,1,1
"PTHR12988",1,1,2,1,1,1,2,1,1,1,1,2,1,3,2,1,1,1,1,1,1,1,1,1,1,1,1,1,1,1,1,1,1,1,1,1,0,1,4,1,0,1,0,1,1
"PTHR12989",1,1,1,1,1,1,1,1,1,1,1,1,1,2,1,2,1,1,1,1,1,1,1,1,1,1,1,2,1,1,1,1,1,1,1,1,2,1,2,1,1,1,1,1,1
"PTHR12990",2,2,2,2,2,2,2,2,2,1,2,2,2,2,1,2,2,2,2,2,2,2,2,2,2,2,3,2,2,2,2,2,2,2,2,2,2,2,2,2,2,2,2,2,2
"PTHR12991",1,1,1,1,1,1,1,1,1,1,1,1,1,1,1,1,1,1,1,1,1,1,1,1,1,1,1,1,1,1,1,1,1,1,1,1,1,1,1,1,1,0,1,1,1
"PTHR12992_SF5",1,1,1,1,1,1,1,1,1,1,1,1,1,1,1,1,1,1,1,1,1,1,1,1,1,1,1,1,1,1,1,1,1,1,2,1,1,1,1,1,1,1,1,1,1
"PTHR12993_SF11",1,1,1,1,1,1,1,1,1,1,1,1,1,1,1,1,1,1,1,1,1,2,1,1,1,2,1,1,1,1,1,1,1,1,1,1,1,1,1,1,1,1,1,1,1
"PTHR12994",3,3,4,3,3,3,3,3,3,3,3,3,3,4,3,3,3,3,3,3,3,3,3,3,3,3,4,3,3,3,3,3,3,3,3,3,3,3,3,3,3,3,3,4,3
"PTHR12995",2,2,2,2,2,2,2,2,2,2,2,2,2,2,2,2,3,2,2,2,2,2,2,2,2,2,2,2,3,2,2,2,3,2,2,2,2,2,2,2,2,2,2,2,2
"PTHR12997",1,1,1,1,1,1,0,1,1,1,1,1,1,1,1,1,1,1,1,1,1,1,1,1,1,1,1,1,1,1,1,2,1,1,1,1,1,1,1,1,1,1,1,1,1
"PTHR12998",1,1,1,1,1,1,1,1,1,1,1,1,1,1,1,1,1,1,1,1,1,1,1,1,1,2,1,1,1,1,1,1,1,1,1,1,1,1,1,1,1,1,1,1,1
"PTHR12999",1,1,1,1,1,2,1,1,1,1,1,1,1,1,1,1,2,1,1,1,2,1,1,2,1,1,1,1,1,2,1,3,1,1,1,1,1,1,1,1,2,1,1,1,1
"PTHR13002",1,1,1,1,1,1,1,1,1,1,1,1,1,1,1,1,0,1,1,1,1,1,1,1,1,1,0,1,1,1,1,1,1,1,1,1,1,1,1,1,1,1,1,2,1
"PTHR13003",1,1,1,1,1,1,1,1,1,1,1,1,1,1,1,1,1,1,1,1,1,1,1,1,1,1,1,1,1,1,1,1,1,1,1,1,1,1,1,1,1,1,1,1,1
"PTHR13004",1,1,1,1,1,1,1,1,1,2,1,1,1,1,1,1,1,1,1,1,1,1,1,1,1,1,1,1,1,1,1,2,1,1,1,1,1,1,1,1,1,1,1,1,1
"PTHR13005",2,2,2,1,2,2,2,2,2,2,1,2,2,2,2,2,2,2,2,2,3,2,2,2,2,2,2,1,2,2,2,2,2,2,2,2,2,2,3,2,2,2,2,2,2
"PTHR13006_SF5",1,1,1,1,1,1,1,1,1,1,1,1,1,1,1,1,1,1,1,1,1,1,0,1,0,1,0,1,1,1,0,1,1,1,1,0,1,1,1,0,1,1,1,1,1
"PTHR13006_SF6",1,1,1,1,1,1,1,1,1,1,1,1,1,1,1,1,1,1,1,1,1,1,1,1,1,1,1,1,1,1,1,1,1,1,1,1,1,1,1,1,1,1,1,1,1
"PTHR13006_SF7",1,1,1,1,1,1,1,1,1,1,1,1,1,1,1,1,1,1,1,2,1,1,1,1,1,1,1,1,1,1,1,1,1,1,1,1,1,1,1,1,1,1,1,2,1
"PTHR13007",1,1,1,1,1,1,1,1,1,1,1,1,1,1,1,2,1,1,1,1,1,1,1,1,1,1,1,1,1,1,1,1,1,1,1,1,1,1,1,1,1,1,1,1,1
"PTHR13008",1,1,1,1,1,1,1,1,1,1,1,1,1,1,1,1,1,1,1,1,1,1,1,1,1,1,1,1,1,1,1,1,1,1,1,1,1,1,1,1,1,1,1,1,1
"PTHR13009_SF4",2,1,2,2,0,1,2,1,1,1,1,3,1,2,1,0,1,0,1,1,1,2,1,2,2,0,1,2,0,1,1,1,1,2,2,1,2,3,2,1,1,1,1,1,0
"PTHR13009_SF7",1,1,1,1,1,1,1,1,1,1,1,1,1,1,4,1,1,1,1,1,1,1,1,1,1,1,1,1,1,1,2,4,1,1,1,1,1,1,1,1,1,1,1,1,1
"PTHR13011",1,1,1,2,1,2,1,1,1,0,1,1,1,1,1,1,1,2,1,1,0,1,1,1,1,1,1,1,1,1,1,1,3,2,3,1,1,1,1,1,1,1,1,4,1
"PTHR13014",1,1,1,1,1,1,1,1,1,1,1,1,1,1,1,1,1,1,1,1,1,1,1,1,1,1,1,1,1,1,1,0,1,1,1,1,1,1,1,1,1,1,1,1,1
"PTHR13015_SF0",1,1,1,1,2,1,1,1,1,1,1,1,1,1,1,1,1,1,1,1,1,1,1,1,1,1,1,1,1,1,1,1,1,2,2,1,1,1,1,1,1,1,1,1,2
"PTHR13016",2,2,2,2,2,2,2,2,2,2,2,2,2,2,3,2,2,2,2,2,2,2,2,2,2,2,3,2,2,2,2,2,2,2,2,2,2,2,2,2,2,2,2,2,2
"PTHR13017",1,1,1,1,2,1,1,1,1,1,1,1,1,1,1,1,1,1,1,1,1,1,1,1,1,1,1,1,1,1,1,1,1,1,1,1,1,1,1,1,1,1,1,1,1
"PTHR13018_SF21",1,1,1,1,1,1,1,1,1,1,2,1,1,1,1,1,1,1,1,1,1,1,1,1,1,1,1,1,1,1,1,1,1,1,1,1,1,1,1,1,1,1,1,1,1
"PTHR13018_SF24",1,1,1,1,1,1,1,1,1,1,1,1,1,1,1,1,1,1,1,1,1,1,1,1,1,1,1,1,1,1,1,0,1,1,1,1,1,1,1,1,1,1,1,2,1
"PTHR13018_SF38",1,1,1,1,1,1,1,1,1,1,1,1,1,1,1,1,1,1,1,1,1,1,1,1,1,1,1,1,1,1,1,1,1,1,1,2,1,1,1,1,1,1,1,1,1
"PTHR13019",2,2,3,4,2,2,4,2,2,2,2,2,2,2,3,4,6,2,2,2,2,6,2,2,2,2,2,5,2,2,2,6,2,3,2,2,4,2,7,2,2,2,2,2,2
"PTHR13020_SF25",2,1,1,1,1,1,1,1,1,1,1,2,1,1,1,1,1,1,1,1,1,2,1,1,1,1,1,1,1,1,1,1,1,1,2,1,1,1,1,1,2,2,1,1,1
"PTHR13020_SF28",1,1,1,1,1,1,1,1,1,1,1,1,1,1,3,2,1,1,1,1,1,1,1,1,1,1,1,1,1,1,1,1,1,1,1,1,1,1,1,1,1,1,1,1,1
"PTHR13020_SF31",1,1,1,1,1,1,1,1,1,1,1,1,1,1,1,1,1,2,1,1,1,1,1,1,1,1,1,1,1,1,0,1,1,1,1,1,1,1,1,1,1,1,1,1,1
"PTHR13020_SF32",1,1,1,1,1,1,1,1,1,1,1,1,1,1,1,1,1,1,1,1,1,1,1,1,1,1,1,1,1,1,1,1,1,1,1,1,1,1,1,1,1,1,1,1,1
"PTHR13020_SF9",1,1,1,1,1,1,1,1,1,1,1,1,1,1,1,1,1,1,1,1,1,1,1,1,1,1,1,1,1,1,1,1,1,1,1,1,1,1,1,1,1,1,1,1,1
"PTHR13021",1,1,1,1,1,1,1,1,1,1,1,1,1,1,2,2,1,1,1,1,1,1,2,1,1,1,1,1,1,1,1,1,1,1,1,1,1,1,1,1,1,1,1,1,1
"PTHR13022",1,1,2,2,1,1,3,1,1,1,1,1,1,2,1,2,1,1,2,1,1,1,1,2,1,1,2,1,1,1,1,8,1,2,4,1,2,1,1,1,1,1,1,1,2
"PTHR13023",1,1,1,1,1,1,1,1,1,1,1,1,1,1,1,1,1,1,1,0,1,1,1,1,1,1,1,1,1,1,0,1,1,1,1,1,1,1,1,1,1,1,1,1,1
"PTHR13024",1,1,1,1,1,1,1,1,1,1,1,1,1,1,1,1,1,1,1,1,1,1,1,1,1,1,1,1,1,1,1,1,1,1,1,1,1,1,1,1,1,1,1,1,1
"PTHR13025",2,2,2,2,2,2,2,3,2,2,2,3,2,2,2,2,2,2,2,1,2,2,2,2,2,2,2,2,2,2,2,2,2,2,2,2,2,2,2,2,2,2,2,2,2
"PTHR13026",2,2,2,2,2,2,2,2,2,2,2,2,2,2,2,2,2,2,2,2,2,2,2,2,2,2,2,2,2,2,2,1,2,2,2,2,2,2,2,2,2,2,2,2,2
"PTHR13027",2,2,2,2,2,2,2,2,2,2,2,2,2,2,2,2,2,2,2,2,2,2,2,2,2,2,2,2,2,2,2,2,2,2,2,2,2,2,2,2,2,2,2,2,2
"PTHR13028",1,1,1,1,1,1,1,1,1,1,1,1,1,1,2,1,1,1,1,2,1,1,1,1,1,1,1,1,1,1,1,1,2,1,1,1,1,1,1,2,1,1,1,1,1
"PTHR13029",2,2,2,2,2,2,2,2,2,2,2,2,2,2,2,2,2,2,2,2,2,2,2,2,2,2,2,2,2,2,2,1,2,2,2,2,2,2,2,2,2,2,2,2,2
"PTHR13030",1,1,1,1,1,2,1,1,1,1,1,1,1,1,2,1,1,1,1,1,1,1,1,1,1,1,1,1,1,1,1,1,2,1,2,1,1,2,1,1,1,0,1,2,1
"PTHR13031",1,1,1,1,1,1,1,1,1,1,1,1,1,1,1,1,1,1,1,1,1,1,1,1,1,1,1,1,1,1,1,2,1,1,1,1,1,1,1,1,1,1,1,2,1
"PTHR13032",1,1,1,2,1,1,1,1,1,1,1,1,1,1,1,1,1,1,1,1,1,1,1,1,1,1,1,1,1,1,2,1,1,1,1,1,1,1,1,1,1,1,1,1,1
"PTHR13034",1,1,1,1,1,1,1,1,1,1,1,1,1,1,1,1,1,1,1,1,1,1,1,1,1,1,1,1,1,1,1,1,1,1,1,1,1,1,1,1,1,1,1,1,1
"PTHR13035",1,1,2,1,1,1,2,1,1,1,1,1,1,1,3,1,1,1,1,1,1,1,2,1,1,1,2,1,1,1,2,1,1,1,1,2,1,1,1,1,1,2,1,1,1
"PTHR13036",1,1,1,1,1,1,1,1,1,1,1,1,1,5,1,3,1,1,1,1,1,1,1,1,1,1,1,2,1,1,1,1,1,1,1,1,5,1,7,1,1,1,1,1,1
"PTHR13037",2,2,2,1,2,1,1,1,1,1,1,1,2,1,1,2,1,2,1,3,1,1,2,1,1,1,0,1,1,2,1,1,1,1,1,1,1,1,1,1,1,1,2,2,3
"PTHR13038",3,2,2,2,2,2,2,2,2,2,2,2,2,2,2,3,2,2,2,3,2,2,2,2,2,2,2,2,1,2,2,2,2,2,2,2,2,2,2,2,2,2,2,2,2
"PTHR13040",1,1,1,1,1,1,1,1,1,1,1,1,1,1,1,1,1,1,1,1,1,1,1,1,1,1,1,1,1,1,1,1,1,1,1,1,1,1,1,1,1,1,1,1,1
"PTHR13041",1,1,1,1,1,1,1,1,1,1,1,1,1,1,1,2,2,1,1,1,1,1,1,1,1,0,2,1,1,1,2,1,0,1,1,1,1,1,1,1,1,2,1,2,1
"PTHR13042_SF0",1,3,1,2,3,0,1,1,1,1,1,1,1,2,1,1,1,1,2,1,1,1,3,1,4,0,2,2,1,0,1,1,4,2,4,3,1,1,1,1,1,1,1,3,3
"PTHR13043",1,1,1,1,1,1,1,1,1,1,1,1,1,1,1,1,1,1,1,1,1,1,1,1,1,1,1,1,1,1,1,1,1,1,1,1,1,1,1,2,1,1,1,1,1
"PTHR13044",2,2,1,2,1,2,2,2,2,2,2,2,2,6,2,2,2,2,2,2,2,4,2,2,2,3,4,3,2,1,0,2,2,3,2,1,5,1,3,2,3,2,2,2,2
"PTHR13045",2,3,2,2,2,2,2,2,2,2,2,2,2,3,3,2,3,2,2,2,2,2,2,2,3,2,2,2,2,2,2,2,2,2,2,2,3,3,4,2,2,2,2,2,2
"PTHR13046",1,1,1,1,1,1,1,1,1,1,1,1,1,1,1,1,1,1,1,1,1,1,1,1,1,1,1,1,1,1,1,2,1,1,1,1,1,1,1,1,1,1,1,1,1
"PTHR13047",1,1,1,2,3,1,1,1,1,2,1,1,1,1,2,1,1,2,1,1,1,1,1,1,1,2,1,2,1,1,3,2,2,1,1,1,1,1,1,1,2,2,1,2,2
"PTHR13048",2,2,2,2,2,2,2,2,2,1,2,2,2,2,4,2,2,2,2,2,2,2,2,2,2,1,3,2,2,2,2,6,2,2,2,2,2,2,2,2,2,2,2,4,2
"PTHR13049",1,1,4,1,3,3,1,1,1,2,1,1,1,2,2,1,1,1,4,1,2,1,1,4,1,1,1,2,1,2,1,1,1,4,2,2,3,1,3,1,1,1,1,1,2
"PTHR13050",1,1,1,1,1,1,1,1,1,0,1,1,1,1,1,1,1,1,1,1,2,1,1,1,1,1,1,1,1,1,0,1,0,1,1,1,1,1,2,1,1,1,1,1,1
"PTHR13052",1,1,1,1,1,1,1,1,1,1,1,1,1,1,2,1,1,1,1,1,1,1,1,1,1,1,2,1,1,1,1,1,1,1,1,1,1,1,1,1,1,1,1,1,1
"PTHR13054",1,1,1,1,1,1,6,1,1,2,1,1,1,2,1,4,1,3,2,1,2,1,2,2,1,1,1,1,1,1,2,1,1,2,0,1,3,1,3,1,1,1,1,1,1
"PTHR13055",2,2,2,2,2,2,2,2,2,2,2,2,2,2,2,2,2,2,2,2,2,2,2,2,2,2,2,2,2,2,2,2,2,2,2,2,2,2,2,2,2,2,2,2,2
"PTHR13056",1,1,2,1,1,1,1,1,1,1,1,1,1,3,1,2,1,1,2,1,2,1,1,1,1,1,1,1,1,1,1,1,1,2,1,1,2,1,5,1,1,1,1,2,1
"PTHR13058",2,1,1,1,2,1,2,2,2,2,2,2,2,2,2,2,2,1,1,1,1,2,2,1,2,2,2,1,1,2,2,1,2,1,2,2,2,2,2,2,0,2,1,2,2
"PTHR13059_SF10",1,1,1,1,1,1,1,1,1,1,1,1,1,1,1,1,1,1,1,1,1,1,1,1,1,1,1,1,1,1,1,1,1,1,1,1,1,1,1,1,1,1,1,1,1
"PTHR13060",1,1,1,1,1,1,1,1,1,1,1,1,1,1,1,1,1,1,1,1,1,1,1,1,1,1,1,1,1,1,1,2,1,1,1,1,1,1,1,1,1,1,1,1,1
"PTHR13061_SF5",1,1,1,2,1,2,1,1,1,1,1,1,1,2,1,1,1,1,1,2,1,2,1,1,1,1,1,2,1,1,1,1,1,1,1,1,2,1,2,1,1,1,1,1,1
"PTHR13063",1,1,1,2,1,1,1,1,1,1,1,1,1,1,1,1,1,1,1,2,1,1,1,1,2,1,3,1,1,1,1,1,1,1,2,2,1,1,1,1,1,1,1,2,1
"PTHR13064",2,2,3,2,3,2,2,2,2,2,2,2,2,2,2,2,2,2,3,3,2,2,2,3,2,2,2,2,2,2,2,5,2,3,2,2,2,2,2,2,2,2,2,5,2
"PTHR13066",1,1,1,1,1,2,1,1,1,1,1,1,1,1,2,1,1,1,1,1,1,2,1,1,1,1,1,1,1,1,1,0,1,1,1,1,1,1,1,1,1,1,1,1,1
"PTHR13067",1,1,1,1,1,1,1,1,1,1,1,1,1,1,1,1,1,1,1,1,1,2,1,1,1,1,1,1,1,1,0,1,1,1,1,1,1,1,1,1,1,1,1,2,1
"PTHR13068_SF11",1,1,1,1,1,1,1,1,1,2,1,1,1,1,1,1,0,1,1,1,1,1,1,1,1,1,1,1,1,1,1,1,1,1,1,1,1,1,1,1,1,1,1,1,0
"PTHR13069_SF11",1,1,1,1,1,1,1,1,1,1,1,1,1,1,1,1,1,1,1,1,1,1,1,1,1,1,1,1,1,1,1,1,1,1,1,1,1,1,1,2,2,1,1,1,1
"PTHR13069_SF21",1,1,1,1,1,1,1,0,0,1,1,1,1,1,0,1,1,1,1,1,1,1,1,1,1,1,1,1,1,1,1,1,1,1,1,1,1,1,1,1,1,1,1,1,1
"PTHR13069_SF25",1,1,1,1,1,1,1,1,1,1,1,1,1,1,1,2,1,1,1,1,1,1,1,1,1,1,1,1,1,1,1,1,1,1,1,1,1,1,1,1,1,1,1,1,1
"PTHR13070",1,1,1,1,1,1,1,1,1,1,1,1,1,1,1,10,1,1,1,1,1,1,1,1,1,1,1,1,1,1,0,1,1,1,1,1,1,1,2,2,1,1,1,1,1
"PTHR13071",1,1,2,1,2,1,1,1,1,1,1,1,1,1,1,1,1,1,2,1,1,1,1,1,1,1,1,2,1,1,1,1,1,2,1,1,1,1,1,1,1,1,1,1,1
"PTHR13072",1,1,2,1,1,1,1,1,1,2,1,1,2,1,1,1,1,1,2,1,1,1,1,2,1,2,1,2,1,1,1,3,1,2,2,2,1,4,1,1,1,1,1,2,1
"PTHR13073",1,2,1,3,1,2,2,2,1,1,1,1,1,1,1,2,1,1,1,1,1,1,1,1,1,1,1,1,1,2,2,6,1,1,1,1,1,1,1,1,1,1,1,1,2
"PTHR13074",1,1,1,1,2,1,1,1,1,1,1,1,1,1,1,1,1,1,1,1,1,1,1,1,1,1,1,1,1,1,2,1,1,1,1,1,1,1,1,0,1,1,1,1,2
"PTHR13076",2,2,2,2,2,2,2,2,2,2,2,2,2,2,2,3,2,2,2,2,2,2,2,2,2,2,1,2,2,2,1,2,2,2,2,1,2,2,2,2,2,2,2,2,2
"PTHR13077",2,2,2,2,2,2,2,2,2,3,2,2,2,2,2,2,2,0,2,2,2,2,2,2,2,1,3,2,2,1,2,1,0,2,2,2,2,2,2,2,2,2,2,1,2
"PTHR13080_SF2",1,4,5,2,7,4,4,1,0,2,4,1,3,4,2,2,1,0,8,0,2,1,1,7,2,0,1,2,3,3,2,1,0,2,2,2,4,4,5,1,1,1,1,5,3
"PTHR13082",1,2,2,3,3,1,1,1,1,1,1,1,2,2,5,1,1,1,2,1,1,4,2,3,2,2,1,1,1,1,3,6,1,2,1,2,2,1,2,2,2,1,1,1,1
"PTHR13083_SF3",1,1,1,1,1,1,1,1,1,1,0,2,1,1,1,1,1,1,1,1,1,1,1,1,1,1,1,1,1,1,1,1,1,1,1,1,1,1,1,1,1,1,1,1,1
"PTHR13084_SF2",1,1,1,0,2,1,1,1,1,1,1,1,1,1,1,1,1,1,1,1,1,1,1,1,1,1,1,1,1,1,1,1,1,1,1,1,1,1,1,1,1,1,1,2,1
"PTHR13084_SF3",1,1,1,1,1,1,1,1,1,1,0,1,1,1,1,1,0,0,1,1,1,1,1,1,1,1,0,1,1,1,1,1,0,1,1,1,1,1,1,1,1,1,1,0,1
"PTHR13084_SF4",1,1,1,1,1,1,1,1,1,1,1,1,1,1,1,1,1,1,1,1,1,1,2,1,1,1,1,1,1,1,1,1,1,1,1,1,1,1,1,1,1,1,1,1,1
"PTHR13084_SF5",1,1,2,1,2,1,1,1,1,1,2,2,1,2,0,2,0,2,2,1,1,1,3,2,1,1,3,2,0,2,1,1,1,2,2,1,2,2,2,1,1,2,1,2,2
"PTHR13085",1,1,3,3,1,1,1,1,1,1,2,1,1,3,4,1,1,1,3,1,2,3,1,2,1,1,2,2,1,1,3,1,1,3,1,1,2,1,2,1,3,1,1,2,1
"PTHR13087_SF2",1,1,1,1,1,1,1,1,0,1,1,1,1,1,0,1,1,1,1,1,1,1,1,1,1,2,1,1,1,1,1,1,1,1,1,1,1,1,1,1,1,1,1,0,1
"PTHR13088",1,1,1,2,1,1,1,1,1,1,1,1,1,1,2,1,1,1,1,1,1,1,2,1,2,1,2,1,1,1,1,1,1,1,1,2,1,1,1,3,1,1,1,1,1
"PTHR13090",1,1,1,1,1,1,1,1,1,1,1,1,1,1,1,1,1,1,1,1,1,1,1,1,1,1,1,1,1,1,1,1,1,1,1,1,1,1,1,1,1,1,1,1,1
"PTHR13091",1,1,1,1,1,1,1,1,1,1,1,1,1,1,2,2,1,1,1,1,1,1,1,1,1,1,1,1,1,1,1,1,1,1,1,1,1,1,1,1,1,2,1,1,1
"PTHR13093",1,1,2,1,1,1,1,1,1,1,1,1,1,1,1,1,1,1,1,1,1,1,1,1,2,1,1,1,1,1,1,1,1,1,1,1,1,1,2,1,1,1,1,1,1
"PTHR13094",1,1,1,1,1,1,1,1,1,1,1,1,1,1,2,1,1,1,1,3,1,1,1,1,1,1,1,1,2,1,0,1,1,1,1,1,1,2,1,1,1,1,1,1,1
"PTHR13096",2,2,1,2,2,2,2,2,2,2,3,1,2,1,4,2,2,2,2,2,2,1,2,2,2,2,2,2,3,2,2,2,2,2,2,2,2,2,1,2,2,2,1,2,2
"PTHR13097",1,1,1,1,1,1,1,1,1,1,1,1,1,1,1,1,1,1,1,1,1,1,1,1,2,1,1,1,1,1,1,1,1,1,1,1,1,1,1,1,1,0,1,1,1
"PTHR13098",1,1,1,1,1,1,1,1,1,1,1,1,1,1,1,1,1,1,1,0,1,1,1,1,1,1,1,1,1,1,0,1,1,1,1,1,1,1,1,1,1,1,1,1,1
"PTHR13099",1,1,1,1,1,1,1,1,1,0,1,1,2,1,1,2,1,1,1,1,1,1,1,1,1,1,1,1,1,1,2,1,1,1,1,1,1,2,1,1,1,1,1,1,1
"PTHR13100_SF10",1,1,1,1,2,1,1,1,1,1,1,1,1,1,1,1,1,1,1,1,1,1,1,1,1,1,1,1,1,1,1,1,0,1,1,1,1,1,1,1,1,1,1,1,2
"PTHR13101",1,1,1,1,1,1,2,1,1,1,1,1,1,1,1,1,1,1,1,1,1,1,1,1,1,1,1,1,1,1,1,1,1,1,1,1,1,1,1,1,1,1,1,2,1
"PTHR13102",1,1,1,1,1,1,1,1,1,1,1,1,1,1,1,2,1,1,1,1,1,1,1,1,1,1,1,1,1,1,1,1,1,1,1,1,1,1,1,1,1,1,1,1,1
"PTHR13103",1,1,1,1,1,1,1,1,1,1,1,1,1,1,1,2,1,1,1,1,1,1,2,1,1,1,1,1,1,1,1,3,1,1,1,1,1,1,1,1,1,1,1,1,1
"PTHR13104",1,1,1,1,1,1,1,2,1,1,1,1,1,1,1,1,1,1,1,3,1,1,1,1,1,1,1,1,1,1,1,3,1,0,1,1,1,1,1,1,1,1,1,2,1
"PTHR13105",2,2,2,3,2,2,2,2,2,4,2,2,2,2,2,2,3,2,2,2,2,2,2,2,3,2,2,2,2,2,2,2,4,2,2,2,2,1,2,2,2,2,1,2,2
"PTHR13107",1,1,1,1,1,1,1,1,1,1,1,1,1,1,1,1,1,1,1,1,1,1,1,1,1,1,2,1,1,1,1,2,1,1,1,1,1,1,1,1,1,1,1,1,1
"PTHR13108",1,1,1,1,1,1,1,1,1,1,1,1,1,1,1,1,1,1,1,1,1,1,1,1,1,1,1,1,1,1,1,1,1,1,1,1,1,1,1,1,1,1,1,1,1
"PTHR13109",1,1,1,1,1,1,1,1,1,1,1,1,1,1,1,1,1,1,1,1,1,1,1,1,1,1,2,1,1,1,1,1,1,1,1,1,1,1,1,1,1,1,1,1,1
"PTHR13110_SF0",1,1,4,3,5,1,2,1,1,1,1,1,3,2,3,1,1,1,1,2,1,2,1,2,1,2,2,2,3,1,2,4,3,2,1,2,1,3,2,1,2,1,1,2,5
"PTHR13112",2,2,2,3,2,4,4,2,1,2,2,2,2,4,3,2,2,2,3,2,2,2,2,3,2,2,2,3,2,3,2,5,3,3,2,1,2,2,5,2,2,2,1,3,2
"PTHR13113",1,1,1,1,1,1,1,1,1,1,1,1,1,1,1,1,1,1,1,1,1,1,1,1,1,1,1,1,1,1,1,1,1,1,1,1,1,1,1,1,1,1,1,1,1
"PTHR13114",1,1,1,1,1,1,1,1,1,1,1,1,1,1,1,2,1,1,1,1,1,2,1,1,1,1,1,1,1,1,1,1,1,1,1,1,1,1,1,1,1,1,1,1,1
"PTHR13115_SF8",1,1,1,1,1,1,1,1,1,1,1,1,1,1,2,1,1,1,1,4,1,1,1,1,1,1,1,1,1,1,1,1,0,1,1,1,1,1,1,1,1,1,1,1,1
"PTHR13116",1,1,1,2,1,2,1,1,1,1,1,1,1,1,1,1,1,1,1,1,1,2,1,1,1,1,1,1,1,1,2,1,1,1,1,1,1,1,1,1,1,1,1,1,1
"PTHR13117_SF5",1,1,1,1,1,1,1,1,1,1,1,1,1,1,1,2,1,1,1,1,1,1,1,1,1,1,1,1,1,1,1,1,1,1,1,1,1,1,1,1,1,1,1,1,1
"PTHR13118",1,1,1,1,1,1,1,2,1,1,1,1,1,1,1,1,1,1,1,1,1,2,2,1,1,1,2,3,1,1,1,1,1,1,1,2,2,2,4,2,1,1,1,1,1
"PTHR13119_SF21",1,1,1,2,1,1,1,1,1,0,1,1,1,1,1,1,1,1,1,1,1,1,1,1,1,1,1,1,1,1,1,1,1,1,0,1,1,1,1,1,1,1,1,0,1
"PTHR13119_SF22",1,1,1,1,1,2,1,1,1,1,1,1,1,1,1,1,2,1,1,1,1,1,1,1,1,1,1,1,1,1,1,1,1,1,2,1,1,1,1,1,1,1,1,2,1
"PTHR13119_SF23",1,1,1,1,1,1,1,1,1,1,1,1,1,1,2,1,1,1,1,2,1,1,1,1,1,1,1,1,1,1,1,1,1,1,1,1,1,1,2,1,1,1,1,2,1
"PTHR13120",1,1,1,3,1,1,1,2,1,1,1,1,1,1,2,1,1,1,1,1,1,1,1,2,1,1,1,1,1,1,1,2,3,1,1,2,1,1,2,1,2,1,1,1,1
"PTHR13121",1,1,1,1,1,1,1,1,1,1,1,1,1,1,1,1,1,1,1,1,1,1,1,1,1,1,1,1,1,1,1,1,1,1,1,1,1,1,1,1,1,1,1,1,1
"PTHR13123",2,3,2,2,2,2,2,2,2,2,2,2,2,2,2,2,2,2,2,2,2,1,3,2,2,2,2,2,3,2,2,2,2,2,2,2,2,2,2,2,2,2,2,2,2
"PTHR13124",2,1,1,1,1,1,2,1,1,1,1,1,1,1,1,1,1,1,1,1,1,1,1,1,1,1,1,1,1,1,1,1,1,1,1,1,1,1,1,1,2,1,1,1,1
"PTHR13126",1,2,1,1,1,2,1,1,1,1,1,1,1,1,1,1,1,1,1,1,1,1,1,1,1,1,1,1,1,2,1,1,1,1,1,1,1,1,1,1,1,1,1,1,1
"PTHR13128",1,1,1,1,1,1,0,1,1,1,1,1,1,1,2,1,2,1,1,1,1,1,1,1,2,1,1,1,1,1,1,1,1,1,1,1,1,1,1,1,1,1,2,1,1
"PTHR13129_SF4",1,1,1,1,1,1,1,1,1,1,1,1,1,1,1,1,1,1,1,1,1,1,1,1,1,1,1,1,1,1,1,1,1,1,1,2,1,1,1,1,1,1,1,1,1
"PTHR13130",1,1,1,2,1,1,1,1,1,1,1,1,1,1,1,1,1,1,1,2,1,1,1,1,1,0,1,2,1,1,1,2,1,1,1,1,2,1,2,1,1,1,1,1,1
"PTHR13131",1,1,1,1,1,1,1,1,1,1,1,1,1,1,1,1,1,1,1,1,1,1,1,1,1,1,1,1,1,1,1,1,1,1,1,1,1,1,1,1,1,1,1,1,1
"PTHR13132",1,1,1,1,1,1,1,1,1,1,1,1,1,1,3,1,1,1,1,1,1,1,1,1,1,1,1,1,1,1,1,1,1,1,2,1,1,1,1,1,1,1,1,1,1
"PTHR13134",1,1,1,1,1,1,1,1,1,3,2,1,1,1,3,1,1,2,1,2,1,1,1,1,1,2,1,1,2,1,1,1,1,1,1,1,1,1,1,1,2,1,1,1,1
"PTHR13135",1,1,2,1,2,1,1,1,1,2,1,1,1,1,1,1,1,1,1,2,1,1,1,2,1,1,1,1,1,1,1,1,2,2,1,1,1,1,1,1,1,1,1,1,0
"PTHR13136_SF1",1,1,1,1,1,1,1,1,1,1,1,1,1,1,1,1,1,1,1,1,1,1,1,1,0,1,1,1,1,1,1,1,1,1,0,0,1,1,1,1,1,1,0,0,1
"PTHR13136_SF2",1,1,1,2,1,1,1,1,1,1,1,1,1,1,1,1,1,1,1,1,1,1,1,1,1,1,1,1,1,1,1,1,1,1,1,1,1,1,1,1,2,1,1,1,1
"PTHR13137_SF6",1,0,1,1,0,0,1,1,1,1,2,2,1,1,1,1,1,0,1,1,1,1,1,1,1,1,1,1,1,1,2,1,0,1,1,1,1,1,1,1,2,0,0,1,1
"PTHR13138_SF3",1,1,1,1,1,1,1,1,1,1,1,1,1,2,1,1,1,1,1,1,1,1,1,1,1,1,1,1,1,1,1,3,1,1,1,1,1,1,1,1,1,1,1,1,1
"PTHR13139_SF2",1,1,1,1,1,1,1,1,1,1,1,1,1,1,3,1,1,1,1,1,1,1,1,1,1,1,2,1,1,1,1,1,1,1,1,1,1,1,1,1,1,1,1,2,1
"PTHR13139_SF25",1,1,1,1,0,1,1,1,1,1,1,1,1,1,1,1,1,0,1,1,1,1,1,1,1,1,1,1,1,1,1,1,1,1,2,1,1,1,1,1,1,1,1,3,0
"PTHR13139_SF27",1,1,1,1,1,1,1,1,0,0,1,1,1,1,0,1,0,0,1,0,0,1,1,1,1,0,0,1,1,0,0,0,0,1,1,1,1,1,1,1,1,1,0,1,1
"PTHR13139_SF6",1,1,1,1,1,1,1,1,1,1,1,1,1,1,2,1,1,1,1,1,1,1,1,1,1,1,1,1,1,1,1,1,1,1,1,1,1,1,1,0,1,1,1,1,1
"PTHR13140_SF254",1,1,1,1,1,1,1,1,1,1,1,1,1,1,1,1,1,1,1,1,1,1,1,1,1,1,1,1,1,1,1,1,1,1,1,1,1,1,1,1,1,1,1,1,1
"PTHR13140_SF255",1,1,1,1,1,1,1,1,1,1,1,1,1,1,2,1,1,1,1,1,1,1,1,1,1,1,1,1,1,1,1,1,1,1,1,1,1,1,1,1,1,1,1,1,1
"PTHR13140_SF258",1,1,1,1,1,1,1,1,1,1,1,1,1,1,1,1,1,1,1,1,1,1,1,1,1,2,1,1,1,1,1,1,1,1,1,1,1,1,1,1,1,1,1,1,1
"PTHR13140_SF263",1,1,1,1,1,1,1,1,1,0,1,1,1,1,0,1,0,1,1,1,1,0,1,1,1,3,1,1,1,1,2,1,0,1,0,1,1,1,1,1,1,1,1,0,1
"PTHR13140_SF264",2,0,2,2,2,1,2,2,2,1,1,2,2,1,2,1,2,1,2,2,1,2,2,1,2,1,2,2,2,1,2,2,2,1,2,2,2,2,2,1,1,1,2,2,2
"PTHR13140_SF267",1,0,1,1,1,0,1,1,1,1,0,0,1,1,1,1,1,1,1,0,1,1,1,1,1,1,0,1,2,0,1,0,1,1,1,1,1,1,1,1,1,1,0,1,1
"PTHR13140_SF269",1,2,1,2,1,2,1,1,1,2,2,2,1,1,1,1,1,1,1,1,1,2,1,1,1,1,1,1,1,2,1,1,1,1,2,1,1,1,1,1,2,2,2,2,1
"PTHR13140_SF273",1,1,1,1,1,1,1,1,1,1,1,1,1,1,1,1,1,1,1,1,1,1,1,1,1,1,1,1,1,1,1,1,1,1,1,1,1,1,1,1,1,1,1,1,1
"PTHR13140_SF276",1,1,1,1,1,1,1,1,1,1,1,1,1,1,1,1,1,1,1,1,1,1,1,1,1,1,1,1,1,1,1,1,1,1,1,1,1,1,1,1,1,1,1,1,1
"PTHR13140_SF277",1,1,1,1,1,1,1,1,1,1,1,1,1,1,2,1,1,1,1,1,1,1,1,1,1,1,1,1,1,1,1,1,1,1,1,1,1,1,1,1,1,1,1,1,1
"PTHR13140_SF279",1,1,1,1,1,1,1,1,1,1,1,1,1,1,1,1,1,1,1,1,1,1,2,1,1,2,1,1,1,1,1,1,1,1,1,2,1,1,1,1,1,1,1,1,1
"PTHR13140_SF280",1,1,1,0,1,1,1,0,0,1,1,1,1,1,1,0,1,1,1,1,1,1,0,1,1,1,1,0,1,1,1,0,1,1,1,1,1,0,1,1,1,1,1,2,1
"PTHR13140_SF285",1,1,1,1,1,1,1,1,1,1,1,1,1,1,3,1,1,1,1,1,1,1,1,1,1,1,1,1,1,1,1,1,1,1,1,1,1,1,1,1,1,1,1,1,1
"PTHR13140_SF288",1,1,1,1,1,1,1,1,1,0,1,1,1,1,1,2,1,1,1,1,1,1,1,1,1,1,1,1,1,1,1,1,1,1,2,1,1,1,1,1,1,1,1,1,2
"PTHR13140_SF289",1,1,1,1,1,1,1,1,1,1,1,1,1,1,2,2,1,1,1,1,1,1,1,1,1,1,1,2,1,1,1,1,1,1,1,1,1,1,1,1,1,1,1,1,1
"PTHR13140_SF291",1,1,1,1,1,1,1,1,1,1,1,1,1,1,1,1,1,1,1,1,1,1,1,1,1,1,1,1,1,1,1,1,1,1,1,1,1,1,1,1,1,1,1,1,1
"PTHR13140_SF293",1,1,1,1,1,1,1,1,1,1,1,1,1,1,1,1,1,1,1,1,1,1,1,1,1,1,1,1,1,1,1,1,1,1,1,1,1,1,1,1,1,1,1,1,1
"PTHR13140_SF295",1,0,1,0,1,0,1,0,0,0,0,1,1,1,0,1,0,0,1,1,1,0,0,1,0,1,0,1,1,0,0,0,1,1,0,0,1,1,1,0,0,0,0,0,1
"PTHR13140_SF297",1,1,1,1,1,1,1,1,1,1,1,1,1,1,1,1,1,1,1,1,1,1,1,1,1,0,1,1,1,1,1,1,1,1,1,1,1,1,1,1,1,1,1,1,1
"PTHR13140_SF306",1,1,1,1,1,1,1,1,1,1,1,1,1,1,1,1,1,1,1,1,2,1,1,1,1,1,1,1,1,1,1,1,1,1,1,1,1,1,1,1,1,1,1,1,1
"PTHR13140_SF310",1,1,1,1,1,1,1,1,1,1,1,1,1,0,1,1,1,1,1,1,1,1,1,1,1,1,0,1,1,1,1,1,1,1,1,1,1,0,1,1,1,1,1,1,1
"PTHR13140_SF311",1,1,1,1,1,1,1,1,1,1,1,1,1,1,1,1,1,1,1,1,1,1,1,1,1,1,1,1,1,1,1,1,1,1,1,1,1,1,1,1,1,1,1,1,1
"PTHR13140_SF313",1,1,1,1,1,1,1,1,1,1,2,1,1,1,1,1,1,2,1,1,1,1,1,1,1,1,1,1,1,1,1,1,1,1,3,1,1,1,1,1,1,1,1,1,1
"PTHR13140_SF317",1,1,1,1,1,1,1,1,1,1,1,1,1,1,1,1,1,1,1,1,1,1,1,1,1,1,2,1,1,2,1,1,1,1,1,1,1,2,1,2,1,1,1,1,1
"PTHR13140_SF318",1,1,1,1,1,1,1,1,1,2,2,1,1,1,1,1,1,1,1,1,1,1,1,1,1,1,2,1,1,1,0,1,1,1,2,1,1,1,1,1,1,1,1,1,1
"PTHR13140_SF328",1,1,1,1,1,1,1,1,1,1,1,1,1,1,1,1,1,1,1,2,1,1,1,1,1,1,1,1,1,1,1,1,1,1,2,1,1,1,1,1,1,1,1,1,1
"PTHR13140_SF331",1,0,0,0,1,0,0,1,1,1,0,0,1,0,1,0,1,1,0,1,0,0,1,0,1,1,1,0,1,0,0,1,0,0,0,1,0,1,0,1,0,0,0,0,1
"PTHR13140_SF333",1,1,1,1,1,1,1,1,1,1,1,1,1,1,1,1,1,1,1,1,1,1,1,1,1,1,1,1,1,1,1,1,1,1,1,1,1,1,1,1,1,1,1,1,1
"PTHR13140_SF335",1,1,1,1,1,1,1,1,1,1,1,1,1,1,1,2,1,1,1,1,1,1,1,1,1,1,1,1,1,1,1,1,1,1,1,1,2,1,1,1,1,1,1,1,2
"PTHR13140_SF340",1,1,1,1,1,1,1,1,1,1,1,1,1,1,1,1,1,1,1,1,1,1,1,1,1,1,1,1,1,1,1,1,1,1,1,1,1,1,1,1,1,1,1,1,2
"PTHR13140_SF341",1,1,1,1,1,1,1,1,1,1,1,1,1,1,1,1,1,1,1,1,1,1,1,1,1,1,3,1,1,1,1,1,1,1,1,1,1,1,1,1,1,1,1,1,1
"PTHR13140_SF345",1,1,1,1,1,1,1,1,1,1,1,1,1,1,1,1,1,1,1,1,1,1,1,1,1,1,0,1,1,1,1,1,1,1,1,1,1,1,1,1,1,1,1,2,1
"PTHR13140_SF346",1,1,1,1,1,1,1,1,1,1,1,1,1,1,1,1,1,1,1,1,1,1,1,1,1,1,1,1,1,1,1,1,1,1,1,1,1,1,1,1,1,1,1,1,1
"PTHR13140_SF348",1,1,1,1,1,1,1,1,2,1,0,1,1,1,2,1,1,1,1,1,1,1,1,1,2,1,1,1,1,1,1,1,1,1,1,1,1,1,1,1,1,0,1,1,1
"PTHR13140_SF351",1,0,1,1,0,1,1,1,1,1,2,0,1,2,1,2,1,1,1,1,1,1,1,1,1,2,1,1,0,1,0,1,1,1,0,1,0,0,2,1,1,1,1,0,0
"PTHR13140_SF352",1,1,1,1,1,1,1,1,0,1,1,1,1,1,1,1,1,1,1,0,1,1,1,1,1,1,2,1,1,1,1,1,1,1,1,1,1,1,1,1,1,1,1,0,1
"PTHR13140_SF353",1,0,1,1,1,1,1,1,1,0,1,1,1,1,1,1,1,1,1,1,1,1,1,1,1,1,2,1,1,1,1,1,1,1,1,1,1,1,1,1,1,1,1,1,1
"PTHR13140_SF356",1,1,1,1,1,1,1,1,1,1,1,1,1,1,1,2,1,1,1,1,1,1,1,1,1,1,2,1,1,0,1,1,1,1,2,1,1,1,2,1,1,1,1,1,1
"PTHR13140_SF357",1,1,1,2,1,2,1,2,2,1,1,1,1,2,1,2,1,1,1,1,1,1,2,1,1,1,1,2,1,1,1,2,1,1,1,1,1,2,1,1,1,1,1,1,1
"PTHR13140_SF358",1,0,1,1,1,0,1,0,0,0,0,0,1,1,0,0,0,1,1,1,0,1,0,1,0,1,0,1,1,0,0,0,1,1,0,0,1,1,1,0,1,0,1,1,1
"PTHR13140_SF359",1,1,1,1,1,1,1,1,1,1,1,1,1,1,1,1,1,1,1,0,1,1,1,1,1,1,1,1,1,1,2,1,1,1,1,1,1,1,2,1,1,1,1,1,1
"PTHR13140_SF361",1,1,1,1,1,1,1,1,1,1,1,1,1,1,1,1,1,1,1,1,1,1,1,1,1,1,1,1,1,1,1,1,1,1,1,1,1,1,1,1,1,1,1,1,1
"PTHR13140_SF9",1,1,1,1,1,1,1,1,1,1,1,1,1,1,1,1,1,1,1,1,1,1,1,1,1,2,1,1,1,1,1,1,1,1,1,1,1,1,1,1,1,1,1,1,1
"PTHR13141",1,1,2,1,1,2,1,1,1,1,1,1,1,1,1,1,1,1,2,1,1,1,1,2,1,1,1,2,1,1,1,1,1,2,1,1,2,1,2,1,1,1,1,2,1
"PTHR13142",1,1,1,1,1,1,1,1,1,1,1,1,1,1,1,1,1,2,1,2,1,1,1,1,1,1,2,1,1,1,1,1,1,1,1,1,1,1,1,1,1,1,1,1,1
"PTHR13143",1,1,1,1,1,1,1,1,1,1,1,1,1,1,1,1,1,2,1,1,1,1,1,1,1,1,1,1,1,1,1,1,1,1,1,1,1,1,1,1,1,1,1,1,1
"PTHR13144",1,1,1,1,1,1,1,1,1,1,1,1,1,1,1,2,1,1,1,1,1,1,1,1,1,1,1,1,1,1,1,1,1,1,1,1,1,1,1,1,1,1,1,1,2
"PTHR13145",1,1,1,1,1,1,1,1,1,1,1,1,1,1,1,1,2,1,1,1,1,1,1,1,1,1,1,1,1,1,1,1,1,1,1,1,1,1,1,1,1,1,1,1,1
"PTHR13146",1,1,1,1,1,1,1,1,1,1,1,1,1,1,1,1,1,1,1,1,1,1,1,1,1,1,1,1,1,1,1,1,1,1,1,1,1,1,1,1,1,1,1,1,1
"PTHR13147",1,1,0,0,0,1,1,1,1,1,1,1,1,1,1,1,0,1,1,1,1,1,1,1,1,0,1,1,1,1,1,1,1,0,1,1,1,1,1,1,0,1,0,1,0
"PTHR13148",1,1,1,1,1,1,1,1,1,1,1,1,1,1,1,1,1,1,1,1,1,1,1,1,1,1,1,1,1,1,1,1,1,1,1,1,1,1,1,1,1,1,1,1,1
"PTHR13151",1,1,1,1,1,1,1,1,1,1,1,1,1,0,1,1,1,1,1,1,1,1,1,1,1,2,1,2,1,2,1,1,1,1,1,1,1,1,1,1,1,1,1,1,1
"PTHR13152",1,1,1,1,1,1,1,1,1,1,1,1,1,1,1,6,1,1,1,1,1,1,1,1,1,0,1,1,1,1,1,1,1,1,1,1,1,1,1,1,1,0,1,1,1
"PTHR13153",1,1,1,1,1,1,1,1,1,1,1,1,1,1,1,1,1,1,1,2,1,1,1,1,1,1,1,1,1,1,1,1,1,1,1,1,1,1,1,1,1,1,1,2,1
"PTHR13154",2,2,2,2,2,2,3,2,2,3,2,2,2,2,3,2,2,2,2,2,2,2,2,2,2,2,2,2,2,2,2,3,2,2,2,2,2,2,2,3,2,1,2,2,2
"PTHR13155",1,1,1,1,1,1,1,1,1,1,1,1,1,1,1,1,1,1,1,1,1,1,1,1,1,1,1,1,0,1,1,1,1,1,1,1,1,1,1,1,1,1,1,1,1
"PTHR13156_SF0",1,1,1,1,1,1,1,1,1,1,1,1,1,1,1,1,1,2,1,1,1,1,1,1,1,1,2,1,1,0,1,1,1,1,3,1,1,1,1,2,1,1,1,2,1
"PTHR13158",1,1,1,1,1,1,1,1,1,1,1,1,1,1,1,1,1,1,1,1,1,1,2,1,1,1,1,1,1,1,1,0,1,1,1,1,1,1,1,1,1,1,2,2,1
"PTHR13159",2,2,2,2,2,2,2,2,2,2,2,2,2,2,2,2,2,2,2,2,2,2,2,2,2,2,2,2,2,2,1,2,2,2,2,2,2,2,2,3,2,2,2,3,2
"PTHR13160",1,2,6,5,5,2,3,1,1,1,1,1,1,6,1,1,3,4,5,1,2,1,1,5,3,1,1,6,1,1,3,1,1,6,5,1,5,3,5,1,4,1,1,5,5
"PTHR13161",2,2,2,2,2,2,2,2,2,2,2,2,2,2,2,2,2,2,2,2,2,2,2,2,2,1,3,2,2,2,2,2,2,2,2,2,2,2,2,2,2,2,2,2,2
"PTHR13162",1,1,1,1,1,1,1,1,1,1,1,1,1,1,1,1,1,1,1,1,1,1,1,1,1,1,1,1,1,1,1,1,1,1,1,2,1,1,1,1,1,1,1,1,1
"PTHR13163",2,2,2,2,1,2,2,2,2,2,2,2,2,2,2,2,2,2,2,2,2,2,2,2,1,1,2,2,2,1,2,3,2,2,2,3,2,2,3,2,3,2,1,2,1
"PTHR13164",2,1,2,3,1,1,2,5,2,1,1,1,1,2,2,1,4,1,3,1,2,2,1,3,1,1,1,3,1,1,2,4,3,3,1,1,2,1,3,1,4,1,1,1,1
"PTHR13165_SF0",1,1,1,1,1,1,1,1,1,1,1,1,1,1,1,1,1,1,1,1,1,1,1,1,1,1,1,1,1,1,0,1,1,1,1,1,1,1,1,1,1,1,1,1,1
"PTHR13166",2,2,1,2,1,2,3,1,1,1,2,1,2,2,2,2,2,2,2,2,2,1,2,2,2,2,2,2,2,0,2,2,1,2,1,2,2,2,2,3,2,1,1,1,2
"PTHR13167_SF24",2,2,1,1,1,2,1,1,1,1,1,1,1,1,1,1,1,2,1,1,1,1,1,1,1,1,1,1,1,2,1,1,1,1,1,1,1,2,1,1,1,1,3,2,1
"PTHR13167_SF40",2,1,1,1,1,1,1,2,1,1,1,1,1,1,1,1,1,1,1,1,1,2,1,1,1,1,0,1,1,1,0,1,1,1,1,1,1,1,1,1,1,1,1,1,1
"PTHR13168_SF0",1,1,1,2,2,1,2,2,1,1,1,0,0,2,4,2,2,1,1,2,1,1,1,0,1,0,1,0,1,1,0,2,1,0,1,1,0,0,1,1,1,1,1,1,1
"PTHR13169_SF2",1,1,1,1,1,1,1,1,1,1,1,1,1,1,2,1,1,1,1,1,1,1,1,1,1,1,1,1,1,1,2,1,1,1,1,1,1,1,1,1,1,1,1,1,1
"PTHR13170",1,1,1,1,1,1,1,1,1,1,1,1,1,1,1,1,2,1,1,1,1,1,1,1,1,1,1,1,1,1,1,1,2,1,1,1,1,1,1,1,1,1,1,1,1
"PTHR13172",1,1,1,1,1,1,1,1,1,1,1,1,1,1,1,2,1,1,1,1,1,1,2,1,2,1,1,1,1,1,1,1,1,1,1,1,1,1,1,2,2,1,2,1,1
"PTHR13173_SF10",1,1,1,1,1,1,1,1,1,1,1,1,1,1,1,1,1,1,1,1,1,1,1,1,1,1,1,1,1,1,1,1,1,1,2,1,1,1,1,1,1,1,1,2,1
"PTHR13174",1,1,1,1,1,1,1,1,1,1,1,1,1,1,1,1,1,1,1,1,1,1,1,1,1,1,1,1,1,1,1,1,1,1,1,1,1,1,1,1,1,1,1,1,1
"PTHR13177",2,2,2,2,2,2,2,2,3,1,2,2,2,1,2,2,2,2,2,2,1,2,2,2,2,1,2,2,2,2,1,2,1,1,2,2,2,2,2,2,2,2,1,3,2
"PTHR13179",1,1,1,1,1,1,1,1,1,2,1,1,1,1,1,2,1,1,1,1,1,1,1,1,1,1,1,1,1,1,1,1,1,1,1,1,1,1,2,1,1,1,1,1,1
"PTHR13180_SF1",1,1,1,1,1,1,1,2,1,1,1,1,1,1,1,1,1,1,1,1,1,1,1,1,1,1,1,1,2,1,1,2,1,1,1,1,1,1,0,1,1,1,1,1,1
"PTHR13180_SF2",1,1,2,1,2,1,1,1,1,1,1,1,1,2,2,2,1,1,3,1,1,1,1,3,1,1,1,2,1,1,1,1,1,2,1,1,2,1,3,1,2,1,1,1,1
"PTHR13182",1,1,1,1,1,1,1,1,1,1,1,1,1,1,1,1,1,1,1,1,1,1,1,1,2,1,1,1,1,1,1,3,1,1,1,1,1,2,1,2,1,1,1,1,1
"PTHR13183",2,1,1,1,1,1,1,1,1,1,1,1,1,1,1,1,1,1,1,1,1,1,1,1,1,1,1,1,1,1,1,1,1,1,1,1,1,1,1,1,1,1,1,1,1
"PTHR13186_SF0",1,1,1,2,0,1,3,1,1,1,1,1,1,1,1,1,1,1,1,1,1,1,1,1,1,1,1,1,1,1,1,2,1,1,1,1,1,1,1,1,2,1,1,1,1
"PTHR13190",2,2,2,2,2,2,2,2,2,2,2,2,2,2,2,2,2,2,2,2,2,2,3,2,2,2,2,2,2,2,2,2,2,2,2,2,2,2,2,2,2,2,2,2,2
"PTHR13191",1,1,0,1,1,1,1,1,1,1,1,1,1,1,1,1,1,1,2,1,1,1,1,1,0,1,1,1,1,1,1,1,1,2,1,1,2,1,1,1,1,1,1,1,1
"PTHR13192",1,1,1,2,1,1,2,1,1,1,1,1,1,1,1,1,1,1,1,1,1,1,1,2,1,1,1,2,1,1,1,2,1,1,1,1,1,2,1,1,2,1,1,1,1
"PTHR13193",1,1,1,1,1,1,3,2,1,1,1,1,1,1,1,1,1,1,1,1,1,1,1,1,1,1,1,1,1,1,1,1,1,1,1,1,1,1,1,1,1,1,1,1,1
"PTHR13194",1,1,1,1,1,1,1,1,1,1,1,1,1,2,1,1,1,1,1,1,1,1,1,1,2,1,1,1,1,1,1,0,4,1,1,1,2,1,2,1,1,1,0,1,1
"PTHR13195",1,2,1,2,1,1,1,1,1,2,1,1,1,1,1,1,2,1,1,1,1,1,1,1,1,1,1,1,1,2,1,1,1,1,1,1,1,1,2,1,1,1,1,1,1
"PTHR13196_SF21",1,1,1,1,1,1,1,1,1,1,1,1,1,1,1,1,2,0,1,1,1,1,1,1,1,1,1,1,1,1,1,1,1,1,1,1,1,1,1,1,1,1,1,1,1
"PTHR13196_SF22",1,1,1,1,1,1,1,1,1,1,1,1,1,1,1,1,1,1,1,1,1,1,1,1,2,1,1,1,1,2,1,1,1,1,1,1,1,1,1,1,1,1,1,2,1
"PTHR13196_SF24",1,1,1,1,1,1,1,1,1,1,1,1,1,1,1,1,1,1,1,1,1,2,1,1,1,1,1,1,1,1,1,1,2,1,1,1,1,1,1,1,1,1,2,1,1
"PTHR13198",1,1,1,1,1,1,1,1,1,1,1,1,1,1,1,1,1,1,1,1,1,1,1,1,1,1,1,1,1,1,1,1,1,1,1,1,1,1,1,1,1,1,1,1,1
"PTHR13199_SF12",1,1,1,1,1,1,1,1,1,1,1,1,1,1,1,1,1,1,1,1,1,1,1,1,1,1,1,1,1,1,1,1,1,1,1,1,1,1,1,1,1,1,1,1,1
"PTHR13199_SF13",1,1,1,1,1,1,1,1,1,1,1,1,1,1,1,1,1,1,1,1,1,1,1,1,1,1,1,1,1,1,1,1,1,1,1,1,1,1,1,1,1,1,1,1,1
"PTHR13200",1,1,1,1,1,1,1,1,1,1,1,1,1,1,1,1,1,1,1,1,1,1,1,1,1,1,1,1,1,1,2,1,1,1,1,1,1,1,1,1,1,1,1,1,1
"PTHR13202",1,2,1,1,1,1,1,1,1,2,1,1,1,1,1,1,1,1,1,1,1,1,1,1,1,0,1,1,1,1,1,1,1,1,1,1,1,1,1,1,1,1,1,1,1
"PTHR13204",1,1,1,2,1,1,1,1,1,1,1,1,1,1,1,1,1,1,1,1,1,1,1,1,1,1,2,1,1,1,1,1,1,1,1,2,1,1,1,1,1,1,1,1,1
"PTHR13205",1,1,1,1,1,1,1,1,1,1,1,1,1,1,1,1,1,1,1,1,1,1,1,1,1,1,1,1,1,1,1,1,1,1,1,2,1,2,2,1,1,1,0,1,1
"PTHR13206",1,1,1,1,1,2,1,1,1,1,1,1,1,1,1,1,1,0,1,1,1,1,1,1,1,1,1,2,1,1,1,4,1,1,1,1,1,1,1,1,1,1,1,1,1
"PTHR13208",1,1,1,1,2,2,1,1,1,2,1,1,1,1,2,1,1,1,1,2,1,1,1,1,1,2,1,1,1,3,1,2,1,1,1,1,1,1,1,1,1,1,1,1,2
"PTHR13211",1,1,1,1,1,1,1,1,1,1,1,1,1,1,1,1,1,1,1,1,1,1,1,1,1,1,1,1,1,1,1,1,1,1,1,1,1,1,1,1,1,1,1,1,1
"PTHR13213",1,1,1,1,1,1,1,1,1,1,1,1,1,1,1,1,1,1,1,1,1,1,1,1,1,1,1,1,1,1,1,1,1,1,1,1,1,1,1,1,1,1,1,1,1
"PTHR13214",1,2,1,1,1,1,1,1,1,1,1,1,1,1,1,1,1,1,1,1,1,1,1,1,1,1,1,1,1,1,1,2,1,1,1,1,1,1,1,1,1,1,1,1,1
"PTHR13215_SF0",1,1,2,4,1,1,1,1,1,2,1,1,1,1,1,1,1,2,3,2,1,1,1,1,2,2,1,3,1,1,1,3,2,5,2,1,1,1,2,1,1,2,1,1,2
"PTHR13217",1,2,2,2,1,2,2,2,2,2,2,2,1,2,1,2,1,2,2,2,2,2,1,2,1,1,1,2,1,2,2,1,2,2,2,1,2,2,2,1,2,1,2,2,1
"PTHR13218_SF8",1,9,2,1,1,3,4,1,1,1,2,2,1,3,1,15,1,1,2,2,4,2,1,1,1,1,1,3,1,3,2,1,1,2,2,2,2,1,2,1,2,2,1,0,1
"PTHR13219",1,1,1,1,1,1,1,1,1,1,1,1,1,1,1,1,1,1,1,1,1,1,1,1,1,1,1,1,1,2,1,1,1,1,1,1,1,1,1,1,1,1,1,1,1
"PTHR13222",1,1,1,1,1,1,1,1,1,1,2,1,1,1,3,1,1,2,1,2,1,1,1,1,2,1,1,1,1,1,1,2,1,1,1,1,1,1,1,1,1,1,1,2,1
"PTHR13223",1,1,1,1,1,1,1,1,1,1,1,1,1,1,1,1,1,1,1,1,1,1,1,1,1,1,1,1,1,1,0,1,1,1,1,1,2,1,1,1,1,1,1,1,1
"PTHR13224",1,1,1,1,2,1,1,1,1,1,1,1,1,1,1,2,1,1,1,1,1,1,1,1,1,1,1,1,1,1,0,1,1,1,1,1,1,1,2,1,1,1,1,1,1
"PTHR13225",1,1,1,1,1,1,1,1,1,1,1,1,1,1,1,1,0,1,1,1,1,1,1,1,1,1,1,1,1,1,1,1,1,1,1,1,1,1,1,1,1,1,1,1,1
"PTHR13226_SF9",1,1,1,1,1,1,1,1,1,1,1,1,1,1,1,1,1,1,1,1,1,2,1,1,1,1,1,1,1,1,1,2,1,1,1,1,1,1,1,1,1,1,1,1,1
"PTHR13227",2,1,1,2,1,1,1,1,1,1,1,1,1,1,2,1,1,1,1,1,1,1,1,1,1,1,1,1,1,1,1,2,1,1,1,1,1,1,1,1,1,1,1,1,1
"PTHR13228_SF3",1,2,1,2,1,1,1,1,1,2,1,1,1,1,1,2,1,1,1,2,1,2,1,1,1,1,0,1,1,1,1,1,1,1,1,1,1,1,1,1,1,1,1,1,1
"PTHR13229_SF6",1,1,0,1,1,1,1,1,1,0,1,1,1,1,1,1,1,0,1,1,0,1,1,2,0,0,1,1,1,1,1,1,1,1,1,1,1,1,1,2,1,1,1,1,0
"PTHR13230",1,1,1,1,1,1,1,1,1,1,1,1,1,1,1,1,1,1,1,1,1,1,1,1,1,1,1,1,1,1,1,1,1,1,1,1,1,1,1,1,1,0,1,1,1
"PTHR13231",1,1,1,1,1,1,1,1,1,1,1,1,1,1,1,1,1,1,1,1,1,1,1,1,1,1,1,2,2,1,0,1,2,1,1,1,1,1,1,1,1,1,1,1,1
"PTHR13232",1,2,2,2,2,2,2,2,2,1,2,2,2,2,2,3,2,2,2,2,2,2,2,2,2,2,2,2,2,1,1,3,2,2,2,2,2,2,3,2,2,2,1,2,2
"PTHR13233",1,1,1,1,1,1,1,1,1,1,1,1,1,1,3,1,1,1,1,1,1,1,1,1,1,1,0,1,1,1,1,1,1,1,1,1,1,1,1,1,2,1,1,1,1
"PTHR13234_SF8",1,1,1,1,1,1,1,1,1,1,1,1,1,1,1,1,1,1,1,1,1,0,1,1,1,1,1,1,1,1,0,1,1,1,1,1,1,1,1,1,1,1,1,0,1
"PTHR13235",1,1,1,2,1,1,1,1,1,1,1,1,1,1,1,1,1,1,1,1,1,2,1,1,1,1,1,1,1,1,1,1,3,1,1,1,1,1,1,1,2,1,1,1,1
"PTHR13236",1,1,1,1,1,1,1,1,1,0,1,1,1,1,1,1,1,1,1,1,1,1,1,1,1,2,1,1,1,1,1,1,1,1,1,1,1,1,1,1,1,1,1,1,1
"PTHR13237_SF7",1,1,1,1,1,1,1,1,1,1,1,1,1,1,1,1,1,1,1,1,1,1,1,1,1,1,1,1,1,1,1,1,1,1,1,1,1,1,1,1,1,2,1,1,1
"PTHR13237_SF8",1,1,1,1,1,1,1,1,1,1,1,1,1,1,1,1,1,1,1,1,0,0,1,1,1,1,2,1,1,1,1,1,1,1,1,1,1,1,0,1,1,1,1,1,1
"PTHR13238",1,1,1,1,1,1,1,1,1,1,1,1,1,1,1,2,1,1,1,1,1,2,1,1,1,1,1,1,1,1,1,1,1,1,1,1,1,1,1,1,1,1,1,1,1
"PTHR13239",2,2,2,2,2,2,2,2,2,2,2,2,2,2,2,2,2,2,2,3,2,2,2,2,2,2,2,2,2,2,2,2,2,2,2,2,2,2,3,2,2,2,2,2,2
"PTHR13241",1,1,1,1,1,2,1,1,1,1,1,1,1,1,1,2,1,1,2,1,2,1,1,1,1,1,2,1,1,1,2,1,1,1,0,1,1,2,1,1,1,1,1,0,1
"PTHR13242",1,1,2,2,4,1,2,1,3,2,1,1,1,1,1,1,1,1,2,1,1,2,1,3,1,1,2,4,1,1,1,2,3,2,1,1,2,1,3,1,1,1,1,1,1
"PTHR13243_SF1",1,1,1,2,1,1,1,1,1,1,1,1,1,0,1,1,1,1,1,1,1,1,1,1,1,2,1,1,1,1,1,1,1,1,1,2,1,1,1,1,2,1,0,1,1
"PTHR13244",3,3,3,4,3,3,3,3,3,1,3,3,3,3,3,3,3,3,3,2,3,3,3,3,3,2,3,3,3,3,3,4,3,3,3,3,3,3,3,3,3,3,3,3,3
"PTHR13245_SF14",1,1,1,3,1,1,2,1,1,1,1,2,1,1,1,1,1,2,1,1,1,1,1,1,1,1,1,1,1,1,1,1,1,1,1,1,1,1,1,1,2,1,1,2,1
"PTHR13246",1,1,1,1,1,1,1,1,1,1,1,1,1,1,1,1,1,1,1,1,1,1,1,1,1,1,1,1,1,1,1,1,1,1,1,1,1,1,1,1,1,1,1,1,1
"PTHR13247",1,1,1,1,2,1,1,1,1,1,1,1,1,1,1,1,1,1,1,2,1,1,1,1,1,1,1,1,1,1,1,4,1,1,1,1,1,1,2,1,1,1,1,1,1
"PTHR13248",1,5,4,2,1,2,3,3,2,1,1,1,3,3,2,1,1,1,2,1,2,1,2,2,5,1,2,4,1,1,2,5,1,2,5,7,1,2,5,10,5,1,1,3,2
"PTHR13250",1,1,2,1,1,3,1,1,1,1,1,1,1,1,6,1,2,1,2,1,1,2,1,1,1,1,1,1,1,1,1,3,1,1,1,1,1,1,1,1,1,1,1,1,1
"PTHR13251",1,1,1,1,1,1,1,1,1,1,1,1,1,1,1,2,1,1,1,1,1,1,1,1,1,1,1,1,1,1,1,2,1,1,1,1,1,1,1,1,1,1,1,1,1
"PTHR13252",1,1,1,1,1,2,1,1,1,1,1,1,1,2,2,1,1,1,1,1,1,1,1,1,1,1,1,1,1,1,1,2,1,1,1,1,1,1,1,1,2,1,1,2,1
"PTHR13253_SF10",1,0,0,1,0,0,0,1,1,1,1,1,1,0,1,0,0,0,0,1,0,0,0,0,1,1,0,0,1,0,1,1,1,0,1,0,0,1,0,0,1,1,0,1,1
"PTHR13253_SF53",1,1,1,1,1,1,1,1,2,1,1,1,1,1,1,1,1,1,1,1,1,1,1,1,1,1,1,1,1,1,1,1,2,1,1,1,1,1,1,1,1,1,1,1,1
"PTHR13253_SF65",1,2,1,1,1,2,1,1,1,1,2,2,1,1,1,1,1,0,1,0,1,1,1,1,1,0,1,1,1,2,1,2,1,1,0,2,1,1,1,1,1,1,1,1,1
"PTHR13254",2,2,2,2,2,2,2,2,2,2,2,2,2,2,6,2,2,2,2,2,2,4,2,2,2,2,2,2,3,2,2,3,2,2,2,2,2,3,4,2,3,2,2,2,1
"PTHR13255",1,1,1,1,1,1,1,1,1,1,1,1,1,1,1,1,1,0,1,1,1,1,1,1,1,1,1,1,1,1,2,1,1,1,1,1,1,1,1,1,1,1,1,1,1
"PTHR13256_SF16",1,1,1,1,1,1,1,1,1,1,1,1,1,1,1,1,1,1,1,1,1,1,1,1,1,1,1,1,1,1,1,1,1,1,1,1,1,2,1,1,1,1,1,1,1
"PTHR13257",1,1,1,1,1,2,1,1,1,1,1,1,1,1,3,1,1,1,1,1,1,1,1,1,1,1,1,1,1,1,1,1,1,1,1,1,1,1,1,1,1,1,1,1,1
"PTHR13258",1,1,1,1,1,1,1,1,1,1,1,1,1,1,1,1,1,1,1,1,1,1,1,1,1,1,2,1,1,1,1,1,1,1,1,1,1,1,1,2,1,1,1,2,1
"PTHR13259_SF1",1,1,1,1,1,1,1,1,1,1,1,1,1,1,1,1,1,1,1,1,1,1,1,1,1,0,0,1,1,1,1,2,1,1,1,1,1,1,1,1,1,0,1,1,1
"PTHR13260",1,1,1,1,1,1,1,1,1,1,1,1,1,1,1,1,1,1,1,1,1,1,1,1,0,1,1,1,1,1,1,0,1,1,1,1,1,1,1,1,1,1,1,1,1
"PTHR13261",1,1,2,1,1,2,2,1,1,2,1,1,1,1,2,1,2,1,2,2,2,1,1,2,1,1,2,1,2,2,2,1,1,2,1,1,1,1,1,1,2,1,1,1,1
"PTHR13264",2,1,1,1,2,1,1,1,1,1,2,2,2,1,2,1,1,2,1,1,1,1,1,1,1,2,1,1,2,2,1,2,1,1,1,1,1,2,1,1,1,1,1,1,2
"PTHR13265",1,1,1,1,1,1,2,1,1,1,1,1,1,1,2,1,1,1,1,3,1,1,1,1,2,1,1,1,1,1,1,1,1,1,1,1,1,1,1,2,2,1,1,2,1
"PTHR13266",1,1,1,1,1,1,1,1,1,1,1,1,1,1,1,1,1,1,1,1,1,1,1,1,1,1,1,1,1,1,1,1,1,1,1,1,1,1,1,1,1,1,1,2,1
"PTHR13267",1,1,1,1,1,1,2,1,1,1,1,1,1,1,2,1,1,1,1,1,1,1,1,1,1,1,2,1,1,1,1,1,1,1,1,1,1,2,1,1,3,1,1,1,1
"PTHR13268",2,1,1,1,1,1,1,1,1,1,1,1,1,1,1,1,1,1,1,1,1,1,1,1,2,1,2,1,1,1,1,1,1,1,1,1,1,1,1,0,1,1,1,1,1
"PTHR13269",1,1,1,1,1,1,1,1,1,1,1,1,1,1,1,1,1,1,1,1,1,1,1,1,1,1,1,1,1,1,1,1,1,1,1,1,1,1,1,1,1,1,1,1,1
"PTHR13270",1,1,1,1,1,1,1,1,1,1,1,1,1,1,1,1,1,1,1,1,1,1,1,1,1,1,1,1,1,1,1,1,1,1,1,1,1,1,1,1,1,1,1,1,2
"PTHR13271",3,3,3,5,3,4,3,3,3,3,3,3,3,3,4,3,3,3,3,3,3,3,3,3,3,3,3,3,3,3,3,4,3,3,3,3,3,3,3,4,3,3,3,3,3
"PTHR13273",1,1,2,2,1,1,1,1,1,1,1,1,1,3,2,1,2,1,2,1,1,1,1,2,1,1,1,2,1,1,1,1,1,2,1,1,3,2,3,1,3,1,1,1,1
"PTHR13274",1,1,1,1,1,1,1,1,1,2,1,1,1,1,0,1,1,1,1,2,1,2,1,1,1,1,1,1,1,1,1,1,1,1,2,1,1,1,1,1,2,1,1,1,1
"PTHR13275",2,1,1,1,1,1,1,1,1,1,2,2,1,1,1,1,1,1,1,1,1,1,1,1,1,1,1,0,1,1,1,2,1,1,1,1,1,1,1,1,1,1,1,2,1
"PTHR13276_SF0",1,1,1,1,1,1,1,1,1,2,1,1,1,1,1,1,1,1,1,1,1,1,1,1,1,1,1,1,1,1,1,1,0,1,1,1,1,1,1,2,1,1,0,1,0
"PTHR13278",1,1,1,0,1,1,1,1,1,1,1,1,0,1,1,1,1,1,1,1,1,0,1,1,1,1,1,1,1,1,1,1,1,1,1,1,1,1,1,1,0,1,1,2,1
"PTHR13280",2,2,2,2,2,2,2,2,2,2,2,2,2,2,2,2,2,2,2,34,2,2,2,2,2,2,2,2,2,1,2,2,2,2,2,2,2,2,2,2,2,2,2,2,2
"PTHR13281",1,1,1,1,1,1,1,1,1,1,1,1,1,1,1,1,0,1,1,1,1,1,1,1,1,1,1,1,1,1,1,1,1,1,1,1,1,1,1,1,1,1,1,2,1
"PTHR13282",1,5,1,2,4,2,4,1,1,1,1,1,1,2,1,1,1,1,1,2,1,1,1,1,1,1,1,2,1,3,1,3,2,1,1,2,2,1,2,2,1,1,1,1,6
"PTHR13283",2,2,2,2,2,2,2,2,2,2,2,2,2,2,2,3,2,2,2,2,2,2,2,2,2,2,3,2,2,2,2,2,2,2,2,2,3,2,4,2,2,2,2,2,2
"PTHR13284",2,2,2,2,2,2,2,2,2,2,2,2,2,2,2,2,2,2,2,2,2,2,2,2,2,2,2,2,2,2,2,2,2,2,2,2,2,2,2,2,2,2,2,2,2
"PTHR13285",2,2,2,2,2,2,2,2,2,1,2,2,2,2,2,3,2,2,2,3,2,2,2,2,2,2,2,2,2,2,2,2,2,2,2,2,2,2,2,2,2,2,2,2,2
"PTHR13286",2,2,1,2,2,3,2,2,2,2,2,2,2,3,2,2,2,2,3,2,2,2,2,3,2,2,2,3,2,1,2,2,2,2,2,2,2,2,2,2,2,2,2,2,2
"PTHR13287",1,1,1,1,1,1,1,1,1,1,1,1,1,2,1,1,1,1,1,1,1,1,1,1,1,1,1,1,1,1,1,1,1,1,1,1,2,1,2,1,1,1,1,1,1
"PTHR13288",1,2,2,1,1,2,1,1,1,2,2,2,1,2,1,1,1,1,1,2,1,3,1,1,2,1,1,2,2,1,1,2,1,1,3,1,2,1,3,1,2,1,1,2,2
"PTHR13289",1,1,1,1,1,1,1,1,1,1,1,1,1,1,1,1,1,1,1,1,1,1,1,1,1,1,1,1,1,1,1,1,1,1,1,1,1,1,1,1,1,1,1,1,2
"PTHR13291",2,1,2,2,2,2,2,2,2,2,3,3,2,2,3,2,2,2,2,1,2,2,2,2,2,3,3,2,2,2,1,3,2,2,2,2,2,2,2,3,2,2,2,4,3
"PTHR13292",1,1,1,1,1,1,1,1,1,2,1,1,1,1,1,1,1,1,1,1,1,1,1,1,1,1,1,1,1,1,1,1,1,1,1,1,1,1,1,1,1,1,1,1,1
"PTHR13293_SF8",1,1,1,1,1,1,1,1,1,1,1,1,1,1,1,1,1,1,1,1,1,1,1,1,1,1,1,1,1,1,1,1,1,1,1,1,1,1,1,1,1,2,1,1,1
"PTHR13293_SF9",1,1,1,1,2,1,1,1,1,1,1,2,1,1,3,1,1,1,1,1,1,1,1,1,1,1,2,1,1,1,3,2,1,1,1,1,1,1,3,1,1,1,1,1,3
"PTHR13295",1,1,1,1,0,1,1,1,1,1,1,1,1,1,1,1,2,1,1,1,1,1,1,1,1,1,1,1,1,1,1,1,1,1,1,1,1,1,1,1,1,1,1,1,1
"PTHR13296",1,1,2,2,1,2,2,1,1,1,1,1,1,2,6,1,1,2,2,2,1,2,1,2,1,1,1,1,1,0,1,1,1,2,1,1,2,1,2,1,2,0,1,1,1
"PTHR13297",1,1,1,1,1,1,1,1,1,1,1,1,1,1,1,1,1,1,1,1,1,0,1,1,1,1,2,1,1,1,2,1,1,1,1,2,1,1,1,1,1,1,1,1,1
"PTHR13298",1,1,1,1,1,1,1,1,1,1,1,1,1,1,1,1,1,1,1,1,1,1,1,1,1,1,1,1,1,1,1,1,1,1,1,1,1,1,1,1,1,1,1,1,1
"PTHR13299",1,1,1,1,1,1,1,1,1,1,1,1,1,1,1,1,1,1,1,1,1,1,1,1,1,1,1,1,1,1,1,1,1,1,1,1,1,1,1,1,1,1,1,1,1
"PTHR13301_SF29",1,1,1,1,1,2,2,1,1,1,1,1,1,1,1,1,1,1,1,1,1,1,1,1,1,1,1,1,1,2,2,1,1,2,1,1,1,1,1,1,1,1,0,1,1
"PTHR13302",1,1,1,1,1,1,1,1,1,1,1,1,1,1,1,1,1,1,1,1,1,1,1,1,1,1,1,1,2,1,1,1,1,1,1,1,1,1,1,1,1,1,1,1,1
"PTHR13303",1,1,1,1,1,2,1,1,1,1,1,1,1,1,1,1,1,1,1,1,1,1,1,1,1,1,1,1,1,2,1,1,1,1,1,2,1,1,1,1,2,1,1,1,1
"PTHR13304_SF0",1,1,1,1,1,1,1,1,1,1,1,1,1,1,1,1,1,1,1,0,1,1,1,1,1,1,1,1,1,1,1,1,1,1,1,1,1,1,1,1,1,1,1,1,1
"PTHR13305_SF0",1,1,2,4,1,1,4,1,1,1,1,1,1,1,1,1,2,1,1,1,1,3,1,1,2,0,3,1,1,1,2,3,1,1,3,2,1,1,1,1,2,1,1,5,1
"PTHR13306",1,1,1,1,1,1,1,1,1,1,1,1,1,1,1,1,1,1,1,1,1,1,1,1,1,1,1,1,1,1,1,1,1,1,1,1,1,1,1,1,1,1,1,1,1
"PTHR13308_SF16",1,1,1,1,1,1,1,1,1,1,1,1,1,1,1,1,1,1,1,1,1,1,1,1,1,1,1,1,1,1,1,1,1,1,1,1,1,1,1,1,1,1,1,1,1
"PTHR13308_SF20",1,0,0,1,0,1,0,0,0,1,0,1,0,0,0,0,0,1,0,0,0,0,0,0,0,0,0,0,1,0,0,0,0,0,0,0,0,1,0,0,0,1,1,0,0
"PTHR13308_SF5",1,1,1,1,1,1,1,1,1,1,1,1,1,1,1,1,1,0,1,0,1,1,1,1,1,1,0,1,1,1,1,2,1,1,1,1,1,1,1,1,1,1,0,1,1
"PTHR13309",1,1,1,1,1,1,1,1,1,1,1,1,1,2,1,1,1,1,1,1,1,1,1,1,1,1,1,1,1,1,1,1,1,1,1,1,1,1,3,1,1,1,1,1,1
"PTHR13312_SF0",1,1,1,1,1,1,1,1,1,1,0,1,1,1,1,1,1,1,1,1,1,1,1,1,1,1,1,1,1,1,1,1,1,1,1,1,1,1,1,1,1,1,1,1,1
"PTHR13313_SF0",1,3,3,1,6,6,5,2,1,2,1,1,2,3,5,1,1,1,4,1,1,1,1,2,1,0,1,4,2,2,4,5,1,5,2,1,2,3,3,1,1,1,1,5,6
"PTHR13314",1,1,1,1,1,1,1,1,1,1,1,1,1,1,1,2,1,1,1,1,1,1,1,1,1,1,1,1,1,1,1,1,0,1,1,1,1,1,1,1,1,1,1,1,1
"PTHR13315",1,1,1,1,1,1,1,1,1,1,1,1,1,1,1,1,1,1,2,1,1,1,1,2,1,1,1,1,1,1,1,1,1,2,1,1,2,1,2,1,1,1,1,2,1
"PTHR13316",1,1,1,1,1,1,1,1,1,2,1,1,1,1,1,1,1,1,1,1,1,1,1,1,1,1,2,1,1,1,1,0,1,1,1,1,1,1,1,1,1,1,1,1,1
"PTHR13317_SF4",1,1,1,1,1,1,1,1,1,1,1,1,1,1,1,1,1,1,1,1,1,1,1,1,1,1,1,1,1,1,1,1,1,1,1,1,1,1,1,1,1,1,1,1,1
"PTHR13318",1,1,1,1,1,1,1,1,1,0,1,1,1,1,1,1,1,1,1,1,2,1,1,1,1,1,1,1,1,1,1,1,1,1,0,1,1,1,2,1,1,1,1,1,1
"PTHR13321",1,1,0,1,1,1,1,1,1,1,1,0,1,1,1,2,1,1,1,0,1,1,1,1,1,1,1,1,1,1,1,1,1,1,1,1,1,1,1,1,1,1,1,1,1
"PTHR13322",1,1,1,1,1,1,2,1,1,1,1,1,1,1,1,1,1,1,1,1,1,1,1,1,1,1,1,1,1,1,1,1,1,1,1,1,1,1,1,1,1,1,1,1,1
"PTHR13323",1,1,1,1,1,1,1,1,1,1,1,1,1,1,1,1,1,1,1,2,1,1,1,1,1,1,1,1,1,1,1,1,1,1,1,1,1,1,2,1,1,1,1,1,1
"PTHR13325",1,1,1,1,1,1,1,1,1,1,1,1,1,1,1,1,1,1,1,1,1,1,1,1,1,1,0,1,1,1,1,1,1,1,1,1,1,1,1,1,1,1,1,1,1
"PTHR13326",2,2,2,2,2,2,2,2,2,2,2,2,2,2,2,2,2,2,2,2,2,2,2,2,2,2,2,2,2,2,2,2,2,2,1,2,2,2,3,2,2,2,2,1,2
"PTHR13327",1,1,1,1,1,2,3,1,1,1,1,1,1,1,1,1,1,1,2,1,1,1,2,2,1,1,2,1,1,2,1,2,2,1,2,3,1,1,2,2,2,1,1,2,1
"PTHR13328",1,1,1,1,1,1,1,1,1,1,1,1,1,1,1,1,1,1,1,1,1,1,1,1,1,1,2,1,1,1,0,1,1,1,2,1,1,1,1,1,2,1,1,2,1
"PTHR13329",1,1,1,1,1,1,1,1,1,1,1,1,1,1,1,7,1,1,1,1,1,1,1,1,1,1,1,1,1,1,2,1,1,1,1,1,2,1,1,1,1,1,1,1,1
"PTHR13333",1,1,1,1,1,1,1,1,1,1,1,1,0,1,1,1,1,1,1,1,1,1,1,1,1,1,1,1,1,1,2,1,1,1,1,1,1,1,1,1,1,1,1,1,1
"PTHR13334",1,1,1,1,2,1,1,1,1,2,1,1,1,1,1,1,1,1,1,1,2,1,2,1,1,1,1,1,1,1,1,2,1,1,1,1,1,1,1,1,1,1,1,1,1
"PTHR13335",1,1,1,1,1,1,1,1,1,1,1,1,1,1,1,1,1,1,1,1,1,2,1,1,1,1,1,1,1,1,1,1,2,1,1,1,1,1,1,2,1,1,1,2,1
"PTHR13336",2,2,2,3,2,2,2,2,2,2,2,2,2,2,4,2,2,2,2,2,2,2,2,2,3,2,2,2,1,2,2,2,2,2,3,2,2,2,2,2,3,1,2,2,2
"PTHR13337_SF2",1,1,2,2,1,1,1,1,1,1,1,1,1,6,1,2,3,1,1,1,1,1,1,2,1,0,1,3,1,1,3,4,1,2,2,1,3,2,4,1,2,1,1,1,1
"PTHR13338",1,1,3,3,1,2,3,1,1,1,1,1,1,3,1,1,1,1,2,1,1,1,1,4,1,0,1,2,1,2,2,1,1,2,1,1,3,1,3,2,1,1,1,1,1
"PTHR13340",1,1,1,1,1,1,1,2,2,1,1,1,1,1,1,1,2,1,1,1,1,1,1,1,2,1,2,1,1,1,1,1,1,1,1,1,0,1,2,1,0,1,1,1,1
"PTHR13341_SF4",1,1,1,1,0,1,1,1,1,1,1,1,1,1,1,1,0,1,1,0,1,1,1,1,1,1,1,1,1,1,1,1,1,1,1,1,1,1,2,1,1,1,1,1,1
"PTHR13341_SF7",2,1,1,1,1,1,1,1,1,1,1,1,1,3,1,3,1,1,1,1,1,2,1,1,1,1,3,1,1,1,1,1,1,1,1,1,3,1,4,1,1,1,1,0,1
"PTHR13342",2,4,2,1,4,3,2,1,1,0,1,1,1,3,4,1,2,1,3,1,2,3,1,3,1,1,1,1,2,0,2,2,1,4,2,1,2,2,3,1,1,1,1,2,3
"PTHR13343",2,2,2,2,2,2,2,1,2,2,2,2,2,2,2,2,2,2,2,1,2,2,2,2,2,1,3,1,3,2,1,2,2,2,2,2,2,2,2,2,2,2,2,2,2
"PTHR13344",1,1,1,1,1,1,1,1,1,1,1,1,1,2,1,1,1,1,1,1,1,2,1,1,1,1,1,1,1,1,1,1,1,1,1,1,1,1,1,1,1,1,1,2,1
"PTHR13347",1,1,1,1,1,1,1,1,1,1,1,1,1,1,1,1,1,1,1,2,1,1,1,1,1,1,1,1,1,1,1,1,1,1,1,1,1,1,1,1,1,1,1,1,1
"PTHR13348_SF0",2,1,1,2,1,1,1,1,1,1,1,1,1,1,1,1,1,1,1,1,1,1,1,1,0,3,1,0,2,1,1,1,1,1,1,2,1,1,1,1,1,1,1,1,1
"PTHR13349",1,1,1,1,1,1,1,1,1,2,1,2,1,1,5,1,1,2,3,1,1,2,1,3,1,1,1,1,1,1,1,3,1,1,1,1,2,1,1,1,1,1,1,1,1
"PTHR13350",1,1,1,1,1,1,1,1,1,1,2,1,1,1,1,1,1,1,1,1,1,1,1,1,1,1,1,1,1,1,1,1,1,1,1,1,1,1,1,1,1,1,1,1,1
"PTHR13351",1,2,2,1,1,2,1,2,1,1,1,1,1,2,1,1,1,1,2,1,1,1,1,2,1,1,1,2,1,1,1,2,1,2,1,1,2,1,2,1,1,1,1,1,1
"PTHR13353",1,1,1,1,1,1,1,2,1,1,1,1,1,1,1,1,1,1,1,1,1,1,1,1,1,1,1,1,1,1,1,1,1,1,1,1,1,1,1,2,1,1,1,1,1
"PTHR13354",2,2,2,1,2,1,2,2,2,2,2,2,1,2,2,2,2,2,2,2,2,1,2,1,2,2,2,2,2,2,2,2,1,2,2,2,2,1,2,2,1,2,1,2,2
"PTHR13355",1,1,2,1,1,1,1,1,1,1,1,1,1,1,2,1,1,1,1,1,1,2,1,2,1,1,1,1,1,1,2,4,1,1,2,2,1,1,1,1,2,1,1,1,1
"PTHR13356_SF1",1,1,1,1,1,1,1,1,1,1,1,1,1,1,2,1,2,1,1,1,1,1,1,1,1,1,1,1,1,1,2,1,1,1,1,1,1,1,1,1,1,1,1,1,1
"PTHR13356_SF3",1,1,1,1,1,1,1,1,1,1,1,1,1,1,1,1,1,1,1,1,1,1,1,1,1,2,1,1,1,1,1,2,1,1,2,1,1,1,1,1,1,1,1,2,1
"PTHR13357",1,1,1,1,1,1,1,1,1,1,1,1,1,1,1,1,1,1,1,0,1,1,2,1,1,1,1,1,1,1,0,1,1,1,1,1,1,1,1,1,1,1,1,1,1
"PTHR13359",1,1,1,1,1,2,1,1,1,1,1,1,1,1,1,1,1,1,3,2,1,1,1,3,1,1,1,1,1,1,1,1,1,2,1,1,1,1,1,1,1,1,1,1,2
"PTHR13360",1,1,1,1,1,1,1,1,1,1,1,1,1,1,1,1,1,1,1,1,1,1,1,1,1,1,1,1,1,1,1,1,1,1,1,1,1,1,1,1,1,1,1,1,1
"PTHR13361",1,1,1,2,3,2,1,0,0,1,0,0,0,4,2,1,2,0,4,1,0,2,1,2,0,0,3,2,1,0,0,2,0,4,3,0,4,1,4,0,5,1,0,1,0
"PTHR13362",1,1,1,2,3,2,3,1,1,1,1,1,1,1,3,1,2,1,1,3,2,1,1,1,6,1,2,2,1,1,3,0,1,1,1,3,1,1,2,1,4,1,0,1,3
"PTHR13363_SF0",1,1,1,1,1,1,1,1,1,1,1,1,1,1,1,1,1,1,1,1,1,1,1,1,1,1,1,1,1,1,1,1,1,1,1,1,1,1,1,1,1,1,1,1,1
"PTHR13363_SF1",1,1,1,1,1,1,1,1,1,0,1,1,1,1,1,1,1,1,1,1,1,1,1,1,1,1,1,1,1,1,2,3,1,1,1,1,1,2,1,1,1,1,1,1,1
"PTHR13364",1,1,1,2,1,1,1,1,1,1,1,1,1,1,1,1,1,1,1,1,1,1,1,1,1,1,1,1,1,1,1,1,2,1,1,1,1,1,1,1,1,1,1,1,1
"PTHR13366",1,1,1,1,1,1,1,1,1,1,1,1,1,1,1,1,1,1,2,1,1,1,1,1,1,1,1,3,1,1,1,1,1,1,1,1,1,1,2,1,1,1,1,2,1
"PTHR13367_SF11",1,1,1,1,1,1,1,1,1,1,1,1,1,1,1,1,1,1,1,1,1,1,1,1,1,1,1,1,1,1,1,1,1,1,1,1,1,1,1,1,1,1,1,2,1
"PTHR13367_SF3",1,1,1,1,1,1,1,1,1,1,1,1,1,1,2,1,1,1,1,1,1,1,1,1,1,1,2,1,1,1,1,1,1,1,1,1,1,1,1,1,1,1,1,2,1
"PTHR13367_SF9",2,1,1,1,1,1,1,1,1,1,1,1,1,1,1,1,1,1,1,0,1,1,1,1,1,1,1,1,1,1,1,1,1,1,1,1,1,1,1,1,1,1,2,1,1
"PTHR13369",1,1,1,1,1,1,1,1,1,1,1,1,1,1,1,1,1,1,1,1,1,1,1,1,1,1,1,1,1,1,1,1,1,1,1,1,1,1,1,1,1,1,1,1,1
"PTHR13370_SF3",1,1,1,2,1,1,1,1,1,1,1,1,1,1,1,1,1,1,1,1,1,1,1,1,1,1,1,2,1,1,1,1,1,1,1,1,1,1,1,1,1,1,1,1,1
"PTHR13371",1,1,1,1,1,1,1,1,1,2,1,1,1,1,1,1,1,1,1,1,1,1,1,1,1,1,1,1,1,1,1,1,1,1,1,1,1,1,1,1,1,1,1,2,1
"PTHR13372",3,3,3,3,3,3,3,3,3,3,3,3,3,3,3,3,4,3,3,2,3,3,3,3,3,3,4,3,3,3,3,3,4,3,3,3,3,3,3,3,3,3,2,3,3
"PTHR13373",1,1,1,1,1,1,1,1,2,1,1,1,1,1,1,1,1,1,1,1,1,1,1,1,1,1,1,1,1,1,1,1,1,1,1,1,1,1,1,1,1,1,1,1,1
"PTHR13374",1,1,1,1,1,1,1,2,2,1,1,1,1,1,1,2,2,1,1,2,1,1,1,1,1,1,1,0,1,1,1,1,1,1,1,1,1,1,1,1,1,1,1,1,1
"PTHR13375_SF3",1,1,1,1,1,1,1,1,1,1,1,2,1,1,2,1,1,1,1,1,1,1,1,1,1,1,1,1,1,1,1,3,1,1,1,1,1,2,1,1,2,1,1,1,1
"PTHR13376",1,1,1,2,1,1,1,1,1,1,1,1,1,1,1,1,1,1,1,1,1,1,1,1,1,1,1,1,1,1,2,1,1,1,1,1,1,1,1,1,2,1,1,1,1
"PTHR13377",1,1,1,1,1,1,1,1,1,1,1,1,1,1,1,1,1,1,1,1,1,1,1,1,1,1,1,1,1,0,1,1,1,1,1,1,1,1,1,4,1,1,1,1,1
"PTHR13378",1,1,1,1,1,1,2,1,1,1,1,1,2,2,2,1,1,1,1,1,1,1,1,1,1,1,2,2,1,1,1,2,1,1,1,1,1,3,1,1,2,1,1,1,1
"PTHR13379",1,1,1,3,1,1,1,1,1,1,1,1,1,1,1,1,1,1,1,1,1,1,1,1,1,1,1,1,1,1,1,1,1,1,0,1,1,1,1,1,2,1,1,1,1
"PTHR13381",2,1,1,1,1,1,1,1,1,2,1,1,1,2,1,1,2,1,1,2,1,1,1,1,1,1,1,1,1,1,1,1,1,1,1,1,2,1,2,1,1,1,1,1,1
"PTHR13382",1,1,1,1,1,1,1,1,1,1,1,1,2,1,1,1,1,1,1,1,1,2,1,1,1,1,1,1,1,1,1,1,1,1,1,1,1,2,1,1,1,1,1,1,1
"PTHR13383",1,2,2,1,1,2,2,1,1,2,1,1,1,1,1,1,1,1,2,1,2,1,1,1,1,1,0,1,1,1,1,2,1,2,1,1,1,1,1,1,1,1,1,1,1
"PTHR13384",1,1,1,1,1,1,1,1,1,1,1,1,1,1,1,1,1,1,1,1,1,1,1,1,1,1,1,1,1,1,1,1,1,1,1,1,1,1,1,1,1,1,1,2,1
"PTHR13385",1,1,1,1,1,2,1,1,1,2,1,1,1,2,1,1,1,1,1,1,1,1,1,1,1,1,1,1,1,1,2,1,1,1,1,1,2,1,2,1,1,1,1,1,1
"PTHR13386",1,2,1,2,1,1,1,1,2,1,1,2,1,3,1,1,2,1,1,2,1,1,1,1,1,1,1,1,0,1,1,1,1,1,1,1,1,1,1,1,2,1,1,1,1
"PTHR13387",1,1,1,1,0,1,1,1,1,1,1,1,1,1,1,1,1,1,1,1,1,1,1,1,1,1,1,1,1,1,1,1,1,1,1,1,1,1,1,1,1,1,1,1,1
"PTHR13388_SF2",1,1,1,1,1,1,1,1,0,1,1,1,1,1,1,1,0,1,1,0,1,1,1,1,1,1,1,1,1,1,1,0,1,1,1,1,0,1,1,1,1,1,1,1,1
"PTHR13388_SF4",2,1,1,1,1,1,1,1,1,3,1,1,1,1,1,1,1,1,1,0,1,1,1,1,1,1,1,1,1,2,1,0,1,1,1,1,1,1,1,1,1,1,1,1,1
"PTHR13388_SF5",1,1,1,1,1,1,1,1,1,5,1,1,1,1,1,1,1,2,1,0,1,1,1,1,1,1,1,1,2,1,1,0,1,1,1,1,1,1,1,1,1,1,1,1,1
"PTHR13388_SF6",1,1,1,1,1,1,1,1,1,1,1,1,1,1,1,1,1,1,1,0,1,1,1,1,1,1,1,1,1,1,1,1,1,1,1,1,1,1,1,1,1,1,1,1,1
"PTHR13388_SF7",1,1,1,1,1,1,1,1,1,1,1,1,2,1,1,1,1,1,1,1,1,1,1,1,1,1,1,1,1,1,1,1,1,1,1,1,1,1,1,1,1,1,1,2,1
"PTHR13389",1,1,1,1,1,1,1,1,2,1,1,1,0,1,2,1,1,1,1,1,1,1,1,1,2,1,1,1,1,1,3,2,2,1,1,2,1,1,1,2,1,1,1,2,1
"PTHR13390",2,1,1,1,1,1,1,1,1,1,1,1,1,1,1,1,1,0,1,1,1,1,1,1,0,1,2,1,1,1,1,1,1,1,1,1,1,1,1,1,1,1,1,2,1
"PTHR13391",1,1,1,1,1,1,2,1,1,1,1,1,1,2,1,1,1,1,2,1,2,1,1,1,1,1,1,2,1,1,1,1,1,2,1,1,1,0,1,1,1,1,0,1,1
"PTHR13392",2,2,2,2,2,2,2,2,2,2,2,2,2,2,2,2,2,2,2,2,2,2,2,2,2,2,3,2,2,2,2,2,2,2,1,2,1,2,2,3,3,2,1,1,2
"PTHR13393_SF0",1,2,1,1,1,3,1,1,1,1,1,1,1,1,1,1,2,1,1,1,1,1,1,1,1,1,2,1,1,3,1,3,1,1,1,1,1,1,1,1,2,1,1,1,1
"PTHR13394",1,1,1,1,1,1,1,1,1,1,1,1,1,1,2,1,1,1,1,1,1,2,1,1,1,1,1,2,1,1,1,2,1,1,1,1,1,1,1,1,1,1,1,1,1
"PTHR13395",1,1,1,1,1,2,1,1,0,1,1,1,1,1,1,1,1,1,1,1,1,1,1,1,0,1,1,1,1,1,1,1,1,1,1,1,1,1,1,1,1,1,1,1,1
"PTHR13396",2,2,2,6,2,2,2,2,2,2,2,2,2,2,4,2,3,2,2,2,2,2,2,2,2,2,2,2,3,2,2,2,2,2,4,3,2,2,2,2,2,2,2,2,2
"PTHR13398",1,1,1,1,2,1,2,1,1,1,1,1,1,1,1,1,1,1,1,1,1,1,1,1,1,1,1,1,3,1,1,1,1,1,1,1,1,1,1,1,1,1,1,2,1
"PTHR13399",1,1,1,4,2,1,3,1,1,2,1,1,1,1,2,1,1,1,2,1,1,1,1,2,1,1,1,1,1,1,1,1,1,1,1,1,1,1,1,1,3,1,1,1,2
"PTHR13400",2,2,2,2,2,2,2,2,2,2,3,2,2,2,2,2,2,2,2,2,2,2,2,2,2,2,2,2,2,1,2,3,2,2,2,2,2,2,2,2,2,2,2,2,2
"PTHR13401",2,1,1,1,1,1,1,1,1,1,1,1,1,1,1,1,2,1,1,1,1,1,1,1,1,1,1,1,1,1,1,3,1,1,1,1,1,1,1,1,2,1,1,3,1
"PTHR13402_SF7",1,1,1,1,1,1,1,1,1,1,1,1,1,1,1,1,1,1,1,1,1,1,1,1,1,1,1,1,1,1,0,1,1,1,1,1,1,0,1,1,1,1,1,1,1
"PTHR13402_SF8",1,1,1,1,1,1,1,1,1,1,1,1,1,1,1,1,1,1,1,1,1,1,1,1,1,1,1,1,1,1,1,1,1,1,1,1,1,1,1,1,1,1,1,1,1
"PTHR13403",1,1,1,2,1,1,1,1,1,1,1,1,1,1,1,1,1,1,1,3,1,1,1,1,1,1,1,1,1,1,1,1,1,1,1,1,1,1,1,1,2,1,1,1,1
"PTHR13405",1,1,1,1,1,1,1,1,1,1,1,1,1,1,1,1,1,1,1,1,1,1,1,1,1,1,1,1,1,2,1,1,1,1,1,1,1,1,1,1,1,1,1,2,1
"PTHR13407",2,2,2,2,2,2,2,2,1,2,2,2,2,2,2,2,2,2,2,2,2,2,1,2,1,2,1,2,2,2,2,1,2,2,1,1,2,2,2,1,2,1,2,1,2
"PTHR13408",1,1,1,1,1,1,1,1,1,1,1,2,1,1,1,1,1,1,1,1,1,1,1,1,1,1,1,1,1,2,1,1,1,1,1,1,1,1,1,1,1,1,1,1,1
"PTHR13409_SF0",1,1,1,1,1,1,1,1,1,1,1,1,1,1,1,1,1,1,1,0,1,1,1,1,1,1,1,2,1,1,1,1,1,1,1,1,1,1,1,1,1,1,1,1,1
"PTHR13410",1,1,1,1,2,1,2,2,1,1,1,1,1,1,1,1,1,1,1,1,1,1,1,1,2,1,1,1,1,1,2,3,2,1,2,1,1,1,1,1,2,1,1,1,2
"PTHR13411",1,0,1,1,1,1,1,1,1,2,1,1,1,1,1,1,1,1,1,1,1,1,1,1,1,0,1,1,1,1,1,1,1,1,1,1,1,1,1,1,1,1,1,1,1
"PTHR13412",1,1,1,1,1,1,1,1,1,1,1,1,1,1,1,1,1,1,1,1,1,1,1,1,1,1,1,1,1,1,1,1,1,1,1,1,1,1,1,1,1,1,1,1,1
"PTHR13413",1,1,1,1,1,1,1,1,1,1,1,1,1,1,1,1,1,1,1,1,1,1,1,1,1,1,1,1,1,1,1,1,1,1,1,1,1,1,1,1,1,1,1,1,1
"PTHR13414",1,1,1,1,1,1,1,1,1,1,1,1,1,1,2,1,1,1,1,1,1,1,1,1,1,1,1,1,1,1,1,1,1,1,1,1,1,1,1,1,1,1,1,1,1
"PTHR13415",1,1,1,1,1,1,1,1,1,1,1,1,1,1,1,1,1,1,1,2,1,1,1,1,1,1,1,1,1,1,1,1,1,1,1,1,1,1,1,1,2,1,1,1,1
"PTHR13416",1,1,1,1,1,1,1,1,1,1,1,1,1,1,1,2,1,1,1,1,1,0,1,1,1,1,1,1,1,1,1,1,1,1,1,1,1,1,1,1,1,1,1,1,1
"PTHR13417_SF2",1,1,1,1,1,2,1,1,1,1,1,1,1,1,3,1,1,1,1,1,1,1,1,1,1,1,1,1,1,2,1,1,2,1,1,2,1,1,1,1,2,1,1,1,1
"PTHR13419",2,2,2,2,2,2,2,2,1,1,2,2,2,2,2,2,2,2,2,2,2,2,2,2,2,2,3,2,1,1,1,2,2,2,2,2,2,2,2,3,2,2,2,2,2
"PTHR13420_SF2",1,1,1,1,1,1,3,1,1,3,1,1,1,1,1,1,1,1,2,2,2,1,1,2,1,1,1,2,1,1,1,3,2,2,1,2,1,1,1,1,1,1,1,1,1
"PTHR13421",1,1,1,1,1,1,1,1,1,1,1,1,1,1,1,1,1,1,1,1,1,1,1,1,1,1,1,1,1,1,1,1,1,1,1,1,1,1,1,1,2,1,1,1,1
"PTHR13422",1,1,1,1,3,3,1,1,1,2,1,1,2,3,3,2,4,1,1,1,1,2,1,1,2,1,1,3,2,1,1,3,2,3,1,1,2,5,4,2,1,1,1,1,1
"PTHR13423",1,1,1,1,1,1,1,1,1,1,1,1,1,1,1,1,1,1,1,0,1,1,1,1,1,0,1,1,1,1,1,1,1,1,1,1,1,1,1,1,1,1,1,1,1
"PTHR13425",1,1,1,1,1,1,1,1,1,1,1,1,1,1,3,1,1,1,1,1,1,1,1,1,1,1,1,1,1,1,1,1,1,1,1,1,1,1,1,1,1,1,1,1,1
"PTHR13428_SF5",1,1,1,1,1,1,1,0,1,0,1,1,1,1,1,1,1,1,1,1,1,1,1,1,1,1,1,1,1,1,0,1,1,1,2,1,1,1,1,1,1,1,1,1,1
"PTHR13428_SF8",1,1,1,1,1,1,1,1,1,2,1,1,1,1,1,1,1,1,1,2,1,1,1,1,1,1,1,1,1,1,1,1,1,1,1,1,1,1,1,1,1,1,1,1,1
"PTHR13428_SF9",1,1,1,1,1,1,1,1,1,1,1,1,1,1,1,1,1,1,1,1,1,1,1,1,1,1,2,1,1,1,1,1,1,1,1,1,1,1,1,1,1,1,1,1,1
"PTHR13429",1,1,1,1,1,1,1,0,0,1,1,1,1,1,0,1,1,1,1,0,1,0,0,1,0,0,1,1,0,1,0,0,0,1,1,0,1,1,1,0,0,1,1,1,1
"PTHR13430",1,1,2,1,1,1,1,1,1,1,1,1,1,1,3,1,1,1,1,1,1,1,1,1,1,1,1,1,1,1,1,1,1,1,1,1,1,1,1,1,1,1,1,1,1
"PTHR13434",1,1,1,1,1,1,1,1,1,1,1,1,1,1,1,1,1,1,1,1,1,1,1,1,1,1,1,1,1,1,1,1,1,1,1,1,1,1,1,1,1,1,1,1,1
"PTHR13436",3,3,3,3,4,4,3,3,3,3,2,3,3,3,3,3,3,3,3,3,3,3,3,3,3,3,3,3,3,3,2,3,3,3,3,3,3,3,3,3,3,3,3,3,4
"PTHR13437",1,1,1,1,1,1,1,1,1,3,1,1,1,1,1,1,1,1,1,1,1,1,2,1,1,3,1,1,1,1,1,1,1,1,1,1,1,1,1,1,1,1,1,1,1
"PTHR13438",1,1,1,1,2,1,1,1,1,1,1,1,1,1,1,1,2,1,1,1,1,1,1,1,1,1,1,1,1,1,1,4,1,1,1,1,1,2,2,1,1,1,1,2,2
"PTHR13439",6,6,6,6,6,6,5,6,6,4,5,5,6,5,5,10,5,6,6,4,6,5,6,6,6,6,6,4,6,5,5,6,5,5,6,5,6,6,6,6,6,6,6,5,5
"PTHR13440",1,1,1,0,1,1,1,0,0,1,1,1,1,1,0,1,1,1,1,1,1,0,1,1,1,1,1,0,1,0,0,0,1,0,1,1,1,1,2,1,0,1,0,1,1
"PTHR13447",1,1,1,1,1,1,1,1,1,1,1,3,1,1,1,1,1,1,1,1,1,1,1,1,1,1,1,1,1,0,1,1,1,1,1,1,1,1,1,1,1,1,1,2,1
"PTHR13448",1,1,1,1,1,1,1,1,1,1,1,1,1,1,1,1,1,1,2,1,1,1,1,2,1,1,1,1,1,1,1,1,1,2,1,1,1,1,1,1,1,1,1,1,1
"PTHR13449",1,1,1,1,1,1,1,1,1,1,1,1,1,1,1,1,1,1,1,1,1,1,1,1,1,1,1,1,1,1,1,1,1,1,1,1,1,1,1,1,1,1,1,1,1
"PTHR13450_SF1",1,2,1,3,3,1,2,1,2,2,1,1,2,1,2,1,1,1,1,3,1,5,1,1,2,0,1,1,3,1,5,3,7,1,1,3,1,4,1,3,3,2,1,1,3
"PTHR13451",1,1,1,1,1,1,1,1,1,1,1,1,1,1,1,1,1,1,1,1,1,1,1,1,1,1,1,1,1,1,1,1,2,1,1,1,1,1,1,1,1,1,1,1,1
"PTHR13452",1,1,2,2,1,1,1,1,2,1,2,1,1,2,2,1,1,1,2,1,1,2,1,2,1,1,1,1,1,1,2,1,1,2,1,1,2,2,2,2,2,1,1,2,1
"PTHR13453",1,1,1,1,1,1,1,2,1,1,1,1,1,1,2,1,1,1,1,1,1,1,1,1,1,2,2,1,1,1,1,3,1,1,1,1,1,1,1,2,1,1,1,1,1
"PTHR13454",1,1,1,1,1,1,1,1,1,1,1,1,1,1,1,1,2,1,1,1,1,2,1,1,1,1,1,1,1,1,1,1,1,1,1,1,1,1,1,1,1,1,1,1,1
"PTHR13455",2,2,3,2,2,2,2,2,2,2,2,2,2,2,2,3,2,2,4,2,2,2,2,3,2,2,2,2,2,2,2,2,2,3,2,2,2,2,3,2,2,2,2,5,2
"PTHR13456_SF0",1,2,1,2,1,1,2,1,1,1,1,0,2,1,1,1,1,1,1,0,1,1,1,1,1,0,1,2,1,0,2,1,1,1,1,1,1,2,1,1,1,0,1,1,1
"PTHR13457",1,2,1,1,1,1,1,1,1,1,1,1,1,1,1,1,1,1,1,2,1,1,1,1,1,1,1,1,1,1,1,2,1,1,1,1,1,1,1,1,1,1,1,2,1
"PTHR13459",1,1,1,1,1,2,1,1,1,3,1,1,1,1,1,1,1,1,1,1,1,1,1,1,1,1,1,1,1,2,1,1,1,1,1,1,1,1,1,1,1,1,1,1,2
"PTHR13460",1,1,1,1,1,1,1,1,1,1,1,1,1,1,1,1,1,1,1,1,1,1,1,1,1,1,1,1,1,1,1,1,1,1,1,1,1,1,1,1,1,1,1,1,1
"PTHR13462_SF13",1,1,1,2,1,1,1,1,1,1,1,1,1,1,2,1,1,1,1,1,1,1,1,1,1,1,1,1,1,1,1,1,1,1,1,1,1,1,1,1,1,1,1,1,1
"PTHR13462_SF6",2,1,1,1,1,1,1,1,1,1,1,1,1,1,1,1,1,1,1,1,1,2,1,1,1,1,1,1,1,1,1,1,1,1,1,1,1,1,1,1,1,1,1,1,1
"PTHR13463",1,0,1,1,1,1,1,1,1,1,1,1,1,1,1,1,1,1,1,1,1,2,1,1,1,0,1,1,2,1,1,1,1,1,1,2,1,1,1,2,1,1,1,1,1
"PTHR13464",1,1,1,1,1,1,1,1,1,1,1,1,1,1,1,1,1,1,1,1,1,1,1,1,1,1,1,1,1,1,1,1,1,1,3,1,1,1,1,1,1,1,1,3,1
"PTHR13465",2,2,2,3,2,2,2,2,2,2,2,2,2,2,3,2,2,2,2,5,2,2,2,2,2,2,1,2,2,2,2,2,2,2,2,2,2,2,2,2,2,2,2,2,2
"PTHR13466_SF2",1,1,1,1,1,1,1,1,1,1,1,1,1,1,2,1,1,1,1,1,1,1,1,1,1,1,1,1,1,1,1,2,1,1,1,2,1,1,1,1,1,1,1,1,1
"PTHR13467",1,1,1,1,1,1,1,1,1,1,1,1,1,1,1,1,1,1,1,1,1,1,2,1,1,1,1,1,1,1,1,1,1,1,1,1,1,1,1,1,1,1,1,1,1
"PTHR13468",1,1,2,1,2,1,1,2,1,2,1,1,1,1,3,1,1,1,4,1,2,1,1,4,1,1,1,1,1,1,1,1,1,6,1,2,1,1,1,1,1,1,1,1,1
"PTHR13469",2,2,2,2,2,2,4,0,1,2,2,2,2,2,1,2,2,2,2,2,2,1,2,2,2,2,2,2,2,1,1,1,2,2,2,2,2,2,2,2,2,2,1,2,2
"PTHR13471",1,1,1,1,1,1,1,1,1,1,1,1,1,1,1,1,1,1,1,1,1,1,1,1,1,1,1,1,1,1,1,1,1,1,1,1,1,1,1,1,1,1,1,1,1
"PTHR13473",1,1,2,2,2,1,1,1,1,1,1,1,1,2,1,1,1,1,1,1,2,2,1,2,1,2,3,2,1,1,2,1,2,2,1,1,1,1,1,1,1,1,1,1,4
"PTHR13475",1,1,1,1,1,1,1,1,1,1,1,1,1,1,1,1,1,1,3,2,2,1,1,1,1,1,2,1,1,1,1,1,0,3,0,1,1,1,1,1,1,1,0,1,2
"PTHR13476",1,1,1,1,1,1,2,1,1,2,1,1,1,1,3,1,1,1,1,1,1,2,1,1,1,1,1,1,1,1,1,4,1,1,1,1,1,1,1,1,1,1,1,1,1
"PTHR13477_SF0",1,1,1,1,1,1,1,1,1,2,1,1,1,1,1,1,1,1,2,1,1,2,1,1,1,1,1,1,1,1,1,3,1,2,1,2,1,1,1,1,1,1,1,1,1
"PTHR13480",1,1,1,1,1,1,1,1,1,0,1,1,1,2,1,2,1,2,1,1,2,1,1,1,1,2,1,1,1,1,1,2,1,1,2,1,2,1,2,1,1,1,1,1,1
"PTHR13481",1,1,2,1,2,1,2,1,1,1,1,1,1,1,1,1,1,1,1,3,1,1,1,1,1,1,1,1,1,1,1,1,1,2,1,1,1,1,1,1,2,1,1,1,1
"PTHR13482",1,1,1,1,1,1,1,1,1,1,1,1,1,1,1,1,1,1,1,1,1,1,4,1,1,1,1,1,1,1,1,1,1,1,1,1,1,1,1,1,1,1,1,1,1
"PTHR13483",1,1,1,1,1,1,1,1,1,1,1,1,1,1,1,1,1,1,1,1,1,1,1,1,1,1,1,1,1,1,1,1,1,1,1,1,1,1,1,1,1,1,1,2,1
"PTHR13486",1,1,1,1,2,1,2,1,1,1,1,1,1,1,2,1,2,1,1,1,1,2,1,1,1,1,1,1,1,1,1,2,2,1,1,1,1,1,1,1,1,1,1,2,2
"PTHR13487",1,1,1,1,1,1,1,1,1,1,1,1,1,1,1,1,1,1,1,1,1,1,1,1,1,1,1,1,1,1,1,1,1,1,1,1,1,1,1,1,1,1,1,1,1
"PTHR13489",1,1,1,1,2,1,1,1,1,1,1,1,1,1,2,1,1,1,1,1,1,1,1,1,1,1,1,1,1,1,1,1,1,1,1,1,1,1,1,1,1,1,1,1,1
"PTHR13490",1,1,1,1,1,2,1,1,1,1,1,1,1,1,4,1,1,1,1,1,1,2,1,1,1,1,1,1,2,1,1,1,1,1,2,1,2,1,1,1,1,1,1,1,1
"PTHR13492",1,1,1,1,1,1,1,1,1,1,1,1,1,1,1,1,1,1,1,1,1,1,1,1,1,1,1,1,1,1,1,1,1,1,1,1,1,1,1,1,1,1,1,1,1
"PTHR13493",1,1,1,1,1,1,1,1,1,1,1,1,1,1,1,1,1,1,1,1,1,1,1,1,0,1,1,1,1,1,1,1,1,1,1,1,1,1,1,1,1,1,1,1,1
"PTHR13495",1,2,2,1,1,1,1,1,2,1,1,1,1,2,4,1,1,1,2,1,2,2,1,2,1,1,1,2,1,1,1,4,1,1,1,1,2,1,2,1,1,1,1,1,1
"PTHR13497",1,1,1,2,1,1,1,1,1,1,1,1,1,1,1,1,1,1,1,1,1,1,1,1,1,1,2,1,1,1,1,1,1,1,1,1,1,1,1,1,1,1,1,1,1
"PTHR13498",1,1,1,1,1,1,1,1,1,1,1,1,1,1,2,1,1,1,1,1,1,1,1,1,2,1,1,1,1,1,2,3,1,1,1,1,1,3,1,1,0,0,1,1,1
"PTHR13500_SF0",1,1,1,1,1,1,1,1,1,1,1,1,1,1,1,1,1,1,1,1,1,1,1,1,1,1,1,1,1,1,1,1,1,1,1,1,1,1,1,1,1,1,1,1,1
"PTHR13501_SF0",1,1,1,1,2,1,1,1,1,1,1,1,1,1,1,1,1,1,1,1,1,1,1,1,1,1,1,1,1,1,1,0,1,1,1,1,1,1,1,1,1,1,1,1,1
"PTHR13502_SF3",1,0,1,1,1,1,1,1,1,1,1,1,1,1,1,1,1,1,1,2,1,1,1,1,2,0,1,1,1,1,1,1,1,1,2,1,1,1,1,1,1,1,1,2,1
"PTHR13502_SF4",1,1,1,1,1,2,1,1,1,1,1,1,1,1,1,1,1,1,1,1,1,1,1,1,1,1,1,1,1,1,1,2,1,1,1,1,1,1,1,1,1,1,1,1,1
"PTHR13503",1,1,1,1,1,1,1,1,1,1,1,1,1,1,1,1,1,1,1,0,1,1,1,1,1,1,1,1,1,1,0,1,1,1,1,1,1,1,1,1,1,1,1,1,1
"PTHR13504",1,1,1,1,1,1,1,1,1,1,1,1,1,1,1,1,1,1,1,1,1,1,1,1,1,1,2,1,1,1,1,1,1,1,1,1,1,1,1,1,1,1,1,1,1
"PTHR13505",1,1,1,1,1,1,1,2,1,1,1,1,1,1,1,1,1,1,1,1,1,1,1,1,2,1,1,1,1,1,1,1,0,1,1,1,1,1,1,1,1,1,1,1,1
"PTHR13507_SF0",1,2,1,1,1,1,1,1,1,1,1,0,0,1,2,1,1,1,1,1,1,1,1,1,1,1,1,1,1,1,1,2,1,1,1,1,1,1,2,1,1,1,1,1,1
"PTHR13510_SF18",1,1,1,1,1,1,1,1,1,1,1,1,1,1,1,1,1,1,1,1,1,0,1,1,0,1,1,1,1,1,1,1,1,1,1,1,1,1,1,1,1,1,1,1,1
"PTHR13511",1,2,1,1,1,1,1,1,1,0,1,1,1,1,1,1,1,1,1,1,1,1,1,1,1,1,1,1,1,1,0,0,1,1,1,1,1,1,1,1,1,1,1,1,0
"PTHR13512",1,2,1,3,1,1,2,1,1,2,1,1,1,1,1,1,2,1,1,3,1,1,1,1,1,1,1,1,1,1,2,1,1,1,1,2,1,1,1,1,2,1,1,1,1
"PTHR13513",1,1,1,2,1,1,1,1,1,1,1,1,1,1,1,4,1,1,1,3,1,1,1,1,1,1,1,1,1,1,1,1,1,1,1,1,1,1,1,1,1,1,1,1,1
"PTHR13516",2,2,2,2,3,2,2,1,1,2,2,1,2,2,2,2,3,2,3,1,1,1,2,2,2,2,2,2,2,1,2,2,2,2,2,2,2,2,2,2,2,2,1,2,2
"PTHR13518",1,1,1,1,1,1,1,1,1,1,1,1,1,1,2,1,1,1,1,1,1,1,1,1,1,1,1,1,1,1,1,1,1,1,1,1,1,1,1,1,1,1,1,1,1
"PTHR13520",1,1,1,1,1,1,1,1,1,1,1,1,1,1,1,1,1,1,1,1,1,1,1,1,1,1,1,1,0,1,1,1,1,1,1,1,1,1,2,1,1,1,1,1,1
"PTHR13521",3,3,3,3,3,3,3,3,3,3,4,5,3,3,3,3,3,3,3,3,3,3,3,3,3,3,3,3,3,3,3,3,3,3,3,3,3,3,3,3,3,3,3,3,3
"PTHR13522",1,1,1,1,1,1,1,1,1,1,1,1,1,1,1,1,1,1,1,1,1,1,1,1,1,1,1,1,1,1,1,1,1,1,1,1,1,1,1,1,1,1,1,1,1
"PTHR13523_SF3",1,2,5,1,1,3,6,1,1,4,1,1,1,2,1,1,1,3,3,3,3,1,2,4,2,1,0,3,1,2,3,2,5,3,2,3,2,1,3,3,2,5,1,2,2
"PTHR13523_SF4",1,1,1,2,1,1,2,1,1,1,1,1,1,1,1,2,1,1,1,1,1,2,1,1,1,1,1,1,1,1,0,1,1,1,1,1,0,1,2,2,3,1,1,1,0
"PTHR13524",1,1,2,1,1,1,1,1,1,1,1,1,1,1,1,1,1,1,1,2,1,1,1,1,2,1,1,1,1,1,1,1,1,1,1,1,1,1,1,1,1,1,1,1,1
"PTHR13526",3,3,3,1,4,2,3,2,1,3,3,4,4,2,1,1,0,4,3,4,3,1,1,2,2,4,2,3,3,4,3,1,2,3,1,3,2,3,3,1,1,4,1,1,3
"PTHR13527",1,1,1,1,1,1,2,1,1,1,1,1,1,1,1,1,1,1,1,1,1,1,1,1,1,1,1,1,1,1,1,0,1,1,1,1,1,1,1,1,1,1,1,2,1
"PTHR13528_SF0",1,1,1,1,1,1,2,1,1,0,1,1,1,1,1,1,1,1,1,1,1,1,1,1,1,1,1,1,1,1,0,1,1,1,1,1,1,1,1,1,1,1,1,2,1
"PTHR13530",1,1,1,1,1,1,1,1,1,1,1,1,1,1,1,1,1,1,1,1,1,1,1,1,1,1,1,1,1,1,1,1,1,1,1,1,1,1,1,1,1,1,1,1,1
"PTHR13531",3,4,3,3,2,3,3,3,3,3,3,3,3,2,3,3,3,3,3,2,3,3,3,3,3,2,3,3,3,3,2,4,3,3,2,3,3,3,3,3,3,2,3,3,3
"PTHR13532",1,1,1,1,1,1,1,1,1,1,1,1,1,1,1,1,1,1,1,1,1,1,1,1,1,1,2,1,1,1,1,1,1,1,1,1,1,1,1,1,1,1,1,1,1
"PTHR13533_SF8",1,1,1,1,1,1,1,1,1,1,1,1,1,1,1,1,1,1,1,1,1,1,1,1,1,1,1,1,1,1,1,1,1,1,1,1,1,1,1,1,1,1,1,1,1
"PTHR13539",1,1,1,1,1,2,1,1,1,2,2,1,1,1,1,1,1,1,1,1,1,1,1,1,1,1,1,1,1,1,1,1,0,1,1,1,1,1,1,2,1,1,1,1,2
"PTHR13542",1,1,1,1,1,1,1,1,1,1,1,1,1,1,1,1,1,1,1,1,1,1,1,2,2,0,1,1,2,1,5,2,1,2,1,1,1,1,1,1,1,0,1,1,1
"PTHR13544_SF0",1,1,1,1,1,1,1,1,2,1,1,1,1,2,3,1,1,1,1,0,1,1,1,1,1,2,1,1,2,1,1,3,1,1,1,1,1,1,1,1,1,1,1,1,2
"PTHR13546_SF12",1,0,1,1,1,1,1,1,0,1,1,1,1,0,1,1,1,1,1,0,1,1,1,1,1,1,1,1,1,0,0,1,1,1,1,1,0,1,1,0,1,1,1,1,0
"PTHR13546_SF13",1,1,1,1,1,1,1,1,1,1,1,1,1,1,1,1,1,1,1,1,1,1,1,1,1,1,1,1,1,1,1,1,1,1,1,1,1,1,1,1,1,1,1,1,1
"PTHR13546_SF14",1,1,1,1,1,1,1,1,1,1,1,1,1,1,1,1,1,0,1,0,1,1,2,1,2,1,1,1,1,2,4,1,2,1,2,1,1,2,1,1,1,1,1,2,1
"PTHR13547",1,1,1,1,1,1,1,1,1,1,1,1,1,1,1,2,1,1,1,1,1,1,1,1,1,1,1,1,1,1,1,1,1,1,1,1,1,1,1,1,1,1,1,1,1
"PTHR13548",1,1,1,1,1,1,1,1,1,1,1,1,1,1,1,1,1,1,1,1,1,1,1,1,1,1,1,1,1,1,1,1,1,1,1,1,1,1,1,1,1,1,1,1,1
"PTHR13551_SF1",1,1,1,1,1,1,1,1,1,0,1,1,1,1,1,1,1,1,1,1,1,2,1,1,1,1,1,1,1,1,0,1,2,1,1,1,1,1,3,1,1,1,1,2,1
"PTHR13554",1,1,1,1,2,1,1,1,1,1,1,1,1,1,1,1,1,1,1,1,1,1,1,1,1,1,1,1,1,1,1,1,2,1,1,1,1,1,1,1,1,1,1,2,1
"PTHR13555_SF21",1,1,1,1,1,1,1,1,1,0,1,1,1,1,1,1,1,1,1,1,1,1,1,1,1,1,1,1,1,1,1,1,1,1,1,1,1,1,1,1,1,1,1,1,1
"PTHR13555_SF25",1,1,1,1,1,1,1,1,1,1,1,1,1,1,1,1,1,1,1,1,1,1,1,1,1,1,1,1,1,1,1,1,1,1,1,1,1,1,1,1,1,1,1,2,1
"PTHR13555_SF26",2,1,1,1,1,1,2,1,1,1,2,1,1,0,1,1,1,2,1,1,1,1,1,1,1,1,1,1,2,1,1,1,1,1,1,2,1,1,1,1,1,1,0,1,1
"PTHR13556",1,1,1,1,2,1,1,1,1,1,3,1,1,1,1,1,1,1,1,1,1,1,1,1,2,1,1,1,1,1,1,1,1,1,1,1,1,1,1,1,1,1,1,1,3
"PTHR13557",1,1,1,1,1,1,1,0,1,1,1,1,1,1,1,1,1,1,1,1,1,1,1,1,1,1,1,1,1,2,1,0,1,1,1,1,1,1,1,1,1,1,1,1,1
"PTHR13558",1,1,1,1,1,1,1,1,1,0,1,1,1,1,1,1,1,0,1,1,1,1,2,1,1,1,1,1,1,1,0,2,1,1,1,1,1,1,1,1,1,1,1,1,1
"PTHR13559",1,1,1,1,1,1,1,1,1,1,1,1,1,1,1,1,1,1,1,1,1,1,1,1,1,1,2,1,1,1,1,1,1,1,1,1,1,1,1,1,1,1,1,1,1
"PTHR13561_SF22",1,1,1,1,1,1,1,1,1,1,1,1,1,1,1,1,1,2,1,1,1,1,1,1,1,1,1,1,1,1,1,2,1,1,1,1,1,1,1,1,1,1,1,1,1
"PTHR13561_SF25",1,1,1,1,1,1,1,1,1,1,1,1,1,1,1,1,1,2,1,1,1,1,1,1,1,1,1,1,1,1,1,1,1,1,1,1,1,1,1,1,1,1,1,1,1
"PTHR13563",3,3,2,2,3,3,3,3,2,3,3,3,3,3,3,3,3,3,2,4,3,2,3,2,4,3,3,2,3,3,4,1,4,2,3,3,2,2,4,3,3,3,3,3,3
"PTHR13568_SF2",1,1,2,1,1,1,1,1,1,1,1,1,1,1,1,1,1,2,1,1,0,2,1,1,1,1,1,1,1,1,2,1,2,1,1,1,1,1,1,1,3,1,1,1,1
"PTHR13568_SF4",1,2,1,1,1,1,1,1,1,1,1,1,1,1,1,1,1,1,1,1,1,1,1,1,1,0,2,1,2,1,1,4,0,1,1,2,1,1,1,1,1,1,1,1,1
"PTHR13568_SF5",1,1,1,1,0,1,1,0,0,0,1,1,1,1,0,1,1,0,1,0,1,1,1,1,0,1,1,1,1,1,2,1,1,1,0,1,1,1,1,1,2,1,0,0,1
"PTHR13572",2,2,2,2,2,2,2,2,2,2,2,2,2,2,7,2,2,2,2,3,2,2,2,2,2,2,2,2,2,2,2,2,2,2,2,2,2,2,2,2,2,2,2,2,2
"PTHR13578",2,4,3,3,3,4,3,3,3,3,3,3,3,3,4,3,3,3,3,3,3,3,3,3,3,3,4,3,3,3,3,3,3,3,3,4,3,3,3,3,3,3,3,4,3
"PTHR13580",3,3,3,3,3,3,3,3,3,3,3,3,3,3,3,3,3,3,3,3,3,3,3,3,3,3,4,3,3,3,3,3,3,3,3,3,3,3,3,3,3,3,3,3,3
"PTHR13581",1,1,2,2,1,2,1,1,1,1,1,1,1,1,2,1,1,1,1,1,1,1,1,1,1,1,2,2,1,1,0,1,1,1,1,1,2,1,1,2,1,0,1,1,1
"PTHR13582",1,1,1,2,1,1,2,1,2,1,1,1,1,1,3,1,2,1,1,2,1,1,1,1,1,1,1,1,1,2,2,3,1,1,1,1,1,1,1,5,2,2,1,1,1
"PTHR13586_SF1",1,2,1,2,1,2,1,1,1,1,1,1,1,1,1,1,1,1,1,1,1,1,1,1,2,1,1,1,1,1,1,1,1,1,1,1,1,1,1,1,1,1,1,1,1
"PTHR13586_SF2",2,1,4,5,1,1,3,2,1,2,1,1,1,1,4,2,1,1,2,4,1,2,1,2,1,1,1,4,1,1,3,2,2,2,1,2,2,1,4,1,4,1,1,2,1
"PTHR13587_SF7",1,1,1,1,1,1,1,1,1,1,1,1,1,1,1,2,1,1,1,1,1,1,1,1,1,1,1,1,1,1,1,1,1,1,1,1,1,1,1,1,1,1,1,2,1
"PTHR13589",4,4,3,5,3,3,3,3,3,3,3,3,3,3,3,3,3,3,3,4,3,3,3,3,3,3,5,3,3,4,3,3,3,3,3,3,3,5,3,3,5,3,3,5,3
"PTHR13593_SF24",1,4,1,1,1,4,0,0,0,1,1,1,2,1,1,1,1,0,1,0,1,1,1,0,1,1,1,0,1,2,1,1,1,1,1,0,1,2,1,1,1,2,0,1,1
"PTHR13593_SF32",1,1,1,1,1,1,1,1,1,1,1,0,1,1,1,1,1,1,1,1,0,1,1,1,1,1,1,1,1,1,0,1,1,1,1,1,1,1,1,1,1,1,1,1,1
"PTHR13593_SF33",1,1,1,1,1,1,1,1,1,1,1,1,1,1,1,1,1,1,1,1,1,1,1,1,1,1,1,1,1,1,1,1,1,1,1,1,1,1,1,1,1,1,1,1,1
"PTHR13594",1,1,1,1,1,1,1,1,1,1,1,1,1,1,1,1,1,1,1,1,1,1,1,1,1,1,1,1,1,1,1,1,1,1,1,1,1,1,1,1,1,1,1,2,1
"PTHR13595",1,1,1,1,1,1,1,1,1,1,1,1,1,1,1,1,1,1,1,0,1,1,1,1,1,1,1,1,1,1,0,2,1,2,1,1,1,1,1,1,1,1,1,1,1
"PTHR13596_SF2",1,1,3,3,4,0,3,1,1,1,1,2,1,1,2,1,1,1,3,0,1,1,1,2,4,0,4,2,1,1,2,3,1,3,0,2,1,1,1,1,4,1,1,0,3
"PTHR13598",2,2,2,2,2,2,2,2,2,3,2,2,2,2,2,2,2,2,2,2,2,2,2,2,2,2,2,2,2,2,2,2,2,2,2,2,2,2,2,2,2,2,2,2,2
"PTHR13600_SF2",1,1,0,0,0,1,0,1,1,1,1,0,0,0,1,1,1,1,0,1,1,0,1,0,1,1,1,0,0,0,1,0,1,0,1,1,1,0,0,1,0,0,1,1,1
"PTHR13600_SF6",1,1,1,1,1,1,1,1,1,1,1,1,2,1,1,1,1,1,1,2,1,1,1,1,1,1,1,1,1,1,1,1,1,1,1,1,1,1,1,1,1,6,1,1,1
"PTHR13601",1,1,0,1,1,1,1,1,1,1,1,1,1,1,1,2,1,1,1,1,1,1,1,1,1,1,1,1,1,1,1,1,1,1,1,1,1,1,1,1,1,1,1,1,1
"PTHR13602",1,1,1,1,1,1,1,1,1,2,1,1,1,1,1,1,1,0,1,1,1,2,1,1,1,1,1,1,1,1,0,1,1,2,1,1,1,1,1,1,1,1,1,1,0
"PTHR13603",1,1,1,1,0,1,1,1,1,1,1,1,1,1,1,1,1,1,1,1,1,1,1,1,1,1,1,1,1,1,1,0,1,1,1,1,1,1,1,2,1,1,1,1,1
"PTHR13604",1,1,1,1,1,1,1,1,2,1,1,2,1,1,1,1,1,1,1,1,1,1,1,1,1,1,1,1,1,0,1,1,1,1,1,1,1,1,1,1,1,1,1,1,1
"PTHR13605",1,1,1,1,1,1,1,1,1,1,1,1,1,1,1,1,1,1,1,1,1,1,1,1,1,1,1,1,1,1,1,1,0,1,1,1,1,1,1,1,1,1,1,1,1
"PTHR13608",1,1,1,1,1,1,1,1,1,1,1,1,1,1,1,1,1,1,1,1,1,1,1,1,1,1,1,1,1,1,1,1,1,1,1,1,1,1,1,2,1,1,1,1,1
"PTHR13609_SF10",1,1,1,1,1,1,1,1,1,1,0,1,1,1,2,1,1,1,1,1,1,1,1,1,2,1,1,1,1,1,1,1,1,1,1,1,1,1,1,1,1,1,1,1,1
"PTHR13609_SF11",1,1,1,1,1,1,1,1,1,1,1,1,1,1,1,1,1,1,1,1,1,1,1,1,1,1,1,1,1,1,1,1,1,1,1,1,1,1,1,1,1,1,1,1,1
"PTHR13610",2,2,2,2,1,2,2,2,2,2,2,2,2,2,2,2,2,2,2,2,2,2,3,2,2,2,2,2,2,2,1,3,2,2,2,2,2,2,2,2,2,2,2,2,2
"PTHR13612",1,1,1,1,1,1,1,1,1,1,1,1,1,1,1,1,1,1,1,1,1,1,1,1,1,1,1,1,1,1,2,1,1,1,1,2,1,1,1,1,1,1,1,1,1
"PTHR13615",1,2,1,1,1,1,1,1,1,1,1,1,1,1,1,1,1,1,1,1,1,1,1,1,1,1,2,1,1,1,1,1,1,1,1,1,1,1,1,1,1,1,1,1,1
"PTHR13617",1,1,1,1,1,2,1,1,1,1,1,1,1,1,1,1,1,1,1,1,1,1,2,1,1,1,1,1,1,2,1,1,1,1,1,1,1,1,1,1,1,1,1,1,1
"PTHR13618",1,1,1,1,1,1,1,1,1,1,1,1,1,1,1,1,1,1,1,1,1,1,1,1,1,1,1,1,1,1,1,1,1,1,1,1,1,1,1,1,1,1,1,1,1
"PTHR13619",1,2,1,1,1,2,1,1,1,1,1,1,1,1,1,2,0,1,1,1,1,1,1,1,1,1,1,1,1,3,1,1,1,1,1,1,1,1,1,1,1,1,1,1,1
"PTHR13620_SF0",1,1,1,1,1,1,1,1,1,1,1,1,1,1,1,1,1,1,1,1,1,1,1,1,1,1,1,1,1,1,1,1,1,1,1,1,1,1,1,1,1,1,1,0,1
"PTHR13620_SF4",1,1,1,1,1,1,1,0,0,0,1,1,1,1,0,1,0,1,1,0,1,0,0,1,0,1,0,1,0,1,0,0,0,1,1,0,1,1,1,0,1,1,1,1,1
"PTHR13621",1,1,1,1,1,1,1,1,1,1,1,1,1,1,2,1,1,1,1,1,1,1,1,1,1,1,1,1,1,1,1,1,1,1,2,1,1,1,1,1,1,1,1,1,1
"PTHR13622",1,2,1,2,1,1,1,1,1,3,1,1,1,1,1,1,1,1,1,1,1,1,1,1,1,1,1,1,2,1,1,1,1,1,3,1,1,1,1,1,1,1,1,3,1
"PTHR13624",2,2,3,4,2,2,2,2,2,1,2,2,2,3,2,2,3,2,3,2,3,2,2,3,2,2,2,3,2,2,1,2,2,2,2,2,2,2,2,2,3,2,2,2,2
"PTHR13626",1,1,1,1,1,1,1,1,1,1,1,1,1,1,1,1,1,1,1,1,1,1,1,1,1,1,1,1,1,1,2,1,1,1,1,0,1,1,1,1,1,0,1,2,1
"PTHR13627",1,1,1,1,1,1,1,1,1,1,1,1,1,1,1,1,1,1,1,0,1,1,1,1,1,1,1,1,1,0,1,1,1,1,1,1,1,1,1,1,1,1,1,2,1
"PTHR13628",1,1,1,1,1,1,1,1,1,1,1,1,1,1,1,1,1,0,1,1,1,1,1,1,1,1,1,1,1,1,1,1,1,1,1,1,1,1,1,1,1,1,1,1,1
"PTHR13633",1,1,1,0,1,1,1,1,1,2,1,1,1,2,1,1,1,1,3,1,2,2,1,3,1,1,1,2,1,1,1,1,1,2,2,1,2,1,1,1,1,1,1,1,1
"PTHR13634",1,1,1,1,1,1,2,1,1,1,1,1,1,1,5,1,1,1,1,1,1,1,1,1,1,1,1,1,1,1,1,3,1,1,1,1,1,1,1,1,2,1,1,1,1
"PTHR13636_SF0",1,1,1,2,4,2,2,3,1,2,2,2,2,1,1,1,1,1,2,1,1,2,1,1,4,0,4,2,1,1,1,1,1,1,1,2,1,3,1,2,1,2,1,1,5
"PTHR13639",1,1,0,0,1,1,2,1,1,1,1,1,1,1,1,1,1,1,0,2,1,1,1,0,1,0,0,1,1,1,1,0,1,0,1,0,2,1,1,1,0,1,1,1,1
"PTHR13644_SF1",1,1,1,1,1,1,1,1,1,1,1,1,1,1,1,1,1,1,1,1,1,1,1,1,1,1,2,1,1,1,1,1,1,1,1,1,1,1,1,1,1,1,1,1,1
"PTHR13644_SF2",1,1,2,1,1,1,1,1,0,1,1,1,1,1,1,1,1,1,2,1,1,1,2,2,1,1,1,2,1,1,1,1,1,2,1,1,1,1,2,2,1,1,1,1,1
"PTHR13644_SF4",1,1,1,1,1,1,1,1,1,1,1,1,1,1,1,1,1,1,1,1,1,1,1,1,1,1,0,1,1,1,1,1,1,1,1,1,1,1,1,1,1,1,1,1,1
"PTHR13650",1,1,1,1,1,1,1,1,1,1,1,1,1,1,1,1,1,1,1,1,1,1,1,1,1,1,3,1,1,1,1,1,1,1,1,1,1,1,1,1,1,1,1,1,1
"PTHR13651",1,1,2,1,1,3,1,1,1,1,1,1,1,1,1,1,1,1,2,1,1,1,1,2,1,1,1,2,1,1,1,1,1,1,1,1,1,1,1,1,1,1,2,2,2
"PTHR13659",1,1,1,1,1,1,1,1,1,1,1,1,1,1,1,1,1,1,1,1,1,1,1,1,1,1,1,1,1,1,1,0,1,1,1,0,1,1,1,1,1,1,1,1,1
"PTHR13663",1,1,1,1,1,1,1,1,1,1,1,1,1,1,1,1,1,1,1,1,1,1,1,1,1,1,1,1,1,1,1,1,1,1,1,1,1,1,1,1,1,1,1,1,1
"PTHR13664",1,1,1,1,1,1,1,1,1,1,1,1,1,1,3,1,1,1,1,1,1,1,1,1,1,1,1,1,1,1,1,1,1,1,1,1,1,1,1,1,1,1,1,1,1
"PTHR13667",1,1,1,1,1,1,1,1,2,1,1,1,1,1,1,1,1,1,1,1,1,1,1,1,1,1,1,1,1,1,1,1,1,1,1,1,1,1,1,1,1,0,1,1,1
"PTHR13673",1,1,1,1,1,1,1,1,1,1,1,2,1,1,1,1,1,1,1,1,1,1,1,1,1,1,1,1,2,1,1,1,1,1,2,1,1,1,1,1,1,1,1,2,1
"PTHR13674",2,2,2,2,2,2,2,1,2,2,2,2,2,2,1,2,2,2,2,2,2,2,2,2,2,2,3,2,2,2,2,1,2,2,1,3,2,2,2,2,2,2,2,1,2
"PTHR13677",2,2,2,2,2,2,2,2,2,2,2,2,2,2,2,2,2,2,2,1,2,2,3,2,2,2,2,2,2,2,2,2,2,2,2,2,2,2,2,2,2,2,2,2,2
"PTHR13678",4,4,5,5,4,4,4,4,4,4,4,4,4,5,5,4,4,4,4,4,4,4,4,4,4,4,4,4,4,4,3,4,4,4,4,4,5,3,6,5,5,4,4,4,4
"PTHR13680_SF2",1,2,5,1,1,2,2,1,2,1,2,2,1,2,1,1,2,1,5,3,1,1,1,5,1,1,1,2,1,1,1,3,1,3,2,1,2,1,4,1,1,3,1,1,3
"PTHR13680_SF20",1,1,1,1,1,2,1,1,1,1,1,1,1,1,1,2,1,1,1,1,0,1,1,1,1,1,1,1,1,1,1,1,1,1,1,2,1,1,1,1,1,1,0,1,1
"PTHR13680_SF4",1,1,1,1,1,1,1,1,1,1,1,1,2,1,1,1,1,1,1,1,1,3,1,1,3,1,1,1,1,1,2,2,1,2,1,2,1,2,1,1,1,1,0,1,2
"PTHR13681",1,1,1,1,1,1,1,1,1,1,1,1,1,2,4,1,1,1,1,1,1,1,1,1,1,1,1,1,1,1,1,2,1,1,1,1,1,1,1,1,1,1,1,1,1
"PTHR13683_SF230",1,1,1,1,1,1,1,1,1,1,1,1,1,1,1,2,1,1,1,0,1,1,2,1,1,1,1,1,1,2,1,1,1,1,1,1,1,1,1,1,1,1,1,1,1
"PTHR13683_SF237",1,1,1,2,1,1,3,1,1,1,0,1,1,2,1,1,1,1,2,0,2,1,1,2,1,1,2,2,1,1,1,1,1,2,1,1,2,1,2,1,1,1,0,1,1
"PTHR13683_SF239",1,1,4,1,1,1,1,0,0,1,9,9,1,3,0,3,0,1,2,0,3,1,0,2,0,1,0,2,1,1,11,0,1,1,0,0,1,1,4,0,1,1,1,0,1
"PTHR13683_SF242",1,1,1,1,0,1,1,1,1,1,0,0,1,1,1,1,6,1,1,0,1,1,1,1,1,1,1,1,1,1,0,1,1,1,0,1,1,1,2,1,1,1,1,0,0
"PTHR13683_SF245",1,1,1,1,1,1,1,1,1,1,1,1,1,1,1,1,1,1,1,1,1,1,1,1,1,1,1,1,1,1,1,1,1,1,1,1,1,1,1,1,1,1,1,1,1
"PTHR13683_SF262",1,1,1,1,1,1,1,1,1,1,1,1,1,1,1,1,1,1,1,1,1,1,1,1,1,1,1,1,1,1,1,1,1,1,1,1,1,1,1,1,1,2,1,1,1
"PTHR13683_SF266",1,1,0,0,2,0,0,0,0,1,0,0,2,0,0,0,0,1,0,1,0,0,0,0,0,2,0,0,2,0,0,0,1,0,1,0,0,2,0,0,0,1,0,1,2
"PTHR13683_SF269",1,35,0,0,1,35,1,0,1,5,1,1,1,0,0,0,1,1,0,7,0,0,1,0,1,1,1,0,1,46,1,0,12,0,0,1,0,1,0,2,0,9,0,0,1
"PTHR13683_SF273",1,1,0,1,1,1,1,0,0,1,0,1,1,1,0,0,1,1,0,1,0,0,1,0,1,1,1,1,1,1,1,0,1,0,1,1,1,1,1,1,1,1,0,1,1
"PTHR13683_SF77",1,1,1,1,1,1,1,1,1,1,1,1,1,1,1,1,1,2,1,1,1,1,1,1,1,1,1,1,1,1,1,1,1,1,1,1,1,1,1,1,1,1,1,1,1
"PTHR13683_SF81",1,0,1,1,1,0,1,1,1,1,1,1,1,1,1,1,1,1,1,1,1,1,1,1,1,1,1,1,1,0,1,1,1,1,1,1,1,1,1,1,1,0,1,1,1
"PTHR13691",2,3,4,7,2,2,3,2,3,2,2,2,2,2,4,3,2,2,3,2,2,2,2,4,5,2,2,4,2,2,3,6,2,3,4,3,3,2,3,5,4,3,2,2,2
"PTHR13693_SF2",1,1,1,1,1,1,1,1,1,1,1,1,1,1,2,1,1,1,1,1,1,1,1,1,1,2,1,1,2,1,1,1,1,1,1,1,1,1,1,1,2,1,1,1,1
"PTHR13693_SF50",1,1,1,1,1,1,1,1,1,1,1,1,1,1,1,1,1,1,1,2,1,1,1,1,1,1,1,1,1,1,1,1,1,1,1,1,1,1,1,1,1,1,1,1,1
"PTHR13693_SF52",1,1,1,1,1,1,1,1,1,1,1,1,1,1,2,1,1,1,1,1,1,1,1,1,1,1,1,1,1,1,1,2,1,1,1,1,1,1,1,1,1,1,1,1,1
"PTHR13693_SF56",1,1,1,1,1,1,1,1,0,1,1,1,1,1,1,1,1,1,1,1,1,1,1,1,1,1,1,1,1,1,1,0,1,1,1,1,1,1,1,1,1,1,1,1,1
"PTHR13693_SF57",1,1,2,1,1,1,1,1,1,1,1,2,1,2,1,1,1,0,2,1,1,1,2,2,1,1,1,3,1,1,1,1,1,2,1,1,1,1,1,1,1,1,1,2,2
"PTHR13693_SF58",1,1,1,1,1,1,1,1,1,1,1,1,1,1,1,1,1,1,1,1,1,1,1,1,1,1,1,1,1,1,1,1,1,1,1,1,1,2,1,1,1,1,1,1,1
"PTHR13697_SF13",1,1,1,1,2,1,3,1,1,1,1,1,1,1,1,1,1,1,1,1,1,2,1,1,1,1,1,1,1,1,1,1,1,1,1,1,1,1,1,1,1,1,1,1,3
"PTHR13697_SF14",1,1,1,1,1,1,2,1,1,0,1,1,1,1,1,1,1,1,1,1,1,1,1,1,2,1,1,1,1,1,1,1,1,1,1,1,1,1,1,1,1,1,1,1,1
"PTHR13697_SF5",1,1,1,2,1,1,1,1,1,1,1,1,2,2,1,1,1,2,2,1,2,1,1,2,1,1,1,1,1,1,1,1,1,2,1,1,1,1,1,1,1,1,1,1,2
"PTHR13703_SF23",1,2,2,2,2,2,2,2,2,1,2,2,2,2,4,2,2,2,2,2,2,2,2,2,2,2,2,2,2,2,2,2,2,2,1,2,2,2,2,3,2,1,1,2,2
"PTHR13703_SF25",2,2,2,2,2,2,3,2,2,2,2,2,2,2,3,2,2,2,2,2,2,2,2,2,2,2,3,2,2,3,2,2,2,2,2,2,2,2,2,2,2,2,2,2,2
"PTHR13703_SF27",1,1,1,1,1,1,1,1,1,1,1,1,1,1,1,1,1,1,1,1,1,1,1,1,1,1,1,1,1,1,1,1,1,1,1,1,1,1,1,1,1,1,1,1,1
"PTHR13703_SF28",1,1,0,1,1,1,1,1,1,1,1,1,1,1,1,1,1,1,1,0,1,1,1,1,1,1,1,1,1,1,1,1,1,1,1,1,1,1,1,1,1,1,1,1,1
"PTHR13703_SF33",1,1,1,1,1,1,1,1,1,1,1,1,1,1,1,1,1,1,1,1,1,2,1,1,1,1,1,1,1,1,1,1,1,1,1,1,1,1,1,1,1,1,1,1,1
"PTHR13703_SF36",1,2,1,1,1,1,1,1,1,1,1,1,1,1,1,1,1,1,1,1,1,1,1,1,1,1,1,1,1,1,1,1,1,1,2,1,1,1,1,1,2,2,1,2,1
"PTHR13703_SF37",1,0,1,1,1,1,1,0,0,1,0,1,1,1,0,1,1,0,1,0,1,1,0,1,0,0,0,1,1,1,1,0,0,1,0,0,1,2,1,0,1,1,1,0,1
"PTHR13707",2,1,2,3,1,4,2,1,2,1,1,1,2,1,3,2,2,2,2,2,1,1,3,2,1,1,3,2,1,3,3,1,1,3,1,3,3,2,1,1,2,1,1,1,1
"PTHR13710_SF1",1,0,1,1,0,1,1,1,1,1,0,0,0,1,1,1,0,1,1,1,0,1,1,1,1,1,0,1,1,1,0,1,1,1,0,1,1,0,1,1,1,0,1,1,0
"PTHR13710_SF70",1,1,1,1,1,1,1,1,1,1,1,1,1,1,1,2,1,0,1,1,1,1,1,1,1,1,2,1,1,1,1,1,1,1,1,1,1,1,1,1,1,1,1,1,1
"PTHR13710_SF72",1,1,1,1,1,1,1,1,1,1,1,1,1,1,1,1,1,1,1,1,1,1,1,1,1,1,2,1,1,1,1,1,1,1,1,1,1,1,1,1,1,1,1,1,1
"PTHR13710_SF80",2,1,1,1,1,1,1,1,1,1,1,1,1,1,1,1,1,1,1,1,1,1,1,1,1,1,1,1,1,1,1,1,1,1,1,1,1,1,1,1,1,1,1,1,1
"PTHR13710_SF81",1,1,1,1,1,1,1,1,1,2,1,1,1,1,1,1,1,1,1,1,1,1,1,1,1,1,1,1,1,1,1,0,1,1,1,1,1,1,1,1,1,1,1,1,1
"PTHR13711_SF1",1,2,1,1,1,1,1,1,1,0,3,2,1,1,1,1,2,4,1,1,1,1,1,1,1,1,0,1,1,1,0,1,1,1,0,1,1,0,1,0,1,0,1,0,1
"PTHR13711_SF136",1,1,1,1,1,1,1,1,0,1,1,4,1,1,1,1,1,1,1,1,1,1,1,1,1,1,1,1,1,1,1,1,1,1,1,1,1,1,1,1,1,1,1,1,1
"PTHR13711_SF137",2,2,0,1,0,2,1,1,1,0,1,1,1,1,1,1,1,1,1,1,1,1,1,1,1,1,1,1,1,1,0,1,1,1,1,1,1,1,1,1,1,1,1,1,1
"PTHR13711_SF142",1,1,1,1,1,1,1,1,1,1,1,1,1,1,1,1,1,1,1,1,1,1,1,1,1,1,1,1,1,1,1,1,1,1,1,1,1,1,1,1,1,1,1,1,1
"PTHR13711_SF143",1,1,4,2,3,1,1,1,1,1,1,1,1,3,1,1,1,1,2,1,1,1,1,2,1,1,1,2,1,1,1,1,1,2,1,2,3,1,2,1,1,2,1,1,2
"PTHR13711_SF144",1,4,6,10,1,3,3,2,1,4,1,1,2,5,3,1,2,1,5,2,2,4,1,7,2,3,1,5,2,4,2,6,6,5,1,1,5,2,6,2,4,2,1,2,1
"PTHR13711_SF150",2,1,5,3,4,1,4,1,1,1,1,1,2,5,1,1,1,1,2,1,1,3,1,5,2,2,1,4,2,1,2,5,2,3,1,1,4,2,4,2,4,1,1,1,4
"PTHR13711_SF152",1,1,0,0,1,1,1,1,1,1,1,1,1,0,0,1,0,1,1,1,1,0,1,1,0,1,1,1,1,1,1,0,1,1,1,1,0,0,0,15,1,1,1,1,1
"PTHR13711_SF155",1,1,1,1,1,1,1,1,2,1,1,1,1,1,1,1,1,1,1,1,1,1,1,1,1,1,1,1,1,1,1,1,1,1,1,1,1,1,1,1,1,1,1,2,1
"PTHR13711_SF157",3,3,4,5,3,2,5,2,3,13,4,3,2,4,7,1,4,1,5,1,2,4,1,4,9,3,1,5,2,4,8,12,25,4,1,5,5,1,6,15,6,1,1,2,4
"PTHR13711_SF158",1,2,1,1,1,2,1,1,1,1,1,1,1,1,1,1,1,1,1,1,1,1,1,1,1,1,1,1,1,1,1,1,1,1,1,1,1,1,1,1,1,1,1,1,1
"PTHR13711_SF169",1,1,1,1,1,1,1,1,1,1,1,1,1,1,1,1,1,1,1,1,1,1,1,1,1,1,1,1,1,1,1,1,1,1,1,1,1,1,1,1,1,1,1,1,1
"PTHR13711_SF171",1,1,1,1,1,1,1,1,1,1,1,1,1,1,1,1,1,1,1,1,1,1,1,1,1,1,1,2,1,1,1,1,1,1,1,1,1,1,1,1,1,1,1,1,1
"PTHR13711_SF181",1,2,1,2,1,6,1,1,1,1,1,1,2,2,4,1,1,2,1,1,1,1,1,2,3,1,2,2,1,5,8,4,1,3,1,1,2,2,2,4,1,1,1,1,1
"PTHR13711_SF2",1,1,1,1,1,1,1,1,1,1,1,1,1,1,2,1,1,1,1,1,1,1,1,1,1,1,1,1,1,1,1,1,1,1,1,1,1,1,1,1,1,1,0,1,1
"PTHR13711_SF45",1,1,1,1,1,2,1,1,1,1,1,1,1,1,1,1,1,1,1,0,1,1,3,1,0,1,1,1,1,1,0,1,2,1,0,2,1,1,1,2,1,1,1,0,1
"PTHR13711_SF46",2,1,1,1,2,1,1,1,1,1,1,1,2,1,1,1,1,2,1,1,2,1,15,1,6,2,2,1,3,1,1,1,1,1,0,4,1,1,1,3,1,1,1,1,2
"PTHR13711_SF49",1,1,1,1,1,1,1,1,1,2,1,1,1,1,1,1,1,1,1,1,1,1,1,1,1,1,3,1,1,1,1,1,1,2,1,1,1,1,1,1,1,1,1,1,1
"PTHR13713_SF1",1,1,1,1,1,1,1,1,1,1,1,1,1,1,1,1,1,1,1,1,1,1,1,1,0,1,1,1,1,1,1,0,1,1,0,1,1,1,1,1,1,1,0,0,1
"PTHR13713_SF23",1,0,0,0,1,0,0,0,0,1,0,1,0,0,0,0,1,1,0,0,0,0,0,0,0,0,0,0,0,1,0,0,1,0,0,0,0,0,0,0,0,0,0,0,1
"PTHR13713_SF33",1,1,1,1,1,1,1,1,1,1,1,1,1,1,1,1,1,1,1,1,1,1,1,1,1,1,1,1,1,1,1,1,1,1,1,1,1,1,1,1,1,1,1,1,1
"PTHR13713_SF34",1,1,1,1,1,2,1,1,1,1,1,1,1,1,1,1,1,1,1,1,1,1,1,1,1,1,1,1,1,1,1,1,2,1,1,1,1,2,1,1,1,1,1,1,1
"PTHR13713_SF35",1,1,1,1,1,1,1,1,1,1,1,1,1,1,1,1,1,1,1,2,1,1,1,1,1,1,1,1,1,1,1,1,1,1,1,1,1,1,1,1,1,1,1,1,1
"PTHR13713_SF36",1,1,1,1,1,1,1,1,1,1,1,1,1,1,1,1,1,1,1,1,1,1,1,1,1,1,1,1,1,1,1,1,1,1,1,1,1,1,1,1,1,1,1,1,1
"PTHR13713_SF39",1,1,1,1,1,1,1,1,1,1,1,1,1,2,1,1,1,1,1,1,1,1,1,1,1,1,1,1,1,1,1,1,1,1,1,1,2,1,1,1,1,1,1,1,1
"PTHR13713_SF41",1,1,1,1,1,1,1,1,1,1,1,2,1,1,1,1,1,1,1,0,1,1,1,1,1,1,1,1,1,1,1,0,1,1,1,1,1,1,1,1,1,1,1,1,1
"PTHR13713_SF45",1,1,1,1,1,1,1,1,1,1,1,1,1,0,1,2,1,1,1,1,1,1,1,1,1,1,1,1,1,1,1,0,1,1,1,1,1,1,1,1,1,1,1,1,1
"PTHR13713_SF48",1,1,1,1,1,1,1,1,1,1,1,1,1,1,1,1,1,1,1,1,1,1,2,1,1,1,1,1,1,1,1,1,1,1,1,1,1,1,1,1,1,1,1,2,1
"PTHR13713_SF49",1,2,1,1,1,1,1,1,1,1,1,1,1,1,2,1,1,1,1,0,1,1,1,1,1,1,1,1,1,2,1,1,1,1,1,1,1,1,1,1,1,1,1,1,1
"PTHR13713_SF5",1,1,1,1,1,1,1,1,1,1,1,3,1,1,1,1,1,1,1,1,1,1,1,2,1,1,1,1,1,1,1,1,1,1,1,1,1,1,1,1,1,1,1,1,1
"PTHR13713_SF6",1,1,1,1,1,1,1,1,1,1,1,1,1,1,1,1,1,1,1,1,1,1,1,1,1,1,1,1,1,1,1,1,1,1,1,1,1,1,1,1,1,1,1,1,1
"PTHR13713_SF7",1,1,1,1,1,1,1,1,1,1,1,1,1,1,1,1,1,1,1,1,1,2,1,1,1,1,1,1,1,1,1,1,1,1,1,1,1,1,1,1,1,1,1,1,1
"PTHR13713_SF8",1,1,1,1,1,1,1,0,1,1,1,1,1,1,1,1,1,1,1,1,1,1,1,1,0,1,1,1,1,1,1,0,1,1,1,1,1,1,1,1,1,1,1,1,1
"PTHR13715_SF15",1,1,1,1,1,1,1,1,1,1,1,1,1,1,1,1,1,1,1,1,1,1,1,1,1,1,1,1,1,1,1,1,1,1,1,1,1,1,2,1,1,0,1,1,1
"PTHR13715_SF16",1,1,1,1,1,1,1,1,1,1,2,1,1,1,1,1,1,1,1,1,1,1,1,1,1,1,1,1,1,1,1,1,1,1,1,1,1,1,1,1,1,1,1,1,1
"PTHR13715_SF51",1,1,1,1,1,1,1,1,1,1,1,1,1,1,1,1,1,1,1,1,1,1,1,1,1,2,1,1,1,1,1,1,1,1,1,1,1,1,1,1,1,1,1,1,2
"PTHR13715_SF52",1,1,1,1,1,1,1,1,1,1,1,1,1,1,1,1,1,1,1,3,1,1,1,1,1,1,1,1,1,1,1,1,1,1,1,1,1,1,1,1,1,1,1,1,2
"PTHR13715_SF53",1,1,1,1,1,1,1,1,1,1,1,1,1,1,1,1,1,1,1,1,1,1,1,1,1,1,1,1,1,1,1,2,1,1,1,1,1,1,1,2,1,1,1,1,1
"PTHR13715_SF75",1,1,1,1,1,1,1,1,1,1,1,1,1,1,1,1,1,1,1,2,1,1,1,1,1,1,2,1,1,1,1,1,1,1,1,1,1,0,1,1,1,1,1,2,1
"PTHR13718_SF4",2,3,9,7,4,4,16,3,4,4,1,3,3,6,1,1,2,2,16,4,4,5,1,12,9,1,4,11,1,2,2,16,5,12,6,6,9,1,10,10,5,2,1,9,7
"PTHR13718_SF61",1,1,2,1,1,1,1,1,1,1,1,1,1,2,1,1,0,0,2,1,1,2,1,3,1,1,2,1,1,2,1,1,1,2,1,1,2,1,2,1,1,1,1,1,1
"PTHR13720_SF10",1,1,1,1,1,1,0,1,1,1,0,1,1,1,1,1,1,0,1,1,0,1,1,1,1,0,0,1,1,2,0,0,1,1,1,0,1,1,1,1,1,1,1,1,1
"PTHR13720_SF11",1,1,1,2,1,1,1,1,1,1,1,1,1,1,1,1,1,1,1,1,1,1,1,1,1,1,1,1,1,1,1,1,1,1,1,1,1,1,1,1,1,1,1,1,1
"PTHR13720_SF13",1,1,1,1,1,1,1,1,1,2,1,1,1,1,1,1,1,1,1,1,0,1,1,1,1,1,1,1,1,2,1,0,1,1,1,2,1,1,1,1,1,1,1,1,1
"PTHR13720_SF14",1,1,1,1,1,1,1,1,2,1,1,1,1,1,1,1,1,1,1,1,1,1,1,1,1,1,1,1,1,1,1,1,1,1,1,1,1,1,1,1,1,1,1,1,0
"PTHR13720_SF15",1,1,1,1,1,1,1,1,1,1,1,1,1,1,1,1,1,1,1,1,1,1,1,1,1,1,1,1,1,1,1,1,1,1,1,1,1,1,2,1,1,1,1,1,1
"PTHR13720_SF16",1,1,1,1,1,1,1,1,1,1,1,1,1,1,1,2,1,1,1,1,1,1,2,1,1,1,0,1,1,2,1,1,1,1,1,1,1,1,1,1,1,1,1,1,1
"PTHR13720_SF22",2,2,2,2,2,2,2,2,2,2,2,2,2,2,2,2,2,2,3,2,3,2,2,3,2,2,2,2,2,2,2,2,2,3,2,2,2,2,2,2,2,2,2,3,2
"PTHR13720_SF8",1,1,1,1,1,1,1,1,1,1,1,1,1,1,1,2,1,1,1,1,1,1,1,1,1,1,0,1,1,1,1,1,1,1,1,1,1,1,1,1,1,1,2,1,1
"PTHR13722",1,1,0,0,1,1,0,1,1,1,0,1,1,1,1,1,1,0,1,0,0,1,1,0,1,0,1,0,1,1,1,0,0,0,0,0,1,1,1,1,0,1,1,1,0
"PTHR13723_SF140",2,1,1,1,1,1,1,1,1,1,1,1,1,1,1,1,1,1,1,1,1,1,1,1,1,1,1,1,1,1,1,1,1,1,1,1,1,1,1,1,1,1,1,1,1
"PTHR13723_SF141",1,1,1,1,1,1,1,1,1,1,1,1,1,1,1,2,1,1,1,1,1,1,1,1,1,1,1,1,1,2,1,1,1,1,1,1,1,1,1,1,1,1,1,1,1
"PTHR13723_SF142",1,1,1,1,1,1,1,1,1,1,1,1,1,1,1,1,1,1,1,0,1,1,1,1,1,1,1,1,1,1,1,1,1,1,1,1,1,1,1,1,1,1,0,1,1
"PTHR13723_SF144",1,1,1,1,1,1,1,1,1,1,1,1,1,1,1,1,1,1,1,1,1,1,1,1,1,1,1,1,1,1,1,1,1,1,1,1,1,1,1,1,1,1,1,2,1
"PTHR13723_SF146",1,1,1,1,1,2,1,1,1,0,1,1,1,1,1,1,1,2,1,1,1,1,1,1,1,1,1,1,1,1,0,1,1,1,1,1,1,1,1,1,1,1,1,1,1
"PTHR13723_SF147",1,1,1,1,1,1,1,1,1,1,1,1,1,1,1,1,1,1,1,0,1,1,1,1,1,1,1,1,1,1,2,1,1,1,1,1,1,1,1,1,1,1,1,1,1
"PTHR13723_SF150",1,1,1,2,1,1,1,1,1,2,1,1,1,1,1,2,1,2,1,1,1,2,1,1,1,1,1,1,1,1,1,1,2,1,1,1,1,1,1,1,1,1,1,1,1
"PTHR13723_SF151",1,1,1,1,1,1,1,1,1,1,1,1,1,1,1,1,1,2,1,1,1,1,1,1,1,1,1,1,1,1,1,1,1,1,0,1,1,1,1,1,1,1,1,0,1
"PTHR13723_SF157",1,1,1,1,1,1,1,1,1,2,1,1,1,1,1,1,1,1,1,1,1,1,1,1,1,1,1,1,1,1,1,1,2,1,2,1,1,1,1,1,1,1,1,1,1
"PTHR13723_SF158",2,1,1,1,1,1,1,1,2,2,1,1,1,1,2,1,1,1,1,1,1,1,1,1,1,1,1,1,1,1,1,2,2,1,1,1,1,1,1,1,1,1,1,1,1
"PTHR13723_SF16",1,1,1,1,1,1,1,1,1,1,1,1,1,1,1,1,1,1,1,1,1,1,1,1,1,1,1,1,1,1,1,1,1,1,1,1,1,1,1,0,1,1,1,1,1
"PTHR13723_SF161",1,1,1,1,1,1,1,1,1,1,1,1,1,1,1,2,1,1,1,1,1,2,1,1,1,1,1,1,1,1,1,1,1,1,1,1,1,1,1,1,1,1,1,1,1
"PTHR13723_SF165",2,1,1,1,1,1,1,1,1,1,1,1,1,1,1,1,1,2,1,1,1,1,1,1,1,1,1,1,1,1,1,1,1,1,1,1,1,1,1,1,1,1,1,0,1
"PTHR13723_SF167",1,1,1,1,1,1,1,1,1,0,1,1,1,1,1,1,1,1,1,1,1,2,1,1,1,1,1,1,1,1,1,1,1,1,1,1,1,1,1,2,1,1,1,1,1
"PTHR13723_SF169",1,1,1,1,1,1,1,1,1,1,1,1,1,1,1,1,1,2,1,0,1,1,1,1,1,1,1,1,1,2,1,1,1,1,1,1,1,1,1,1,1,1,1,1,1
"PTHR13723_SF20",1,1,1,1,2,1,1,1,1,1,1,1,1,1,1,1,1,1,1,1,1,1,1,1,1,1,1,1,1,1,1,1,1,1,1,1,1,1,1,1,1,1,1,1,1
"PTHR13723_SF24",1,1,1,1,1,1,1,1,1,1,1,1,1,1,1,1,1,1,1,1,1,1,1,1,1,1,1,1,1,1,1,1,1,1,1,1,1,1,1,1,1,1,1,1,1
"PTHR13723_SF26",1,1,1,1,1,1,1,1,1,1,1,1,2,1,1,1,1,1,1,1,1,1,1,1,1,1,1,1,1,1,1,1,1,1,1,1,1,1,1,1,1,1,1,2,1
"PTHR13723_SF27",1,1,1,1,1,1,1,1,1,2,1,1,1,1,1,1,1,1,1,1,1,1,1,1,1,1,2,1,1,1,1,1,1,1,1,1,1,1,1,1,1,1,1,1,2
"PTHR13723_SF31",1,1,1,1,1,1,1,1,1,1,1,1,1,1,1,1,1,1,1,1,1,1,1,1,1,1,1,1,1,1,1,1,1,1,1,1,1,1,1,1,1,1,1,1,1
"PTHR13723_SF33",1,1,1,1,1,1,1,1,1,1,1,1,1,1,1,1,1,1,1,1,1,2,1,1,1,1,1,1,1,1,1,1,1,1,1,1,1,1,1,1,1,1,1,1,1
"PTHR13723_SF37",1,1,1,1,1,1,1,1,1,1,1,1,1,1,1,1,1,1,1,1,1,1,1,1,1,1,1,1,1,1,1,1,1,1,1,1,1,1,1,1,1,1,1,1,1
"PTHR13723_SF38",1,1,1,1,1,1,1,1,1,1,1,1,1,1,1,1,1,1,1,1,1,1,1,1,1,1,1,1,1,1,1,1,1,1,1,1,1,1,1,1,1,1,1,1,1
"PTHR13723_SF39",1,1,1,1,1,1,1,1,1,1,1,1,1,1,1,1,1,1,1,1,1,1,1,1,1,1,1,1,1,1,1,1,1,1,1,1,1,1,1,1,1,1,1,1,1
"PTHR13723_SF40",2,2,1,1,1,2,1,1,1,1,2,2,1,1,1,1,2,1,1,1,1,2,1,1,1,1,1,1,1,2,1,1,1,1,1,1,1,1,1,1,1,1,1,1,1
"PTHR13729",1,1,1,1,1,1,1,1,1,1,1,1,1,1,1,1,1,1,1,1,1,1,1,1,1,1,1,1,1,1,1,1,1,1,1,1,1,1,1,1,1,1,1,1,1
"PTHR13734",1,1,1,1,1,1,1,1,1,1,1,1,1,1,2,1,1,1,1,1,1,1,1,1,1,1,1,1,1,1,1,1,0,1,1,1,1,1,1,1,1,1,1,1,1
"PTHR13738",3,3,3,3,3,3,4,3,3,2,2,3,1,3,3,4,3,3,3,0,3,3,3,3,3,3,3,3,3,3,1,3,3,3,3,3,3,3,3,3,3,3,2,3,2
"PTHR13742",3,3,3,3,3,3,3,3,3,3,3,3,3,3,3,3,3,3,3,4,3,3,3,3,3,3,3,3,3,3,3,3,3,3,3,4,3,3,3,3,3,3,3,3,3
"PTHR13743_SF50",1,0,1,1,1,1,1,1,1,1,1,1,1,1,1,1,1,1,1,1,1,1,1,1,1,1,1,1,1,1,1,1,1,1,1,1,1,1,1,1,1,1,1,1,1
"PTHR13743_SF52",2,1,1,1,1,2,2,1,1,1,2,1,1,1,1,1,1,1,1,1,1,1,1,1,1,1,1,1,1,1,1,2,1,1,2,1,1,1,1,1,1,1,1,1,1
"PTHR13743_SF53",1,1,2,1,1,1,1,1,1,6,1,1,1,1,2,1,1,1,2,1,2,1,1,2,1,1,1,1,1,1,1,1,1,2,1,1,1,1,1,1,1,1,1,2,1
"PTHR13743_SF55",1,1,1,1,1,1,1,1,1,3,1,1,1,1,1,1,1,1,1,1,1,1,1,1,1,1,2,1,1,1,1,1,1,1,1,1,1,1,1,1,1,1,1,1,1
"PTHR13743_SF59",1,1,1,1,1,1,1,1,1,1,2,1,1,1,1,1,1,2,1,1,1,1,1,1,1,1,3,1,1,1,1,1,1,1,1,1,1,1,1,1,1,1,2,1,2
"PTHR13743_SF60",1,1,1,1,1,1,1,1,1,1,1,1,1,1,1,1,1,1,1,2,1,1,1,1,1,1,1,1,1,1,1,1,1,1,1,1,1,1,1,1,1,1,1,2,1
"PTHR13743_SF62",2,1,1,1,1,1,1,1,1,1,1,1,1,1,1,1,1,1,1,2,1,1,1,1,1,1,2,1,1,1,1,1,1,1,2,1,1,1,1,0,1,1,1,1,1
"PTHR13743_SF64",2,1,1,1,1,1,1,1,1,1,1,1,1,1,1,1,1,1,1,2,1,1,1,1,2,1,2,1,1,1,1,2,2,1,1,1,1,1,4,1,1,1,1,1,2
"PTHR13748_SF35",1,1,1,1,1,1,3,1,1,2,1,1,1,1,1,4,1,1,1,1,1,1,1,1,1,0,1,1,1,1,1,1,1,1,1,1,1,1,0,1,1,1,1,1,1
"PTHR13759",2,2,2,2,2,2,2,4,2,2,2,2,2,2,4,2,2,2,2,1,2,2,2,2,2,1,2,2,3,2,2,3,1,2,2,2,2,3,2,2,2,2,2,2,2
"PTHR13763",1,1,1,1,1,1,1,2,0,1,3,1,1,1,1,1,1,1,1,1,1,1,1,1,1,1,1,1,1,1,1,1,0,1,2,1,1,1,1,1,1,1,1,3,1
"PTHR13767",1,1,1,1,1,1,1,1,2,1,1,1,1,1,1,1,1,1,1,1,1,1,1,1,1,1,0,1,1,1,1,1,1,1,1,1,1,1,1,1,1,1,1,1,1
"PTHR13768",3,3,3,3,3,3,3,3,3,3,3,3,3,3,4,3,3,3,3,3,3,3,3,3,3,3,4,2,3,3,3,4,3,3,6,3,3,3,3,3,3,3,3,6,3
"PTHR13769",2,1,1,1,1,1,1,1,1,1,1,1,1,1,1,1,1,1,1,1,1,1,1,1,1,1,1,1,1,1,1,1,1,1,1,1,1,1,1,1,1,1,1,2,1
"PTHR13771_SF3",1,2,1,1,1,2,1,1,1,1,1,1,1,1,1,1,1,1,1,1,1,1,1,1,1,1,1,1,1,2,1,1,1,1,1,1,1,1,1,1,1,1,1,1,1
"PTHR13771_SF4",1,1,0,0,1,1,1,1,0,1,0,0,1,0,0,0,1,1,0,1,1,1,1,0,1,1,1,0,1,1,1,1,1,0,0,1,0,1,0,1,0,1,0,0,1
"PTHR13771_SF5",1,3,1,1,1,1,1,1,0,1,1,1,1,1,1,1,1,0,1,1,1,1,1,1,1,1,1,1,1,1,1,1,1,1,0,1,1,1,1,1,1,1,1,1,1
"PTHR13771_SF6",1,1,1,1,1,1,1,1,1,1,1,1,1,1,1,1,1,1,1,1,1,1,1,1,1,1,1,1,1,1,0,1,1,1,1,1,1,1,1,1,1,1,1,1,1
"PTHR13771_SF8",1,1,1,1,1,1,1,1,0,1,1,1,1,1,1,1,1,1,1,1,1,1,1,1,1,1,1,1,1,1,0,1,1,1,1,1,1,1,1,1,1,1,1,1,1
"PTHR13771_SF9",1,1,1,1,1,1,1,0,0,0,1,1,1,1,0,1,0,0,1,1,1,1,0,1,0,0,0,1,1,1,1,0,1,1,1,0,1,1,1,0,1,1,1,1,1
"PTHR13773_SF4",1,1,1,1,1,1,1,1,1,1,1,1,1,1,1,1,1,1,1,1,1,1,1,1,1,1,1,1,1,1,1,1,1,1,1,1,1,1,1,1,1,1,1,2,1
"PTHR13773_SF5",1,1,1,1,1,1,1,1,1,1,1,1,1,1,1,1,1,1,1,1,1,2,1,1,1,1,0,1,1,1,1,1,1,1,1,1,1,1,1,1,1,1,1,1,1
"PTHR13774",1,1,1,1,1,1,1,1,1,1,1,1,1,1,1,1,1,1,1,1,1,1,2,1,2,1,2,1,1,1,1,1,1,1,0,2,1,1,1,1,1,1,1,1,1
"PTHR13778_SF2",1,1,1,1,1,1,0,1,1,1,1,1,1,1,1,1,1,1,1,1,1,1,1,1,1,1,1,1,1,1,1,1,1,1,1,1,1,1,1,1,1,1,1,1,1
"PTHR13778_SF3",1,1,1,1,1,1,1,1,1,1,1,1,1,1,1,1,1,1,1,1,1,1,1,1,1,1,1,1,1,1,1,2,1,1,1,1,1,1,1,1,1,1,1,1,1
"PTHR13779_SF7",1,1,1,1,1,1,1,1,1,1,1,1,1,1,1,1,1,1,1,1,1,1,1,1,1,1,1,1,1,1,1,1,1,1,1,1,1,1,1,1,1,1,1,1,1
"PTHR13780",3,3,3,3,3,3,4,3,3,3,3,3,3,3,4,3,3,3,3,3,3,3,3,3,3,3,3,3,3,3,4,6,4,3,3,3,3,3,4,3,3,3,3,5,4
"PTHR13789_SF3",1,1,1,1,1,1,1,1,1,1,1,1,1,1,1,1,1,1,1,1,1,1,1,1,1,1,2,1,1,1,1,1,1,1,1,1,1,1,1,1,1,1,1,2,1
"PTHR13789_SF5",1,1,1,1,1,1,1,1,1,1,1,1,1,1,1,1,1,1,1,1,1,1,1,1,1,1,1,1,1,1,1,1,1,1,1,1,1,1,1,1,1,1,1,1,1
"PTHR13793_SF10",1,1,1,1,1,1,1,1,1,1,1,1,1,1,1,1,1,1,1,1,1,1,1,1,1,1,1,1,1,1,1,2,1,1,1,1,1,1,1,1,1,1,1,1,1
"PTHR13793_SF17",1,1,1,1,1,1,1,1,1,1,1,1,1,1,1,1,1,1,1,1,1,1,1,1,1,1,1,1,1,1,1,1,1,1,1,1,1,1,1,1,1,1,1,1,1
"PTHR13793_SF19",1,1,1,1,1,1,1,1,1,1,1,1,1,1,2,1,1,1,1,1,1,1,1,1,1,1,1,1,1,1,1,2,1,1,2,1,1,1,1,1,1,1,1,1,1
"PTHR13793_SF27",1,1,1,1,1,1,1,1,1,2,1,1,1,1,1,1,1,1,1,1,1,1,1,1,1,1,2,1,1,1,1,1,1,1,1,1,1,1,2,1,1,1,1,1,1
"PTHR13793_SF79",1,1,1,1,1,1,1,1,1,1,1,1,1,1,1,1,1,1,1,1,1,1,1,1,1,1,1,1,1,1,1,1,1,1,1,1,1,1,1,1,1,1,1,1,1
"PTHR13793_SF82",1,1,1,1,1,1,1,1,1,1,1,1,1,1,1,3,1,1,1,0,1,1,1,1,1,1,1,1,1,1,1,1,1,1,1,1,1,1,1,1,1,1,1,1,1
"PTHR13793_SF84",1,1,1,1,1,1,1,1,1,1,1,1,1,1,1,1,1,1,1,1,1,1,1,1,1,1,1,2,1,1,1,1,1,1,1,1,1,1,1,1,1,1,1,1,1
"PTHR13793_SF85",1,1,1,1,1,1,1,1,1,1,1,1,1,1,1,1,1,1,1,1,1,1,1,1,1,1,1,1,1,1,1,1,1,1,1,1,1,1,1,1,1,1,1,1,1
"PTHR13793_SF86",1,1,1,1,1,1,1,1,1,1,3,1,1,1,1,1,1,1,1,1,1,1,1,1,1,1,1,1,1,1,1,1,1,1,1,1,1,1,1,1,1,1,1,1,1
"PTHR13794",1,1,1,1,1,1,1,1,1,1,1,1,1,1,1,1,0,1,1,1,1,1,0,1,0,1,1,1,1,1,1,1,1,1,1,1,1,1,1,0,1,1,1,2,1
"PTHR13798",2,2,3,2,2,3,2,2,2,2,2,2,2,3,7,3,3,2,2,2,2,2,2,2,2,2,2,2,3,2,2,3,2,2,2,3,3,2,3,2,2,2,2,2,2
"PTHR13799",1,1,1,1,1,1,2,1,1,1,1,1,1,1,1,1,1,1,1,1,1,2,1,1,1,1,1,1,1,1,3,1,1,1,1,1,1,1,1,1,1,1,1,1,1
"PTHR13800_SF13",1,2,1,1,1,1,4,1,1,1,1,2,1,1,1,3,1,1,1,2,2,1,1,1,2,1,2,1,1,1,1,2,1,1,2,1,1,1,1,1,1,2,1,2,1
"PTHR13800_SF15",1,2,1,1,1,1,1,1,1,1,1,1,1,1,1,1,1,2,1,1,1,1,1,1,1,1,1,1,1,1,1,1,1,1,1,1,1,1,1,1,1,1,1,1,1
"PTHR13800_SF2",1,1,1,1,4,1,1,1,1,2,1,1,1,1,1,1,1,1,1,1,1,1,1,1,1,1,1,1,1,1,1,1,1,1,1,1,1,1,1,1,1,1,1,1,2
"PTHR13800_SF5",1,1,1,1,1,1,1,1,1,1,1,1,1,1,1,1,1,1,1,0,1,1,1,1,1,1,1,1,1,3,0,1,1,1,1,1,1,0,1,1,1,0,1,1,1
"PTHR13800_SF6",1,1,0,1,1,1,1,1,1,1,1,1,1,1,1,1,1,1,1,1,1,1,1,1,1,1,2,1,1,1,0,1,1,0,1,1,1,1,2,1,1,1,1,1,1
"PTHR13800_SF7",1,2,1,1,1,1,1,1,1,1,1,1,1,1,1,1,1,1,1,1,1,1,1,1,1,1,1,1,1,1,1,1,1,1,1,1,1,1,1,1,1,1,1,1,1
"PTHR13800_SF8",1,1,1,1,1,1,1,1,1,1,1,1,1,1,1,1,1,1,1,1,1,1,1,1,1,1,1,1,1,1,1,1,1,1,1,1,1,1,1,1,1,1,1,1,1
"PTHR13800_SF9",1,1,1,1,1,1,1,1,1,1,2,1,1,1,1,1,1,1,1,1,1,1,1,1,1,1,1,1,1,1,1,1,1,1,1,1,1,2,2,1,1,1,1,1,2
"PTHR13802",3,3,3,3,3,3,3,2,1,3,1,4,3,3,2,9,2,3,3,2,3,3,3,3,2,3,4,4,3,3,2,1,3,3,2,3,3,3,4,3,3,2,2,2,3
"PTHR13803",3,4,4,4,3,4,4,4,4,2,4,4,4,4,5,3,4,4,4,3,3,3,4,3,4,4,5,4,4,4,4,4,4,3,4,4,3,3,3,3,4,4,3,4,4
"PTHR13806",2,2,2,3,2,2,2,2,2,2,2,2,2,2,2,9,2,2,2,4,3,2,2,2,2,2,2,2,2,2,2,2,2,2,2,2,2,2,2,2,4,2,2,2,2
"PTHR13808_SF4",1,1,1,1,1,1,1,1,1,0,1,1,1,1,1,1,1,1,1,1,1,1,1,1,1,1,1,1,1,1,1,1,1,1,1,1,1,1,1,1,1,1,1,1,1
"PTHR13808_SF5",1,1,1,1,1,1,1,1,1,1,1,1,1,1,2,1,1,1,1,5,1,1,1,1,1,1,1,1,1,1,1,1,1,1,1,1,1,1,1,1,1,1,1,1,1
"PTHR13809",13,13,12,15,13,14,17,12,12,10,12,12,12,8,12,12,14,10,16,12,8,15,13,15,12,9,17,12,14,12,12,21,9,17,11,14,10,13,11,15,13,8,9,15,10
"PTHR13812",1,1,1,1,1,1,1,1,1,1,1,1,1,1,1,1,1,1,1,1,1,1,1,1,1,1,1,1,1,1,1,1,1,1,1,1,1,1,1,1,1,1,1,2,1
"PTHR13814",4,4,4,4,4,4,4,4,4,4,4,4,4,4,3,4,4,3,4,5,4,3,5,4,4,4,4,4,4,4,4,3,4,4,3,5,4,4,4,4,4,4,4,4,3
"PTHR13815",1,1,1,1,1,1,1,1,1,1,1,2,1,1,1,1,1,1,1,1,1,1,1,1,1,1,1,1,1,1,1,1,1,1,1,1,1,1,1,1,1,1,1,1,1
"PTHR13817",1,5,1,2,4,3,1,3,3,2,5,1,5,1,3,1,4,2,1,2,1,3,1,3,3,1,8,3,5,1,4,3,2,1,6,3,2,2,1,2,2,4,1,5,5
"PTHR13820",3,3,3,3,3,3,3,3,3,3,3,3,4,3,3,3,3,3,3,3,3,4,3,3,3,3,3,3,3,3,3,3,3,3,2,3,3,4,3,3,3,3,3,2,4
"PTHR13822",1,1,1,1,1,1,1,1,1,1,1,1,1,1,1,1,1,1,1,1,1,1,1,1,1,1,1,0,1,1,0,1,1,1,1,1,1,1,1,1,1,1,1,1,1
"PTHR13826_SF12",1,1,1,1,1,1,1,1,1,0,1,1,1,1,1,1,0,1,1,1,1,1,1,1,1,1,2,1,1,1,0,1,1,1,1,3,1,1,1,1,1,1,1,2,1
"PTHR13826_SF15",1,1,1,1,1,1,1,0,0,1,1,1,1,1,1,1,0,1,1,1,1,1,1,1,1,1,1,1,1,1,1,1,1,1,0,1,1,1,1,1,1,1,1,0,1
"PTHR13826_SF5",1,1,1,1,0,1,1,1,1,1,1,1,1,1,1,1,1,1,1,1,1,1,1,1,1,1,1,1,1,1,0,1,1,1,1,1,1,1,1,1,1,1,1,1,1
"PTHR13829_SF2",1,1,1,1,2,1,1,1,1,1,1,1,1,1,1,6,1,1,1,0,2,2,1,2,1,1,1,1,0,1,1,1,0,1,1,1,2,1,1,2,1,1,1,2,1
"PTHR13831",1,1,1,1,1,1,1,1,1,1,1,1,1,1,1,1,1,1,1,1,1,1,1,1,1,1,1,1,1,1,1,1,1,1,1,2,1,1,1,2,1,1,1,1,1
"PTHR13832_SF102",1,1,1,1,1,1,1,1,1,1,1,1,1,1,1,1,1,1,1,1,1,1,1,1,1,1,1,1,1,1,1,1,1,1,1,1,1,1,1,1,1,1,1,1,1
"PTHR13832_SF213",1,1,1,1,1,1,1,1,0,1,1,1,1,1,1,1,1,1,1,1,1,1,1,1,1,1,1,1,1,1,1,1,1,1,1,1,1,1,1,1,1,1,1,1,1
"PTHR13832_SF214",1,1,1,1,1,1,1,1,1,1,1,1,1,1,1,1,1,1,1,1,1,3,1,1,1,1,1,1,1,1,1,1,1,1,1,1,1,1,1,1,1,1,1,1,1
"PTHR13832_SF217",1,1,1,1,1,1,1,1,1,1,1,1,1,1,2,1,1,1,1,1,1,1,1,1,1,1,1,1,1,1,1,2,1,1,1,1,1,1,1,1,1,1,1,1,0
"PTHR13832_SF225",1,1,1,1,1,1,1,1,1,1,1,1,1,1,1,1,1,1,1,1,1,1,1,1,1,1,1,1,1,1,1,1,1,1,1,1,1,1,1,1,1,1,1,1,1
"PTHR13832_SF231",1,1,1,1,1,1,1,1,1,1,1,1,0,1,1,1,1,1,1,1,1,1,1,1,1,1,1,1,1,1,1,1,1,1,1,1,1,1,1,1,1,1,1,1,1
"PTHR13832_SF233",1,1,1,1,1,1,1,1,1,1,1,1,1,1,1,1,1,1,1,1,1,1,1,1,1,1,1,1,2,1,1,1,1,1,1,1,1,1,1,1,1,1,1,1,1
"PTHR13832_SF236",1,1,1,1,1,1,1,1,1,1,1,1,1,1,1,1,1,1,1,1,1,1,1,1,1,1,1,1,1,1,1,1,1,1,1,1,1,1,1,1,1,1,1,1,1
"PTHR13832_SF243",1,1,1,1,1,1,1,1,1,0,3,1,1,1,1,1,1,0,1,1,1,1,1,1,1,1,1,1,1,1,1,1,1,1,0,1,1,1,1,1,1,1,1,0,1
"PTHR13832_SF244",1,1,1,1,1,1,2,1,1,1,1,1,1,1,1,2,1,1,1,1,1,1,1,1,1,1,1,1,1,1,1,1,1,1,1,1,1,1,1,1,1,1,1,1,1
"PTHR13832_SF245",1,1,1,1,1,1,1,1,0,1,1,1,1,1,1,1,1,1,1,1,1,1,1,1,1,1,0,1,1,1,1,0,1,1,1,1,1,1,1,1,1,1,0,1,1
"PTHR13832_SF250",1,1,1,1,1,1,1,1,1,1,1,1,1,1,1,1,1,1,1,1,1,1,1,1,1,1,1,1,1,1,1,1,1,1,1,1,1,1,1,1,1,1,1,1,1
"PTHR13832_SF255",1,1,1,1,1,1,1,1,1,1,1,1,1,1,1,1,1,1,1,1,1,0,1,1,1,1,1,0,1,1,1,1,1,1,1,1,1,1,1,1,1,1,1,2,1
"PTHR13832_SF257",1,1,1,1,1,1,1,1,1,1,1,1,1,1,1,1,1,1,1,1,1,1,1,1,1,1,1,1,1,1,1,1,1,1,1,1,1,1,1,1,1,1,1,1,1
"PTHR13832_SF260",1,1,1,1,1,1,1,1,1,1,1,1,1,1,1,1,1,1,1,1,1,1,1,1,1,1,1,1,1,1,1,1,1,1,1,1,1,1,1,1,1,1,1,1,1
"PTHR13832_SF262",1,2,2,1,1,2,1,3,1,1,1,1,1,1,5,1,1,1,2,1,1,1,1,1,2,1,1,2,1,1,1,1,1,2,1,2,2,1,2,1,1,1,1,1,1
"PTHR13832_SF267",1,1,0,1,1,1,1,1,1,1,1,1,1,1,1,1,1,1,1,1,1,1,1,1,1,1,1,1,1,1,1,1,1,1,1,1,1,1,1,1,1,1,1,1,1
"PTHR13833_SF13",1,1,1,1,1,1,1,1,1,1,1,1,1,1,1,1,1,1,1,1,1,1,1,1,1,1,1,1,1,1,1,1,1,1,1,1,1,1,1,1,1,1,1,1,1
"PTHR13843_SF11",1,1,1,1,1,1,1,0,1,0,1,1,3,1,1,1,1,1,1,1,1,1,1,1,1,1,1,1,1,1,0,1,1,1,1,1,1,1,1,1,1,1,1,1,1
"PTHR13843_SF5",1,1,1,1,1,1,1,1,1,1,1,1,1,1,1,1,1,1,1,1,1,1,1,1,1,1,1,2,1,1,2,1,1,1,1,1,1,1,1,1,1,1,1,1,2
"PTHR13843_SF6",1,1,1,1,1,1,1,1,1,1,1,1,1,1,1,1,1,1,1,1,1,1,1,1,1,1,1,1,1,1,1,1,1,1,1,1,1,1,1,1,1,1,1,1,1
"PTHR13844_SF1",1,1,1,1,1,1,1,1,1,1,1,1,1,1,1,1,1,1,1,1,1,1,1,1,1,1,1,1,1,1,1,1,2,1,1,1,1,1,1,1,1,1,1,2,1
"PTHR13844_SF2",1,1,1,1,1,1,2,1,1,1,1,1,1,1,1,1,1,1,1,1,1,1,1,1,1,2,1,1,1,1,1,1,1,1,1,1,1,1,1,1,1,1,1,1,2
"PTHR13844_SF5",1,1,1,1,1,1,1,1,1,1,1,1,1,1,1,1,1,1,1,1,1,1,1,1,1,1,1,1,1,1,1,1,1,1,1,1,1,1,2,1,1,1,1,1,1
"PTHR13847_SF1",1,2,1,1,0,1,1,1,1,1,1,1,1,2,2,1,4,1,1,1,1,2,1,1,1,1,1,1,1,1,1,4,1,1,1,1,2,1,2,1,1,1,1,1,2
"PTHR13847_SF146",1,1,1,1,1,1,1,1,1,1,1,1,1,1,1,1,1,1,1,2,1,1,1,1,1,1,1,1,1,1,1,1,1,1,1,1,0,1,0,1,1,1,1,1,1
"PTHR13847_SF151",1,1,1,1,0,2,1,0,0,1,1,1,1,1,0,1,1,1,1,2,1,1,1,1,1,1,1,1,1,1,0,1,1,1,1,1,1,1,1,1,1,1,0,1,1
"PTHR13847_SF161",1,1,1,1,1,1,1,1,1,1,1,1,1,1,1,1,1,1,1,1,1,1,1,1,1,1,1,1,1,1,1,1,1,1,2,1,1,1,1,1,1,1,1,1,1
"PTHR13847_SF163",1,1,1,1,1,1,1,1,1,1,1,1,1,1,1,1,1,1,1,1,1,1,1,1,1,0,1,1,1,1,1,1,1,1,1,1,1,1,1,1,1,1,1,1,1
"PTHR13847_SF170",1,1,1,1,1,1,0,2,2,1,1,1,1,1,2,1,1,1,1,1,1,1,1,1,1,0,2,1,1,1,2,1,1,1,1,1,1,1,2,0,1,1,2,0,1
"PTHR13847_SF171",1,1,1,1,1,1,1,1,1,1,1,1,1,1,1,1,1,1,1,1,1,1,1,1,1,1,0,1,1,1,1,1,1,1,1,1,1,1,1,1,1,1,1,1,1
"PTHR13847_SF179",1,1,1,1,1,1,1,1,1,1,1,1,1,1,1,1,1,1,1,1,1,1,1,1,1,1,1,1,1,1,1,1,1,1,1,1,1,1,1,1,1,1,1,1,1
"PTHR13847_SF18",1,1,1,1,1,1,1,1,1,1,1,1,1,1,1,1,1,1,1,0,1,2,1,1,1,1,1,1,1,1,1,1,1,1,1,1,1,1,1,1,1,1,1,1,1
"PTHR13847_SF19",1,1,1,1,1,1,1,1,1,1,1,1,1,1,1,1,1,1,1,1,1,1,1,1,1,1,1,1,1,1,1,1,1,1,2,1,1,1,1,1,1,1,1,1,1
"PTHR13847_SF5",1,1,1,1,2,1,1,1,1,1,1,1,1,2,1,2,1,1,1,1,1,1,1,1,1,1,1,1,1,1,1,2,1,1,1,1,1,1,1,1,2,1,1,1,2
"PTHR13850",2,3,4,6,3,2,3,2,2,3,2,2,2,2,2,2,2,2,2,2,2,2,2,3,2,2,2,1,2,2,1,2,2,2,2,2,2,2,2,2,6,2,1,2,3
"PTHR13856_SF25",1,1,1,1,1,1,1,1,1,1,1,1,1,1,2,1,1,1,1,1,1,1,1,1,1,1,1,1,1,1,1,1,1,1,1,1,1,1,1,1,2,1,1,2,1
"PTHR13856_SF26",1,1,1,1,1,1,1,1,1,1,1,1,1,1,1,1,1,1,1,1,1,1,1,1,2,1,1,1,1,1,1,1,1,1,1,1,1,1,1,1,1,1,1,1,1
"PTHR13856_SF28",1,1,1,1,1,1,1,1,1,1,1,1,1,1,1,1,1,1,1,1,1,1,1,1,1,1,2,1,1,1,2,1,1,1,1,1,1,1,1,1,1,1,1,1,1
"PTHR13856_SF31",1,1,1,1,1,1,1,1,1,1,1,1,1,1,1,1,1,1,1,1,1,1,1,1,1,1,1,1,1,0,1,1,1,1,1,1,1,1,1,1,1,1,1,1,1
"PTHR13856_SF32",1,1,1,1,1,1,1,1,1,1,1,1,1,1,1,1,1,1,1,2,1,1,1,1,1,1,1,1,1,1,1,1,1,1,1,1,1,1,1,1,1,1,1,1,1
"PTHR13856_SF34",1,1,1,1,1,1,1,1,1,1,1,1,1,1,1,1,1,1,1,1,1,1,1,1,1,1,1,1,1,1,1,1,1,1,1,1,1,1,1,1,1,1,1,1,1
"PTHR13856_SF6",1,1,1,1,1,1,1,1,1,1,1,3,1,1,2,2,1,1,1,1,1,1,1,1,1,1,1,1,1,1,1,1,1,1,1,1,1,1,1,1,1,1,1,1,1
"PTHR13856_SF74",1,1,1,1,1,1,1,1,1,1,1,1,1,1,1,1,1,1,1,1,1,1,1,1,1,1,1,1,1,1,1,1,1,1,1,1,1,1,1,2,1,1,1,1,1
"PTHR13856_SF79",1,1,1,1,1,1,1,1,1,1,1,1,1,1,1,1,1,1,1,1,1,1,1,1,1,1,1,1,1,1,0,1,1,1,1,1,1,1,1,1,1,1,1,1,1
"PTHR13856_SF82",1,1,1,1,1,1,1,1,1,1,1,1,1,1,1,1,1,1,1,1,1,1,1,1,1,1,1,1,2,1,0,1,1,1,1,1,1,1,1,1,1,1,1,1,1
"PTHR13856_SF84",1,1,2,1,1,1,1,1,1,1,1,1,1,1,1,1,1,1,1,1,1,1,1,1,1,1,1,1,1,1,1,1,1,1,1,2,1,1,1,1,1,1,1,1,1
"PTHR13857_SF10",1,1,1,1,1,1,1,0,3,1,1,1,1,1,1,1,1,1,1,1,1,1,1,1,1,1,1,1,1,1,1,1,1,1,1,1,1,1,1,1,1,1,1,1,1
"PTHR13857_SF23",1,1,2,5,2,1,9,0,0,1,1,2,0,2,0,2,0,3,2,10,1,2,0,2,0,1,0,1,1,1,1,0,2,2,0,0,2,0,2,0,6,0,1,0,1
"PTHR13857_SF25",1,1,0,1,1,1,1,1,1,0,1,1,1,0,1,1,1,1,1,0,1,0,1,1,1,1,1,1,1,1,1,0,0,1,0,1,1,2,1,1,1,1,1,0,1
"PTHR13857_SF3",1,1,1,1,1,1,1,1,1,1,1,1,1,0,1,1,1,1,1,0,1,1,1,1,1,1,1,1,1,1,1,1,1,1,1,1,1,1,1,1,1,1,1,1,1
"PTHR13857_SF4",1,1,1,1,1,1,1,1,1,1,1,1,1,1,1,1,1,1,1,1,1,1,2,1,1,1,1,1,1,1,1,1,1,1,1,1,1,1,1,1,1,1,1,2,1
"PTHR13859",2,2,2,2,1,2,2,2,1,2,2,2,2,1,2,2,2,2,2,2,2,2,3,2,2,2,2,2,2,2,2,2,2,2,2,2,2,2,2,3,2,2,2,2,2
"PTHR13861_SF2",1,2,1,3,1,2,2,1,1,2,1,1,1,2,2,1,1,1,1,2,2,1,1,1,2,1,2,1,1,1,2,1,1,1,1,1,3,1,3,2,1,1,0,4,1
"PTHR13864_SF13",1,1,1,1,2,1,1,1,1,1,1,1,1,1,1,1,1,1,1,1,1,1,1,1,1,1,1,1,1,1,0,1,1,1,1,1,1,1,1,1,1,1,1,1,1
"PTHR13864_SF14",1,1,1,1,1,1,0,1,1,1,1,1,1,1,1,1,1,1,1,1,1,1,1,1,1,1,1,1,1,0,0,1,1,1,1,1,1,1,1,1,1,1,1,1,1
"PTHR13864_SF16",1,1,1,1,1,1,1,1,1,1,1,1,1,1,1,1,1,1,1,1,1,1,1,1,1,1,1,1,1,1,1,1,1,1,1,1,1,1,1,1,0,1,1,1,1
"PTHR13864_SF17",1,0,1,1,0,1,1,1,1,1,0,1,1,1,1,1,1,1,1,0,1,1,1,1,1,1,1,1,1,0,1,1,1,1,1,1,1,1,1,1,1,1,1,1,1
"PTHR13864_SF6",1,1,1,1,1,1,1,1,1,1,1,1,0,1,1,1,1,1,1,1,0,1,1,1,1,0,1,1,1,1,1,1,1,1,1,1,1,1,1,1,0,1,1,1,1
"PTHR13865_SF11",1,1,1,1,1,1,1,1,0,1,1,1,1,1,1,1,1,1,0,1,1,1,1,1,1,1,1,1,1,1,0,1,1,1,1,1,1,1,1,1,1,1,1,1,1
"PTHR13865_SF20",1,1,1,1,1,1,1,1,1,3,1,1,1,1,2,2,2,1,1,1,1,1,1,1,1,1,1,1,1,1,1,1,1,1,1,1,1,1,1,1,1,1,1,1,1
"PTHR13865_SF25",1,2,1,1,1,1,1,1,1,2,1,1,1,1,1,2,1,2,1,1,1,1,1,1,1,1,1,1,1,1,1,1,1,1,1,1,1,1,1,1,1,1,1,1,1
"PTHR13865_SF26",1,1,1,1,1,1,1,1,1,0,1,1,1,1,1,2,1,0,1,1,1,1,1,1,1,1,1,1,1,1,1,1,1,1,1,1,1,1,1,1,1,1,1,1,1
"PTHR13866",2,2,2,2,2,2,2,2,2,2,2,2,2,2,2,2,2,2,2,2,2,2,2,2,2,2,2,2,2,2,2,2,2,2,1,2,2,2,2,2,2,2,2,1,2
"PTHR13869",6,7,8,6,6,7,6,5,6,6,7,7,5,6,7,7,6,5,8,5,6,6,6,8,7,7,6,7,6,7,5,6,6,8,5,6,8,5,9,6,6,7,6,5,7
"PTHR13871_SF24",1,1,1,1,0,1,1,1,1,1,1,1,1,1,1,1,0,1,1,0,1,1,1,1,1,1,1,1,1,1,1,1,1,1,1,1,1,1,1,1,1,1,1,1,0
"PTHR13871_SF25",1,1,1,1,0,1,1,1,0,0,1,1,1,1,1,1,0,1,1,0,0,0,1,1,1,1,1,1,1,1,0,1,1,1,1,1,1,1,1,1,0,1,1,1,1
"PTHR13871_SF31",1,0,0,0,1,0,0,0,0,0,0,0,0,0,0,1,0,0,0,0,0,0,0,0,0,0,0,0,1,0,0,0,0,0,0,0,0,0,0,0,0,0,0,0,0
"PTHR13872_SF1",1,1,1,1,1,1,1,1,1,1,1,1,1,1,1,1,1,1,1,1,1,1,1,1,1,1,1,1,1,1,1,1,1,1,1,1,1,1,1,1,1,1,1,2,1
"PTHR13872_SF21",1,1,1,1,1,1,1,1,1,1,1,1,1,1,1,1,2,1,1,1,1,1,1,1,1,1,1,1,1,1,1,1,1,1,1,1,1,1,1,1,1,1,1,1,1
"PTHR13872_SF3",2,2,6,2,2,6,1,1,1,3,2,2,2,5,1,1,1,2,3,1,2,2,2,4,4,2,1,4,1,3,4,10,1,5,3,3,3,2,4,7,2,1,0,4,1
"PTHR13874",3,3,3,3,3,3,3,3,3,3,3,3,3,3,3,3,3,3,3,3,3,3,3,3,3,2,3,3,3,3,3,3,3,3,2,3,3,3,3,3,3,3,3,3,3
"PTHR13878",1,1,0,0,1,1,0,1,0,1,1,1,1,0,1,0,1,1,0,0,0,1,1,0,1,1,1,0,1,1,1,1,1,0,1,1,0,1,0,1,0,1,0,1,1
"PTHR13886",2,2,2,2,2,2,1,2,2,1,2,2,2,2,2,2,2,2,2,2,2,2,2,2,2,2,2,2,2,2,1,3,2,2,2,2,2,2,2,2,2,2,2,2,2
"PTHR13887",2,1,1,1,2,1,1,1,1,1,1,1,1,1,1,1,1,1,1,1,1,1,1,1,0,1,1,1,1,1,1,1,1,1,1,1,1,1,2,1,1,1,1,2,2
"PTHR13889",2,3,2,2,2,2,2,2,2,2,2,2,2,2,2,2,2,2,2,2,2,2,2,2,2,2,2,2,2,2,2,2,2,2,2,2,2,2,2,2,2,2,2,2,2
"PTHR13890",1,1,1,1,1,1,1,1,1,1,1,1,1,1,1,1,1,1,1,1,1,1,1,1,1,1,1,1,1,1,1,1,1,1,1,1,1,1,1,1,1,1,1,1,1
"PTHR13891",1,1,1,2,1,1,2,1,1,2,1,1,1,1,1,1,1,1,1,1,1,2,1,1,1,1,1,1,1,1,1,1,1,1,1,1,1,1,1,1,1,1,0,1,1
"PTHR13895",3,3,2,2,3,3,2,2,2,2,3,4,3,4,2,2,2,6,2,2,4,3,2,2,2,3,3,4,5,3,3,2,3,2,2,3,5,4,4,2,2,3,2,3,5
"PTHR13900_SF0",1,1,1,1,1,1,1,1,1,1,1,1,1,1,1,2,1,1,1,2,2,1,1,1,1,1,0,2,1,1,1,1,1,1,1,1,2,1,2,0,1,1,1,1,1
"PTHR13902_SF10",2,1,1,1,2,1,1,1,1,1,1,1,1,1,1,1,1,1,1,1,1,1,1,1,1,1,1,1,1,1,0,1,1,1,1,1,1,0,1,1,1,1,1,1,1
"PTHR13902_SF46",1,1,1,1,1,1,1,1,1,1,1,1,1,1,1,1,1,1,1,1,1,1,1,2,2,1,1,1,1,1,1,1,1,1,1,1,1,1,1,1,1,1,1,1,1
"PTHR13902_SF47",2,1,1,1,1,1,1,1,1,1,1,1,1,1,1,1,1,1,1,1,1,1,1,1,1,1,0,1,1,1,1,1,1,1,1,1,1,1,1,1,1,1,1,1,1
"PTHR13902_SF48",1,1,0,1,1,1,1,1,1,1,1,1,1,1,3,1,1,1,1,1,1,1,1,1,1,1,1,1,1,1,1,2,2,1,1,1,1,1,1,1,1,1,1,1,1
"PTHR13902_SF52",1,1,1,1,1,1,1,1,1,1,1,1,1,1,1,1,1,0,1,1,1,1,1,1,1,1,1,1,1,1,1,1,1,1,1,1,1,1,1,1,1,1,1,1,1
"PTHR13902_SF53",1,1,1,1,1,1,1,1,1,1,0,0,0,1,1,1,1,1,1,0,1,1,1,1,1,1,1,1,1,1,0,1,1,1,1,2,1,0,2,1,1,1,1,1,1
"PTHR13902_SF54",1,1,1,1,1,1,1,1,1,1,1,1,1,1,1,1,1,1,1,1,1,1,1,1,1,1,1,1,1,1,1,1,1,1,1,1,1,1,1,1,1,1,1,1,1
"PTHR13903_SF8",1,1,1,1,1,2,1,1,1,1,1,1,1,1,1,1,1,1,1,1,1,1,1,1,1,1,0,1,1,2,1,1,1,1,1,1,1,1,1,1,1,1,1,1,1
"PTHR13904",1,1,1,2,1,1,1,1,1,1,1,1,1,1,1,10,1,1,1,1,1,1,1,1,1,1,1,1,1,1,1,1,1,1,1,2,1,1,2,1,1,1,1,1,1
"PTHR13905",1,0,1,1,1,1,1,0,0,1,0,1,1,0,0,1,0,1,1,0,1,0,0,0,0,1,1,1,1,1,1,0,1,1,0,1,0,1,1,0,0,1,0,0,1
"PTHR13906",6,6,6,6,6,6,6,6,6,5,6,6,6,6,6,15,6,6,5,6,6,6,6,6,6,6,6,6,6,6,5,6,5,7,6,6,6,6,7,7,7,6,6,7,6
"PTHR13914",2,2,2,2,2,2,1,2,2,2,2,2,2,2,2,3,2,1,2,2,2,2,3,2,2,2,2,2,2,2,3,2,2,1,2,2,2,2,2,2,2,2,2,2,2
"PTHR13919",2,3,3,2,2,2,2,2,2,2,2,2,2,3,2,2,2,2,2,2,2,2,2,2,2,2,2,3,2,2,2,2,2,3,2,2,3,2,3,2,2,2,2,2,2
"PTHR13923",2,3,2,2,2,2,2,2,2,2,2,2,2,2,2,2,2,2,2,2,2,2,2,2,3,2,2,2,2,2,2,1,2,2,2,2,2,2,2,2,2,2,2,2,2
"PTHR13924_SF11",1,1,1,1,1,1,1,1,1,1,1,1,1,1,1,1,1,1,1,2,1,1,1,1,1,2,2,1,1,1,2,1,1,1,2,2,1,1,1,1,1,1,1,1,1
"PTHR13924_SF12",1,1,1,1,1,1,1,1,1,1,1,1,1,1,1,1,1,1,1,1,1,1,1,1,1,1,1,1,1,1,1,1,1,1,1,1,2,1,2,1,1,2,1,1,1
"PTHR13924_SF4",1,3,1,1,1,1,2,1,1,1,1,1,1,1,1,1,1,2,1,2,1,1,1,1,1,2,1,1,1,2,0,1,1,1,0,1,1,1,1,1,1,1,1,1,1
"PTHR13929",1,1,1,1,1,1,1,1,1,1,1,1,1,1,1,1,1,1,1,1,1,1,1,1,1,1,1,1,1,1,0,1,1,1,1,1,1,1,1,1,1,1,1,1,1
"PTHR13930_SF0",2,1,1,1,1,1,1,1,1,1,1,1,1,1,1,2,1,1,1,1,1,1,1,1,1,1,1,1,1,1,1,1,1,1,1,1,0,1,2,1,1,1,2,1,1
"PTHR13931",2,2,2,2,2,2,2,2,2,2,2,2,2,2,3,2,1,2,2,3,1,2,2,2,2,2,2,2,2,2,2,2,2,2,2,2,2,2,2,2,2,2,2,2,2
"PTHR13932",1,1,1,1,1,1,1,1,1,1,1,1,1,1,1,1,1,1,1,1,1,1,1,1,1,1,1,3,1,1,1,2,1,1,1,1,1,1,1,0,1,1,1,1,1
"PTHR13935_SF40",1,1,1,1,1,1,1,1,1,1,1,1,1,1,1,1,1,0,1,0,1,1,1,1,1,0,2,1,1,1,0,1,1,1,1,1,1,0,1,1,1,0,1,1,1
"PTHR13935_SF43",1,0,1,0,0,0,1,0,0,1,0,1,1,0,1,1,1,0,1,0,1,0,1,1,0,0,1,0,1,0,0,0,1,1,1,1,0,1,1,1,0,1,0,1,0
"PTHR13935_SF44",1,1,0,0,1,1,1,1,1,1,1,1,1,0,1,1,0,1,0,1,1,0,1,0,1,0,1,1,1,1,1,0,1,0,1,1,1,1,1,0,0,1,0,1,1
"PTHR13935_SF49",1,1,0,0,1,1,0,1,1,0,1,1,0,1,1,1,1,1,1,0,1,0,1,1,1,1,1,1,0,0,0,1,1,1,1,1,0,1,1,1,0,1,0,1,1
"PTHR13936",6,5,6,3,4,6,8,2,4,5,5,6,6,4,6,3,4,4,4,4,4,3,4,5,7,3,5,5,6,4,3,4,5,3,2,5,6,3,6,4,3,3,2,2,5
"PTHR13937",1,2,1,3,1,1,1,1,1,1,1,1,1,2,2,2,1,1,1,1,1,1,1,1,1,1,1,1,1,1,1,1,1,1,1,1,0,1,1,1,1,1,1,3,1
"PTHR13943_SF1",1,1,1,1,1,1,1,1,1,1,1,1,1,1,1,1,1,1,1,1,1,1,1,1,1,1,1,1,1,3,1,1,1,1,1,1,1,1,1,1,1,1,1,1,1
"PTHR13943_SF2",1,1,1,1,1,1,1,0,0,1,1,1,1,1,1,1,1,1,1,1,1,1,1,1,1,1,1,1,1,1,1,0,1,1,0,1,1,1,1,1,1,1,1,0,1
"PTHR13943_SF33",1,2,2,2,1,4,2,2,2,1,2,3,2,2,1,2,1,3,2,4,1,2,1,2,1,2,1,2,0,2,2,1,1,2,1,1,2,1,2,1,2,1,1,0,2
"PTHR13943_SF35",1,1,1,1,1,1,1,1,1,1,1,1,1,1,1,1,1,1,1,1,1,1,1,1,1,1,1,1,1,1,1,1,1,1,1,1,1,2,1,1,1,1,1,1,1
"PTHR13943_SF36",1,0,1,1,1,0,1,0,0,1,2,4,1,1,0,1,0,1,1,16,1,1,0,1,0,0,0,1,0,0,0,0,1,1,0,0,1,0,1,0,1,0,0,0,1
"PTHR13944",2,1,2,2,1,2,2,2,1,3,1,2,1,2,1,2,2,3,2,2,2,2,2,2,2,1,3,2,1,1,3,1,4,2,2,2,2,3,2,2,2,3,1,1,2
"PTHR13946_SF16",1,2,2,2,1,1,1,1,1,2,1,0,0,1,1,1,1,1,1,2,1,2,1,2,1,0,1,1,1,1,1,2,1,2,1,1,1,1,1,0,2,1,0,1,1
"PTHR13946_SF25",1,2,0,1,1,1,1,1,1,0,1,1,1,2,1,5,1,1,1,1,1,2,1,1,1,0,1,0,1,1,1,2,1,1,1,1,0,1,4,1,1,2,0,2,1
"PTHR13947",3,3,1,2,3,3,4,6,4,2,3,4,3,3,2,4,6,5,1,2,2,2,10,2,5,3,8,2,3,2,3,2,3,2,7,10,3,2,3,12,2,3,2,9,3
"PTHR13948_SF21",1,1,1,1,1,1,1,1,1,1,1,1,1,1,1,1,1,1,1,1,1,1,1,1,1,0,1,1,1,1,1,3,1,1,1,1,1,1,1,1,1,1,1,1,1
"PTHR13948_SF22",1,1,1,1,1,1,1,1,1,1,1,1,1,1,3,1,1,1,2,1,1,1,1,1,2,1,1,1,1,1,1,1,1,1,1,1,1,1,1,1,2,1,1,1,1
"PTHR13948_SF4",1,1,1,1,1,1,1,1,1,1,1,1,1,1,1,1,1,1,1,1,1,1,1,1,1,1,1,1,1,1,1,1,1,1,1,1,1,1,1,1,1,1,1,2,1
"PTHR13950",2,2,2,2,2,2,2,2,2,2,2,2,2,2,2,2,2,2,2,2,2,2,2,2,2,6,2,2,2,2,2,2,2,2,2,2,2,2,2,2,2,2,2,2,2
"PTHR13952_SF5",1,1,1,1,1,1,1,1,1,1,1,1,1,1,0,1,1,1,1,1,1,1,1,1,1,1,2,1,1,1,1,1,1,1,1,1,1,1,1,1,1,1,1,0,1
"PTHR13952_SF6",1,1,1,1,2,1,1,1,1,1,1,1,1,1,2,1,1,1,1,1,1,1,1,1,1,1,2,1,1,1,1,1,1,1,1,1,1,1,1,2,1,1,0,2,2
"PTHR13954_SF10",1,1,1,1,1,1,1,1,1,1,1,1,1,1,1,1,1,1,1,1,1,1,1,1,1,1,1,1,1,1,1,1,1,1,1,1,1,1,1,1,1,1,1,1,1
"PTHR13954_SF9",1,1,1,1,1,1,1,1,1,1,1,1,1,1,1,1,1,1,1,1,1,1,1,1,1,1,1,1,1,1,1,1,1,1,1,1,1,1,1,1,1,1,1,1,1
"PTHR13958",1,1,1,1,1,1,1,1,1,1,1,1,1,1,1,1,1,1,1,1,1,1,1,1,1,1,1,1,1,1,1,1,1,1,1,1,1,1,1,1,1,1,1,1,1
"PTHR13962_SF10",1,1,1,1,1,1,1,1,1,1,1,1,1,1,1,1,1,1,1,1,1,1,1,1,1,1,1,1,1,1,1,1,1,1,1,1,1,1,1,1,1,1,1,1,1
"PTHR13962_SF12",1,1,2,1,2,1,3,1,1,1,1,1,1,2,2,1,2,1,2,1,1,1,1,2,1,1,1,2,1,1,1,1,1,1,1,1,2,1,2,1,1,1,1,1,1
"PTHR13962_SF8",1,1,1,1,1,1,1,1,1,1,1,1,1,1,1,1,1,1,1,1,1,1,1,1,1,1,2,1,1,1,1,1,1,1,1,1,1,1,1,1,1,2,1,1,1
"PTHR13964_SF1",1,1,1,1,1,1,1,1,2,1,1,1,1,1,1,1,1,1,1,1,1,1,1,1,1,1,1,1,1,1,1,2,1,1,1,1,1,1,1,1,1,1,1,1,1
"PTHR13964_SF19",1,1,1,1,1,1,1,1,1,1,1,1,1,1,1,1,1,1,1,1,1,1,1,1,1,1,1,1,1,1,1,1,1,1,1,1,1,1,1,1,1,1,1,1,1
"PTHR13964_SF21",1,1,1,1,1,1,1,1,1,1,1,1,1,1,1,1,1,1,1,1,1,1,1,1,1,1,1,1,1,1,1,1,1,1,1,1,1,1,2,2,1,1,1,2,1
"PTHR13964_SF22",1,1,1,1,1,1,1,1,1,1,1,1,1,1,1,1,1,1,1,1,1,1,1,1,1,1,1,1,1,1,1,1,1,1,1,1,1,1,1,0,1,1,1,1,1
"PTHR13966_SF0",1,1,0,1,1,1,1,1,1,2,1,1,1,1,1,1,1,1,1,1,1,1,1,1,1,1,1,1,1,1,1,1,1,1,1,1,1,1,1,1,1,1,1,1,1
"PTHR13966_SF2",1,1,1,1,2,1,1,1,1,1,1,1,1,1,1,1,1,1,1,1,1,1,1,1,1,1,1,1,1,1,1,1,1,1,1,1,1,1,1,1,1,1,1,1,1
"PTHR13968_SF17",1,2,5,7,3,3,4,1,1,6,1,1,1,3,5,14,2,1,5,1,3,3,1,3,2,2,1,5,1,2,6,6,10,5,2,3,4,1,7,2,7,1,1,1,3
"PTHR13968_SF18",1,1,1,1,1,1,0,0,0,1,1,0,1,0,0,1,0,0,1,0,0,1,1,0,0,0,1,0,0,1,1,0,0,0,0,0,0,0,0,1,1,1,0,2,1
"PTHR13968_SF3",1,1,1,1,1,1,1,1,1,1,1,1,1,1,1,2,1,1,1,1,1,1,2,1,1,1,0,1,1,0,1,1,1,1,1,1,1,1,1,1,1,1,1,2,0
"PTHR13968_SF6",1,1,1,1,1,1,2,1,1,2,1,3,1,1,2,1,1,1,1,2,1,1,1,1,1,1,2,1,1,1,1,3,1,1,2,1,1,1,1,1,1,1,1,2,1
"PTHR13976_SF26",1,1,1,2,1,1,1,1,1,1,1,1,1,1,1,1,1,2,1,1,1,1,1,1,1,1,1,2,1,1,1,3,2,1,1,1,1,1,1,1,1,1,1,1,1
"PTHR13976_SF28",1,1,1,0,1,1,1,1,1,1,1,1,1,1,1,1,1,1,1,1,1,1,2,1,1,1,1,1,1,0,1,1,1,1,1,1,0,0,1,2,1,1,0,1,1
"PTHR13976_SF30",1,0,1,1,1,1,2,1,1,1,1,1,1,1,1,1,1,1,1,1,1,1,1,1,1,1,1,1,1,1,1,1,1,1,1,1,1,1,1,1,1,1,1,1,1
"PTHR13976_SF31",1,1,1,2,1,1,0,1,1,0,0,1,0,1,1,1,1,1,1,1,1,2,2,1,1,2,0,1,0,0,0,1,0,1,0,1,1,0,2,2,1,1,1,0,0
"PTHR13976_SF32",1,2,1,3,1,2,1,1,1,2,1,1,1,1,4,1,3,1,1,1,1,2,1,0,1,1,3,1,1,2,3,3,2,1,0,4,0,1,1,1,1,2,0,0,1
"PTHR13976_SF33",2,2,3,1,3,4,3,3,6,3,2,2,2,2,3,3,2,3,5,4,2,2,2,2,2,2,3,3,2,2,4,3,2,5,3,2,5,2,4,2,1,2,2,2,2
"PTHR13976_SF35",1,1,1,1,1,2,1,1,1,1,1,1,1,1,2,1,1,1,1,1,1,1,1,1,1,1,1,1,1,1,1,1,1,1,1,1,1,1,1,1,1,1,1,1,1
"PTHR13976_SF37",1,2,1,1,1,1,1,1,1,1,1,1,1,1,1,1,1,1,1,1,1,1,1,1,1,1,1,1,1,1,1,1,1,1,1,1,1,1,1,1,1,1,1,1,1
"PTHR13980",1,1,1,1,1,1,1,1,1,1,1,1,1,2,1,1,1,1,1,1,1,1,1,1,1,1,1,1,1,1,1,1,1,1,1,1,2,1,2,1,1,1,1,1,1
"PTHR13982",5,5,5,5,5,5,5,5,5,5,5,5,6,6,7,5,5,5,5,5,5,6,6,5,5,5,6,6,5,5,3,7,6,5,5,5,6,6,6,6,5,5,5,9,5
"PTHR13986",2,3,2,2,2,2,2,2,2,2,2,2,2,2,2,2,2,1,2,2,2,2,2,2,2,2,2,2,2,2,2,2,2,2,2,2,2,2,2,3,2,2,2,2,2
"PTHR13987",2,1,1,0,1,1,1,0,0,1,1,1,0,1,0,1,1,0,1,1,1,0,2,1,1,1,1,1,1,1,1,0,2,1,0,1,1,1,1,1,0,1,1,0,2
"PTHR13989_SF10",1,3,1,1,1,1,2,1,1,1,1,1,1,2,1,1,1,1,2,1,1,1,1,2,1,1,1,3,1,1,1,2,1,2,1,1,2,1,2,1,2,1,1,2,2
"PTHR13989_SF11",1,1,1,1,1,2,1,1,1,1,1,1,1,1,1,1,1,1,1,1,1,1,1,1,1,1,1,1,1,1,1,1,1,1,1,1,1,1,1,1,1,1,1,1,1
"PTHR13992_SF21",1,1,1,1,1,1,1,1,1,1,1,1,1,1,1,1,1,1,1,0,1,1,1,1,1,1,1,1,1,1,1,1,1,1,1,1,1,1,1,1,1,1,1,1,1
"PTHR13992_SF5",1,1,1,2,1,1,1,1,1,1,2,1,1,1,1,1,1,1,1,1,1,1,1,1,1,1,1,1,1,1,1,2,1,1,2,2,2,1,1,1,1,2,1,1,1
"PTHR13994",1,1,1,1,2,1,1,1,1,1,1,1,1,1,1,1,1,1,1,1,1,1,1,1,1,1,1,1,1,1,1,1,1,1,1,1,1,1,1,1,1,1,1,1,2
"PTHR13999",5,10,9,10,7,8,24,4,4,2,7,7,6,10,5,5,3,5,10,6,7,3,8,10,4,4,7,9,4,6,2,4,5,12,3,7,7,8,9,8,6,6,2,4,8
"PTHR14002",2,3,3,3,2,2,3,2,3,2,3,3,3,3,4,3,3,2,3,2,3,3,3,3,3,2,2,3,3,2,3,3,2,3,2,3,3,3,3,3,3,3,2,2,2
"PTHR14003_SF10",2,1,1,1,1,1,1,3,1,1,1,1,1,1,2,1,3,1,1,2,1,1,3,1,2,1,2,1,1,1,1,3,1,1,1,1,1,1,1,1,1,1,1,1,1
"PTHR14003_SF8",1,1,0,1,1,0,1,1,0,1,1,1,1,1,1,1,0,1,0,1,1,0,1,0,1,0,1,0,1,1,1,1,1,0,0,1,1,0,1,2,0,1,1,0,1
"PTHR14005",1,1,1,1,1,1,1,1,1,1,1,1,1,1,2,1,1,1,1,1,1,1,1,1,1,1,1,1,1,1,1,1,1,1,1,1,1,1,1,1,1,1,1,1,1
"PTHR14009",3,3,3,3,3,3,3,3,3,4,3,3,3,3,2,3,3,3,4,3,3,3,3,4,3,3,5,4,3,3,3,3,4,4,3,3,4,3,4,3,3,3,3,3,3
"PTHR14014",1,1,1,1,1,1,1,1,1,1,1,1,1,1,1,1,1,1,1,0,1,1,1,1,1,0,1,1,1,1,1,1,1,1,1,1,1,1,1,1,1,1,1,2,1
"PTHR14015",2,2,2,2,2,2,2,2,2,2,2,2,2,2,2,2,2,2,2,2,2,2,2,2,2,2,3,2,1,2,1,2,2,2,2,2,2,2,2,2,2,2,2,2,2
"PTHR14017_SF5",1,1,1,1,1,1,1,1,1,1,1,1,1,1,1,1,1,0,1,1,1,1,1,1,1,1,0,1,1,1,1,1,1,1,1,1,1,0,1,1,1,1,1,1,1
"PTHR14017_SF9",1,1,1,2,1,2,1,1,1,1,3,1,1,1,1,2,1,1,1,1,2,1,2,1,1,1,3,1,1,1,1,1,1,1,1,1,1,1,2,1,1,2,1,1,2
"PTHR14021",1,1,1,1,1,1,1,1,1,1,1,1,1,1,1,1,2,1,1,1,1,1,1,0,1,1,1,1,1,1,1,1,1,1,1,1,1,1,1,1,1,1,1,1,1
"PTHR14024",5,5,5,8,5,5,8,4,5,5,5,5,4,5,4,5,4,5,6,5,5,5,5,6,5,5,4,6,4,5,1,5,5,6,6,4,5,5,6,5,5,5,5,5,5
"PTHR14025_SF20",1,1,1,1,1,1,1,0,1,1,1,1,1,1,1,1,0,1,1,1,1,1,1,1,1,1,2,1,1,1,1,0,1,1,1,2,1,2,1,1,1,1,1,2,1
"PTHR14027",1,1,1,1,1,1,1,1,1,1,1,1,1,1,1,1,1,1,1,1,1,1,1,1,1,1,1,1,1,1,1,1,1,1,1,1,1,1,1,1,1,1,1,1,1
"PTHR14030_SF1",1,1,1,1,1,1,1,1,1,1,1,1,1,1,1,2,1,1,1,1,1,1,1,1,1,1,1,1,1,1,1,0,1,1,1,1,1,1,1,1,1,1,1,1,1
"PTHR14030_SF3",1,1,1,1,1,1,1,1,1,1,1,1,1,1,1,1,0,1,1,1,1,1,1,1,1,2,1,1,1,1,1,1,1,1,1,1,1,1,1,1,1,1,1,1,1
"PTHR14038",3,3,3,3,3,3,3,3,3,5,3,3,3,3,3,9,3,3,3,3,3,3,3,3,5,3,3,3,3,3,3,5,3,4,3,3,3,3,3,2,3,3,3,3,3
"PTHR14042",2,3,2,2,2,2,2,2,2,2,2,2,2,2,2,2,2,2,2,3,2,2,2,2,2,2,2,2,2,2,2,2,2,2,4,2,2,2,2,2,2,2,2,2,3
"PTHR14043_SF4",1,1,1,1,1,1,1,1,1,1,1,1,1,1,1,1,1,1,1,1,1,1,1,1,1,0,1,1,1,1,1,1,1,1,1,1,1,0,1,1,1,1,1,1,0
"PTHR14043_SF5",1,1,1,1,1,1,1,1,1,1,1,1,1,1,1,1,1,1,1,1,1,1,1,1,1,1,1,1,1,1,1,1,1,1,1,0,1,1,1,1,1,1,1,1,1
"PTHR14049_SF1",1,1,1,1,1,1,1,1,1,1,1,1,1,1,1,1,1,1,1,1,1,1,1,1,1,1,0,1,1,1,1,1,1,1,1,1,1,1,1,1,1,1,1,1,1
"PTHR14049_SF14",1,1,1,1,1,1,1,1,1,1,1,1,1,1,1,1,1,1,1,1,1,1,1,1,1,1,1,1,1,1,1,1,1,1,1,1,1,1,1,1,1,1,1,1,1
"PTHR14049_SF5",1,1,1,1,1,1,0,1,1,1,1,1,1,1,1,1,1,1,1,1,1,1,1,1,1,1,1,1,1,1,1,1,1,1,1,1,1,1,1,1,1,1,1,2,1
"PTHR14052",1,1,1,1,1,1,1,1,1,1,1,1,1,1,1,1,1,1,1,1,1,1,1,1,1,1,1,1,1,1,1,1,1,1,1,1,1,1,1,1,1,1,1,1,1
"PTHR14057",3,3,2,3,2,2,2,2,2,2,1,3,3,3,2,3,3,2,2,2,3,3,3,3,3,2,3,1,2,2,2,3,3,3,3,3,2,3,3,3,2,3,2,3,2
"PTHR14058",3,3,3,3,3,3,3,3,3,4,3,3,3,3,4,3,4,3,3,3,3,3,3,3,3,3,3,3,3,3,3,3,3,3,3,3,3,3,3,3,3,3,3,3,3
"PTHR14060",3,3,3,3,3,2,3,2,1,3,2,2,3,3,1,3,1,2,3,6,3,2,7,3,2,1,2,3,3,3,2,1,3,3,1,3,3,3,3,2,3,3,3,1,3
"PTHR14063",5,4,5,4,4,5,5,5,4,4,5,4,4,5,5,4,5,4,4,4,4,4,4,5,4,4,6,4,4,4,4,7,4,4,4,4,4,4,5,4,5,4,4,5,4
"PTHR14064",2,2,2,2,2,2,2,2,2,2,2,2,2,2,2,2,2,2,2,2,2,2,2,2,2,2,2,2,2,2,2,2,2,2,2,2,2,2,2,2,2,2,2,2,2
"PTHR14066",2,2,2,2,1,2,2,1,1,1,2,2,1,2,1,2,2,2,2,3,2,2,2,2,2,2,2,1,2,1,2,1,2,2,2,2,2,2,2,2,2,1,1,2,2
"PTHR14068",1,1,1,1,1,1,1,1,2,1,1,1,1,1,1,1,1,1,1,1,1,1,1,1,1,1,1,1,1,1,1,1,1,1,1,1,1,1,2,1,1,1,1,1,1
"PTHR14069",1,1,1,1,1,1,1,1,1,1,1,1,1,1,1,1,1,1,1,1,1,1,1,1,1,1,1,1,1,1,1,1,1,1,1,1,1,1,1,1,1,1,1,1,1
"PTHR14074",3,3,3,3,3,3,3,3,3,3,3,3,3,3,3,3,3,3,3,3,3,3,3,3,3,3,2,3,3,3,3,3,3,3,3,3,3,3,3,3,3,3,3,3,3
"PTHR14076_SF2",1,1,1,1,1,1,1,1,1,1,1,1,1,1,1,1,1,1,1,0,1,1,1,1,1,1,1,1,1,1,0,1,1,1,1,1,1,1,1,1,1,1,1,1,1
"PTHR14076_SF3",1,1,1,1,1,1,1,1,1,1,1,1,1,1,1,1,1,1,1,1,1,1,1,1,1,1,1,1,1,1,1,1,1,1,1,1,1,1,1,1,1,1,1,1,1
"PTHR14076_SF9",1,1,1,1,1,1,1,1,1,1,1,1,1,1,1,1,1,1,1,1,1,1,1,1,1,1,1,1,1,1,1,1,0,1,1,1,1,1,1,1,1,1,1,1,1
"PTHR14081",2,2,1,2,2,2,1,2,2,0,1,2,2,2,0,5,2,1,1,1,1,1,3,1,1,1,1,1,2,1,1,2,1,1,0,1,0,2,1,2,1,2,0,0,2
"PTHR14083",2,2,2,2,2,2,2,2,2,2,2,2,2,2,2,2,2,2,2,2,2,2,2,2,2,2,2,2,2,2,1,2,2,2,2,2,2,2,2,3,2,2,2,2,2
"PTHR14084",1,1,1,1,1,1,1,1,1,2,1,1,1,1,1,1,1,1,1,1,1,2,1,1,1,1,1,1,1,1,1,1,1,1,1,1,1,1,1,1,1,1,1,1,1
"PTHR14085",1,1,1,1,1,1,1,1,1,1,1,1,2,1,1,5,1,1,1,1,1,1,1,1,1,2,1,1,1,1,2,1,1,1,1,1,1,1,1,1,1,1,1,1,1
"PTHR14087",1,1,1,1,1,1,1,1,1,1,1,1,1,1,3,1,1,1,1,1,1,1,1,1,1,1,1,1,1,1,1,2,2,1,1,2,1,2,1,1,1,1,1,1,1
"PTHR14089",2,2,1,1,2,1,2,3,1,1,1,2,2,1,1,1,2,2,1,3,1,1,2,1,2,2,1,1,2,2,2,1,1,1,1,1,1,1,1,1,2,2,1,2,2
"PTHR14091",1,1,2,1,1,1,1,1,1,1,1,1,1,1,1,1,1,1,2,1,1,1,1,2,1,1,2,1,1,1,1,1,1,2,1,1,1,1,1,1,1,1,1,1,1
"PTHR14093_SF14",1,1,1,1,1,1,1,1,1,1,1,1,1,1,1,1,1,1,1,1,1,1,1,1,1,1,1,1,1,1,1,1,1,1,1,1,1,1,1,1,1,1,1,1,1
"PTHR14094",1,1,2,3,1,1,1,1,1,1,1,1,1,1,8,1,1,1,2,1,1,1,1,2,1,1,1,4,1,1,1,1,1,2,1,1,3,1,3,1,3,1,1,1,1
"PTHR14095_SF1",1,1,1,1,2,0,0,0,0,1,0,1,1,1,0,3,0,0,0,0,2,1,0,1,0,0,0,0,0,1,1,0,0,1,2,0,1,1,1,1,0,1,1,1,1
"PTHR14095_SF3",2,1,1,1,2,2,1,1,1,2,2,2,1,1,1,4,1,2,2,1,2,2,3,1,2,2,3,1,2,1,2,1,2,1,1,1,1,1,1,1,2,2,1,1,1
"PTHR14096",5,13,4,2,4,13,4,9,7,3,4,3,3,7,7,8,1,4,7,14,6,3,13,6,7,4,8,3,4,12,2,1,2,6,2,13,5,2,5,9,2,4,3,2,5
"PTHR14097",1,1,1,3,1,1,1,1,1,1,1,1,1,1,1,1,1,1,1,1,1,2,1,1,1,1,0,1,1,1,1,1,1,1,1,1,1,1,1,1,1,1,1,1,2
"PTHR14098_SF1",1,1,1,1,1,1,1,1,1,1,1,1,1,1,1,1,1,1,1,1,1,1,1,1,1,1,1,1,1,1,1,1,1,1,1,1,1,1,1,1,1,1,1,1,1
"PTHR14098_SF2",1,0,1,1,1,0,1,1,0,1,1,1,1,1,1,1,1,1,1,1,1,1,1,1,1,1,1,1,1,1,1,0,1,1,1,1,1,1,1,1,1,1,1,0,1
"PTHR14098_SF3",1,1,1,1,1,1,1,1,1,1,1,1,1,1,1,1,1,1,1,1,1,1,1,1,1,1,1,1,1,1,1,1,1,1,1,1,1,2,1,1,1,1,1,1,1
"PTHR14098_SF7",1,1,1,1,1,1,1,1,1,0,1,1,1,1,1,1,1,1,0,0,1,1,1,0,1,1,1,1,1,1,0,1,0,0,1,1,1,1,1,1,1,1,1,0,1
"PTHR14102",4,3,4,3,2,3,4,3,3,3,3,3,3,3,3,3,3,3,3,3,3,3,3,3,3,2,3,3,3,3,2,3,3,3,3,3,3,3,3,3,3,3,3,3,4
"PTHR14106_SF0",1,1,1,1,1,1,1,1,1,1,1,1,1,1,1,1,1,1,1,1,1,1,1,1,1,1,0,1,1,1,1,0,1,1,1,1,1,1,1,1,1,1,1,0,1
"PTHR14107",2,2,2,2,2,2,2,2,3,1,2,2,2,2,3,3,2,2,3,2,2,3,3,2,2,2,2,2,2,2,2,3,2,2,2,2,2,2,2,2,3,2,2,3,2
"PTHR14110_SF0",1,1,1,1,1,1,1,1,1,1,1,1,1,1,1,3,1,0,1,1,1,1,1,1,1,1,1,1,1,1,1,1,1,1,1,1,1,1,1,1,1,1,1,1,1
"PTHR14112",1,2,9,1,1,2,1,0,0,1,1,1,1,5,0,8,1,1,9,1,6,1,14,9,1,1,2,6,1,1,1,0,1,8,0,2,5,0,15,4,2,1,1,0,1
"PTHR14113",2,2,4,2,2,2,2,2,2,2,2,2,2,2,2,2,2,2,2,2,2,2,2,2,2,2,4,4,4,2,3,2,2,4,1,2,4,3,2,2,4,2,3,4,2
"PTHR14115",1,1,1,1,1,1,1,1,1,1,1,1,1,1,1,1,1,1,1,1,1,1,1,1,1,1,1,1,1,1,1,1,1,1,1,1,1,1,1,1,1,1,1,0,1
"PTHR14119",2,2,2,2,2,2,2,2,2,2,2,2,2,2,3,2,2,2,2,1,2,2,3,2,3,2,2,2,2,2,2,2,2,2,2,3,2,2,2,4,2,2,2,2,2
"PTHR14122",1,1,1,1,1,1,1,1,1,1,1,1,1,1,1,1,1,1,1,1,1,1,1,1,1,0,1,1,1,1,1,1,1,1,1,1,1,1,1,1,1,1,1,1,1
"PTHR14124",2,2,2,2,2,2,2,2,3,2,2,2,2,2,2,2,2,2,2,2,2,2,2,2,2,2,2,2,2,2,2,2,2,2,2,2,2,2,2,2,2,2,2,3,2
"PTHR14127_SF0",1,1,1,1,1,1,1,1,1,1,1,1,1,1,2,1,1,1,1,1,1,1,1,1,2,1,1,1,1,1,1,1,1,1,1,1,1,1,1,1,1,1,1,3,1
"PTHR14130_SF12",1,1,1,1,1,1,1,1,1,1,1,1,1,1,1,2,1,1,1,2,1,1,2,1,1,1,1,1,1,1,1,1,1,1,1,2,1,1,1,1,1,1,1,1,1
"PTHR14130_SF13",1,1,1,1,1,1,1,1,1,1,1,1,1,1,1,1,1,1,1,2,1,1,1,1,1,1,1,1,1,1,1,1,1,1,1,1,1,1,1,1,1,1,1,1,1
"PTHR14130_SF3",1,1,1,1,1,1,1,1,1,1,1,1,1,1,1,2,1,1,1,1,1,1,1,1,1,1,1,1,2,1,1,1,1,1,2,1,1,1,1,1,1,1,1,1,1
"PTHR14131",1,1,1,1,1,1,1,1,1,1,1,1,1,1,1,1,1,1,1,0,1,1,0,1,0,1,0,1,1,1,2,1,1,1,1,0,1,1,1,0,1,2,1,1,1
"PTHR14132",6,6,5,6,5,3,7,6,5,0,3,7,7,7,5,9,5,3,6,4,7,7,6,6,5,4,6,7,6,7,5,4,5,7,2,6,7,7,7,7,6,5,4,4,7
"PTHR14134",1,1,1,1,1,1,1,1,1,1,1,1,1,1,1,1,1,1,1,1,1,1,1,1,1,1,1,1,1,1,1,1,1,1,1,1,1,1,1,1,2,1,1,1,1
"PTHR14139",3,3,3,3,3,3,4,3,3,3,4,3,3,3,3,4,3,3,3,3,3,3,3,3,3,3,3,3,3,3,3,3,3,3,3,3,3,3,3,3,3,3,3,3,3
"PTHR14140",3,2,7,4,3,3,4,3,3,3,3,3,3,5,3,3,3,3,5,2,3,3,3,5,3,4,3,3,3,3,3,3,4,5,3,3,6,3,5,3,3,3,3,3,3
"PTHR14145",2,2,2,2,2,2,2,2,2,2,2,2,2,2,2,2,2,2,2,2,2,3,2,2,2,2,2,2,2,2,1,3,2,2,2,2,2,2,2,2,2,2,2,2,2
"PTHR14146",1,1,1,1,1,2,1,1,1,2,1,1,1,1,1,1,1,1,1,2,1,1,1,1,1,1,1,1,1,3,1,1,2,1,1,1,1,1,1,1,1,1,1,1,1
"PTHR14149",3,3,3,3,3,3,3,3,3,3,3,3,3,3,3,3,3,3,3,4,3,3,3,3,3,3,3,3,3,3,3,3,4,3,3,4,3,3,3,3,3,3,3,3,3
"PTHR14150",1,1,2,1,1,3,2,2,2,1,1,1,1,1,2,2,1,2,1,2,2,1,2,2,2,1,1,1,1,2,1,1,1,2,2,2,2,1,2,1,2,1,1,2,1
"PTHR14152",1,1,1,1,1,1,1,1,1,2,1,1,1,1,1,1,1,1,1,1,1,1,1,1,1,1,1,1,1,1,0,1,1,1,1,1,1,1,1,1,1,1,1,1,1
"PTHR14154_SF2",1,1,1,2,1,3,1,2,1,0,1,1,1,1,1,1,2,1,1,1,1,1,1,1,2,0,1,1,1,1,2,2,1,2,2,1,1,1,1,1,2,1,1,1,1
"PTHR14154_SF8",1,1,1,1,5,1,2,1,1,2,2,2,1,1,1,1,1,1,1,1,1,1,1,1,2,1,1,1,1,1,1,2,0,1,1,2,1,1,1,1,1,1,1,2,1
"PTHR14154_SF9",1,1,0,0,0,1,1,0,1,0,1,1,1,0,1,1,1,1,1,1,1,0,0,1,0,1,0,1,1,1,1,0,0,1,1,2,1,1,1,0,0,1,0,1,1
"PTHR14155_SF3",1,1,1,1,1,1,1,1,1,1,1,1,1,1,3,1,1,2,2,1,1,1,1,2,1,2,1,2,1,1,1,1,1,2,1,1,1,1,2,2,1,1,0,1,1
"PTHR14155_SF4",1,1,1,1,1,1,1,1,1,2,1,1,1,2,1,1,1,1,1,1,1,1,1,1,1,1,0,1,1,1,2,1,1,1,1,2,2,1,2,1,1,1,1,1,1
"PTHR14155_SF76",1,3,0,0,1,3,0,0,0,1,1,3,1,0,0,0,0,0,0,1,0,0,0,0,0,1,0,0,1,2,1,0,1,0,0,0,0,0,0,0,0,1,0,0,1
"PTHR14155_SF79",1,1,1,1,1,1,1,1,1,1,1,1,1,1,2,1,1,1,1,1,1,1,2,1,1,1,1,1,1,1,1,1,1,1,1,1,1,1,1,1,1,1,1,1,1
"PTHR14155_SF81",1,1,1,1,1,1,1,1,1,1,1,1,1,1,1,1,1,1,1,1,1,1,1,1,1,1,1,1,1,1,2,1,1,1,1,1,1,1,1,1,2,1,1,1,1
"PTHR14156",1,1,1,1,1,1,1,0,1,1,1,1,1,1,0,1,0,1,1,1,1,1,0,2,0,1,0,1,1,1,0,0,1,1,1,0,1,1,1,0,1,1,1,1,1
"PTHR14159",1,3,4,2,2,2,3,3,2,1,1,1,1,2,4,2,1,1,3,1,2,1,1,3,1,1,1,2,1,1,2,3,1,4,2,1,2,1,1,1,2,1,1,1,1
"PTHR14162",1,1,1,1,1,1,1,0,1,1,1,1,1,1,1,1,1,0,1,1,1,1,1,1,1,1,1,1,1,1,1,1,1,1,1,1,1,1,1,1,0,2,1,1,1
"PTHR14164",1,1,1,1,1,1,1,1,1,2,1,3,1,1,3,1,1,1,1,1,1,1,1,1,1,1,1,1,1,1,1,1,1,1,1,1,1,1,1,1,1,1,1,1,1
"PTHR14165",1,1,1,2,1,1,1,1,1,1,1,1,1,1,1,1,1,1,1,1,1,1,1,1,1,1,1,1,1,1,1,1,1,1,1,1,1,0,1,1,1,1,1,1,1
"PTHR14166",5,4,4,4,4,4,4,4,4,5,4,4,4,4,5,6,4,4,4,4,4,4,4,5,4,4,4,4,4,4,4,4,4,4,4,4,4,4,4,4,4,4,4,4,4
"PTHR14167_SF20",1,1,1,1,1,1,1,1,0,1,1,1,1,1,1,1,0,2,1,1,1,1,1,1,0,1,2,1,1,1,1,1,1,1,0,1,1,1,1,1,1,1,1,0,1
"PTHR14167_SF22",1,1,1,1,1,1,1,1,1,1,1,1,1,1,1,2,1,1,1,1,1,1,1,1,1,1,1,1,1,1,1,1,1,1,1,1,1,1,1,1,1,1,1,1,1
"PTHR14167_SF23",1,1,1,1,1,1,1,1,1,1,1,1,1,1,1,1,1,1,1,1,1,1,1,1,1,1,1,1,1,1,2,1,1,1,1,1,1,1,1,1,1,1,1,1,1
"PTHR14167_SF6",1,1,1,2,1,2,2,1,1,1,1,1,1,1,2,1,1,1,1,1,1,1,1,1,1,1,2,1,1,1,1,1,1,1,1,1,1,1,1,1,2,1,1,1,1
"PTHR14168",2,2,2,2,1,2,2,1,1,3,2,2,2,2,1,2,2,2,2,2,2,1,2,2,2,2,2,2,2,2,2,1,3,2,2,1,2,3,2,2,3,2,2,2,1
"PTHR14181",1,1,1,1,1,1,1,1,1,1,1,1,1,1,1,1,1,1,1,1,1,1,1,1,1,1,1,1,1,1,0,1,0,1,1,1,1,1,1,0,1,1,0,1,1
"PTHR14186",3,3,3,3,3,3,3,3,3,3,3,3,3,3,3,3,3,3,3,3,3,3,3,3,3,2,3,3,3,3,2,3,3,3,4,3,2,3,3,3,3,3,2,4,2
"PTHR14187_SF3",1,1,1,1,1,1,1,1,1,1,1,1,1,1,1,2,1,1,1,1,1,1,1,1,1,1,1,1,1,1,1,1,1,1,1,1,1,1,1,1,1,1,1,2,1
"PTHR14187_SF30",1,1,1,1,1,1,1,1,1,1,1,1,1,1,1,1,1,1,1,0,1,1,1,1,1,1,1,1,1,1,1,0,1,1,1,1,1,1,1,1,1,1,1,1,1
"PTHR14187_SF39",1,1,1,1,1,1,1,1,1,1,1,1,1,1,1,1,1,1,1,1,1,1,1,1,1,1,1,1,1,1,1,1,1,1,1,1,1,1,1,1,1,1,2,1,1
"PTHR14187_SF46",1,1,1,1,1,1,1,1,1,1,1,1,1,1,1,1,1,1,1,1,1,1,1,1,1,1,1,1,1,1,1,1,1,1,1,1,1,1,1,1,1,1,1,1,1
"PTHR14187_SF6",1,1,1,1,1,1,1,1,1,1,1,1,1,1,1,1,1,1,1,1,1,1,1,1,1,1,1,1,1,1,1,0,1,1,1,1,0,1,1,1,1,1,1,1,1
"PTHR14189",1,1,1,1,1,1,1,1,1,2,1,1,1,1,1,1,1,1,1,1,1,1,1,1,1,1,1,1,1,1,2,1,1,1,1,1,1,1,1,1,1,1,1,1,1
"PTHR14190",1,1,1,1,2,1,1,1,1,1,1,1,2,1,1,7,1,1,1,1,1,1,1,1,1,1,1,1,1,1,1,1,1,1,1,0,1,1,1,1,1,1,1,1,2
"PTHR14191",3,4,4,5,5,4,5,4,4,4,4,4,4,4,5,4,3,4,4,5,4,4,4,4,4,4,4,4,4,4,4,4,4,4,4,4,4,4,4,4,4,4,4,5,4
"PTHR14194_SF42",1,1,1,1,1,1,1,1,1,1,1,1,1,1,1,2,1,1,1,1,1,1,1,1,1,2,1,1,1,1,2,1,1,1,1,1,1,1,1,1,1,1,1,1,1
"PTHR14195",2,2,2,2,2,2,2,2,2,2,2,2,2,2,2,2,2,2,2,2,2,2,2,2,2,2,2,2,2,2,2,2,2,2,2,2,2,2,2,2,2,2,2,2,2
"PTHR14196_SF4",1,1,1,1,1,1,1,1,1,1,1,1,1,1,1,1,1,1,1,1,1,1,1,1,1,1,1,1,2,1,1,1,1,1,1,1,1,1,1,1,1,1,1,1,1
"PTHR14196_SF5",1,1,1,1,1,1,1,1,1,1,1,1,1,1,1,1,1,1,1,1,1,1,1,1,1,1,2,1,1,1,1,1,1,1,1,1,1,1,1,1,1,1,1,2,1
"PTHR14198",6,6,6,6,6,6,6,6,6,6,7,7,6,6,6,7,6,7,6,7,6,6,5,6,5,5,7,6,6,6,6,5,6,6,8,5,5,6,6,5,6,7,6,7,7
"PTHR14199",2,3,6,3,1,7,5,0,0,7,3,6,2,14,0,15,0,0,15,0,15,0,0,12,0,4,0,12,1,3,14,0,1,11,0,0,6,1,8,0,1,7,1,0,3
"PTHR14200",1,2,4,3,3,2,2,1,1,3,1,1,3,3,1,1,1,1,3,2,1,2,1,3,1,1,2,2,1,1,1,1,1,3,1,1,3,4,3,1,3,1,1,3,3
"PTHR14202",1,1,1,1,1,1,1,1,1,1,1,1,1,1,1,1,1,1,1,1,1,1,1,1,1,1,1,1,1,1,1,1,1,1,1,1,1,1,1,1,1,1,1,1,1
"PTHR14205",1,1,1,1,1,1,1,1,1,1,1,1,1,1,1,1,1,1,1,1,1,1,1,1,1,1,3,1,1,1,0,1,1,1,1,1,1,1,1,1,1,1,1,1,1
"PTHR14206",3,3,3,3,3,3,3,3,3,3,3,3,3,2,3,3,3,3,3,2,3,3,3,3,3,3,3,3,3,3,3,3,3,3,3,3,3,3,4,3,4,3,3,4,2
"PTHR14207",2,2,2,2,3,4,2,2,2,2,1,2,2,4,2,3,2,2,2,1,2,2,2,2,2,2,1,2,1,2,3,3,2,2,2,2,3,2,3,2,2,2,2,2,1
"PTHR14208",2,2,2,2,3,2,2,2,3,2,2,3,2,2,2,2,3,2,2,2,2,2,2,2,2,2,2,2,2,2,3,5,2,2,2,3,2,2,2,2,2,2,2,3,2
"PTHR14209",1,1,1,1,1,1,1,1,1,1,1,1,1,1,1,1,2,1,1,1,1,1,1,1,1,1,1,1,1,1,1,1,1,1,1,1,1,1,1,1,1,1,1,1,1
"PTHR14211",1,1,1,1,1,1,1,1,1,1,1,1,1,2,1,1,1,1,1,1,1,1,1,1,1,1,2,2,1,1,0,1,1,1,1,1,3,1,3,1,1,1,1,1,1
"PTHR14212",1,1,1,1,1,1,1,1,1,1,1,1,1,1,2,1,1,1,1,1,1,1,1,1,1,1,1,1,1,1,1,2,1,1,1,1,2,1,2,1,1,1,1,2,1
"PTHR14215",3,3,3,3,3,3,3,3,3,4,3,3,3,3,3,3,3,3,3,4,3,3,3,3,3,3,3,3,4,3,3,3,3,3,5,4,3,3,3,3,5,3,3,5,4
"PTHR14217",1,1,1,2,1,1,1,1,1,1,1,2,1,2,1,2,1,1,1,1,1,1,1,1,1,1,1,1,1,1,1,1,1,1,1,1,2,1,2,1,1,1,1,1,1
"PTHR14218",1,1,1,1,1,1,1,1,1,1,1,1,2,1,1,1,1,1,1,1,1,1,1,1,1,1,1,1,1,1,1,1,1,1,1,1,1,1,1,1,1,1,1,1,1
"PTHR14221_SF0",1,1,1,1,1,1,1,1,1,1,1,1,1,1,1,1,1,1,1,1,1,1,1,1,1,1,1,1,1,1,1,1,1,1,1,1,1,1,2,1,1,1,1,1,1
"PTHR14222",2,2,2,3,2,2,2,2,2,2,2,2,2,2,2,2,2,2,2,2,2,2,2,2,3,2,2,2,2,2,2,2,2,2,2,2,2,2,2,2,3,2,2,2,2
"PTHR14224",7,31,13,5,3,14,5,4,3,7,6,7,4,23,5,54,3,11,14,33,12,5,107,13,10,6,23,14,5,21,5,3,13,17,4,31,10,4,16,36,4,14,8,8,4
"PTHR14225",1,1,1,1,1,1,1,1,1,1,1,1,1,1,1,1,1,1,1,0,0,1,1,1,0,1,1,1,1,1,1,1,1,1,1,1,1,1,2,1,1,1,1,1,1
"PTHR14226_SF23",1,1,1,1,1,1,1,1,1,1,1,1,1,1,1,1,1,1,1,0,1,1,1,1,2,1,0,1,1,1,1,1,0,1,1,1,1,1,1,1,1,1,1,1,2
"PTHR14226_SF26",1,1,1,1,1,1,1,1,1,1,1,1,1,1,1,1,1,1,1,1,1,1,1,1,1,1,0,1,1,1,1,1,1,1,1,1,1,1,1,1,1,1,1,1,1
"PTHR14233",2,3,2,2,2,2,2,2,2,2,2,2,2,2,2,2,2,2,2,2,2,2,2,2,2,2,1,2,2,2,2,2,2,2,3,2,2,2,2,2,2,2,2,2,2
"PTHR14234",3,4,3,2,3,2,3,3,3,3,3,3,3,3,3,5,3,3,3,2,3,2,3,3,3,3,3,4,3,2,3,3,3,3,3,2,2,3,4,3,2,3,3,2,3
"PTHR14235",1,1,1,1,1,1,1,1,1,1,1,1,1,1,1,1,1,1,1,1,1,1,3,1,1,1,1,1,1,1,1,1,1,1,1,1,1,1,2,1,1,1,0,1,1
"PTHR14237_SF13",1,1,1,1,1,1,1,1,1,0,1,1,1,1,1,2,1,1,1,2,1,1,1,1,1,1,1,1,1,1,1,1,1,1,1,1,1,1,1,1,1,1,1,2,2
"PTHR14237_SF17",1,1,1,1,1,1,1,1,1,1,1,1,1,1,1,1,1,0,1,1,1,1,1,1,1,1,1,1,1,1,2,1,1,1,1,1,1,1,1,2,1,1,1,2,1
"PTHR14237_SF19",1,1,1,1,1,1,1,1,1,1,1,1,1,1,1,1,1,1,1,1,1,1,1,1,1,2,1,1,1,1,1,1,1,1,1,1,1,1,1,1,1,1,1,1,1
"PTHR14239",4,4,4,4,4,4,4,4,4,4,4,4,4,4,4,5,4,4,4,4,4,5,4,4,4,4,4,4,4,5,4,4,4,4,4,4,4,4,9,4,4,4,4,4,4
"PTHR14240",2,2,2,2,2,2,2,2,2,2,2,2,2,2,2,2,2,2,2,2,2,2,2,2,2,2,2,2,2,2,2,2,2,2,2,2,2,2,2,1,2,2,2,2,2
"PTHR14241_SF2",1,1,1,1,1,1,0,0,0,1,1,1,1,1,0,1,0,1,1,1,1,1,1,1,0,1,1,0,1,1,1,0,0,1,0,1,1,0,1,1,1,1,0,0,1
"PTHR14241_SF3",1,1,1,1,1,1,0,0,0,1,1,1,1,1,0,1,1,1,1,1,1,1,1,1,0,1,1,0,1,1,1,0,0,1,0,1,1,1,1,1,1,1,0,0,1
"PTHR14247",4,3,3,3,3,3,3,3,3,3,3,3,3,3,2,3,2,3,3,3,3,3,2,3,3,4,3,3,3,4,2,3,3,3,3,3,3,4,3,2,3,3,3,5,3
"PTHR14248",2,2,4,3,2,2,7,2,5,2,2,2,2,3,4,2,2,3,4,13,7,2,2,5,2,2,3,5,2,2,2,2,2,2,2,2,4,2,4,2,2,2,2,2,2
"PTHR14254",1,1,1,1,1,1,1,1,1,3,1,1,1,1,1,2,1,1,1,1,1,2,2,1,1,0,1,1,1,1,1,1,1,1,1,1,2,1,1,1,1,1,1,1,1
"PTHR14255_SF2",1,1,1,1,1,1,2,1,1,1,1,1,1,1,1,1,1,1,1,1,1,1,1,1,1,1,1,1,1,1,1,2,1,1,1,1,1,1,1,1,1,1,1,1,1
"PTHR14256_SF2",1,1,1,1,1,0,1,1,1,1,1,1,1,1,1,1,0,1,1,1,1,1,1,1,1,1,1,1,1,1,1,1,1,1,1,1,1,1,1,1,1,1,1,1,0
"PTHR14256_SF3",1,1,1,1,2,1,1,1,1,1,1,1,1,1,1,1,1,1,1,1,1,1,2,1,1,0,1,1,1,1,2,1,0,1,3,1,1,1,1,1,1,1,1,3,1
"PTHR14256_SF4",2,3,4,3,4,6,9,1,1,2,2,2,2,3,2,1,1,1,4,2,1,2,1,2,1,1,1,4,2,2,3,1,2,4,4,1,2,3,3,1,2,2,1,4,6
"PTHR14261",1,1,1,1,1,1,0,1,1,1,1,0,1,1,0,1,1,1,1,0,1,1,1,1,1,1,1,1,1,1,1,1,1,1,0,1,1,1,1,1,1,1,1,1,1
"PTHR14263",1,1,1,1,1,1,1,1,1,1,1,1,1,1,1,1,1,3,1,1,1,1,2,1,1,1,1,1,1,1,1,0,1,1,1,2,1,1,1,1,1,1,1,2,1
"PTHR14269_SF10",1,1,1,1,1,1,1,1,1,1,1,1,1,1,1,1,1,1,1,1,1,1,1,1,1,1,1,1,1,1,1,1,1,1,1,1,1,1,1,1,1,1,0,1,1
"PTHR14269_SF11",1,1,1,1,1,1,1,1,1,1,1,1,1,1,4,1,2,1,1,1,1,1,1,1,1,1,1,1,1,1,1,2,1,1,1,1,1,1,1,1,1,1,1,1,1
"PTHR14270",1,1,1,1,1,1,1,1,1,1,1,1,1,1,1,1,1,1,1,1,1,1,1,1,1,1,1,1,1,1,1,1,1,1,1,1,1,1,1,1,1,1,1,1,1
"PTHR14272",2,2,2,2,2,2,2,2,2,1,2,2,2,1,2,2,2,2,2,2,1,2,1,2,1,1,2,2,2,2,1,2,2,2,2,2,2,2,2,1,2,2,2,2,2
"PTHR14273",1,1,1,2,1,1,1,1,1,1,1,1,1,1,1,1,1,1,1,1,1,1,1,1,1,1,1,1,1,1,1,3,1,1,3,2,1,1,1,1,1,1,1,3,1
"PTHR14274",1,1,1,1,1,2,1,1,1,1,1,1,0,1,1,1,1,1,1,1,0,2,1,1,1,1,2,1,1,2,2,1,2,1,1,1,1,1,1,1,1,1,1,1,1
"PTHR14275",1,1,1,1,1,1,1,1,1,1,1,1,1,1,1,2,1,0,1,1,1,1,1,1,1,1,1,1,1,1,1,1,0,1,1,1,1,2,1,1,1,1,1,2,1
"PTHR14281",1,1,1,1,1,1,1,1,1,1,1,1,1,1,1,2,1,1,1,1,1,1,1,1,1,1,1,1,1,1,2,1,1,1,1,1,1,1,1,1,1,1,1,1,1
"PTHR14286",1,1,1,1,2,1,1,1,1,0,1,1,1,1,2,1,1,1,1,1,1,1,2,1,1,1,1,1,1,1,1,1,1,1,3,1,1,1,1,1,1,1,1,1,1
"PTHR14289",2,2,2,3,3,3,2,2,2,1,2,2,2,2,3,2,2,2,2,2,2,2,2,2,2,2,2,2,2,2,3,4,2,2,2,2,2,2,2,2,2,2,2,2,2
"PTHR14292",1,1,1,1,1,1,1,1,1,1,1,1,1,1,1,1,1,1,1,1,1,1,1,1,1,1,1,1,1,1,1,1,0,1,1,1,1,1,1,1,1,1,1,1,1
"PTHR14297",2,1,2,2,2,2,5,2,2,2,3,2,2,2,2,3,2,2,2,2,3,2,2,2,2,2,1,2,2,2,2,2,2,2,2,2,3,2,4,2,2,2,2,3,2
"PTHR14303_SF0",1,1,1,1,1,1,1,1,1,1,1,1,1,1,1,2,1,1,1,1,1,1,4,1,1,1,1,0,1,1,1,1,1,1,1,1,1,1,1,1,1,1,1,1,1
"PTHR14304",2,2,2,2,2,2,2,2,2,2,2,2,2,2,2,2,2,2,2,2,2,2,2,2,2,2,2,2,2,2,2,2,2,2,2,3,2,2,2,2,2,2,2,2,2
"PTHR14305",1,1,1,2,1,1,1,1,1,1,1,1,1,1,2,1,2,1,1,1,1,1,1,1,1,1,1,1,1,1,1,1,1,1,1,1,1,1,1,1,1,1,1,1,1
"PTHR14307",1,1,1,0,1,0,1,1,1,1,1,1,1,0,0,7,1,1,0,1,0,0,1,1,1,1,1,1,1,1,1,0,0,0,1,1,0,1,0,1,0,1,1,1,1
"PTHR14308",1,1,1,1,1,1,2,1,1,1,1,1,1,1,1,1,0,1,1,0,1,1,1,1,1,1,1,1,1,1,0,1,1,1,1,1,1,1,1,1,1,1,1,1,0
"PTHR14309",1,3,3,2,2,2,3,2,2,2,2,2,2,2,2,2,3,2,3,1,3,2,2,3,2,2,2,3,2,2,2,1,3,4,2,2,2,2,2,2,2,2,1,2,2
"PTHR14312",1,1,1,1,0,1,0,1,1,1,1,1,1,1,1,1,1,1,1,0,1,1,1,1,1,1,1,1,1,1,1,1,1,1,1,0,1,0,1,1,1,1,1,1,1
"PTHR14315",1,2,2,1,2,2,2,1,2,1,2,2,2,1,2,2,2,2,0,1,2,1,2,0,2,2,1,2,2,2,2,1,2,0,2,2,2,2,2,2,2,2,1,2,2
"PTHR14319_SF5",1,1,1,1,1,1,1,1,1,1,1,1,1,1,1,1,1,1,1,0,1,1,1,1,1,1,1,1,1,1,0,1,1,1,1,1,1,1,1,0,1,1,1,1,1
"PTHR14319_SF6",1,1,1,1,1,1,1,1,1,1,1,1,1,1,1,1,1,1,1,1,1,1,1,1,1,1,1,1,1,1,1,1,1,1,1,1,1,1,1,1,1,1,1,1,1
"PTHR14319_SF7",1,1,1,1,1,1,1,1,1,1,1,1,1,1,1,1,1,1,1,2,1,1,1,1,1,1,1,1,1,1,0,1,1,1,1,1,1,1,1,1,1,1,1,2,1
"PTHR14320",1,1,1,1,1,1,1,1,1,1,1,1,1,1,1,1,1,1,1,1,1,1,1,1,1,1,1,1,1,1,1,1,1,1,1,1,1,1,1,1,1,1,1,1,1
"PTHR14324",1,1,1,1,1,1,1,2,1,1,1,1,1,1,1,1,1,1,1,1,1,1,1,1,1,1,1,1,1,2,1,1,1,1,1,1,1,1,1,1,1,1,1,1,1
"PTHR14326_SF9",1,1,1,1,1,1,1,1,1,1,1,1,1,1,1,1,1,1,1,1,1,1,1,1,1,1,1,1,1,2,1,1,1,1,1,1,1,1,1,1,1,1,1,2,1
"PTHR14327",1,2,1,1,1,1,1,1,1,1,1,1,1,1,1,1,1,1,1,1,1,1,2,1,1,1,1,1,1,1,1,1,1,1,2,1,1,1,1,2,1,1,1,2,1
"PTHR14330",1,1,1,1,1,1,1,1,1,1,1,1,1,1,1,1,1,1,1,1,1,1,1,1,1,1,1,1,1,1,1,1,1,1,0,1,1,1,1,1,1,1,1,1,1
"PTHR14332",1,1,1,1,1,1,1,1,1,1,1,1,1,1,1,1,1,1,1,1,1,1,1,1,1,1,1,1,1,1,1,0,1,1,1,1,1,1,1,1,1,1,1,2,1
"PTHR14334",2,2,2,2,2,2,2,2,2,2,2,2,2,2,2,2,2,2,2,1,2,2,2,2,1,2,2,2,2,2,1,2,1,2,2,2,2,2,2,2,2,2,2,2,2
"PTHR14336_SF4",2,1,1,1,1,1,2,1,1,1,1,1,1,1,3,1,2,1,1,1,1,1,1,1,1,1,1,1,1,1,1,2,2,1,1,1,1,1,1,1,1,1,1,1,1
"PTHR14336_SF5",1,1,1,1,1,1,1,1,1,1,1,1,1,1,1,1,1,1,1,1,1,1,1,1,1,1,1,1,1,1,1,1,1,1,1,1,1,1,1,1,1,1,1,1,1
"PTHR14338",3,3,3,3,3,3,3,3,3,3,3,3,3,3,3,3,3,3,3,3,3,3,3,3,3,3,3,3,3,3,3,3,3,3,3,3,3,3,3,3,3,2,3,3,3
"PTHR14339",2,2,3,2,2,5,2,2,2,2,2,2,2,2,7,2,3,3,2,5,2,4,3,2,2,2,2,2,2,3,2,3,2,2,2,3,2,2,2,2,2,2,2,2,2
"PTHR14340",2,2,2,2,2,2,2,2,2,2,2,2,2,3,2,2,2,2,2,2,2,2,2,2,2,2,2,3,2,2,2,2,2,2,2,2,2,2,2,2,2,2,2,2,2
"PTHR14343",1,1,1,1,1,1,1,1,1,1,1,1,1,1,1,1,1,1,1,1,1,1,1,1,1,1,1,1,1,1,1,1,1,1,1,1,1,1,1,1,1,0,1,1,1
"PTHR14344",1,1,1,1,1,1,1,1,1,1,1,1,1,1,1,1,1,1,1,1,1,1,1,1,1,1,1,1,1,1,1,1,1,1,1,1,1,1,1,1,1,1,1,1,1
"PTHR14347",1,1,1,2,1,1,1,1,1,1,1,1,2,1,1,1,0,1,1,1,1,1,1,1,1,1,1,1,1,1,3,2,1,1,2,1,1,1,1,1,1,1,1,2,1
"PTHR14350",1,1,1,1,1,1,1,1,1,1,1,1,1,1,1,1,1,1,1,1,1,1,1,1,1,1,2,1,1,1,1,1,1,1,1,1,1,1,1,1,0,1,0,1,1
"PTHR14351",1,1,1,1,1,1,1,1,1,1,0,1,1,1,1,1,1,1,1,1,1,1,1,1,1,1,2,1,1,1,1,1,1,1,1,1,1,1,1,1,1,1,1,1,1
"PTHR14352",1,1,1,1,1,1,1,1,1,1,1,1,1,1,1,1,1,1,1,1,1,1,1,1,2,1,1,1,1,1,1,1,1,1,4,1,1,1,1,1,1,1,0,3,1
"PTHR14353_SF2",2,1,0,0,2,1,2,1,1,1,1,1,1,1,1,1,1,1,1,1,1,1,1,1,1,1,1,0,1,1,1,1,1,1,0,1,1,1,1,2,1,1,1,1,1
"PTHR14356",1,1,1,1,1,1,1,1,1,1,1,1,1,1,1,1,1,1,1,1,1,1,1,1,1,1,1,1,1,1,1,1,1,1,1,1,1,1,1,1,1,1,1,1,1
"PTHR14359_SF6",1,1,1,1,1,1,1,1,1,1,1,1,1,2,1,1,1,1,1,1,0,1,1,1,1,1,0,1,1,1,1,1,1,1,1,1,1,1,1,2,1,1,1,1,1
"PTHR14360_SF11",1,1,1,1,2,1,1,1,1,1,1,1,1,1,1,1,1,1,1,1,1,3,1,1,1,1,1,1,1,1,1,1,1,1,1,1,1,1,1,1,2,1,1,1,3
"PTHR14360_SF13",1,1,2,1,1,1,2,1,1,1,1,1,1,2,2,1,1,2,1,1,1,1,1,1,1,1,1,2,1,1,1,1,1,1,1,1,2,1,2,1,1,1,1,2,1
"PTHR14362",1,1,1,1,1,1,1,1,1,1,1,1,1,1,1,1,1,1,1,1,1,1,1,1,1,1,1,1,1,1,1,1,1,1,1,1,1,1,1,1,1,1,1,1,1
"PTHR14363",3,3,3,3,2,2,2,2,2,4,3,2,2,2,2,2,2,2,2,3,2,2,2,2,2,3,3,2,2,3,2,2,2,2,3,2,2,2,2,2,2,2,2,3,3
"PTHR14365",1,1,1,1,1,1,1,1,1,1,1,1,1,1,1,1,1,1,1,0,1,1,1,1,2,1,1,1,1,1,0,2,1,1,1,1,1,1,1,1,2,1,1,1,1
"PTHR14368",1,1,1,1,0,0,0,0,0,1,1,1,0,1,0,8,0,1,1,0,1,0,1,1,0,1,0,1,0,1,1,0,0,1,0,0,1,0,1,1,1,1,0,0,0
"PTHR14369",1,1,1,1,2,1,1,1,1,1,1,1,1,1,1,2,1,1,1,0,1,1,1,1,1,1,1,1,1,1,0,1,1,1,1,1,1,1,1,1,1,1,0,1,1
"PTHR14374",1,1,1,1,1,1,1,1,1,1,1,1,1,1,1,1,1,1,1,1,1,1,1,1,1,1,1,1,1,1,1,1,1,1,1,1,1,1,1,1,1,1,1,1,1
"PTHR14375",1,1,1,1,1,1,1,1,1,1,1,1,1,1,1,1,1,1,1,1,1,1,1,1,1,1,1,1,1,1,1,1,1,1,1,1,1,1,1,1,1,1,1,1,1
"PTHR14379_SF3",1,1,1,1,1,1,1,1,1,1,1,1,1,1,1,2,1,1,1,1,1,1,1,1,1,1,1,1,1,1,1,1,1,1,1,1,1,1,1,2,1,1,1,1,1
"PTHR14380",2,2,2,1,1,3,3,1,0,3,3,3,1,2,2,5,0,1,1,1,3,2,3,1,2,2,4,2,2,3,2,0,2,2,0,5,2,2,2,4,0,2,1,0,1
"PTHR14381",1,1,1,1,1,1,1,1,1,1,2,1,1,1,1,1,1,1,1,1,1,1,1,1,1,1,1,1,1,1,1,1,1,1,1,1,1,1,2,1,1,1,1,1,1
"PTHR14382",1,1,1,1,1,1,1,1,1,1,1,1,1,1,1,1,1,1,1,1,1,1,1,1,1,1,1,1,1,1,1,1,1,1,1,1,1,1,1,1,1,1,1,1,1
"PTHR14383",4,3,3,4,3,3,3,3,3,3,3,3,3,3,3,3,3,3,3,3,3,3,3,3,3,3,3,3,3,3,3,3,3,3,3,3,3,3,3,3,5,3,3,2,3
"PTHR14385",1,1,1,1,1,1,1,1,1,1,1,1,1,1,1,1,1,1,1,1,1,1,1,1,1,0,1,1,1,1,1,0,2,1,1,1,1,0,1,1,1,1,1,1,1
"PTHR14386",1,1,2,1,1,1,2,1,1,1,1,1,1,1,2,1,1,1,2,3,1,1,1,2,2,2,1,1,2,1,2,2,1,1,1,1,1,1,1,1,1,1,1,1,1
"PTHR14387_SF0",1,1,1,1,1,1,1,1,1,1,2,1,1,1,1,1,1,1,1,1,1,1,1,1,0,1,1,1,1,1,1,1,1,1,1,1,1,1,1,1,1,0,1,1,1
"PTHR14388_SF2",1,1,1,1,1,1,1,1,1,1,1,1,1,1,1,1,1,1,1,1,1,1,1,1,1,1,1,1,1,1,1,1,1,1,1,1,1,1,1,1,1,1,1,1,1
"PTHR14388_SF3",1,1,1,1,1,1,1,1,1,1,1,1,1,1,1,1,0,1,1,1,1,1,1,1,1,1,1,1,1,1,1,1,1,1,1,1,1,1,1,1,2,1,1,1,1
"PTHR14388_SF5",1,1,1,1,1,1,1,1,1,1,1,1,1,1,1,1,1,1,1,1,1,1,1,1,1,1,1,1,1,1,1,1,1,1,1,1,1,1,1,1,1,2,1,1,1
"PTHR14388_SF6",1,1,1,1,1,1,1,1,0,1,1,1,1,1,1,1,1,1,1,0,1,1,1,1,1,1,1,1,1,1,0,1,1,1,1,1,1,1,1,1,1,1,1,0,1
"PTHR14388_SF7",1,1,1,1,1,1,1,1,1,1,1,1,1,1,1,1,1,1,1,1,1,1,1,1,1,1,0,1,1,1,1,1,1,1,1,1,1,1,1,1,1,1,1,1,1
"PTHR14389",2,1,2,4,1,1,2,1,1,1,2,2,2,2,1,2,1,2,2,4,2,2,1,2,1,2,1,0,2,1,1,1,2,2,1,3,2,2,2,1,3,2,0,0,2
"PTHR14390",1,1,1,1,1,1,1,1,1,1,1,1,1,1,1,1,1,1,1,1,1,1,1,1,1,1,1,1,1,1,1,1,1,1,1,1,1,1,1,1,1,1,1,1,1
"PTHR14392",3,3,3,3,3,3,3,3,3,3,3,3,3,3,3,3,3,3,3,3,3,3,3,3,3,3,3,3,3,3,2,3,3,3,3,3,3,3,3,3,3,3,2,3,3
"PTHR14396",1,1,1,1,1,1,1,1,2,1,1,1,1,1,1,1,1,1,1,1,1,1,1,1,1,1,1,1,1,1,1,1,1,1,1,1,1,1,1,2,1,1,1,1,2
"PTHR14398",2,2,2,2,2,2,2,2,2,2,2,2,2,2,2,3,2,2,2,2,2,2,2,2,2,2,4,2,2,2,2,2,2,2,2,2,2,2,2,2,2,2,2,2,2
"PTHR14399",2,3,3,2,2,2,2,2,2,2,2,2,2,3,3,2,2,2,3,2,2,2,2,2,2,2,1,3,2,2,2,3,2,3,2,2,3,2,3,2,2,2,2,2,1
"PTHR14401",1,1,1,1,1,1,1,1,1,1,1,1,1,1,1,1,1,1,1,1,1,1,1,1,1,1,1,1,1,1,1,2,1,1,1,1,1,1,1,1,1,1,1,1,1
"PTHR14402_SF1",1,1,1,1,1,1,1,1,1,1,1,1,1,1,1,1,1,1,1,1,1,1,1,1,1,1,1,1,1,1,1,1,1,1,1,1,1,1,1,1,1,1,1,1,1
"PTHR14402_SF18",1,1,1,1,1,1,1,1,1,1,1,1,1,1,1,1,1,1,1,1,1,1,1,1,1,1,1,1,1,1,1,1,1,1,0,1,1,1,1,1,1,1,1,0,1
"PTHR14402_SF2",1,1,1,0,1,0,0,0,0,0,1,1,1,1,1,2,1,1,1,1,1,1,0,1,0,1,0,0,1,1,1,0,1,1,0,0,0,1,1,0,0,1,1,0,1
"PTHR14402_SF8",1,1,1,1,1,1,1,0,0,0,1,1,1,1,1,1,1,1,1,1,1,1,1,1,1,1,1,1,1,1,1,0,1,1,0,0,1,1,1,1,1,1,1,0,1
"PTHR14402_SF9",1,1,1,1,1,1,1,1,1,1,1,1,1,1,1,1,1,1,1,1,1,1,1,1,1,1,1,1,1,1,0,1,1,1,1,1,1,1,1,1,1,1,1,0,1
"PTHR14403",1,1,1,1,1,1,1,0,1,1,1,1,1,1,1,1,1,1,1,0,1,1,1,1,1,1,1,1,1,1,1,1,0,1,1,1,1,1,1,1,1,1,1,2,1
"PTHR14407",1,1,1,1,1,2,1,1,1,1,1,1,1,1,1,1,1,1,1,1,1,1,1,1,1,1,1,1,1,1,1,1,2,1,1,2,1,1,1,1,1,1,1,1,1
"PTHR14409",1,1,1,1,2,1,1,1,1,1,1,1,1,2,1,1,1,1,2,1,1,1,1,1,1,0,1,2,1,1,1,1,1,1,1,1,2,1,2,1,1,2,1,1,1
"PTHR14413_SF5",1,2,1,1,1,1,1,1,1,1,1,1,1,1,1,1,1,1,1,1,1,1,1,1,1,2,1,1,1,1,1,1,1,1,1,1,1,1,1,1,1,1,1,2,1
"PTHR14416",1,1,1,1,1,1,1,1,1,1,1,1,1,1,1,1,1,1,1,1,1,1,1,1,1,1,1,1,1,1,1,1,1,1,1,1,1,1,1,1,1,1,1,1,1
"PTHR14418",1,1,1,1,1,1,1,1,1,1,1,1,1,1,1,1,1,1,1,1,1,1,1,1,1,1,1,1,1,1,1,1,2,1,1,1,1,1,1,1,1,1,1,1,1
"PTHR14421",1,1,1,1,1,1,1,2,2,1,1,1,1,1,2,1,2,1,1,0,1,1,1,1,2,1,1,1,1,1,1,2,1,1,1,1,1,1,1,1,1,1,1,1,1
"PTHR14428",1,1,1,1,1,1,1,1,1,1,1,1,1,1,1,1,1,1,1,0,1,1,1,1,1,1,1,1,1,1,1,1,1,1,1,1,1,1,1,1,1,1,1,2,1
"PTHR14429_SF19",1,1,1,1,1,1,1,1,1,2,1,1,1,1,1,1,1,1,1,1,1,1,1,1,1,1,1,1,1,1,1,1,1,1,1,1,1,1,1,1,1,1,1,1,1
"PTHR14429_SF20",1,1,1,1,1,1,1,0,1,4,1,1,1,1,1,1,1,1,0,0,1,0,1,1,1,1,1,1,0,1,2,1,1,1,1,1,1,1,1,1,1,1,1,1,1
"PTHR14429_SF21",1,0,0,0,0,0,0,1,1,1,0,0,0,0,1,0,0,0,0,0,0,0,1,0,1,0,1,0,0,0,0,1,0,0,0,1,0,0,0,0,0,0,0,0,0
"PTHR14429_SF5",2,1,1,1,1,1,1,2,2,2,1,1,1,1,2,1,1,2,1,2,1,1,2,1,1,1,1,1,1,2,2,2,2,1,1,1,1,1,1,2,1,1,1,1,1
"PTHR14430_SF1",1,1,1,1,1,1,1,1,1,1,1,1,1,1,1,1,1,1,1,1,1,1,1,1,1,1,1,1,1,1,1,1,1,1,1,1,1,1,1,1,1,1,1,1,1
"PTHR14430_SF2",1,1,1,1,1,1,1,1,1,1,1,1,1,1,2,2,1,1,1,1,1,1,1,1,1,1,1,1,1,1,1,1,1,1,1,1,1,1,1,1,1,1,1,1,1
"PTHR14431",1,1,1,1,1,1,1,1,1,1,1,1,1,1,1,1,1,1,1,1,1,1,1,1,1,1,1,1,1,1,1,1,1,1,2,1,1,1,1,1,1,1,1,1,1
"PTHR14432",2,2,2,2,2,2,2,5,2,2,2,2,2,2,5,2,2,2,2,3,2,2,2,2,2,2,3,2,2,2,3,2,3,2,2,2,2,2,2,2,3,2,2,2,2
"PTHR14435",1,1,1,1,1,1,1,1,1,1,1,1,1,1,1,1,1,1,1,1,1,1,1,1,1,1,1,1,1,1,1,1,2,1,1,1,1,1,1,1,1,1,1,1,1
"PTHR14437",1,1,1,1,1,1,1,2,1,1,1,1,1,1,1,1,1,1,1,1,1,1,1,1,1,1,1,1,1,1,1,1,1,1,1,1,1,1,1,1,1,1,1,1,1
"PTHR14440",1,1,1,1,1,1,1,1,1,1,1,1,1,1,1,1,1,1,1,1,1,1,1,1,1,1,1,1,1,1,1,1,1,1,1,2,1,1,1,1,1,1,1,1,1
"PTHR14445_SF37",1,1,1,1,1,1,1,1,1,1,1,1,1,1,1,1,1,1,1,1,1,1,1,1,1,1,0,1,1,1,1,1,1,1,1,1,1,1,2,1,1,1,1,1,1
"PTHR14445_SF38",1,1,1,2,1,2,1,1,1,1,1,1,1,1,1,1,1,1,1,1,1,1,1,1,1,1,1,1,1,1,1,1,1,1,1,1,1,1,1,1,1,1,1,1,1
"PTHR14453_SF10",1,1,1,1,1,1,1,1,1,1,1,1,1,1,1,1,1,1,1,1,1,1,1,1,1,1,1,1,1,1,1,1,1,1,1,1,1,1,1,1,1,1,1,1,1
"PTHR14453_SF11",1,1,1,1,1,1,1,1,1,0,1,1,1,1,1,1,1,1,1,1,1,1,1,1,1,1,1,1,1,1,1,1,1,1,1,1,1,1,1,1,1,1,1,1,1
"PTHR14453_SF13",1,1,1,1,1,1,1,1,1,1,1,1,1,1,2,1,1,1,1,1,1,1,1,1,1,1,1,1,1,1,1,1,1,1,1,1,1,1,1,1,1,1,1,1,1
"PTHR14453_SF15",1,1,1,1,1,1,1,1,1,1,1,1,1,1,1,1,1,1,1,1,1,1,1,1,1,1,1,1,1,1,1,1,1,1,2,1,1,1,1,1,1,1,1,2,1
"PTHR14453_SF49",1,1,1,1,1,1,1,1,1,1,1,1,1,1,1,1,1,1,1,1,1,1,1,1,1,1,1,1,1,1,1,1,1,1,1,1,1,1,1,1,1,1,1,1,1
"PTHR14453_SF53",1,1,1,1,1,1,1,1,1,1,1,1,1,1,1,1,1,1,1,6,1,1,1,1,1,1,1,1,1,1,1,1,1,1,2,1,1,1,1,1,1,1,1,3,1
"PTHR14453_SF54",1,0,1,1,1,0,1,0,0,0,1,1,1,1,0,1,0,0,1,2,1,1,0,1,0,1,0,0,1,0,0,0,1,1,0,0,1,1,1,0,1,1,0,0,1
"PTHR14453_SF57",1,1,1,1,1,1,1,1,1,1,1,1,1,1,0,1,1,1,1,0,1,1,1,1,1,1,1,1,1,1,0,1,1,1,0,1,1,1,1,1,1,1,1,0,1
"PTHR14454",2,2,2,2,2,2,2,2,2,2,2,2,2,2,2,2,2,2,2,2,2,2,2,2,2,2,2,2,2,2,2,2,2,2,2,2,2,2,2,1,2,2,2,3,2
"PTHR14455",1,1,1,1,1,2,1,1,1,1,1,1,1,1,1,1,1,1,1,1,1,1,1,1,1,1,1,1,1,1,1,1,2,1,2,1,1,1,1,1,1,1,1,2,1
"PTHR14456",1,1,1,1,1,1,1,1,1,1,1,1,1,1,2,1,1,1,1,1,1,1,1,1,1,1,1,1,1,1,1,1,1,1,1,1,1,1,1,1,1,1,1,1,1
"PTHR14463",2,2,2,2,2,2,1,2,2,2,2,2,2,2,2,2,2,2,2,2,1,3,2,2,2,2,2,2,1,2,1,2,2,2,2,1,2,1,2,2,2,2,2,2,2
"PTHR14464",1,1,0,0,0,1,1,1,1,1,1,1,1,1,1,1,1,1,1,1,1,0,1,1,1,1,1,1,1,1,1,1,0,1,1,1,0,1,1,1,1,1,1,1,1
"PTHR14465",1,1,1,1,1,1,1,1,0,2,1,1,1,1,0,1,1,1,1,1,1,1,1,1,1,1,0,1,1,1,1,1,1,1,1,1,1,1,1,1,1,1,1,1,1
"PTHR14467",1,1,1,1,1,1,1,1,1,2,1,1,1,1,1,1,1,1,1,1,1,1,1,1,1,1,1,1,1,1,1,1,1,1,1,1,1,2,1,1,1,1,1,1,1
"PTHR14469",2,2,1,1,1,2,3,2,1,2,2,2,2,2,1,2,2,2,1,2,3,2,2,1,2,2,3,2,2,2,3,2,2,1,2,3,2,2,2,3,2,3,2,2,2
"PTHR14470",2,2,2,2,2,2,4,2,2,2,2,2,2,2,3,2,2,2,2,2,2,2,2,2,2,3,2,2,3,2,2,2,2,2,2,2,2,2,2,2,2,2,2,2,2
"PTHR14471",1,2,2,2,2,2,2,2,2,3,2,2,2,2,3,2,2,2,2,2,2,3,2,2,2,2,2,2,2,2,2,2,2,2,2,2,2,2,2,2,2,2,2,4,2
"PTHR14475",1,1,1,1,1,1,1,1,1,1,1,1,1,1,1,1,1,1,1,1,1,1,1,1,1,1,1,1,1,1,1,1,0,1,1,2,1,1,1,1,1,1,1,2,1
"PTHR14477",1,1,1,1,1,1,1,1,1,1,1,1,1,1,1,1,1,1,1,1,1,1,1,1,1,1,1,1,1,1,1,1,1,1,1,1,1,1,1,1,1,1,1,1,1
"PTHR14482",1,1,1,3,1,1,1,1,1,2,1,1,1,1,1,1,1,1,1,1,1,1,1,1,1,1,1,1,1,1,1,1,1,1,1,1,1,1,1,1,2,1,1,1,1
"PTHR14484",2,2,2,1,1,2,1,1,1,3,2,1,2,2,2,2,2,1,2,0,2,2,2,1,1,1,2,1,1,3,1,2,2,2,1,1,0,1,2,2,1,2,1,2,1
"PTHR14485",2,2,2,2,2,2,2,2,2,2,2,2,2,2,1,2,1,2,2,1,2,2,2,2,2,1,1,2,1,2,2,2,2,2,2,2,2,2,2,2,2,2,2,1,2
"PTHR14487",1,1,1,1,1,1,1,1,1,1,1,1,1,1,1,1,1,1,1,1,1,1,1,1,1,1,1,1,1,1,1,1,1,1,1,1,1,1,1,1,1,1,1,1,1
"PTHR14488",1,1,1,1,1,1,1,1,1,1,1,4,1,1,2,1,1,1,1,1,1,1,1,1,1,1,1,1,1,1,1,1,1,1,1,1,1,1,1,1,1,1,1,1,1
"PTHR14490",1,1,1,1,1,1,1,1,1,1,1,1,1,1,1,1,1,1,1,1,1,1,1,1,1,1,1,1,1,1,1,1,1,1,1,1,1,1,1,1,1,1,1,1,1
"PTHR14491",3,2,1,1,3,2,5,1,1,4,2,4,4,4,1,4,2,4,3,1,4,2,4,3,3,3,2,4,4,3,2,2,4,4,3,4,4,2,5,4,1,3,2,4,1
"PTHR14492",2,1,1,1,1,1,1,1,1,1,1,1,1,1,1,1,1,4,1,2,1,1,1,1,1,1,1,1,2,1,1,1,1,1,1,1,1,1,1,1,1,1,2,1,1
"PTHR14493_SF36",1,1,1,1,1,1,1,1,1,1,1,1,1,1,1,1,1,1,1,1,1,1,1,1,1,1,1,1,1,1,1,1,1,1,1,1,1,1,1,1,1,1,1,1,1
"PTHR14493_SF37",1,1,1,1,1,1,1,1,1,2,1,1,1,1,1,1,1,1,1,1,1,1,1,1,1,1,1,1,1,1,0,1,1,1,1,1,1,1,1,1,1,1,1,1,1
"PTHR14494",1,1,1,1,1,1,2,1,0,1,1,1,1,1,1,1,1,1,1,1,1,1,1,1,1,1,1,1,1,1,1,1,1,1,1,1,1,1,1,1,1,1,1,1,1
"PTHR14495",1,1,2,1,1,1,1,1,1,2,1,1,1,2,1,1,1,1,2,1,2,1,1,2,1,1,1,4,1,1,1,1,1,2,1,1,1,1,2,1,1,1,2,1,1
"PTHR14499_SF10",1,1,1,1,1,1,1,1,1,1,1,1,1,1,1,1,1,1,1,1,1,1,1,1,1,1,1,1,1,1,1,1,1,1,1,1,1,1,1,1,1,1,1,1,1
"PTHR14499_SF20",1,1,1,1,1,1,1,1,1,1,1,1,1,1,1,1,1,1,1,1,1,1,1,1,1,1,1,1,1,1,1,1,1,1,1,1,1,1,1,1,1,1,1,1,1
"PTHR14499_SF27",1,1,1,1,1,1,1,1,1,1,0,1,1,1,2,1,1,1,1,1,0,1,1,1,1,1,1,1,1,1,1,1,1,1,1,1,1,1,1,1,0,1,1,2,1
"PTHR14499_SF28",1,1,1,1,1,1,1,1,1,2,1,1,1,1,1,1,1,1,1,1,1,1,1,1,1,1,1,1,1,2,1,1,1,1,1,1,1,1,1,0,1,1,1,1,2
"PTHR14499_SF29",1,1,0,3,1,1,1,1,1,1,0,1,1,1,1,1,1,1,0,1,1,1,1,0,1,1,1,1,1,1,1,1,1,0,1,1,1,1,0,0,0,1,0,1,1
"PTHR14499_SF3",1,1,1,1,1,1,1,0,1,1,1,1,1,1,1,1,1,1,1,1,1,1,1,1,1,1,1,1,1,1,1,0,1,1,1,1,1,1,1,1,1,2,1,1,1
"PTHR14499_SF4",1,1,1,1,1,1,1,1,1,1,1,1,1,1,1,1,1,1,1,1,1,2,1,1,1,1,1,1,1,1,1,1,1,1,1,1,1,1,1,1,1,2,1,1,1
"PTHR14499_SF5",1,1,1,1,0,1,0,0,0,1,1,1,1,1,0,1,1,1,1,1,1,1,1,1,1,0,1,1,1,1,1,0,0,1,1,1,1,1,1,1,1,1,1,1,1
"PTHR14499_SF57",1,1,2,1,1,1,1,1,1,1,1,1,1,1,1,1,1,1,1,1,1,1,1,1,1,1,1,1,1,1,1,1,1,1,1,1,1,1,1,1,1,1,1,1,1
"PTHR14499_SF65",1,1,1,2,1,1,1,1,1,1,1,1,1,2,1,1,1,1,1,1,1,1,1,1,1,1,1,2,1,1,1,1,1,1,1,1,2,1,2,1,1,1,1,2,1
"PTHR14499_SF68",2,1,1,1,1,1,1,1,1,2,2,1,1,1,1,1,1,1,1,1,1,0,1,1,1,2,1,1,1,2,1,1,1,1,1,1,0,1,1,0,1,1,0,1,2
"PTHR14499_SF9",1,1,1,1,1,1,1,1,1,1,1,1,1,1,1,1,1,1,1,1,1,1,1,1,1,1,1,1,1,1,1,1,1,1,1,1,1,1,1,1,1,1,1,1,1
"PTHR14508",1,0,2,1,1,3,3,1,1,1,1,1,1,1,6,2,1,1,1,0,1,1,2,1,1,0,1,2,1,1,0,4,2,2,0,2,1,2,1,2,1,0,1,0,2
"PTHR14511",4,4,4,4,4,4,4,4,4,4,4,4,4,4,4,4,4,4,4,3,4,4,4,4,5,4,4,4,4,4,4,4,4,4,4,4,4,4,4,4,4,4,4,5,4
"PTHR14513",1,1,1,1,1,1,1,1,1,2,1,1,1,1,1,1,1,1,1,1,1,1,3,1,2,1,2,1,1,1,2,1,1,1,1,2,1,1,2,2,1,1,1,1,1
"PTHR14514",2,2,2,2,2,2,2,2,2,2,2,2,2,2,2,2,2,2,2,2,2,2,2,2,2,2,2,2,2,2,2,1,2,2,3,2,2,2,2,2,2,2,2,2,2
"PTHR14516",2,2,2,2,2,2,2,2,2,2,2,2,2,2,2,2,2,2,2,2,2,2,3,2,2,1,2,2,2,2,2,2,2,2,2,2,2,2,2,2,2,2,2,3,2
"PTHR14517",2,2,2,2,2,2,2,2,2,2,2,2,2,3,2,2,2,2,2,1,2,2,2,2,2,2,2,2,3,2,2,2,2,2,2,2,2,2,2,2,2,2,2,2,2
"PTHR14519_SF0",1,1,1,2,1,1,2,1,1,1,1,1,1,1,1,2,1,1,2,1,1,1,2,2,1,0,1,1,1,1,1,1,1,2,1,1,1,2,1,1,1,1,1,1,1
"PTHR14519_SF1",1,1,2,1,1,1,1,1,1,1,1,1,1,1,2,1,1,1,1,1,1,1,1,1,1,0,1,2,1,1,0,2,0,2,1,1,1,1,2,2,1,1,1,1,1
"PTHR14520",1,1,1,0,1,2,2,0,1,1,1,1,1,1,1,1,1,1,1,1,1,0,1,1,1,1,2,1,1,1,0,2,1,1,1,1,1,1,1,1,0,1,1,1,2
"PTHR14522",2,2,2,2,2,3,2,2,3,2,2,2,2,2,2,2,2,2,2,2,2,2,2,2,2,2,2,2,2,2,2,2,2,2,2,2,2,2,3,2,2,2,2,2,2
"PTHR14523",1,1,1,1,1,1,1,0,1,1,1,1,1,1,0,1,1,1,1,1,1,1,1,1,1,1,1,1,1,1,1,0,1,1,1,1,1,1,1,1,1,1,1,1,1
"PTHR14526",1,1,1,1,1,1,1,1,1,1,1,1,0,1,1,1,1,1,1,1,1,1,1,1,1,1,1,1,1,1,1,1,1,1,1,1,1,1,1,1,1,1,1,1,1
"PTHR14527",1,1,2,1,2,2,1,1,0,1,1,1,1,1,1,1,0,1,2,1,1,0,1,2,0,1,1,1,1,2,1,2,2,2,1,1,1,1,1,1,1,1,1,1,2
"PTHR14534",1,1,1,1,1,1,1,1,1,1,1,1,1,1,1,1,1,1,1,1,1,1,1,1,1,1,1,1,1,1,1,1,1,1,1,1,0,1,1,1,1,1,1,1,2
"PTHR14537",1,1,1,0,1,1,1,1,1,0,1,1,1,1,1,1,1,1,1,1,1,1,1,1,1,1,2,0,1,1,0,2,1,1,1,1,1,0,1,1,0,1,0,1,1
"PTHR14540",1,1,1,1,1,1,1,1,1,1,1,1,1,1,1,1,1,1,1,1,1,1,1,1,1,1,1,1,1,1,1,1,1,1,1,1,1,1,1,1,1,1,1,1,1
"PTHR14543",1,1,1,1,1,1,1,1,1,1,1,1,1,1,1,1,1,1,1,1,1,1,1,1,1,1,2,1,1,1,1,1,1,1,1,1,1,1,1,1,1,1,1,1,1
"PTHR14549",1,1,1,1,1,1,1,1,1,1,1,1,1,1,1,1,1,1,1,1,1,1,1,1,1,1,1,1,1,1,1,1,1,1,1,1,1,1,1,3,1,1,1,1,1
"PTHR14550",1,1,1,1,1,1,1,1,1,1,1,1,1,1,1,1,1,1,1,0,1,1,1,1,1,1,1,1,1,1,1,1,1,1,1,1,1,1,1,1,1,1,0,1,1
"PTHR14552_SF12",1,1,1,1,1,1,2,1,1,1,1,1,1,1,0,1,1,0,1,1,1,1,1,1,1,1,1,1,1,1,1,1,1,1,1,1,1,1,1,1,1,1,1,1,1
"PTHR14553",1,1,1,1,1,1,1,1,1,2,1,1,1,1,1,1,1,1,1,1,1,1,1,1,1,1,1,1,1,1,1,1,0,1,1,1,1,2,1,1,1,1,1,2,2
"PTHR14554",1,2,2,1,1,1,2,1,1,1,1,1,1,1,1,2,1,1,2,1,1,1,2,2,3,0,1,1,0,0,1,1,1,2,1,1,1,1,1,1,1,1,0,2,2
"PTHR14555",3,3,3,3,3,3,2,3,3,3,2,3,2,3,3,3,3,3,3,4,3,3,3,3,3,3,3,3,4,5,3,3,3,3,4,3,3,3,3,3,3,2,2,2,3
"PTHR14557",2,2,2,2,2,2,2,2,2,2,2,2,2,2,2,2,2,2,2,2,2,2,2,2,2,2,2,2,2,2,2,2,2,2,2,2,2,2,2,2,2,2,2,2,2
"PTHR14559_SF1",1,1,1,1,1,1,1,1,1,1,1,1,1,1,1,1,1,1,1,1,1,1,1,1,1,1,1,1,1,1,0,1,1,1,1,1,1,1,1,1,1,1,1,1,1
"PTHR14559_SF10",1,1,1,1,1,1,1,1,1,1,1,1,1,1,1,1,2,1,1,1,1,1,1,1,1,1,1,1,1,1,1,1,1,1,1,1,1,1,1,0,1,1,1,1,1
"PTHR14559_SF3",1,1,1,1,1,1,1,1,1,1,1,1,1,1,1,1,1,1,1,0,1,1,1,1,1,1,1,1,1,1,0,1,1,1,1,1,1,2,1,1,1,1,1,1,1
"PTHR14559_SF4",1,1,1,1,1,1,1,1,1,1,1,1,1,1,1,1,1,1,1,1,1,1,1,1,1,1,1,1,1,1,1,1,1,1,1,1,1,1,1,1,1,1,1,1,1
"PTHR14562",1,1,1,1,1,1,1,1,1,1,1,1,1,1,1,1,1,1,1,2,1,1,1,1,1,1,1,1,1,1,3,1,2,1,1,1,1,1,1,1,1,1,1,1,2
"PTHR14564",2,2,2,9,6,2,3,2,3,2,3,5,2,4,2,2,3,2,4,2,2,5,2,6,2,5,3,3,6,2,4,2,1,3,3,2,3,5,4,2,6,2,2,2,5
"PTHR14566",1,1,1,1,1,1,0,1,1,1,1,0,1,1,1,1,1,1,1,1,1,1,1,1,1,1,1,1,1,1,1,0,1,1,1,1,1,1,1,1,1,0,1,3,1
"PTHR14568",2,2,2,2,2,2,2,2,2,1,1,2,2,2,2,2,2,2,2,2,2,2,2,2,2,2,2,2,2,2,1,2,2,2,2,2,2,2,2,2,2,2,2,2,2
"PTHR14569",1,1,1,1,1,1,1,1,1,0,1,1,1,1,1,8,1,1,1,1,1,1,1,1,1,1,1,1,1,1,1,1,0,1,0,1,1,1,1,1,1,1,0,0,1
"PTHR14571",2,2,2,2,2,2,2,2,2,3,2,2,2,2,2,2,2,2,2,1,2,3,2,2,2,2,2,1,2,2,2,2,2,2,2,2,2,2,2,2,2,2,2,2,2
"PTHR14577",1,1,1,2,1,1,2,1,1,1,1,1,1,1,1,2,1,1,1,1,1,1,1,1,1,1,1,1,1,1,1,1,1,1,1,1,1,1,1,1,1,1,1,1,1
"PTHR14580_SF0",1,1,1,1,1,1,1,1,1,1,1,1,1,1,1,1,1,1,1,1,1,1,1,1,1,1,1,1,1,1,1,1,1,3,1,1,1,1,1,1,1,1,1,1,1
"PTHR14581",2,2,2,0,2,2,2,2,1,1,2,2,1,2,2,2,2,2,2,2,2,0,2,2,2,2,2,2,2,2,2,1,2,2,1,2,2,1,2,2,1,1,1,3,2
"PTHR14582",1,1,1,1,1,2,1,1,1,1,1,1,1,1,1,1,1,1,1,1,1,1,1,1,1,1,1,1,1,2,1,1,1,1,1,1,2,1,1,1,1,0,1,1,1
"PTHR14583",1,1,1,1,2,1,1,1,0,0,1,1,1,1,1,2,1,1,1,1,2,1,1,1,1,1,1,1,2,1,0,0,1,1,1,1,1,1,1,1,1,1,1,1,1
"PTHR14586",1,1,1,1,1,1,1,1,1,1,1,1,1,1,1,1,1,1,1,1,1,1,1,1,1,1,1,1,1,1,1,1,1,1,1,1,1,1,1,1,1,1,1,1,1
"PTHR14588",1,1,1,1,1,1,1,1,1,1,1,1,1,1,1,1,1,1,1,1,1,1,1,1,1,1,1,1,1,1,1,1,1,1,1,1,1,1,1,1,1,1,1,1,1
"PTHR14592",4,4,4,4,4,4,4,4,4,4,3,5,4,4,4,4,4,4,4,4,4,4,4,4,4,4,4,4,5,4,4,4,4,4,4,5,4,4,4,4,4,4,3,4,5
"PTHR14593",1,1,1,1,1,2,1,1,1,1,1,1,1,1,1,1,1,1,1,1,1,1,1,1,1,1,1,1,1,1,1,1,1,1,1,1,1,1,1,1,1,1,1,1,1
"PTHR14594",2,1,1,1,1,1,1,1,1,2,1,1,1,1,2,1,1,1,1,1,1,1,1,1,1,1,1,1,1,1,2,1,1,1,1,1,1,1,1,1,1,2,1,1,1
"PTHR14604",2,2,1,1,1,2,1,1,0,2,1,1,1,1,1,1,1,1,1,1,1,1,1,1,1,2,1,1,1,1,1,1,0,1,1,1,1,1,1,2,1,1,1,1,1
"PTHR14605",1,1,1,1,1,1,1,1,1,1,1,1,1,1,1,1,1,1,1,1,1,1,1,1,1,1,1,1,1,1,1,1,1,1,1,1,1,1,1,1,1,1,1,0,1
"PTHR14609",1,2,1,1,1,1,1,1,1,1,1,1,1,1,1,1,1,1,1,1,1,1,1,1,1,1,1,1,1,1,1,1,1,1,1,1,1,1,1,1,1,1,1,1,1
"PTHR14611",3,3,3,3,4,3,3,3,3,4,3,3,3,3,2,3,3,3,3,3,3,3,3,3,3,3,4,3,4,3,3,1,2,3,3,3,3,3,3,4,3,3,3,3,3
"PTHR14614_SF1",1,1,1,1,1,1,1,1,1,1,1,1,1,1,1,0,1,1,1,1,1,1,1,1,1,1,2,1,1,1,1,1,1,1,1,1,1,1,1,1,1,1,1,2,1
"PTHR14614_SF13",1,1,1,1,1,1,1,1,1,1,1,1,1,1,1,1,1,1,1,1,1,1,1,1,1,1,2,1,1,1,1,1,1,1,1,1,1,1,1,1,1,1,1,1,1
"PTHR14614_SF14",1,1,2,1,1,1,1,1,1,2,1,1,1,1,1,1,1,1,1,1,1,1,1,1,1,2,1,1,1,1,1,1,1,1,1,1,1,1,1,1,2,1,1,1,1
"PTHR14614_SF16",1,1,1,1,1,1,1,1,1,1,1,1,1,2,1,1,1,1,1,1,1,1,1,1,1,1,1,2,1,1,1,1,1,1,1,1,2,1,2,0,1,1,1,1,1
"PTHR14614_SF2",1,1,1,1,1,1,1,1,1,1,1,1,1,1,1,1,1,1,1,1,1,1,1,1,1,1,2,1,1,1,1,1,1,1,1,1,1,1,1,1,1,1,1,1,1
"PTHR14614_SF5",1,1,1,1,0,1,1,1,1,1,1,1,1,1,1,2,1,1,1,1,1,1,1,1,1,1,1,1,1,1,0,1,1,1,1,1,1,1,1,1,1,1,1,1,1
"PTHR14618",1,1,1,1,1,1,1,2,1,1,1,1,1,1,1,1,1,1,1,1,1,1,1,1,1,1,1,1,1,1,1,1,1,1,1,1,1,1,1,1,1,1,1,1,1
"PTHR14619",1,1,1,1,1,1,1,1,1,1,1,1,1,1,1,1,1,1,1,1,1,1,1,1,1,1,1,1,1,1,1,1,1,1,1,1,1,1,1,1,1,1,1,1,1
"PTHR14624",1,1,1,1,1,1,1,1,1,1,1,1,1,1,1,1,1,1,1,1,1,1,1,1,1,1,1,1,1,1,1,1,1,1,1,1,1,1,2,1,1,1,1,1,1
"PTHR14625",2,1,1,1,1,1,1,1,1,1,1,1,1,1,1,2,1,1,1,1,1,1,1,1,1,1,2,1,1,2,1,1,1,1,1,1,1,1,1,1,1,1,1,1,1
"PTHR14627",1,1,1,1,1,1,1,1,1,1,1,1,1,1,1,1,1,1,1,1,1,1,1,1,1,1,1,1,1,1,1,1,1,1,1,1,1,1,1,1,1,1,1,1,1
"PTHR14628",1,1,1,1,1,1,1,1,1,1,1,1,1,1,1,1,1,1,1,1,1,1,1,1,1,1,3,1,1,1,1,1,1,1,1,1,1,1,1,1,1,1,1,1,1
"PTHR14633",1,1,1,1,1,1,1,2,1,1,1,1,1,1,1,1,1,1,1,1,1,1,1,1,1,1,1,1,1,1,1,1,1,1,1,1,2,1,1,1,1,1,1,1,1
"PTHR14636",1,1,1,1,1,1,1,1,1,1,1,1,1,1,1,2,1,1,1,1,1,1,1,1,1,1,1,1,1,1,1,1,1,1,1,1,1,1,1,1,2,1,1,1,1
"PTHR14647",4,4,4,4,4,4,4,4,4,5,4,4,4,3,3,5,3,4,4,3,4,4,6,4,4,4,4,4,4,3,4,4,3,4,6,4,4,4,4,4,4,4,3,7,4
"PTHR14649",1,1,1,1,1,1,1,1,1,1,1,1,1,1,1,1,1,1,1,1,1,1,1,1,1,1,1,1,1,1,1,1,1,1,1,1,1,1,1,1,1,1,1,1,1
"PTHR14650",1,1,1,1,1,1,1,1,1,1,1,1,1,1,1,1,1,1,1,1,1,1,1,1,1,1,1,1,1,1,1,1,1,1,1,1,1,1,1,1,1,1,1,1,1
"PTHR14652",1,1,1,1,1,1,1,1,1,1,1,1,1,1,0,1,1,1,1,1,1,1,1,1,1,1,1,1,1,1,1,1,1,1,1,1,1,1,1,1,1,1,1,1,1
"PTHR14657",1,1,1,1,1,1,1,0,1,1,1,1,1,1,1,1,1,0,1,1,1,1,1,1,1,1,0,1,1,1,1,0,1,1,1,1,1,1,1,1,1,1,0,1,1
"PTHR14659",1,1,1,1,1,2,1,1,1,1,1,1,1,2,1,1,1,1,1,1,1,1,1,1,1,1,2,1,1,1,1,2,1,1,1,1,1,1,1,1,1,1,1,1,1
"PTHR14662",1,2,1,1,1,1,1,1,1,1,1,1,1,1,1,1,1,1,1,1,1,1,1,1,1,3,1,1,1,1,1,1,0,1,1,1,1,1,1,1,1,1,1,1,1
"PTHR14663",1,1,1,1,1,1,1,1,1,1,1,1,1,1,1,1,1,1,1,1,1,1,1,1,1,1,1,1,1,1,1,1,1,1,1,1,1,1,1,1,1,1,1,1,1
"PTHR14667",1,1,1,1,1,1,1,1,1,1,1,1,0,1,1,1,1,1,1,1,1,1,1,1,1,1,1,1,1,1,1,1,1,1,1,1,1,1,1,1,1,1,1,1,1
"PTHR14672_SF0",2,1,0,0,2,1,2,1,1,1,1,2,1,0,1,1,1,1,0,1,0,0,1,0,1,1,1,0,1,1,1,1,1,0,3,1,0,1,0,1,0,2,0,0,1
"PTHR14677_SF11",1,1,1,1,1,1,2,1,1,1,1,1,1,1,1,1,1,1,1,0,1,1,1,1,1,1,1,1,1,0,0,1,1,1,1,1,1,1,1,1,1,1,1,3,1
"PTHR14677_SF13",1,1,1,1,1,1,1,1,1,1,1,1,1,1,1,1,1,1,1,1,1,1,1,1,1,1,1,1,1,1,1,1,1,1,1,1,1,1,1,1,1,1,1,1,1
"PTHR14678",2,3,2,2,3,3,3,3,2,2,3,3,3,3,3,3,2,2,3,2,3,2,3,3,3,2,3,2,2,2,2,2,2,3,2,3,3,4,3,3,2,1,2,5,2
"PTHR14679",1,1,1,0,0,1,2,0,1,1,1,1,1,2,1,1,1,1,2,1,2,0,1,2,1,1,1,2,1,1,0,1,1,2,1,1,2,1,1,2,0,1,0,1,1
"PTHR14680",1,1,1,1,0,1,1,0,0,0,1,1,1,1,0,1,1,1,1,1,1,1,1,1,1,0,1,1,1,1,1,0,1,1,2,1,1,1,1,1,0,1,1,2,0
"PTHR14682",1,1,1,1,1,2,2,1,1,1,2,1,1,2,4,1,1,1,1,2,1,2,1,1,1,1,1,1,2,3,1,3,1,1,1,1,2,1,2,1,1,1,1,1,1
"PTHR14684",1,1,1,1,1,1,1,1,1,1,1,1,1,1,1,1,1,1,1,1,1,1,1,1,1,1,1,1,1,1,1,1,1,1,1,1,1,1,1,1,1,1,1,1,1
"PTHR14689",1,1,1,1,1,2,1,1,1,1,1,1,1,1,1,1,1,1,1,1,1,1,1,1,1,1,1,1,1,1,1,1,1,1,1,1,1,1,1,1,1,1,1,1,1
"PTHR14690",3,2,2,2,2,2,2,2,2,1,1,2,2,2,1,2,2,2,2,2,2,2,2,2,2,2,3,2,2,2,2,2,2,2,2,2,2,2,3,2,2,2,2,1,1
"PTHR14693",1,0,1,1,1,1,1,0,1,0,1,1,1,1,0,2,1,0,1,1,1,1,1,1,1,1,1,1,0,1,0,0,0,1,1,1,1,0,1,1,0,1,1,0,1
"PTHR14694",1,1,1,1,1,1,1,1,1,1,1,1,1,1,1,1,1,1,1,1,1,1,1,1,1,1,2,1,1,1,1,1,1,1,1,1,1,1,1,1,1,1,1,1,1
"PTHR14695_SF6",1,1,1,1,1,1,1,1,1,1,1,2,1,1,0,1,1,1,1,0,1,1,1,1,1,1,1,1,1,1,1,0,1,1,1,1,1,1,1,1,1,1,0,1,1
"PTHR14695_SF7",1,1,1,1,1,1,1,1,1,1,1,1,1,1,1,1,1,1,1,1,1,1,1,1,1,1,1,1,1,1,1,1,1,1,1,1,1,1,1,1,1,1,1,1,1
"PTHR14696",1,1,1,0,1,1,1,1,1,1,1,1,1,1,1,1,1,1,1,0,1,0,1,1,1,1,1,1,1,1,0,1,1,1,1,1,1,0,1,1,0,0,0,1,0
"PTHR14699",2,3,2,2,2,2,2,2,2,2,3,2,2,2,2,2,2,2,2,2,2,2,2,2,2,2,3,2,2,2,2,2,2,2,2,2,2,2,2,2,2,2,2,2,2
"PTHR14700",1,1,1,2,1,1,1,1,1,1,1,1,1,1,1,1,1,1,1,1,1,1,1,1,1,1,1,1,1,1,1,1,1,1,1,1,1,1,1,1,1,1,1,1,2
"PTHR14705",2,1,1,1,1,1,1,0,0,1,1,1,2,1,0,2,0,1,1,1,1,0,1,1,0,1,2,1,1,1,1,0,1,1,1,3,1,1,1,0,1,1,1,1,1
"PTHR14709",2,3,2,2,2,3,2,2,2,2,2,2,2,2,2,2,2,2,2,2,2,2,2,2,2,2,3,2,2,2,1,2,2,2,2,2,2,2,2,2,2,2,2,2,2
"PTHR14710",1,1,1,1,1,1,0,1,1,1,1,1,1,1,1,1,2,1,1,1,1,2,1,1,1,1,1,1,1,1,1,1,1,1,1,1,1,1,1,1,1,1,1,1,1
"PTHR14715",2,2,2,2,2,2,2,2,2,2,2,2,2,2,2,2,2,2,2,2,2,2,2,2,2,2,2,2,2,2,2,2,2,2,2,2,2,2,2,3,2,2,2,2,3
"PTHR14716",1,1,1,1,1,1,1,1,1,1,1,1,1,1,1,1,1,1,1,1,1,1,1,1,1,1,1,1,1,1,1,1,1,1,1,1,1,1,2,1,1,1,1,1,1
"PTHR14725",1,1,1,1,1,1,1,1,1,2,1,1,1,1,1,1,1,1,1,1,1,1,1,1,1,1,1,1,1,1,0,0,1,1,0,1,1,1,1,1,1,1,1,1,1
"PTHR14726",1,1,1,1,1,1,1,1,1,1,1,2,1,1,1,1,1,1,1,1,1,1,1,1,1,1,1,1,1,1,1,1,1,1,1,1,1,1,1,1,1,1,1,1,1
"PTHR14728",1,1,1,1,1,1,1,1,1,1,0,1,1,1,1,1,1,1,1,1,1,1,1,1,0,1,1,1,1,1,1,0,1,1,1,1,1,1,1,1,1,1,1,1,1
"PTHR14730",1,1,1,1,1,1,1,1,1,1,1,2,1,1,0,2,1,1,2,1,1,1,1,2,0,1,0,1,1,1,1,0,1,1,1,1,2,1,3,1,2,1,1,1,1
"PTHR14732",1,1,1,1,2,1,1,1,1,1,1,1,1,1,1,1,1,1,1,2,1,2,1,1,1,1,1,1,1,1,1,1,2,1,1,1,1,1,1,1,1,1,1,1,1
"PTHR14735",1,1,1,1,1,1,1,1,1,1,1,1,1,1,1,1,1,1,1,1,1,1,1,1,1,1,1,1,1,1,1,1,1,1,1,1,1,1,1,1,1,1,1,1,1
"PTHR14738",1,1,1,2,1,2,2,1,1,1,1,1,2,1,1,1,1,1,1,1,1,1,1,1,1,1,1,1,1,2,1,3,1,1,1,1,1,1,1,1,2,1,1,1,1
"PTHR14739",1,1,1,1,1,1,1,1,1,1,1,1,1,2,1,1,1,1,1,1,1,1,1,1,1,1,1,1,1,1,1,1,1,1,1,1,1,1,1,1,1,1,2,1,1
"PTHR14740",1,1,1,1,1,1,1,1,1,1,1,1,1,1,2,1,1,1,1,3,1,1,1,1,1,1,1,1,1,1,1,1,1,1,0,1,1,1,1,1,1,1,1,1,1
"PTHR14741_SF32",1,1,1,1,1,1,1,1,1,1,1,1,1,1,1,1,1,1,1,1,1,1,1,1,1,1,1,1,1,1,1,1,1,1,1,1,1,1,1,1,1,1,1,2,1
"PTHR14742_SF0",1,1,2,1,1,1,1,1,1,0,1,1,1,1,1,7,1,1,1,0,1,1,1,1,1,1,1,1,1,1,1,1,0,1,1,1,1,1,1,1,1,1,0,1,1
"PTHR14744",1,1,1,1,1,1,1,1,1,1,1,1,1,2,2,1,1,1,1,1,1,1,1,1,1,0,1,1,1,1,1,1,1,1,1,1,1,1,1,1,1,1,0,1,1
"PTHR14753",1,1,1,1,1,1,1,1,1,1,1,1,1,1,1,1,1,1,1,1,1,1,1,1,1,1,1,1,1,1,1,1,1,1,1,1,1,1,1,1,1,1,1,1,1
"PTHR14754",10,7,10,4,5,6,7,4,3,9,3,9,11,7,4,9,9,6,10,6,9,3,7,6,7,4,6,7,10,8,8,0,10,6,0,10,7,10,8,7,3,7,7,0,9
"PTHR14758",3,4,2,4,4,4,5,2,3,3,4,4,4,2,3,4,4,3,4,2,4,2,4,3,3,4,4,2,4,3,4,2,4,4,4,4,1,6,4,4,2,4,1,5,2
"PTHR14759",2,2,1,2,1,2,2,1,2,2,2,2,2,2,2,2,2,2,2,2,1,2,2,2,2,2,2,1,2,2,2,2,2,2,2,1,1,2,2,2,2,2,1,1,1
"PTHR14768",3,4,4,3,4,3,4,3,3,3,4,4,4,4,3,4,3,2,4,2,3,4,4,4,4,3,4,4,4,4,3,3,3,4,3,4,3,3,3,4,4,4,3,3,4
"PTHR14776",1,1,1,1,1,1,1,1,1,1,1,1,1,1,1,1,1,2,1,1,1,1,1,1,1,1,2,1,1,1,1,1,1,1,1,1,1,1,2,1,1,1,1,1,1
"PTHR14778",1,1,1,1,1,1,1,2,1,1,1,0,1,1,1,1,1,1,1,1,1,1,1,1,1,1,1,1,1,1,1,1,1,1,1,1,1,1,1,1,1,1,1,1,1
"PTHR14781",1,1,1,2,1,1,1,1,1,1,1,1,1,1,1,1,1,1,1,1,1,1,1,1,1,1,2,1,1,1,1,1,1,1,1,1,1,1,1,1,1,1,1,1,1
"PTHR14787",1,2,1,1,2,2,1,1,1,2,2,2,3,2,1,1,1,2,1,2,1,2,1,1,1,2,1,2,1,2,2,1,0,1,1,1,2,3,2,1,1,2,2,1,2
"PTHR14788",1,1,1,1,1,1,1,1,1,1,1,1,1,1,1,1,1,1,1,1,1,1,1,1,1,1,1,1,1,1,1,0,1,1,1,1,1,1,1,1,1,1,1,1,1
"PTHR14789",2,2,2,2,2,2,2,2,2,2,2,2,2,2,2,2,2,2,2,2,2,2,2,2,2,2,2,2,2,2,2,2,2,2,2,2,2,2,2,2,2,2,2,2,2
"PTHR14790",1,1,1,0,1,1,1,1,1,1,1,1,1,1,1,1,1,1,1,1,1,1,1,0,1,1,1,1,1,1,1,1,1,0,1,0,1,1,1,1,0,1,1,2,1
"PTHR14791",3,3,3,3,3,3,3,3,3,4,3,3,3,3,3,3,4,3,3,5,3,3,2,3,4,3,3,3,3,3,2,3,3,3,3,3,3,3,3,3,3,3,3,3,4
"PTHR14795",1,1,1,1,1,1,1,1,1,1,1,1,1,1,1,1,1,1,1,0,1,1,1,1,1,1,1,1,1,1,1,1,0,1,1,1,1,1,1,1,1,1,1,1,1
"PTHR14796",2,2,2,1,2,2,2,2,2,2,2,2,2,2,2,2,2,2,2,1,2,2,2,2,2,2,2,2,2,2,2,2,2,2,3,2,2,2,2,2,2,2,2,3,2
"PTHR14815",1,1,1,1,1,1,1,1,1,1,1,1,1,1,1,1,1,1,1,1,1,1,1,1,1,1,1,1,1,1,1,1,2,1,1,1,1,1,1,1,1,1,1,1,1
"PTHR14817",1,1,1,1,1,1,1,1,1,1,2,1,1,1,1,1,0,1,1,1,1,1,1,1,1,1,2,1,1,1,1,1,1,1,1,2,1,0,1,1,1,1,1,1,1
"PTHR14826_SF12",1,1,1,2,1,1,1,1,1,1,1,1,1,1,1,1,1,1,1,1,1,1,1,1,1,1,1,1,1,1,1,1,1,1,1,1,1,1,1,1,1,1,1,1,1
"PTHR14826_SF3",1,1,1,1,1,1,1,1,1,1,1,1,1,1,1,1,1,1,1,1,1,1,1,1,1,1,1,1,1,1,1,1,1,1,1,1,1,1,1,1,1,1,1,1,1
"PTHR14826_SF6",1,1,1,1,1,1,1,1,1,1,1,1,1,1,1,1,1,1,1,1,1,1,1,1,1,1,1,1,1,1,1,1,1,1,1,1,1,1,1,1,1,1,1,1,1
"PTHR14843",1,1,1,1,1,1,1,1,1,1,1,1,1,1,1,1,1,1,1,1,1,1,1,1,1,1,1,1,1,1,1,1,1,1,1,1,1,1,1,1,1,1,1,2,1
"PTHR14845",1,2,1,2,2,2,2,2,2,2,1,1,2,2,2,3,1,1,2,1,2,2,1,2,2,1,2,2,1,2,2,2,1,2,2,2,1,2,2,2,1,2,1,1,1
"PTHR14854",1,1,1,1,1,1,2,1,1,2,1,1,1,1,3,1,1,1,1,2,1,1,1,1,1,1,1,1,1,1,2,1,1,1,1,1,1,1,1,1,1,1,2,3,1
"PTHR14856",1,1,1,1,1,1,1,1,1,1,1,1,1,1,1,1,1,1,1,1,1,1,1,1,1,1,1,1,1,1,1,1,1,1,1,1,1,1,1,1,1,1,1,1,1
"PTHR14857",1,1,1,1,1,1,1,1,1,1,1,1,1,1,1,1,1,1,1,1,1,1,1,1,1,1,1,1,1,1,0,1,1,1,1,1,1,1,1,1,1,1,1,1,1
"PTHR14859",1,1,1,1,1,1,1,1,1,1,1,1,1,1,1,1,1,1,1,1,1,1,1,1,1,1,1,1,1,1,1,1,1,1,0,1,1,1,1,1,1,1,1,0,1
"PTHR14865",1,1,1,1,1,1,1,1,1,1,1,1,1,1,1,1,1,1,1,1,1,1,1,1,1,1,1,1,1,1,1,1,1,1,1,1,1,1,1,1,1,1,1,1,1
"PTHR14869",1,1,1,1,1,1,1,1,1,1,0,1,1,1,1,1,1,1,1,1,1,1,1,1,1,1,1,1,1,1,1,1,1,1,1,1,1,1,1,1,1,1,1,2,1
"PTHR14870",1,1,1,1,1,1,1,1,1,1,1,1,1,1,1,1,1,1,1,1,1,1,1,1,1,1,1,1,1,1,0,1,0,1,1,1,1,1,1,1,1,1,1,1,1
"PTHR14871",1,1,1,1,1,1,1,1,1,1,1,1,1,1,1,1,1,1,1,1,1,1,1,1,1,1,1,1,0,1,1,1,1,1,1,1,1,1,1,1,1,1,1,1,1
"PTHR14879",2,2,2,2,2,2,2,2,2,2,2,2,2,2,2,3,2,2,2,2,2,2,2,2,2,2,2,2,2,2,2,2,2,2,2,2,2,2,2,2,2,2,2,3,2
"PTHR14880",1,1,1,1,1,1,1,1,1,1,1,1,1,1,1,1,1,1,1,1,1,1,1,1,1,1,1,1,1,1,1,1,1,1,1,1,1,1,1,1,1,1,1,1,3
"PTHR14881",1,1,1,1,1,1,1,1,1,1,1,1,1,1,1,1,1,1,1,1,1,1,1,1,1,1,2,1,1,1,1,1,1,1,1,1,1,1,1,1,1,1,1,1,1
"PTHR14882",2,2,1,1,2,2,2,1,2,2,2,1,2,2,2,2,1,1,1,1,1,2,2,2,2,1,3,2,1,1,2,2,2,2,2,2,1,2,2,2,1,2,1,2,2
"PTHR14885",1,1,1,1,1,1,1,1,1,1,1,1,1,1,1,1,1,2,1,2,1,1,1,1,1,1,1,1,1,1,1,1,1,1,2,1,1,1,1,1,1,1,1,2,1
"PTHR14889",1,2,1,1,0,2,1,2,1,1,2,2,1,1,1,1,1,1,1,2,2,0,2,1,1,1,2,1,1,1,2,0,1,1,1,2,1,1,2,2,1,1,1,2,1
"PTHR14890",1,1,1,1,1,1,1,1,1,1,1,1,1,1,1,1,1,1,1,0,1,1,1,1,1,1,1,1,1,1,0,1,1,1,1,1,1,1,1,1,1,1,1,1,1
"PTHR14894_SF0",1,1,1,1,1,1,1,1,1,1,1,1,1,2,1,1,1,1,1,1,1,1,1,1,1,1,1,2,1,1,1,2,1,1,1,1,2,1,2,1,1,1,1,1,1
"PTHR14897",1,1,1,1,1,1,1,1,1,1,1,1,1,1,1,1,1,1,1,1,1,1,1,1,1,1,1,1,1,1,1,0,1,1,1,1,1,1,1,1,2,1,1,1,1
"PTHR14898_SF1",1,1,1,2,1,1,1,1,1,1,1,1,1,1,1,1,1,1,1,1,1,1,1,1,1,1,1,1,1,1,1,1,1,1,1,1,1,2,1,1,1,1,1,1,1
"PTHR14898_SF3",1,1,1,1,1,1,1,1,1,1,1,1,1,1,1,1,1,1,1,1,1,1,1,1,2,1,1,1,1,1,1,2,1,1,1,1,1,1,1,1,1,1,1,1,1
"PTHR14899",1,1,1,1,1,1,1,1,1,1,0,1,1,1,4,1,1,1,1,1,1,1,1,1,1,1,1,1,1,1,1,1,1,1,1,1,1,1,1,1,1,1,1,2,1
"PTHR14903",2,2,2,2,2,2,2,2,2,2,2,2,2,2,2,2,2,2,2,2,2,2,2,2,2,2,2,2,2,2,2,2,2,2,2,2,2,2,3,2,2,2,1,2,2
"PTHR14905",1,1,1,1,1,1,1,1,1,1,1,1,1,1,1,6,1,1,1,1,1,1,1,1,1,1,1,1,1,1,1,1,1,1,1,1,1,1,1,1,1,1,1,1,1
"PTHR14907_SF3",1,1,1,1,1,1,1,0,1,2,1,1,1,3,1,1,1,1,1,0,1,1,1,1,1,1,1,1,0,0,1,1,1,2,1,1,1,1,5,1,1,1,1,1,1
"PTHR14907_SF4",1,1,1,1,1,1,1,1,1,0,1,1,1,1,1,7,1,1,1,0,1,1,1,1,1,1,1,1,1,1,1,1,0,1,1,1,1,1,1,1,1,1,1,0,1
"PTHR14909",1,1,1,1,1,1,0,1,1,1,1,1,1,1,0,7,1,1,1,1,1,1,1,1,0,1,0,1,1,1,1,1,1,1,0,1,1,1,1,1,1,1,1,0,1
"PTHR14911",2,2,2,3,3,2,2,2,2,2,2,2,2,2,2,2,2,3,2,2,2,2,2,2,2,4,3,2,3,2,2,1,2,2,2,2,2,2,2,2,2,2,2,2,2
"PTHR14913",1,1,1,1,1,1,1,1,1,1,1,1,1,1,1,1,1,1,1,1,1,1,1,1,1,1,1,1,1,1,1,1,1,1,1,1,1,1,1,1,1,1,1,1,1
"PTHR14914_SF5",1,1,1,1,1,1,1,0,1,1,1,1,1,1,1,1,1,1,1,1,1,1,1,1,1,1,1,1,1,1,1,1,1,1,1,0,1,1,1,0,1,1,1,0,1
"PTHR14914_SF6",1,1,1,1,1,1,1,1,2,2,1,1,1,1,4,1,1,1,1,2,1,1,1,1,2,1,1,1,1,1,1,2,1,1,2,1,1,1,1,1,1,1,1,1,1
"PTHR14914_SF7",1,1,1,1,1,1,1,1,1,1,1,1,1,1,1,1,1,1,1,1,1,1,1,1,1,1,2,1,1,1,1,1,1,1,2,1,1,1,1,1,1,1,1,3,1
"PTHR14917",1,1,1,1,1,1,1,1,1,1,1,1,1,1,1,1,1,1,1,1,1,1,1,1,1,1,1,1,1,1,1,1,1,1,1,1,1,1,1,1,1,1,1,1,1
"PTHR14918",1,2,1,1,1,1,1,1,1,1,1,1,1,1,1,1,1,1,1,1,1,1,1,1,1,1,1,1,1,1,1,1,2,1,1,1,1,1,1,1,1,1,1,1,1
"PTHR14919",1,1,1,1,1,1,1,1,1,2,1,1,1,1,1,1,1,1,1,1,1,1,1,1,1,1,1,1,1,1,1,1,1,1,1,1,1,1,1,1,1,1,1,2,1
"PTHR14920",1,1,1,1,2,1,1,1,1,2,1,1,1,1,1,1,1,1,1,1,1,1,1,1,1,1,1,1,1,1,1,1,1,1,2,1,1,1,1,1,1,1,1,2,1
"PTHR14926",1,1,1,1,1,1,1,1,1,1,1,1,1,1,1,1,1,1,1,1,1,1,1,1,1,1,1,1,1,1,2,0,1,1,1,1,1,1,1,1,1,1,1,1,2
"PTHR14927",1,1,1,1,1,1,1,1,1,1,1,1,1,1,1,1,1,1,1,1,1,1,1,1,1,2,1,1,1,1,1,1,1,1,1,1,1,1,1,1,1,1,1,1,1
"PTHR14928",2,2,2,2,2,2,3,2,2,2,3,2,2,2,2,2,2,2,2,2,2,2,2,2,2,2,2,2,2,2,2,2,2,2,2,2,2,3,2,2,2,2,2,2,2
"PTHR14931",2,2,2,2,2,2,2,2,1,1,2,2,2,2,1,2,2,1,2,1,2,2,2,2,1,1,2,2,2,2,2,1,1,2,2,1,2,2,2,1,2,2,2,2,2
"PTHR14932_SF1",1,1,1,1,1,1,0,1,1,1,1,1,0,1,1,1,1,1,1,1,1,1,1,1,1,1,1,1,1,1,0,1,1,1,1,1,1,1,1,1,1,1,1,1,1
"PTHR14938",1,1,2,1,1,1,1,1,1,1,1,1,1,1,1,1,1,1,1,1,1,2,1,1,1,1,1,1,1,1,2,1,1,1,2,1,2,1,3,1,1,1,1,2,2
"PTHR14939",1,1,1,1,1,1,1,1,1,1,1,2,1,1,1,1,1,1,1,1,1,1,1,1,1,1,1,1,1,1,1,1,1,1,1,1,1,1,1,1,1,1,1,1,1
"PTHR14942",1,1,1,2,1,1,1,1,1,1,1,1,1,2,1,1,1,1,1,1,0,1,1,1,1,1,1,1,1,1,1,1,1,1,1,1,1,1,1,1,1,1,1,3,1
"PTHR14944",1,1,1,1,1,1,1,0,0,0,0,1,1,1,0,1,1,1,1,1,1,1,1,1,1,1,0,1,1,1,1,0,1,1,0,1,1,1,1,1,1,1,1,0,1
"PTHR14948_SF1",1,1,1,1,1,1,0,1,1,1,1,1,1,1,1,1,1,1,1,0,1,1,1,1,1,1,1,1,1,1,1,1,1,1,0,1,1,2,1,1,1,1,1,1,1
"PTHR14948_SF17",1,1,0,0,1,0,1,0,0,0,1,1,0,0,0,0,0,0,0,0,1,0,1,0,1,0,1,0,0,1,0,0,0,0,0,1,0,0,0,1,0,1,0,0,1
"PTHR14948_SF18",1,1,0,1,1,0,1,0,1,1,0,0,1,1,1,1,0,1,1,0,1,1,1,1,1,1,1,1,1,0,1,1,0,1,1,1,1,1,1,0,1,1,0,1,0
"PTHR14948_SF19",1,1,1,1,1,1,1,1,1,1,1,0,1,1,1,1,0,1,1,1,1,1,1,1,1,0,1,1,1,1,1,1,1,1,1,1,1,1,1,1,1,1,0,1,1
"PTHR14948_SF20",1,1,1,1,1,1,1,1,1,1,1,1,1,1,1,2,1,1,1,1,1,1,1,1,1,1,1,1,1,1,1,1,1,1,1,1,1,1,1,1,1,1,1,1,1
"PTHR14948_SF4",1,1,1,1,1,1,1,1,1,1,1,1,1,1,1,8,1,1,1,1,1,1,1,1,1,1,1,1,1,1,1,1,1,1,1,1,1,1,2,1,1,1,0,1,1
"PTHR14949_SF19",2,2,3,1,2,4,2,1,1,2,1,2,1,3,1,1,1,1,2,1,1,1,1,2,1,1,1,2,1,1,1,1,1,2,0,1,4,1,3,1,1,1,1,0,3
"PTHR14949_SF20",1,1,1,1,1,1,1,0,0,1,1,1,1,1,1,2,0,1,1,1,1,1,1,1,1,0,0,1,1,1,0,0,0,1,1,1,1,0,1,1,1,1,1,0,1
"PTHR14949_SF21",1,1,1,1,1,1,1,1,1,1,1,1,1,1,1,1,1,1,1,0,1,1,1,1,1,1,1,1,1,1,0,1,1,1,1,1,1,1,1,1,1,1,1,1,1
"PTHR14949_SF22",1,1,1,1,1,1,1,1,1,1,1,1,1,1,1,7,1,1,1,1,1,1,1,1,1,1,1,1,1,1,1,1,1,1,0,1,1,1,1,1,1,1,1,1,1
"PTHR14950_SF3",1,1,1,1,1,1,1,1,1,1,1,1,1,1,1,1,1,1,1,1,1,1,1,1,1,1,1,1,1,1,2,1,1,1,1,1,1,1,1,1,1,1,1,1,1
"PTHR14952",2,2,3,4,2,2,3,2,2,2,2,2,2,3,2,3,2,2,3,2,3,2,2,3,2,2,2,3,2,2,2,2,2,3,2,2,3,2,3,2,3,2,2,2,2
"PTHR14955_SF6",1,1,1,1,1,1,1,1,1,1,1,1,1,1,1,1,1,1,1,1,1,1,1,1,1,1,1,1,1,1,0,1,1,1,1,1,1,1,1,1,1,1,1,1,1
"PTHR14955_SF7",1,1,1,1,1,1,1,1,1,1,1,1,1,1,2,8,1,1,1,1,1,1,2,1,1,1,1,1,1,1,1,1,2,1,1,1,1,1,1,1,1,1,1,1,1
"PTHR14957",1,1,1,1,1,1,1,1,1,1,1,1,1,1,1,1,1,1,1,1,1,1,1,1,1,1,1,1,1,1,1,1,1,1,1,1,1,1,1,1,1,1,1,1,1
"PTHR14958_SF15",1,1,3,2,1,1,1,1,1,1,1,1,1,4,3,1,1,1,4,1,1,1,1,4,1,1,1,6,1,1,1,1,1,4,1,1,5,1,6,1,1,1,1,1,1
"PTHR14958_SF19",1,1,0,1,1,1,1,0,0,1,1,0,0,1,0,1,0,0,0,1,1,1,0,0,0,0,0,1,1,1,0,0,1,0,1,0,1,0,1,1,1,0,1,0,1
"PTHR14958_SF20",1,1,1,1,2,1,1,1,1,1,1,1,1,1,1,1,1,1,1,1,1,1,1,1,1,1,1,1,1,1,0,1,1,1,1,1,1,1,1,1,1,1,1,2,1
"PTHR14958_SF21",1,1,0,1,1,1,1,0,0,2,1,0,0,1,0,1,1,1,1,0,1,1,0,1,0,0,0,1,0,1,0,0,1,1,0,1,0,0,1,0,1,1,1,0,0
"PTHR14958_SF22",1,2,1,1,1,2,1,1,1,1,1,1,1,1,1,1,1,1,1,1,2,1,1,1,1,1,1,1,1,1,1,2,2,1,1,1,1,1,1,1,1,1,0,2,1
"PTHR14963_SF2",1,1,1,1,1,1,1,1,1,1,1,1,1,1,1,2,1,1,1,1,1,1,1,1,1,1,1,1,1,1,1,1,1,1,1,1,1,1,1,1,1,1,1,1,1
"PTHR14963_SF4",1,0,1,1,0,0,1,0,0,1,1,1,0,1,0,1,0,1,1,1,1,1,1,1,1,0,1,1,0,0,0,0,1,1,1,1,1,0,1,1,1,0,1,1,0
"PTHR14963_SF5",1,1,1,1,1,1,1,1,1,1,1,1,1,1,1,1,1,1,1,1,1,1,1,1,1,1,1,1,1,1,1,1,1,1,1,1,1,1,1,1,1,1,1,2,1
"PTHR14963_SF6",1,1,1,1,1,1,1,1,1,1,1,1,1,1,1,1,1,1,1,2,1,1,1,1,1,1,1,1,1,1,1,1,1,1,1,1,1,1,1,1,1,1,1,1,1
"PTHR14964",1,1,3,3,1,2,1,1,1,1,1,1,1,3,1,1,2,1,2,1,1,1,2,1,1,1,1,4,1,1,1,1,1,2,1,2,4,1,4,1,5,1,1,1,1
"PTHR14965",2,2,2,2,2,2,2,2,2,2,2,2,2,2,2,3,2,2,3,2,2,2,2,3,2,2,3,3,2,2,2,2,2,3,0,2,2,2,3,2,2,2,2,0,2
"PTHR14966",1,1,1,1,1,1,1,1,1,1,1,1,1,1,0,1,0,1,1,1,1,1,1,1,1,1,1,1,1,1,0,0,1,1,0,1,1,1,1,1,1,1,1,0,1
"PTHR14969_SF14",1,1,1,1,0,1,1,1,1,1,1,1,1,1,1,1,1,1,1,1,1,1,1,1,1,1,1,1,1,1,1,1,1,1,1,1,1,1,1,1,1,1,1,1,0
"PTHR14969_SF16",1,1,1,1,1,1,1,0,1,1,1,1,1,1,1,2,1,1,1,1,1,1,1,1,1,1,1,1,1,1,1,1,1,1,1,1,1,1,1,1,1,1,1,1,1
"PTHR14969_SF17",1,1,1,1,1,1,1,1,1,1,1,1,1,1,1,1,1,0,1,1,1,1,1,1,1,1,1,1,1,1,1,1,1,1,1,1,1,1,1,1,1,1,1,3,1
"PTHR14971",1,1,1,1,1,1,1,1,1,3,1,1,1,1,1,1,1,1,1,0,1,1,1,1,1,1,1,1,1,1,1,1,1,1,1,1,1,1,1,1,1,1,0,1,1
"PTHR14972",3,3,3,3,3,3,3,2,2,3,3,3,3,3,4,3,3,3,4,3,3,3,3,4,3,3,5,3,4,3,4,3,3,4,3,3,3,3,3,3,3,3,3,3,4
"PTHR14974_SF2",1,2,1,1,1,0,2,1,1,0,0,1,1,1,1,1,1,1,1,1,1,1,1,1,1,1,1,1,1,1,1,1,1,1,1,1,1,1,1,1,2,1,1,1,1
"PTHR14978",1,1,2,1,1,1,1,1,1,2,1,1,1,2,1,1,1,1,2,3,1,1,1,2,1,1,1,1,1,1,1,3,1,2,1,1,2,1,2,1,1,1,1,1,1
"PTHR14983",1,1,1,1,1,1,1,1,1,1,1,1,1,1,1,1,1,1,1,1,1,1,1,1,1,1,1,1,1,1,1,1,1,1,1,1,1,1,1,1,1,1,1,1,1
"PTHR14986_SF4",1,1,1,1,1,1,1,1,1,1,1,1,1,1,1,1,1,1,1,1,1,1,1,0,1,1,1,1,1,1,1,1,1,1,1,1,1,1,1,1,1,1,1,1,0
"PTHR14987_SF2",1,1,1,1,1,1,1,1,1,1,1,1,1,1,1,1,1,1,1,1,2,1,1,1,1,1,1,1,1,1,1,1,1,1,1,0,1,2,1,1,1,0,1,2,1
"PTHR14991",1,1,1,1,1,1,1,1,1,1,1,1,1,1,1,1,1,1,1,1,1,1,1,1,1,1,1,1,1,1,1,1,1,1,1,1,1,1,1,1,1,1,1,1,1
"PTHR14995",1,1,1,1,0,1,1,0,1,0,1,1,1,1,1,1,1,1,1,0,1,1,1,1,1,1,2,0,0,1,0,1,1,1,0,1,1,0,1,1,1,1,0,0,0
"PTHR14997",1,1,1,1,1,1,1,1,1,1,1,1,1,1,1,1,1,1,1,1,1,1,1,1,1,1,1,1,1,1,1,1,1,1,1,1,1,1,1,1,1,1,1,0,1
"PTHR15000",1,1,1,1,1,1,1,1,1,1,1,1,1,1,1,1,1,1,1,1,1,1,1,1,1,1,3,1,1,1,1,1,1,1,1,1,1,1,1,1,1,1,1,1,1
"PTHR15001_SF1",1,1,1,1,1,1,1,1,1,1,1,1,1,0,1,1,1,1,1,1,0,1,1,1,1,0,1,1,1,1,1,1,1,1,0,1,1,1,1,1,1,1,1,0,1
"PTHR15001_SF12",1,1,0,0,1,1,0,0,1,1,1,1,1,0,0,1,0,0,1,1,1,1,0,1,0,0,0,1,1,1,1,0,0,1,0,0,1,1,1,0,0,1,1,0,1
"PTHR15001_SF14",1,1,1,1,1,1,1,0,0,1,0,1,1,1,0,2,0,0,1,1,1,1,0,1,0,0,0,1,1,0,1,0,0,1,0,0,0,1,1,0,1,1,0,0,1
"PTHR15001_SF15",1,1,1,1,1,1,1,0,0,1,1,1,1,1,0,1,0,1,1,1,1,1,1,1,1,1,1,1,1,1,1,0,1,1,0,1,1,1,1,1,1,1,1,0,1
"PTHR15001_SF17",1,1,1,1,1,1,1,1,0,0,1,1,1,1,0,1,0,1,1,1,1,1,1,1,1,0,1,0,1,1,1,1,1,1,0,1,1,1,1,1,1,2,0,0,1
"PTHR15001_SF18",1,0,1,1,1,0,0,0,0,0,0,0,1,0,0,2,0,0,1,1,1,0,1,1,1,0,0,1,1,0,1,0,0,1,0,1,0,0,3,1,1,0,0,0,0
"PTHR15001_SF21",1,1,0,1,1,1,1,0,0,1,1,1,1,1,0,2,0,0,1,1,1,1,1,1,1,0,1,1,0,0,0,1,0,1,0,1,0,1,1,1,1,0,0,0,1
"PTHR15001_SF3",1,1,1,1,1,1,1,1,1,1,1,1,1,1,1,1,1,1,1,1,1,1,1,1,1,1,1,1,1,1,1,1,1,1,0,1,1,1,2,1,0,1,1,0,1
"PTHR15001_SF4",1,2,1,1,1,2,1,0,1,0,0,1,1,2,0,1,0,1,1,1,1,0,1,1,0,0,1,0,1,2,1,0,0,1,0,1,1,0,2,1,1,1,1,0,1
"PTHR15001_SF6",1,1,1,1,1,0,1,1,1,0,1,1,0,1,1,1,0,0,1,0,1,1,1,1,1,1,1,1,1,1,1,1,0,1,0,1,1,1,1,1,1,1,0,0,0
"PTHR15001_SF8",1,1,1,1,1,1,1,1,1,1,1,1,1,1,0,1,1,1,1,1,1,1,1,1,1,0,1,1,0,0,1,1,0,1,0,1,0,1,0,1,1,1,1,0,1
"PTHR15002_SF0",1,1,1,1,1,1,1,1,1,1,1,1,1,1,1,1,1,1,1,1,1,1,1,1,1,1,0,1,1,1,1,1,1,1,2,1,1,1,1,1,1,1,1,1,1
"PTHR15004",1,1,1,1,1,1,1,1,1,1,0,1,1,1,1,2,1,1,1,1,1,1,1,1,1,1,1,1,1,1,2,1,1,1,2,1,1,1,1,2,1,1,1,1,1
"PTHR15009",1,1,0,1,0,1,1,1,1,0,1,1,1,1,1,1,1,1,1,1,1,1,1,1,1,0,1,1,1,1,0,1,1,1,1,1,1,1,1,1,1,1,1,1,0
"PTHR15010",1,1,1,1,1,1,1,1,1,1,1,1,1,1,1,1,1,1,1,1,1,1,1,1,1,1,2,1,1,1,1,1,1,1,1,1,1,1,2,1,1,1,1,1,1
"PTHR15011",1,2,1,1,1,2,1,1,1,1,1,1,1,1,1,1,0,1,1,1,1,1,2,1,1,1,1,1,1,2,2,1,1,1,1,2,1,0,1,2,1,2,0,1,0
"PTHR15012_SF25",1,1,1,1,1,1,1,0,1,1,1,1,1,1,1,1,1,1,1,1,1,1,1,1,1,1,1,1,1,1,0,1,1,1,0,1,1,1,2,1,1,1,1,0,1
"PTHR15012_SF31",2,1,1,1,1,2,1,1,1,2,1,1,1,1,1,1,1,1,1,1,1,1,1,1,1,1,1,1,1,1,1,1,1,1,1,1,1,1,1,1,1,1,1,1,1
"PTHR15012_SF33",3,1,1,1,1,1,1,1,1,1,1,1,1,1,1,1,1,3,1,3,1,1,1,1,1,1,1,1,1,2,1,1,1,1,1,1,1,0,1,1,1,1,1,2,1
"PTHR15012_SF8",1,1,1,1,1,1,1,1,1,0,2,1,1,1,2,1,1,1,1,1,1,1,1,1,1,1,1,1,1,1,0,1,1,1,1,1,1,2,1,1,1,2,1,1,1
"PTHR15015",2,2,2,2,2,2,1,2,2,1,2,1,1,2,2,2,2,2,2,1,1,2,2,2,2,2,2,2,2,2,0,2,2,2,2,2,2,2,2,2,2,2,2,2,2
"PTHR15016",1,1,1,1,1,1,1,1,1,1,1,1,1,1,1,1,1,1,1,1,1,1,1,1,1,1,1,1,1,1,1,0,1,1,1,1,1,1,1,1,1,1,1,1,1
"PTHR15018",1,0,1,1,0,0,1,0,1,0,1,1,1,1,1,1,0,0,1,0,1,1,1,1,1,0,1,1,0,0,0,1,1,1,0,2,1,0,1,1,1,0,0,0,1
"PTHR15020",1,1,1,1,1,1,1,1,1,1,1,1,1,1,1,1,1,1,1,1,1,1,1,1,1,1,1,1,1,1,1,1,1,1,1,1,1,1,1,1,1,1,1,1,1
"PTHR15021",2,2,2,2,2,2,2,2,2,3,2,2,2,2,2,2,2,2,2,2,2,2,2,2,2,2,2,2,2,2,2,2,3,2,2,2,2,2,2,2,2,2,2,2,2
"PTHR15025",2,2,2,2,2,2,2,2,2,2,2,2,2,2,2,2,2,2,2,1,2,2,3,2,2,2,2,2,2,2,2,2,2,2,2,2,2,2,3,2,2,2,2,2,2
"PTHR15026",1,1,1,1,1,1,1,1,1,1,2,1,1,1,1,1,1,1,2,0,1,1,1,2,1,1,1,1,1,1,1,1,1,1,1,1,1,1,1,1,1,1,1,1,1
"PTHR15028",1,1,1,1,1,1,1,1,1,1,1,1,1,1,1,1,1,1,1,1,1,1,1,1,1,1,1,1,1,1,1,1,1,1,1,1,1,1,1,1,1,1,1,1,1
"PTHR15029",1,1,1,1,1,1,1,0,0,0,1,1,1,1,0,1,0,0,1,0,1,0,1,1,0,0,0,1,1,1,0,0,0,1,0,0,1,1,1,1,0,0,0,0,1
"PTHR15031",2,1,2,2,2,2,2,2,2,1,2,2,2,2,2,2,2,2,2,2,2,2,2,2,2,2,3,2,2,3,1,2,2,2,2,2,2,2,3,2,2,2,2,2,2
"PTHR15032_SF10",1,1,1,0,2,2,0,1,1,1,1,1,1,1,1,0,1,1,1,0,1,1,1,1,1,0,2,1,0,1,1,1,1,1,1,1,1,1,1,1,0,1,1,1,1
"PTHR15032_SF8",1,1,1,1,1,1,1,1,1,1,1,1,1,1,3,2,1,1,1,1,1,1,1,1,1,1,1,1,1,1,1,1,1,1,1,1,1,1,1,1,1,1,1,1,1
"PTHR15034",1,1,1,1,1,1,1,1,1,1,0,1,1,1,1,1,1,1,1,0,2,1,1,1,1,1,1,1,1,1,0,1,1,1,2,1,1,1,1,1,1,1,1,1,1
"PTHR15035",1,1,1,0,2,2,2,1,1,2,1,2,2,2,2,2,2,2,1,2,2,0,2,1,2,2,2,2,2,2,2,1,2,1,2,2,2,2,2,2,1,1,2,3,1
"PTHR15036",2,2,1,1,3,2,1,2,1,2,1,1,2,1,2,1,2,1,2,1,2,2,2,1,2,3,2,1,3,2,3,1,2,2,3,2,1,2,1,2,1,2,0,2,3
"PTHR15039_SF11",1,1,1,1,1,1,1,1,1,0,1,2,1,1,1,1,1,1,1,1,1,1,1,1,1,1,1,1,1,1,1,1,1,1,1,1,1,1,1,1,1,1,1,1,1
"PTHR15040",1,1,1,1,1,1,1,1,1,1,1,1,1,1,1,1,1,1,1,1,1,1,1,1,1,1,1,1,1,1,1,1,1,1,1,1,1,1,1,1,1,1,0,1,1
"PTHR15044",1,1,1,1,0,1,1,1,1,0,1,1,1,1,1,1,1,0,1,1,0,1,1,1,1,0,1,1,1,1,1,0,0,1,1,1,1,1,1,1,1,1,1,0,0
"PTHR15045",1,1,1,1,1,1,1,1,1,1,1,1,1,1,1,2,1,1,1,1,1,1,1,1,1,1,1,1,1,1,1,1,1,1,1,1,1,1,1,1,1,1,0,1,1
"PTHR15046",2,2,2,2,2,2,2,2,2,3,2,2,2,2,2,2,2,2,2,2,2,2,2,2,2,2,3,2,2,2,2,2,2,2,2,2,2,2,2,1,2,3,1,2,2
"PTHR15048",1,1,1,1,1,1,1,0,1,1,1,1,1,1,1,1,1,1,0,1,1,1,1,1,1,1,1,1,1,1,1,1,1,1,1,0,1,1,1,1,1,1,0,1,1
"PTHR15049",1,3,2,2,4,1,2,1,0,3,0,3,2,1,0,2,0,0,2,1,2,1,3,2,1,0,1,2,1,2,2,0,1,2,0,2,2,0,2,2,2,3,1,0,1
"PTHR15052",1,1,1,1,1,1,1,1,1,1,1,1,1,1,1,1,1,1,1,1,1,1,2,1,1,1,1,1,1,1,1,1,1,1,1,1,1,1,1,1,1,1,1,1,1
"PTHR15054",1,1,1,1,1,1,1,1,1,1,0,1,1,1,0,1,1,1,1,0,1,1,1,1,1,1,2,1,1,1,0,1,1,1,0,1,1,1,1,1,1,1,1,0,1
"PTHR15060",1,1,1,1,1,1,1,1,1,1,1,1,1,1,1,1,1,1,1,1,1,1,1,1,1,1,1,1,1,1,2,1,1,1,1,1,1,1,1,1,1,1,1,1,1
"PTHR15065_SF3",1,1,0,0,1,1,1,1,1,1,1,1,1,1,1,1,1,1,1,1,1,0,1,0,1,1,1,1,1,1,1,1,1,1,1,0,1,1,1,1,1,1,1,0,1
"PTHR15065_SF5",1,0,0,1,0,1,1,0,0,1,1,1,1,0,1,1,1,1,1,0,1,1,1,1,1,1,1,0,1,1,0,1,1,0,1,1,0,1,0,0,0,0,0,1,0
"PTHR15066",1,1,0,0,0,1,1,0,0,1,1,1,1,1,0,1,0,1,0,1,1,1,0,0,0,0,0,1,1,1,1,0,1,0,1,0,1,0,2,0,0,1,0,1,1
"PTHR15067_SF4",1,1,1,1,1,1,1,1,1,1,1,1,1,1,1,1,1,0,1,1,1,1,2,1,1,1,1,1,1,1,1,0,1,1,1,1,1,1,1,1,1,1,1,1,1
"PTHR15069",1,1,1,1,1,1,1,1,1,1,1,1,1,1,1,1,1,1,1,1,1,1,1,1,1,1,1,1,1,1,1,1,1,1,1,1,1,1,1,1,1,1,1,1,1
"PTHR15071_SF0",1,1,1,2,1,1,1,1,1,2,1,1,1,1,1,1,1,1,1,1,1,1,1,1,1,1,1,1,1,1,1,1,1,1,1,1,1,1,1,2,1,1,1,1,1
"PTHR15073",4,5,4,4,4,4,4,3,4,4,4,4,4,4,4,4,4,3,5,4,4,4,4,4,4,4,5,4,4,4,4,3,4,4,4,4,4,4,4,4,4,4,4,4,4
"PTHR15074",2,2,2,2,2,2,2,2,2,2,2,2,2,2,2,2,2,2,2,2,2,2,2,2,3,2,2,2,2,2,2,2,2,2,3,2,2,2,3,2,2,2,2,3,2
"PTHR15075",3,3,3,3,3,3,3,3,3,4,3,3,3,3,4,3,3,3,3,2,3,3,3,3,3,3,3,3,3,3,3,3,3,3,3,4,3,3,4,4,3,3,4,4,4
"PTHR15076",2,2,2,3,1,2,3,1,1,2,1,2,2,3,1,3,2,1,2,1,3,2,1,2,1,2,1,2,1,2,1,1,2,2,2,1,3,1,2,4,3,2,2,2,2
"PTHR15079",1,1,1,1,1,1,1,1,1,1,1,1,1,1,1,1,1,1,1,1,1,1,1,1,1,1,1,1,1,1,1,1,1,1,1,1,1,1,1,1,1,1,1,1,1
"PTHR15081_SF1",1,1,1,1,1,1,1,1,1,3,1,1,1,3,4,1,1,1,1,1,1,1,1,1,1,1,1,2,1,2,1,2,2,1,1,1,2,1,2,1,2,1,1,1,1
"PTHR15082_SF2",1,1,2,1,1,1,1,1,1,1,1,1,1,2,1,1,1,1,4,1,1,1,1,4,0,0,1,3,1,1,1,1,1,2,2,1,1,1,1,3,1,1,1,6,1
"PTHR15083",1,1,1,3,1,1,4,1,1,0,1,1,1,1,1,1,1,1,1,1,1,1,1,1,1,1,1,1,1,1,1,1,1,1,1,1,1,1,1,1,1,1,1,1,1
"PTHR15087",1,1,1,1,1,1,1,1,1,1,1,1,1,1,1,1,1,1,1,1,1,1,1,1,1,1,1,1,1,1,0,1,1,1,1,1,1,1,1,1,1,1,1,1,1
"PTHR15088",1,1,1,1,1,1,0,1,1,1,1,1,1,1,1,1,1,1,1,1,1,0,1,0,1,1,1,1,1,1,1,1,1,1,1,1,1,1,1,1,1,1,1,1,1
"PTHR15090",1,1,1,1,1,1,1,1,1,1,1,1,1,1,1,2,1,1,1,1,1,1,1,1,0,1,1,1,1,1,1,1,1,1,1,1,1,1,1,1,1,1,1,1,1
"PTHR15092",3,3,4,3,3,3,3,3,3,3,3,3,3,3,3,4,3,3,3,3,3,4,3,3,3,3,3,3,3,3,3,3,4,3,3,3,3,3,3,3,4,3,3,4,3
"PTHR15093",1,1,1,1,0,1,1,1,1,1,1,1,1,1,1,1,1,1,1,1,1,1,1,1,1,1,1,1,1,1,1,1,1,1,1,1,1,1,1,1,1,1,1,1,1
"PTHR15094",1,1,1,1,1,2,1,1,1,1,1,1,1,1,1,1,1,1,1,1,1,1,1,1,1,1,1,1,1,1,1,1,1,1,1,1,1,1,1,1,1,1,1,1,1
"PTHR15095",1,1,1,1,1,1,1,2,1,1,1,1,1,1,4,1,2,1,1,1,1,1,1,1,1,1,1,2,1,1,2,2,1,1,1,1,2,1,1,1,2,1,1,1,1
"PTHR15104",1,1,1,1,1,1,1,1,1,1,1,1,1,1,1,1,1,1,1,1,1,1,1,1,1,1,2,1,1,1,1,1,1,1,1,1,1,1,1,1,1,1,1,1,1
"PTHR15106",1,1,1,1,1,1,3,1,1,1,1,1,1,1,1,1,1,1,1,1,1,1,1,1,1,1,1,1,1,1,1,1,0,1,1,1,1,1,2,1,1,1,1,1,1
"PTHR15107",2,2,2,2,2,2,2,2,2,2,2,2,2,2,2,2,3,3,2,2,2,2,2,2,2,2,2,2,2,3,2,3,3,2,2,2,2,2,2,2,3,2,2,4,2
"PTHR15108",1,1,1,1,1,1,1,1,1,1,1,1,1,1,1,1,1,1,1,1,1,1,1,1,1,0,1,1,1,1,1,1,1,1,1,2,1,1,1,1,1,1,1,1,1
"PTHR15109",2,2,2,2,2,2,2,2,2,2,2,2,2,2,2,2,2,3,2,2,2,2,2,2,2,2,2,2,2,2,2,2,2,2,2,2,2,2,2,2,2,2,2,2,2
"PTHR15110",1,1,1,1,1,1,1,1,1,1,1,1,1,1,1,1,1,1,1,1,1,1,1,1,1,1,1,1,1,1,1,1,1,1,1,2,1,1,1,2,1,0,1,0,1
"PTHR15111_SF0",1,1,2,1,1,1,1,1,1,1,1,1,1,1,1,1,1,1,1,2,1,1,1,2,1,1,1,2,1,1,1,1,1,1,1,1,2,1,2,1,1,1,1,1,1
"PTHR15114_SF1",1,1,2,2,2,2,1,1,1,2,1,1,1,2,1,1,1,0,2,1,1,1,1,1,1,1,1,2,1,1,1,1,2,3,1,1,2,1,1,2,1,1,1,1,1
"PTHR15116",2,2,2,2,2,2,2,3,2,2,2,2,1,2,4,2,2,2,2,2,2,3,2,2,2,2,2,2,2,2,2,2,2,2,2,2,2,2,2,2,2,2,2,2,2
"PTHR15117_SF1",1,1,1,1,1,1,1,1,1,1,1,1,1,1,1,1,1,1,1,1,1,1,1,1,1,1,1,1,1,1,1,1,1,1,1,1,1,1,2,1,1,1,1,1,1
"PTHR15117_SF2",1,1,1,1,1,1,1,1,1,1,1,1,1,1,1,2,1,1,1,1,1,1,1,1,1,1,1,1,1,1,1,1,1,1,1,1,1,1,1,1,1,1,1,1,1
"PTHR15117_SF4",1,1,1,1,0,1,2,1,1,1,1,1,2,1,1,1,1,1,1,1,1,1,1,1,1,1,1,1,1,1,2,0,1,1,0,2,1,3,1,1,1,0,0,0,1
"PTHR15117_SF5",1,1,1,1,1,1,1,1,1,2,1,1,1,1,1,1,1,1,1,1,1,1,1,1,1,1,1,1,1,1,1,1,1,1,1,1,1,1,1,1,1,1,1,1,1
"PTHR15117_SF6",1,1,1,1,1,1,2,1,1,1,1,1,1,1,2,1,1,1,1,2,1,1,1,1,2,1,1,1,1,1,1,1,1,1,1,1,1,1,1,1,1,1,1,1,1
"PTHR15117_SF7",1,1,1,1,0,1,1,1,1,0,0,1,1,1,1,1,1,0,1,1,1,1,1,1,1,0,1,1,1,1,0,2,0,1,1,1,1,1,2,1,1,1,0,1,1
"PTHR15119",1,1,0,0,1,1,1,1,1,1,1,1,1,0,1,1,1,0,0,1,1,0,1,0,1,1,1,1,1,1,1,1,1,0,1,1,1,1,1,1,0,1,0,1,1
"PTHR15123",1,6,1,1,0,4,1,1,1,1,1,1,1,1,0,1,1,0,1,0,0,0,2,1,2,1,2,1,1,2,0,1,0,1,0,2,1,0,1,2,1,1,0,0,1
"PTHR15124_SF15",1,1,1,1,1,1,1,1,1,1,1,1,1,1,1,1,1,1,1,1,1,1,1,1,1,1,1,1,1,1,1,1,1,1,1,1,1,1,1,2,1,1,1,1,1
"PTHR15124_SF16",1,1,1,3,1,2,2,0,0,0,1,1,1,2,0,1,0,0,1,0,0,1,1,1,1,1,2,3,1,1,0,0,0,1,0,1,2,2,3,2,1,1,1,1,0
"PTHR15126",1,1,1,1,1,1,1,1,1,1,1,1,1,1,1,1,1,1,1,1,1,1,1,1,1,1,1,1,1,1,1,1,1,1,1,1,1,1,1,1,1,1,1,1,1
"PTHR15127_SF28",1,1,1,2,1,1,1,1,1,0,1,1,1,1,1,1,1,1,1,1,1,1,1,1,1,1,1,1,1,1,0,1,1,1,1,1,1,1,1,1,1,1,1,1,1
"PTHR15127_SF29",1,1,1,1,1,1,1,1,1,1,1,1,1,1,1,1,1,1,1,1,1,1,1,1,1,1,1,1,1,1,1,1,1,1,1,1,1,1,1,1,1,1,1,2,1
"PTHR15127_SF30",1,1,1,1,1,1,1,1,1,1,1,1,1,1,1,1,1,1,1,1,1,1,1,1,1,1,1,1,1,1,1,1,1,1,1,1,1,1,1,1,1,1,1,1,1
"PTHR15127_SF31",1,1,1,1,1,1,1,1,1,1,1,1,1,1,1,2,1,1,1,1,1,1,1,1,1,1,2,1,1,1,1,1,1,1,1,1,1,1,1,1,1,1,1,1,1
"PTHR15128",1,1,1,1,1,1,1,1,1,1,1,1,1,1,1,1,1,1,1,1,1,1,1,1,1,1,1,1,1,1,1,1,1,1,1,1,1,1,1,1,1,1,1,1,1
"PTHR15129",2,2,2,2,2,3,2,2,2,2,2,2,2,2,2,2,2,2,2,3,2,2,2,2,2,2,2,2,2,2,2,2,2,2,2,2,2,2,2,2,2,2,2,3,2
"PTHR15131",1,1,1,1,1,1,1,1,1,1,1,1,1,1,2,1,1,1,1,1,1,1,2,1,1,1,1,1,1,1,1,1,1,1,1,1,1,1,1,1,1,1,1,1,1
"PTHR15132",1,1,1,1,1,0,1,1,1,1,1,1,1,1,1,1,1,1,1,5,1,1,1,1,1,1,0,1,1,1,1,1,1,1,1,1,1,1,1,1,1,1,1,1,1
"PTHR15135",3,3,3,3,2,3,3,3,3,3,3,3,3,3,3,3,3,3,3,3,3,3,3,3,3,3,3,3,3,3,3,3,3,3,3,3,3,3,3,3,3,2,2,3,2
"PTHR15136",1,2,2,2,2,2,2,2,2,2,2,2,2,2,2,2,2,2,2,2,2,2,2,2,2,2,2,2,2,2,2,4,2,2,2,3,2,2,2,2,2,3,2,2,2
"PTHR15137",1,1,1,1,1,1,1,2,1,1,1,1,1,1,1,1,1,1,1,1,1,1,1,1,1,1,1,1,1,1,1,1,1,1,1,1,1,1,1,1,1,1,1,1,1
"PTHR15138",2,2,2,2,2,2,2,2,2,2,2,2,2,2,2,3,2,2,2,2,2,2,2,2,2,2,2,2,2,2,2,2,2,2,3,2,2,2,3,2,2,2,2,3,2
"PTHR15139",1,1,1,0,1,1,2,0,0,1,1,0,1,1,0,1,1,1,1,1,1,0,1,1,1,1,1,0,1,0,1,0,1,1,1,1,1,1,1,1,0,0,0,1,1
"PTHR15140",2,2,2,2,2,2,2,2,2,3,2,2,2,2,2,5,2,2,2,2,2,2,2,2,2,2,2,2,2,2,2,2,3,2,2,2,2,2,2,2,2,2,2,3,2
"PTHR15141",1,1,3,2,1,1,3,1,1,0,1,3,1,5,1,5,1,1,4,1,2,1,1,3,1,1,1,6,1,2,4,2,1,6,3,1,3,1,3,2,1,1,2,3,1
"PTHR15143",1,1,1,1,1,1,1,1,1,1,1,1,1,1,1,1,1,1,1,1,0,1,1,1,1,1,1,1,1,1,1,1,1,1,1,1,1,1,1,1,1,1,1,1,0
"PTHR15146",4,3,3,3,3,3,3,3,3,3,3,3,4,3,3,3,3,3,3,3,3,3,3,3,3,2,3,3,3,3,2,4,3,3,3,3,3,5,3,3,3,3,3,4,3
"PTHR15151_SF10",1,1,1,1,1,1,1,1,1,1,1,1,1,1,1,2,1,1,1,1,1,1,2,1,1,1,1,1,1,1,1,1,1,1,1,1,1,1,1,1,1,1,1,1,1
"PTHR15151_SF11",1,2,1,1,1,1,1,1,1,0,1,1,1,1,1,1,1,0,1,1,1,1,1,1,0,0,1,1,1,1,1,0,0,1,1,1,1,1,1,1,1,1,0,1,2
"PTHR15151_SF2",1,1,1,1,1,1,1,1,1,2,1,1,1,1,1,1,1,1,1,1,1,1,1,1,1,1,1,1,1,1,1,1,1,1,1,1,1,1,1,1,1,1,1,2,1
"PTHR15152",1,1,1,1,1,1,1,2,1,1,1,1,1,1,1,1,1,1,1,1,1,1,1,1,1,1,0,1,1,1,1,0,1,1,1,1,1,1,1,1,1,1,1,0,1
"PTHR15153",1,1,1,1,1,1,1,0,0,0,1,1,1,1,1,1,0,1,1,1,1,1,1,1,1,1,1,1,1,1,0,0,1,1,1,1,1,1,1,1,1,1,1,1,1
"PTHR15154",1,1,1,1,1,1,1,1,1,1,1,1,1,1,1,1,1,1,1,1,1,1,1,1,1,1,1,1,1,1,2,1,1,1,1,1,1,1,1,1,1,1,1,1,1
"PTHR15157",1,2,1,1,1,1,1,1,1,1,1,1,1,1,3,1,1,1,1,1,1,1,1,1,1,1,1,1,1,2,1,1,1,1,1,1,1,1,1,1,1,1,1,1,1
"PTHR15159",1,1,1,0,1,0,0,1,1,1,1,1,1,1,1,1,1,1,1,1,1,0,1,1,1,1,0,0,1,1,0,1,1,0,1,1,1,1,0,2,1,1,1,2,1
"PTHR15162",1,1,2,2,1,1,3,2,2,2,1,1,1,2,2,2,3,1,2,3,2,2,2,2,2,2,2,2,1,1,1,2,2,2,2,3,2,1,2,2,2,1,2,2,1
"PTHR15168",1,1,1,1,1,1,1,1,1,0,1,1,1,1,1,1,1,1,1,1,1,1,1,1,1,1,1,1,1,1,0,1,1,1,1,1,1,1,1,1,1,1,1,1,1
"PTHR15169",1,1,1,1,1,1,1,1,1,0,1,1,1,1,1,1,1,1,1,1,0,1,1,1,1,1,1,1,1,1,1,0,1,1,1,1,1,1,1,1,1,1,1,1,1
"PTHR15171",1,1,2,1,1,1,1,1,1,1,1,1,1,1,1,1,1,1,1,1,1,1,1,1,1,1,1,1,1,1,1,1,1,1,1,1,1,1,1,1,1,1,1,1,1
"PTHR15172",1,1,1,1,1,1,1,1,1,1,1,1,1,1,1,1,1,1,1,1,1,1,1,1,1,1,1,1,1,1,1,1,1,1,2,1,1,1,1,1,1,1,1,1,1
"PTHR15173",1,1,1,1,1,1,1,1,1,1,1,1,1,1,1,1,1,1,1,1,1,1,1,1,1,1,1,1,1,0,1,1,1,1,1,1,1,2,1,1,1,1,1,0,1
"PTHR15175",2,2,2,2,2,2,2,2,2,1,2,2,2,2,2,2,2,1,2,1,2,2,2,2,2,2,2,2,2,2,1,2,2,2,2,2,2,2,2,1,2,2,2,4,2
"PTHR15176",1,1,1,1,1,2,1,1,1,2,1,1,1,1,1,1,0,1,1,1,1,1,1,1,1,1,3,1,2,1,1,1,1,1,1,1,1,1,1,1,1,1,1,1,1
"PTHR15177",1,1,1,1,1,1,1,1,1,1,0,1,1,1,1,1,1,1,1,1,1,1,1,1,1,1,1,0,1,1,0,1,1,1,1,1,1,1,1,1,1,2,1,1,1
"PTHR15180",1,1,1,2,1,1,1,1,1,1,1,1,1,1,1,1,1,1,1,1,1,1,1,1,1,1,1,1,1,1,1,1,1,1,1,1,1,0,1,1,1,1,1,1,1
"PTHR15182",1,1,0,0,1,1,1,1,0,1,1,1,1,1,1,1,1,1,0,1,1,0,1,0,1,1,1,1,1,1,1,0,1,0,1,1,1,1,1,1,0,1,0,1,1
"PTHR15184_SF29",1,1,1,1,1,1,1,1,1,1,1,1,1,1,1,1,1,1,1,0,1,1,1,1,1,1,1,1,1,1,1,1,1,1,1,1,1,1,1,1,1,1,1,1,1
"PTHR15184_SF30",1,1,1,1,1,1,1,1,1,1,1,1,1,1,1,2,1,1,1,1,1,2,1,1,1,1,1,1,1,1,1,2,1,1,1,1,1,1,1,1,1,1,1,1,1
"PTHR15184_SF32",1,1,1,2,1,1,2,1,1,2,1,1,1,1,1,1,2,1,3,1,2,2,1,1,2,1,1,1,1,1,1,3,1,2,1,1,1,1,1,1,1,2,1,1,1
"PTHR15184_SF39",1,1,1,1,2,3,2,1,1,2,1,1,1,2,1,1,1,1,2,1,1,4,2,1,1,2,1,2,1,2,2,1,1,2,2,2,2,1,2,2,1,1,1,2,3
"PTHR15184_SF7",1,1,2,1,1,1,1,1,1,1,1,1,1,1,3,1,1,1,2,1,2,2,1,2,1,1,2,1,1,1,1,2,1,1,1,1,1,2,1,1,1,1,1,1,1
"PTHR15185",2,2,2,2,2,2,2,2,2,2,2,2,2,2,2,2,2,2,2,1,2,2,2,2,2,2,2,2,2,2,2,2,2,2,2,2,2,2,2,2,2,2,2,2,2
"PTHR15186",3,3,2,2,3,6,2,3,2,1,2,2,2,2,7,2,2,2,2,2,3,3,2,2,3,3,2,2,5,7,2,6,2,3,3,4,2,3,2,2,2,3,2,2,4
"PTHR15188",1,1,1,1,1,1,1,1,1,1,1,1,1,1,1,1,1,1,1,1,1,1,1,1,1,1,1,1,1,1,0,1,1,1,1,1,1,1,1,1,1,1,1,1,1
"PTHR15190",1,3,1,1,1,2,1,0,0,0,1,1,1,1,0,1,0,1,1,4,1,0,1,1,1,1,1,1,1,2,0,1,0,1,0,1,1,1,1,1,1,1,1,0,1
"PTHR15191_SF2",1,1,1,1,2,1,1,1,1,1,1,1,1,1,1,1,2,1,1,1,1,1,2,1,1,1,2,1,1,2,1,1,1,1,1,2,1,1,1,2,1,1,0,1,1
"PTHR15192",2,2,2,2,2,2,2,2,2,1,2,2,2,2,3,2,2,2,2,2,2,2,2,2,2,2,2,4,2,2,3,3,2,2,2,2,2,2,2,2,2,2,2,2,2
"PTHR15193",1,1,1,1,1,1,1,1,1,1,1,1,1,1,1,1,1,1,1,1,1,1,1,1,1,1,1,1,1,1,1,1,1,1,1,1,1,1,1,1,1,1,1,1,1
"PTHR15196",1,1,1,1,1,1,0,1,1,1,1,0,1,1,1,1,1,1,1,1,0,1,1,1,1,1,1,1,1,1,1,1,1,1,1,1,1,1,1,1,1,1,0,1,0
"PTHR15197",1,1,2,2,1,2,1,2,1,1,1,1,1,2,1,1,1,1,2,1,1,1,1,3,1,1,1,2,1,1,1,1,1,4,1,1,2,1,2,1,1,1,1,1,1
"PTHR15201",1,1,1,1,1,1,1,1,1,1,1,1,1,1,1,2,1,1,1,2,1,1,1,1,1,1,1,1,1,1,1,1,3,1,1,2,1,1,1,1,1,1,1,1,1
"PTHR15204_SF0",1,1,1,1,1,1,2,1,1,1,1,1,1,1,1,7,1,1,1,1,1,2,1,1,1,2,1,1,1,1,1,1,1,1,1,1,1,1,1,1,1,1,1,1,1
"PTHR15205",2,2,2,2,2,3,2,2,2,4,2,2,2,2,3,2,2,2,2,2,2,2,2,2,2,2,2,2,2,2,2,2,2,2,3,2,2,2,2,2,2,2,2,2,2
"PTHR15207",1,1,1,1,1,1,1,1,1,1,1,1,1,1,1,1,1,1,1,1,1,1,1,1,1,1,1,1,1,1,1,1,1,1,1,1,1,1,1,1,1,1,1,2,1
"PTHR15208",1,1,1,1,1,2,1,1,1,6,1,1,1,1,3,1,1,1,1,1,1,1,1,1,1,1,1,1,1,1,1,1,1,1,2,1,1,2,1,1,1,1,1,2,1
"PTHR15211",1,1,1,1,1,1,1,1,1,1,1,1,1,1,1,1,1,1,1,1,1,1,1,1,1,1,2,1,1,1,1,1,1,1,0,1,0,1,1,1,1,1,1,0,1
"PTHR15215",2,2,2,2,2,2,2,3,3,2,2,2,2,2,2,3,2,2,2,2,2,2,3,2,3,2,2,2,3,2,2,2,2,2,2,3,2,2,2,3,2,2,2,3,2
"PTHR15217",2,2,2,2,4,2,3,2,1,5,1,2,2,2,5,1,1,1,2,1,1,2,1,2,1,1,1,2,2,2,1,7,3,2,1,1,1,2,2,1,3,1,1,2,3
"PTHR15218",1,1,1,1,1,1,1,1,1,1,1,1,1,1,1,1,0,1,1,1,1,1,1,1,1,1,0,1,1,1,1,1,1,1,1,1,1,1,1,0,1,1,1,2,1
"PTHR15221",2,3,2,2,4,2,3,1,1,1,2,2,3,0,1,10,1,1,1,0,0,1,1,1,1,2,4,2,2,1,1,4,1,5,3,1,2,2,2,5,2,2,0,4,3
"PTHR15222_SF2",1,1,3,0,2,3,2,0,0,1,1,1,3,2,0,1,0,0,2,0,1,1,1,2,0,0,4,2,1,1,3,0,0,2,3,1,2,2,2,0,1,1,1,5,3
"PTHR15223",1,2,2,1,1,1,1,1,1,2,1,1,1,1,1,1,1,1,1,1,1,2,1,1,2,2,1,1,1,1,1,1,1,1,1,2,1,1,2,1,2,1,1,1,2
"PTHR15224",1,1,1,2,1,1,3,1,1,2,1,1,1,0,1,1,1,1,2,1,3,1,1,3,1,0,2,0,3,1,1,1,0,1,2,1,1,1,2,3,2,1,1,1,1
"PTHR15225",3,3,3,3,2,3,3,3,3,3,3,3,3,3,3,3,3,3,3,3,3,3,3,3,2,3,3,3,3,3,3,3,3,3,3,3,3,3,3,3,3,2,2,3,2
"PTHR15228",3,3,3,3,3,3,3,3,2,3,3,3,3,3,5,3,4,3,3,3,3,3,3,3,2,3,3,3,3,3,2,3,3,3,4,3,3,3,3,3,3,3,3,3,2
"PTHR15231",1,1,1,1,1,1,1,1,1,1,1,1,1,2,1,1,1,0,1,1,1,1,1,1,1,1,1,1,1,1,1,0,1,1,1,1,1,1,1,1,1,1,1,1,1
"PTHR15237",2,2,2,2,2,2,2,2,2,2,2,2,2,3,2,2,2,2,2,2,2,2,3,2,2,2,2,2,2,2,2,1,2,2,2,2,2,2,2,2,2,2,2,2,2
"PTHR15239",1,1,1,1,1,1,1,1,1,1,1,1,1,1,1,1,1,1,1,1,1,1,1,1,1,1,1,1,1,1,1,1,1,1,1,1,1,1,1,1,1,1,1,0,1
"PTHR15240",4,4,4,4,3,4,4,4,4,4,3,3,4,4,4,4,3,4,4,4,4,4,4,4,4,4,4,4,4,4,4,4,4,4,4,4,4,4,4,4,4,4,4,4,4
"PTHR15241_SF1",1,1,1,1,2,311,1,1,1,2,1,1,1,1,4,1,1,1,1,1,1,1,1,1,1,1,2,1,1,1,1,6,1,1,2,1,1,1,1,2,1,1,1,1,1
"PTHR15241_SF3",1,1,1,1,1,1,2,1,1,1,1,1,1,1,1,1,1,1,1,1,1,2,1,1,3,1,1,2,1,2,1,1,1,1,1,2,1,1,2,1,1,1,1,3,1
"PTHR15242",3,3,3,3,3,3,3,3,3,3,3,3,3,3,2,4,3,4,3,3,3,3,3,3,3,3,4,3,3,3,3,3,3,3,2,3,3,3,3,3,3,3,3,3,3
"PTHR15243",1,1,1,1,2,1,1,1,1,1,1,1,0,1,1,6,1,1,1,1,1,1,1,1,1,0,1,1,1,1,1,1,1,1,1,1,1,1,1,0,1,1,1,3,1
"PTHR15245",1,1,1,1,1,1,1,1,1,1,1,1,1,1,1,1,1,1,2,1,1,1,1,1,1,1,1,1,1,1,1,1,1,1,1,1,1,1,1,1,1,1,1,2,1
"PTHR15249",1,1,1,1,1,2,1,1,1,1,1,1,1,1,1,1,1,1,1,1,1,1,1,1,1,1,1,1,1,1,1,3,1,1,1,1,1,1,1,1,1,0,1,1,1
"PTHR15254",1,1,1,1,1,1,1,1,1,1,1,1,1,1,1,1,1,1,1,1,1,1,1,1,1,1,1,1,1,1,1,1,0,1,1,1,1,1,1,1,1,1,1,1,1
"PTHR15256_SF6",1,1,1,1,1,1,1,1,1,1,1,1,1,1,1,1,1,1,1,1,1,1,2,1,1,1,1,1,1,1,1,1,1,1,1,1,1,1,1,3,1,1,1,1,1
"PTHR15258",2,1,1,0,2,2,1,1,1,2,2,3,3,3,2,3,0,1,0,1,3,0,2,0,1,2,2,0,2,2,4,0,3,0,2,1,3,1,3,2,0,2,1,2,2
"PTHR15260",1,1,1,1,1,1,1,1,1,1,1,1,1,1,1,1,1,1,1,1,1,1,1,1,1,1,1,1,1,1,1,1,1,1,1,2,1,1,1,1,1,1,1,1,1
"PTHR15261",1,1,1,1,1,1,1,1,1,1,1,1,1,1,1,1,1,1,1,1,1,1,1,1,1,1,1,1,1,1,1,1,1,1,1,1,1,1,1,1,1,1,1,1,1
"PTHR15263",1,1,1,1,1,2,1,1,1,1,1,1,1,1,1,7,1,1,1,1,1,1,1,1,1,1,1,1,1,1,1,0,1,1,1,1,1,1,1,1,1,1,1,1,1
"PTHR15264",1,1,1,1,1,2,1,1,1,1,1,1,1,1,1,2,1,1,1,1,1,1,1,1,1,1,1,1,1,1,1,1,1,1,1,1,0,1,1,2,1,1,1,1,1
"PTHR15267",1,1,1,1,1,1,1,0,1,1,1,1,1,1,1,1,1,0,1,1,1,1,1,1,1,1,1,1,1,1,1,0,0,1,0,1,1,1,1,1,1,1,0,0,1
"PTHR15268",3,3,4,3,3,3,4,3,3,3,3,3,4,4,4,3,3,3,4,3,3,4,3,4,5,3,4,4,3,3,3,6,3,4,3,4,4,4,4,3,3,3,3,3,4
"PTHR15271",1,1,1,1,1,1,1,1,1,1,1,1,1,1,1,1,1,1,2,1,1,1,1,2,1,1,1,1,1,1,1,1,1,1,1,1,1,1,1,1,1,1,1,0,1
"PTHR15272_SF0",1,1,1,1,1,1,1,1,1,1,1,1,1,1,1,1,1,1,1,2,1,1,1,1,1,1,1,1,1,1,0,1,1,1,1,1,1,1,1,1,1,1,1,1,1
"PTHR15273",2,1,2,2,2,1,2,2,1,2,2,2,2,2,2,2,1,2,2,1,2,2,2,2,2,0,2,2,2,1,2,0,2,2,2,2,2,2,2,2,2,1,2,2,2
"PTHR15275",1,1,1,1,1,1,1,1,1,1,1,1,1,1,1,1,1,2,1,1,1,1,1,1,1,1,1,1,1,1,1,1,1,1,1,1,1,1,2,0,1,1,1,1,1
"PTHR15276",1,1,1,1,1,1,1,1,1,1,1,1,1,1,2,1,1,1,1,1,1,1,1,1,1,1,1,1,1,1,1,1,1,1,1,1,1,1,1,1,1,1,1,1,1
"PTHR15282",2,3,1,0,2,2,2,1,1,2,2,1,2,2,1,2,2,2,1,2,2,0,2,1,2,1,1,1,2,2,2,1,2,1,1,2,2,2,2,2,0,2,1,1,1
"PTHR15283",3,2,2,2,3,2,2,3,3,3,3,3,2,3,3,5,3,3,2,3,3,3,3,2,3,3,3,3,3,1,3,3,3,2,3,3,2,3,2,3,2,3,1,5,3
"PTHR15284_SF1",1,0,1,1,1,1,1,1,0,2,1,1,1,1,1,1,1,2,1,1,1,0,1,1,1,1,1,1,1,1,1,1,1,1,0,1,1,1,1,1,1,1,1,1,1
"PTHR15285",1,1,1,1,1,1,1,1,1,1,1,1,1,1,1,1,1,1,1,1,2,1,1,1,1,0,1,1,0,1,1,1,1,1,0,1,1,1,1,1,1,1,1,0,1
"PTHR15286",4,4,4,4,4,4,3,4,4,4,4,4,4,4,4,5,4,4,4,3,4,3,4,4,4,4,4,3,4,4,3,4,4,4,4,4,4,4,4,4,4,4,3,4,4
"PTHR15288",4,4,4,4,4,4,5,4,4,4,4,4,4,4,7,4,4,4,4,4,4,4,4,4,4,4,4,4,4,4,4,4,4,4,4,4,4,4,5,4,4,4,4,4,4
"PTHR15289",1,1,1,1,1,1,1,1,1,1,1,1,1,1,1,1,1,1,1,1,1,1,1,1,1,1,1,1,1,1,1,1,1,1,1,1,1,1,1,1,1,1,1,0,1
"PTHR15294",1,1,1,1,1,1,1,1,1,1,1,1,1,1,1,1,1,1,1,1,1,1,1,1,1,1,0,1,1,1,1,1,1,1,1,1,1,1,1,1,1,1,1,1,1
"PTHR15296",2,2,2,2,2,2,2,2,1,2,1,2,2,1,2,2,2,1,2,2,2,2,2,2,2,2,2,2,2,2,0,2,2,2,1,3,2,2,2,2,2,3,1,1,2
"PTHR15297",1,1,1,1,1,1,1,1,1,1,1,1,1,1,1,2,1,1,1,1,1,1,1,1,1,1,1,1,1,1,1,1,1,1,1,1,1,1,1,1,1,1,1,2,1
"PTHR15298",3,7,5,4,2,5,4,5,5,4,4,2,3,5,5,5,4,5,5,6,4,4,4,4,4,5,4,5,6,4,3,4,5,4,5,4,5,4,5,4,4,4,1,4,3
"PTHR15299",1,1,1,1,1,1,1,1,0,0,1,1,1,1,1,1,1,1,1,1,1,1,1,1,1,1,1,1,1,1,0,1,1,1,0,1,1,1,1,1,1,1,0,0,0
"PTHR15301",2,2,2,3,2,2,2,2,3,2,2,2,2,2,2,2,2,2,2,2,2,2,2,2,2,2,2,2,2,2,2,3,2,2,2,2,2,2,2,3,2,2,2,2,2
"PTHR15302",1,1,1,1,1,1,1,1,1,1,1,1,1,1,1,2,1,1,1,1,1,1,1,1,1,1,1,1,1,1,1,1,1,1,1,1,1,1,1,1,1,1,1,1,1
"PTHR15304_SF0",1,1,1,1,1,1,1,1,1,1,1,1,1,1,1,1,1,1,1,1,1,2,1,1,1,1,1,1,1,1,1,1,1,1,1,1,1,1,1,1,1,1,1,1,1
"PTHR15304_SF1",1,1,1,1,1,1,1,1,1,1,1,1,1,1,1,1,1,1,1,1,1,1,1,1,1,1,1,1,1,1,1,1,1,1,1,1,1,1,2,1,1,1,1,2,1
"PTHR15305",1,0,1,1,1,1,1,1,1,0,0,1,1,1,1,1,1,1,1,1,1,1,1,1,1,1,1,1,1,1,1,1,1,1,1,1,1,1,1,1,1,1,1,1,1
"PTHR15312",1,1,1,1,1,1,1,1,1,1,1,1,1,1,1,1,1,1,1,1,1,0,2,1,1,1,1,1,1,1,0,1,1,1,0,1,1,1,1,1,1,1,1,1,1
"PTHR15315",2,2,2,4,2,2,2,2,2,3,2,2,2,3,2,3,2,2,3,3,2,3,2,3,2,2,2,2,2,2,1,2,1,3,3,2,2,2,3,2,2,2,2,3,2
"PTHR15316",2,1,1,1,1,1,1,1,1,1,1,1,1,1,1,1,1,2,1,1,1,1,1,1,1,1,1,1,1,1,1,1,1,1,1,1,1,1,1,1,1,1,1,1,1
"PTHR15317",1,1,1,1,1,1,0,1,1,1,1,1,1,1,0,1,1,0,1,1,1,1,1,1,1,1,0,1,1,1,1,1,1,1,1,1,1,1,1,1,1,1,1,1,1
"PTHR15319",1,1,1,1,1,1,1,1,1,1,1,1,1,1,1,1,0,1,1,1,1,1,1,1,1,1,1,1,1,1,1,1,1,1,1,1,1,1,1,1,1,1,1,1,1
"PTHR15321",1,1,1,1,1,1,1,1,2,1,1,1,1,1,1,1,1,1,1,1,1,1,1,1,1,1,1,1,1,1,1,1,1,1,1,1,1,1,1,1,1,1,1,1,1
"PTHR15323",1,1,1,1,1,1,1,1,1,1,1,1,1,1,1,1,1,1,1,1,1,1,1,1,1,1,1,1,1,1,1,2,1,1,1,1,1,1,1,1,1,1,1,1,1
"PTHR15326",2,3,2,2,2,2,2,2,2,3,3,3,2,2,3,2,2,2,2,2,2,2,2,2,2,2,2,2,2,3,1,2,2,2,3,1,2,2,2,2,2,3,2,4,2
"PTHR15327",1,1,1,1,1,1,1,1,1,1,1,1,1,1,1,1,1,1,1,1,1,1,2,1,1,1,1,1,1,1,1,1,1,1,1,4,1,1,1,1,1,1,1,1,1
"PTHR15333",1,1,2,1,1,1,1,1,0,2,1,1,1,1,1,1,1,1,1,1,1,1,1,1,1,1,1,1,1,1,1,0,1,1,2,1,1,1,1,1,1,1,1,1,1
"PTHR15335",1,2,1,1,1,2,1,1,1,2,1,1,1,1,1,1,1,1,2,1,1,1,1,2,1,1,1,1,1,2,1,5,1,2,1,1,1,1,1,1,1,1,1,1,1
"PTHR15336_SF0",1,1,2,1,1,2,4,1,1,1,1,1,1,3,1,2,0,1,3,1,1,1,1,3,1,1,2,1,1,2,1,2,1,4,1,2,3,1,3,2,1,1,2,1,1
"PTHR15337",2,3,3,3,2,3,3,2,2,2,2,3,2,3,2,3,3,3,3,4,4,3,3,3,3,2,3,3,2,2,3,3,3,3,3,3,3,2,3,3,3,2,3,3,3
"PTHR15341",1,1,2,2,1,1,2,1,2,2,1,1,1,3,2,1,1,1,3,3,3,1,1,2,1,1,1,2,1,1,4,3,1,2,2,2,2,2,1,1,1,2,1,1,1
"PTHR15343",1,1,1,1,1,1,1,1,1,1,1,1,1,1,1,1,1,1,1,1,1,0,1,1,1,1,1,1,1,1,0,0,0,1,1,1,1,1,1,1,1,1,1,1,1
"PTHR15344_SF14",1,1,1,0,1,1,0,1,1,1,1,1,1,0,2,1,1,1,0,1,1,1,1,0,1,1,1,1,1,1,0,1,1,0,1,0,0,1,0,1,0,1,0,1,1
"PTHR15344_SF3",1,1,1,1,1,1,1,1,1,1,1,1,1,1,1,1,1,1,1,1,1,1,1,1,1,1,1,2,1,1,1,2,1,1,1,1,1,1,1,1,1,1,1,1,1
"PTHR15344_SF4",1,1,1,1,1,1,1,1,1,1,1,1,1,1,1,1,0,1,1,1,0,0,1,1,1,1,1,1,1,0,1,1,1,1,1,1,1,1,1,1,1,1,1,1,1
"PTHR15344_SF7",1,1,1,1,1,1,1,1,1,1,1,1,1,1,1,1,0,1,1,1,1,1,1,1,1,1,1,1,1,1,1,1,2,1,1,1,1,1,1,1,1,1,1,1,1
"PTHR15344_SF8",1,1,1,1,1,1,1,1,0,1,1,1,1,1,0,1,0,1,1,1,1,0,1,1,1,0,1,1,1,1,1,1,1,0,1,1,1,1,1,1,1,1,1,1,1
"PTHR15346",1,1,1,1,2,1,1,1,1,1,1,1,1,1,2,1,1,1,1,1,1,1,1,1,1,1,1,1,1,1,1,1,1,1,1,1,1,1,1,1,1,1,1,1,2
"PTHR15347",1,1,1,1,1,1,1,1,1,1,1,1,1,1,1,2,1,1,1,1,1,1,1,1,1,1,1,1,1,1,1,1,1,1,1,0,1,1,1,1,1,1,1,1,1
"PTHR15348_SF1",1,1,1,1,1,1,0,1,1,1,1,1,1,1,1,1,1,1,1,1,1,1,1,1,1,1,1,1,1,2,0,1,1,1,0,1,1,1,1,1,1,1,1,1,1
"PTHR15348_SF2",1,1,1,1,1,1,1,1,1,1,1,1,1,1,1,1,1,1,1,1,1,1,1,1,1,1,1,1,1,1,1,1,1,1,2,1,1,1,1,1,1,1,1,0,1
"PTHR15348_SF3",1,1,1,1,1,1,1,1,1,1,1,1,1,1,1,1,1,1,1,1,1,1,1,1,1,1,1,1,1,1,1,1,1,1,1,1,1,1,1,1,1,1,1,1,1
"PTHR15349",1,1,1,1,1,1,1,1,1,1,1,1,1,1,1,1,1,1,1,1,1,1,1,1,1,1,1,1,1,1,1,1,1,1,1,1,1,1,1,1,1,1,1,2,1
"PTHR15350_SF2",1,2,1,1,1,2,1,1,1,1,1,1,1,1,1,1,1,1,1,1,1,1,1,1,1,1,1,1,1,1,2,2,1,1,2,1,1,1,1,1,1,1,1,1,1
"PTHR15350_SF7",1,1,1,1,1,1,1,1,1,1,1,1,1,1,2,1,1,1,1,1,1,1,1,1,1,1,1,1,1,1,1,1,1,1,1,1,1,1,1,1,1,1,1,1,1
"PTHR15350_SF8",1,1,2,2,1,1,2,1,1,2,1,1,1,1,1,1,1,1,1,1,1,2,1,1,1,1,1,1,1,1,1,1,1,1,1,1,1,1,1,1,2,1,1,1,1
"PTHR15351",2,2,2,2,2,2,2,2,2,2,2,2,2,2,3,2,2,2,2,2,2,2,2,2,2,2,2,2,2,2,2,2,2,2,2,2,2,2,2,2,2,1,2,2,2
"PTHR15352",2,2,2,2,2,2,2,2,2,2,2,2,2,2,2,2,2,2,2,2,2,2,2,2,2,3,2,2,2,3,2,2,2,2,2,2,2,2,2,2,2,2,2,1,2
"PTHR15356",1,1,1,1,1,1,1,1,1,1,1,1,1,1,1,1,1,1,1,1,1,1,1,1,1,1,1,1,1,1,1,1,1,1,1,1,1,1,1,1,1,1,1,1,1
"PTHR15359_SF5",1,1,1,1,1,1,1,1,1,1,1,1,1,1,1,1,1,0,1,1,0,1,1,1,1,0,1,1,1,1,1,1,1,1,1,1,1,1,1,1,1,1,1,1,1
"PTHR15359_SF7",1,1,1,1,1,1,1,1,1,1,1,1,1,1,1,1,1,1,1,1,1,1,1,1,1,1,1,1,1,1,1,0,1,1,1,1,1,1,1,1,2,1,1,1,1
"PTHR15360",2,1,1,1,1,1,1,1,1,1,1,1,2,1,1,1,1,2,1,2,1,1,1,1,1,1,1,1,1,1,1,1,2,1,1,1,1,1,1,1,1,1,1,2,1
"PTHR15361",3,2,3,2,2,3,3,2,2,7,2,2,3,3,3,2,1,2,3,3,2,4,2,3,2,3,2,2,2,2,2,5,3,3,2,3,3,4,3,2,2,2,2,2,2
"PTHR15362",2,1,2,2,2,2,1,2,2,1,2,2,2,2,2,2,2,2,2,2,2,1,2,2,2,2,2,2,2,2,2,2,2,2,1,2,2,2,2,2,2,2,2,1,2
"PTHR15363",1,1,1,1,1,1,1,1,1,1,1,1,1,1,1,1,1,1,1,1,1,1,1,1,1,1,1,1,1,1,1,1,1,1,1,1,1,1,1,1,1,1,1,1,1
"PTHR15364",1,1,1,1,1,1,1,1,1,1,1,1,1,1,1,1,1,1,1,0,1,1,1,1,1,0,1,1,1,1,1,1,1,1,2,1,1,1,1,1,1,1,1,1,0
"PTHR15371_SF0",1,1,1,1,2,2,1,1,1,2,1,1,1,1,1,2,2,1,1,1,1,1,1,1,1,1,2,1,1,1,1,2,1,1,2,3,0,1,1,1,1,1,1,0,1
"PTHR15375",3,2,2,3,2,2,2,1,1,3,2,2,3,3,1,2,1,2,2,1,2,1,1,2,1,2,1,3,2,2,1,1,2,2,2,1,3,2,4,1,3,3,2,3,3
"PTHR15377_SF4",1,1,1,2,1,1,1,1,1,1,1,1,1,2,1,1,1,1,2,1,1,1,1,2,1,1,2,3,1,1,1,1,1,2,1,1,1,1,2,1,1,1,1,1,1
"PTHR15377_SF5",1,0,1,1,1,1,1,1,1,1,1,1,1,1,1,1,1,1,1,1,1,1,1,1,1,1,1,1,1,3,0,2,0,1,1,1,1,1,1,1,1,1,1,1,0
"PTHR15377_SF7",1,1,1,1,1,1,1,1,1,1,1,1,1,1,1,1,1,1,1,1,1,1,1,1,1,1,1,1,1,1,1,0,1,1,1,1,1,1,1,1,1,1,1,1,1
"PTHR15379",1,1,3,1,1,1,1,1,1,1,1,1,1,1,2,1,1,1,2,1,1,1,1,2,1,1,1,1,1,1,1,1,1,2,1,1,1,1,1,1,1,1,1,1,1
"PTHR15380",1,1,1,1,1,1,1,1,1,1,1,1,1,1,1,2,1,1,1,1,1,1,1,1,1,1,1,1,1,1,1,1,1,1,1,1,1,1,1,2,1,1,1,1,1
"PTHR15381",1,1,1,1,1,1,1,1,1,1,1,1,1,1,1,1,1,1,1,1,1,1,1,1,1,1,1,1,1,1,1,1,1,1,1,1,1,1,1,1,1,1,1,1,1
"PTHR15382",2,3,2,2,2,2,2,2,2,2,2,2,2,2,2,2,2,2,2,2,2,2,2,2,2,2,2,2,2,2,2,2,2,2,2,2,2,2,2,2,2,2,2,2,2
"PTHR15384",1,1,0,0,1,1,1,1,1,1,1,1,1,1,1,1,1,1,0,1,1,0,2,0,1,1,2,1,1,1,1,1,1,0,1,1,1,1,1,1,0,1,1,1,1
"PTHR15386",1,1,1,2,0,1,0,1,1,1,1,0,0,1,1,1,1,1,1,1,1,1,1,1,1,1,0,1,1,2,0,1,1,1,1,0,1,0,1,1,1,1,1,1,1
"PTHR15387",1,1,1,1,1,1,1,1,1,1,1,1,1,1,1,1,1,1,1,1,1,1,1,1,1,1,1,1,1,1,1,1,1,1,1,1,1,1,1,1,1,1,1,1,1
"PTHR15390",1,1,1,1,1,1,1,1,1,1,1,1,1,1,1,1,1,0,1,0,1,1,1,1,1,1,1,1,1,2,1,1,0,1,1,1,1,1,1,1,1,1,1,0,1
"PTHR15394",1,1,1,2,1,1,1,1,1,1,1,1,1,1,1,1,1,1,2,1,1,1,1,2,1,1,1,1,1,1,1,1,1,3,1,1,1,1,1,1,1,1,1,1,1
"PTHR15396",1,1,1,1,1,1,1,1,1,1,1,1,1,1,1,1,1,1,1,1,1,1,1,1,1,1,1,1,1,1,1,3,1,1,1,1,1,1,1,1,1,1,1,1,1
"PTHR15397",1,1,0,0,1,1,1,1,1,0,1,1,1,0,1,1,1,2,0,1,1,1,2,1,0,1,1,0,2,1,1,1,1,1,0,1,1,1,0,1,1,1,0,0,1
"PTHR15398",2,2,1,2,1,1,1,1,2,1,2,1,1,1,2,1,2,2,1,2,1,1,2,1,2,1,2,1,1,1,1,1,2,1,2,2,1,1,1,2,1,1,1,2,1
"PTHR15402",1,1,1,1,0,1,1,1,1,1,1,1,1,1,1,1,1,1,1,1,1,1,1,1,1,1,2,2,1,1,2,1,1,1,2,1,1,1,1,1,1,1,1,1,1
"PTHR15404",1,1,0,0,1,1,1,2,1,2,1,1,1,1,2,1,2,1,0,1,0,0,1,1,1,1,1,1,0,1,1,2,1,1,2,2,0,1,0,1,0,1,1,1,1
"PTHR15405",2,2,2,2,4,2,4,3,2,2,2,2,2,1,4,2,3,1,2,2,1,3,2,1,2,1,2,3,3,1,5,2,5,2,2,2,1,1,1,2,2,2,2,2,3
"PTHR15407",1,2,2,1,1,1,1,1,1,1,1,1,1,1,1,1,1,1,2,1,1,1,1,1,1,1,1,1,1,1,1,2,1,2,1,1,1,1,1,1,1,0,1,1,1
"PTHR15408",1,1,1,1,1,1,1,2,1,1,1,1,1,1,2,1,1,1,1,1,1,1,1,1,1,1,1,1,1,1,1,2,1,1,1,1,1,1,2,1,1,1,1,1,1
"PTHR15410",1,1,1,1,1,1,1,1,1,1,1,1,1,1,1,1,1,1,1,1,1,1,1,1,1,1,1,1,1,1,1,1,1,1,1,1,1,1,1,1,1,1,1,1,1
"PTHR15414",2,2,2,2,2,2,2,2,2,3,2,2,2,2,2,2,2,2,2,2,2,2,2,2,2,2,2,2,2,2,2,2,2,2,2,2,2,2,2,2,2,2,2,2,2
"PTHR15415",1,1,2,1,1,1,1,1,1,1,1,1,1,2,1,1,1,1,2,1,1,1,1,2,1,1,2,1,1,1,1,1,2,1,1,1,1,1,1,1,1,1,1,1,1
"PTHR15416_SF2",1,1,1,1,1,1,1,1,1,1,1,1,1,1,1,1,1,1,1,1,0,1,1,1,1,1,1,1,1,2,1,1,1,1,1,1,1,1,1,1,1,1,1,2,1
"PTHR15416_SF5",2,1,1,1,1,1,1,1,1,1,1,1,1,1,1,1,1,1,1,1,1,1,1,1,1,1,1,0,1,1,1,1,1,1,1,1,1,1,1,1,1,1,1,1,1
"PTHR15416_SF6",1,1,1,1,1,1,1,1,1,1,1,1,1,1,0,1,1,1,1,1,1,1,1,1,1,1,0,1,1,1,1,0,1,1,1,1,1,1,1,1,1,1,1,0,1
"PTHR15417_SF2",1,1,1,1,1,2,1,1,1,1,1,1,1,1,1,1,1,1,1,1,1,1,1,1,1,1,1,1,1,1,1,1,1,1,1,1,1,1,1,1,1,1,1,1,1
"PTHR15417_SF3",1,1,1,1,1,1,2,1,1,1,1,1,1,1,1,1,1,1,1,1,1,1,1,1,1,1,1,1,1,1,1,1,1,1,1,1,1,1,1,1,1,1,1,1,1
"PTHR15417_SF4",1,1,1,1,1,1,1,1,1,1,1,1,1,1,1,1,1,1,1,1,1,1,1,1,1,1,0,1,1,1,1,1,1,1,1,1,1,1,1,1,1,1,1,1,0
"PTHR15420",1,1,1,1,1,1,1,1,1,0,1,1,1,0,1,2,1,1,0,2,1,1,1,0,1,0,2,2,1,2,0,1,1,1,0,2,0,1,0,2,1,1,0,2,1
"PTHR15422",2,2,2,2,2,2,2,2,2,2,1,2,2,2,2,2,2,2,2,2,2,2,2,2,2,1,2,2,2,2,2,2,2,2,2,2,2,2,2,2,2,2,2,2,2
"PTHR15425",1,0,1,1,1,0,1,0,0,1,1,1,1,1,0,1,0,1,1,1,1,1,1,1,1,1,0,1,1,0,0,0,1,1,1,1,1,1,1,1,1,0,1,2,0
"PTHR15426",1,1,0,0,1,1,1,1,1,1,1,1,1,1,0,1,1,1,0,1,1,0,1,0,1,1,1,0,1,1,1,0,0,0,1,1,1,1,1,1,0,1,1,1,1
"PTHR15427",5,5,5,5,3,5,5,5,4,5,5,5,5,5,4,5,5,5,5,5,5,5,5,5,5,5,5,4,5,5,5,4,5,5,4,5,5,5,5,5,5,5,5,5,5
"PTHR15428",1,1,1,1,1,1,1,1,1,1,1,1,1,1,1,1,1,1,1,1,1,1,1,1,1,1,1,1,1,1,1,1,1,1,1,1,1,1,1,1,1,1,1,1,1
"PTHR15430",1,1,1,1,1,1,1,1,1,1,1,1,1,1,6,1,1,1,1,1,1,1,1,1,1,1,1,1,1,1,2,1,2,1,1,1,1,1,1,1,1,1,1,1,2
"PTHR15431_SF3",1,1,1,1,1,1,1,1,1,1,1,1,1,1,1,1,1,1,1,1,1,1,1,1,1,1,4,1,0,1,1,1,1,1,1,1,1,1,1,1,1,1,1,1,1
"PTHR15434",1,1,1,1,1,1,1,1,1,1,1,1,1,1,1,1,1,1,1,1,1,1,1,1,1,1,1,1,1,1,1,1,1,1,1,1,1,1,1,1,1,2,1,1,1
"PTHR15435",1,1,1,1,1,1,1,1,1,1,2,1,1,1,1,1,1,1,1,1,1,1,1,1,1,1,2,1,1,1,1,1,1,1,1,1,1,1,1,1,1,1,1,1,1
"PTHR15437",2,2,2,1,2,2,2,1,2,2,2,2,2,2,1,2,2,2,2,2,2,1,3,2,2,2,2,2,2,2,2,2,1,2,1,2,2,2,3,2,1,2,2,1,2
"PTHR15439_SF1",1,1,1,1,1,1,1,1,1,1,1,1,1,1,1,1,1,1,1,11,1,1,1,1,0,1,1,1,1,1,1,1,1,1,1,2,1,1,1,1,1,1,1,1,1
"PTHR15439_SF2",1,1,1,1,1,1,1,1,1,1,1,1,1,1,1,1,1,1,1,1,1,1,1,1,1,1,1,1,1,1,1,1,1,1,1,1,0,1,1,1,1,1,1,1,1
"PTHR15440",1,1,1,1,1,1,1,0,1,1,1,1,1,1,1,1,1,1,1,1,1,1,1,1,1,1,2,2,1,1,1,1,1,1,1,1,1,1,1,1,1,1,1,1,1
"PTHR15441",1,1,1,1,1,2,1,0,1,1,1,1,1,1,0,1,2,1,1,1,0,1,1,1,1,1,1,1,1,2,1,2,1,1,1,1,1,1,1,1,1,0,1,1,1
"PTHR15443",2,2,2,2,2,2,2,2,1,2,2,2,2,2,2,2,2,1,2,2,2,2,2,2,2,2,1,2,2,2,2,2,1,2,2,2,2,2,2,2,2,2,2,1,2
"PTHR15444",1,1,1,1,1,1,1,1,1,1,1,1,1,1,1,1,1,1,1,1,1,1,1,1,1,1,1,1,1,1,1,1,1,1,1,1,1,1,2,1,1,1,0,1,1
"PTHR15446",3,3,3,3,3,3,4,3,3,2,3,3,3,3,3,7,3,3,3,3,3,2,3,3,3,2,3,2,3,3,2,3,3,3,3,3,1,3,9,3,3,2,2,3,3
"PTHR15447_SF13",1,1,1,1,1,1,1,1,2,1,1,1,1,1,1,1,1,1,1,1,1,1,1,1,1,1,1,1,1,1,1,1,1,1,1,1,1,1,1,1,1,1,1,2,1
"PTHR15447_SF7",1,1,1,1,1,1,1,1,1,1,1,1,1,1,1,1,1,1,1,1,1,1,1,1,1,1,1,1,1,1,1,1,1,1,1,1,1,1,1,1,1,1,1,1,1
"PTHR15447_SF9",1,1,1,1,1,1,1,1,1,2,1,1,1,1,1,1,1,1,1,1,1,1,1,1,1,1,2,1,1,2,1,1,1,1,1,1,1,1,1,1,1,1,1,1,1
"PTHR15451",1,1,1,1,1,3,1,1,1,1,1,1,1,1,1,1,1,1,1,1,1,1,1,1,1,1,1,1,1,3,1,1,1,1,1,1,1,1,1,1,1,1,1,2,1
"PTHR15453",1,0,1,2,0,2,1,1,1,2,1,1,1,1,2,1,1,1,1,1,1,1,1,1,1,1,1,1,1,1,2,1,1,1,1,1,1,1,1,1,2,0,1,2,1
"PTHR15454_SF16",1,1,1,1,1,1,1,1,1,1,1,1,1,1,1,1,1,1,1,0,1,1,1,1,1,1,1,1,1,2,1,1,1,1,1,1,1,1,1,1,1,1,1,1,1
"PTHR15454_SF7",1,1,1,1,1,1,1,1,1,1,1,1,1,1,1,1,2,1,1,1,1,1,1,1,2,1,1,1,1,1,1,1,1,1,2,1,1,1,1,1,1,1,1,2,1
"PTHR15457_SF25",1,1,1,1,1,1,1,1,1,1,1,1,1,1,1,1,1,1,1,1,1,1,1,1,2,1,1,1,1,1,1,3,1,1,1,1,1,1,1,1,1,1,1,1,1
"PTHR15457_SF4",1,1,1,1,1,1,1,1,1,1,1,1,1,1,1,1,1,1,1,1,1,1,1,1,1,1,1,1,1,1,3,1,2,1,1,1,1,1,1,1,1,1,1,1,1
"PTHR15457_SF7",1,1,1,1,1,1,1,1,1,1,1,1,1,1,1,1,1,1,1,1,1,1,1,1,1,1,2,2,1,1,1,1,1,1,1,1,1,1,1,1,2,1,1,1,1
"PTHR15458",1,1,1,1,1,1,1,1,1,1,1,1,1,1,1,1,1,1,1,1,1,1,1,1,1,1,1,1,1,1,1,1,1,1,1,1,1,1,1,1,1,1,1,1,1
"PTHR15460",1,3,1,1,1,1,1,1,1,1,1,1,1,1,1,1,1,1,1,1,1,2,1,1,1,1,1,1,1,1,1,1,1,1,1,1,1,1,2,1,1,1,1,1,1
"PTHR15462",2,2,0,1,2,2,2,1,2,2,2,2,1,1,2,2,2,2,1,2,2,1,2,1,2,2,2,1,2,2,2,1,2,1,2,2,1,2,1,2,1,2,1,2,2
"PTHR15463",1,1,1,1,1,1,1,1,1,1,1,1,1,1,1,2,1,1,1,1,1,1,1,1,1,1,1,1,1,1,1,1,1,1,1,1,1,1,1,1,1,1,1,1,1
"PTHR15464",1,1,1,1,1,1,1,1,1,1,1,1,1,1,1,7,1,1,1,1,1,1,1,1,1,1,1,1,1,1,1,1,1,1,1,1,1,1,1,1,1,1,1,1,1
"PTHR15466",1,1,1,1,1,1,1,1,0,1,1,1,1,1,1,1,1,1,1,1,1,1,1,1,1,1,0,1,0,1,1,0,0,1,1,1,1,1,1,1,1,1,1,1,1
"PTHR15467",4,4,4,4,3,4,4,5,3,4,4,4,4,3,5,4,5,4,4,4,4,2,5,3,3,3,4,2,3,3,4,4,4,4,4,3,3,4,4,4,3,4,3,4,2
"PTHR15468",2,2,2,2,2,2,2,2,1,2,2,2,2,2,2,2,2,2,2,2,2,2,2,2,2,2,2,2,2,2,1,1,2,2,2,2,2,2,2,2,2,2,2,1,1
"PTHR15469",1,3,3,2,1,1,4,1,1,1,1,1,1,3,1,1,2,1,2,1,1,1,1,1,1,2,1,2,1,1,2,1,1,1,1,4,3,2,2,5,1,1,1,1,1
"PTHR15478",3,3,2,2,1,3,3,3,3,2,3,2,3,1,2,4,2,2,3,0,3,1,4,2,3,1,2,2,2,1,2,3,3,1,3,3,2,1,2,3,1,2,2,4,2
"PTHR15481",1,3,2,1,1,3,1,2,1,3,1,1,1,2,5,1,1,1,2,2,2,1,1,2,4,0,2,1,1,2,3,3,1,2,2,2,2,1,2,2,1,1,1,1,1
"PTHR15484",1,1,1,1,1,1,1,1,1,1,1,1,1,2,1,1,1,1,1,1,1,1,1,1,1,1,1,1,1,1,1,1,1,1,1,1,1,1,1,1,1,1,1,1,1
"PTHR15486_SF0",1,1,1,1,1,1,1,1,1,1,1,1,1,1,1,1,1,1,1,1,1,1,1,1,1,1,2,1,1,1,1,1,1,1,1,1,1,1,1,1,1,1,1,1,0
"PTHR15487",1,2,2,2,2,3,2,4,2,1,2,2,4,2,3,1,1,3,2,1,1,5,1,2,2,1,1,2,2,2,1,5,1,2,2,2,3,4,3,1,1,1,1,2,2
"PTHR15489",1,1,1,1,1,1,1,2,1,1,1,1,1,1,1,2,1,1,1,1,1,1,1,1,1,1,1,1,1,1,1,1,1,1,1,1,1,1,1,1,1,1,1,1,1
"PTHR15491",1,1,1,1,1,1,1,1,1,1,1,1,1,1,1,1,1,1,1,1,1,1,1,1,1,1,1,1,1,1,1,1,1,1,1,1,1,1,2,1,1,1,1,1,1
"PTHR15492",1,1,1,1,1,1,1,1,1,1,1,1,1,2,1,1,1,1,1,1,1,1,1,1,1,1,1,1,1,1,1,2,1,1,1,1,1,1,1,1,1,1,1,1,1
"PTHR15493",2,2,2,2,2,2,2,2,2,2,2,2,2,2,2,2,2,2,2,2,2,2,2,2,2,2,2,2,2,2,2,0,2,2,2,2,2,2,2,2,2,2,2,3,2
"PTHR15494",1,1,1,3,1,1,1,1,1,1,1,1,1,1,1,1,1,1,1,1,1,1,1,1,1,1,2,2,1,1,1,1,1,1,1,1,1,1,1,1,3,1,1,4,2
"PTHR15495_SF14",1,0,1,1,1,0,0,0,0,1,0,0,0,1,0,1,0,0,1,0,1,1,1,1,0,0,0,1,1,1,1,0,0,1,0,0,1,1,1,0,1,1,2,1,0
"PTHR15495_SF15",1,1,1,1,1,1,1,1,1,1,1,1,1,1,1,1,1,1,1,1,1,1,1,1,1,1,1,1,1,1,1,1,1,1,1,1,1,1,1,1,1,1,1,1,1
"PTHR15496",1,1,1,1,1,1,1,1,1,1,1,1,1,1,1,1,2,1,1,1,1,1,1,1,1,1,1,1,1,1,1,1,1,1,1,1,1,1,1,1,1,1,1,1,1
"PTHR15497",1,1,1,1,1,1,1,1,1,1,1,1,1,1,1,1,1,1,1,1,1,1,1,1,1,1,1,1,1,1,1,1,1,1,1,1,1,1,1,1,1,1,1,1,1
"PTHR15498_SF29",1,1,1,1,1,1,1,0,0,1,1,1,1,1,1,1,0,1,1,1,1,1,1,1,0,1,1,1,1,1,1,1,1,1,2,1,1,1,1,1,1,1,1,2,1
"PTHR15498_SF45",1,4,2,2,2,1,2,2,3,1,2,2,2,2,3,2,1,2,2,1,2,2,2,2,2,1,2,2,2,1,1,3,2,2,2,2,2,2,2,2,3,2,2,2,2
"PTHR15498_SF8",1,4,1,0,1,3,1,0,0,1,0,1,1,2,1,1,1,2,1,3,1,1,4,1,0,2,4,2,1,5,1,0,1,1,0,4,1,1,2,4,0,1,1,0,1
"PTHR15499",1,1,1,1,1,1,1,1,1,1,1,1,1,1,2,2,1,1,1,1,1,1,1,1,1,1,1,1,1,1,1,3,1,1,1,1,1,1,1,1,1,1,1,1,1
"PTHR15502",2,1,1,1,1,1,1,1,1,1,1,1,1,1,1,1,1,1,1,1,1,1,1,1,2,1,1,1,1,1,1,1,1,1,1,1,1,1,1,1,1,1,1,1,1
"PTHR15503_SF0",2,2,2,1,2,1,2,2,1,1,2,2,1,2,0,2,1,0,2,1,3,1,1,2,2,1,3,2,1,2,1,1,2,2,1,2,2,1,2,0,1,2,1,1,3
"PTHR15503_SF2",1,1,1,0,1,1,1,1,1,0,1,1,1,1,1,1,0,1,1,1,1,0,1,1,1,1,0,1,1,1,1,1,1,1,0,1,1,1,1,0,0,1,0,0,1
"PTHR15503_SF3",1,0,1,1,1,1,1,1,1,1,1,1,1,0,1,1,1,0,1,1,1,1,1,1,1,1,1,1,1,0,2,1,1,1,0,2,0,1,0,1,1,0,0,0,1
"PTHR15503_SF5",1,1,1,1,1,1,1,1,0,1,1,1,1,0,1,1,1,1,1,1,1,1,1,1,1,1,1,1,1,0,0,1,1,1,0,1,1,1,1,1,0,1,1,0,1
"PTHR15503_SF6",3,1,2,2,2,4,4,2,2,2,1,1,2,2,3,3,4,3,2,3,0,0,6,2,1,1,2,1,1,2,3,3,3,2,0,1,2,1,1,0,1,2,1,0,3
"PTHR15503_SF7",1,0,0,0,0,0,0,0,0,0,0,1,0,0,0,1,1,0,0,1,0,1,1,0,1,0,1,0,0,1,1,0,0,0,0,0,0,0,0,1,0,0,1,0,0
"PTHR15503_SF8",1,0,0,0,1,0,0,0,0,0,1,1,1,0,0,1,0,1,0,1,1,0,1,0,0,1,1,1,1,1,1,0,1,0,0,1,0,1,1,1,0,1,1,0,1
"PTHR15504",1,1,1,1,1,1,1,1,1,1,1,1,1,1,1,1,1,1,1,1,1,1,1,1,1,1,1,1,1,1,1,1,1,1,1,1,1,1,1,1,1,1,1,1,1
"PTHR15505",2,2,2,2,2,2,2,2,2,2,2,2,2,2,2,2,1,2,2,1,2,2,2,2,2,2,2,2,2,2,2,1,2,2,2,1,2,2,2,2,2,2,2,2,2
"PTHR15506",1,1,0,0,1,1,1,1,1,1,1,1,1,1,1,1,1,0,0,1,1,0,2,0,1,1,1,0,1,1,1,0,0,0,1,1,1,1,1,1,0,1,1,1,1
"PTHR15507",3,3,3,3,3,3,3,3,3,4,3,3,3,3,4,3,4,3,3,3,3,3,3,3,3,3,3,3,3,3,3,3,4,3,3,3,3,3,3,3,3,3,2,3,3
"PTHR15508_SF2",2,1,1,1,1,1,1,1,1,3,1,1,1,1,3,1,1,1,1,1,1,2,1,1,1,1,1,1,1,1,1,1,1,1,1,1,1,1,1,1,1,1,1,1,1
"PTHR15508_SF3",1,1,1,1,1,1,1,1,1,1,1,1,1,1,1,1,1,1,1,1,1,1,1,1,1,1,1,1,1,1,1,1,1,1,1,1,1,1,1,1,1,1,1,1,1
"PTHR15508_SF4",1,1,1,1,1,1,1,1,1,1,1,1,1,1,1,1,1,1,1,1,1,1,1,1,1,1,1,1,1,1,1,1,1,1,1,1,1,1,1,1,1,1,1,1,1
"PTHR15511",1,1,1,1,1,0,1,1,1,1,1,1,1,1,1,1,1,1,1,0,2,1,1,1,1,1,0,1,1,1,1,1,1,1,1,1,1,1,1,1,1,1,1,1,1
"PTHR15512",1,1,2,1,1,1,1,1,2,0,1,1,1,1,1,2,1,1,1,2,1,1,1,1,0,1,1,1,1,1,1,0,1,1,1,1,1,1,1,1,1,1,1,1,1
"PTHR15526",1,1,1,1,1,1,1,2,1,1,1,1,1,1,2,1,1,1,1,1,1,2,1,1,1,1,1,1,1,1,1,1,1,1,1,1,1,1,1,1,1,1,1,1,1
"PTHR15527",1,3,2,0,2,1,3,1,1,1,1,1,1,0,1,1,1,1,1,2,0,1,1,2,1,0,1,1,2,0,1,4,1,1,3,1,1,1,1,1,1,1,1,3,2
"PTHR15528",3,3,3,3,3,3,3,3,3,3,3,3,3,3,4,3,4,3,3,3,3,3,3,3,4,3,3,3,3,3,3,4,3,3,3,3,3,3,3,3,3,3,3,3,3
"PTHR15530",2,2,2,2,2,2,2,2,2,2,2,2,2,2,2,2,1,1,2,2,2,0,2,2,2,2,2,2,2,2,1,2,2,1,0,2,1,2,2,2,2,2,1,0,2
"PTHR15532",2,2,2,2,1,2,2,2,2,1,2,2,2,2,2,4,1,2,2,2,2,1,2,2,2,2,2,3,2,2,2,1,2,2,2,2,1,1,2,2,2,2,2,2,2
"PTHR15535",2,2,2,2,2,2,2,2,2,2,2,2,2,2,2,2,2,2,2,1,2,2,2,2,2,2,2,2,2,2,2,2,2,2,2,2,2,2,2,2,2,2,2,2,2
"PTHR15536",1,1,1,1,0,1,1,1,1,1,1,1,1,1,1,1,1,1,1,0,1,1,1,1,1,1,1,1,1,2,1,1,1,1,1,1,1,1,1,1,1,1,1,1,1
"PTHR15537",1,1,0,1,1,1,2,1,1,1,1,1,1,1,1,1,1,1,1,1,1,1,1,1,1,1,1,1,1,1,1,1,1,1,1,1,1,1,1,1,1,1,1,1,1
"PTHR15544",1,1,1,1,1,1,1,1,1,3,1,1,1,1,1,1,1,1,1,1,1,2,1,1,1,1,1,1,1,1,1,1,1,1,1,1,1,1,1,1,1,1,1,1,1
"PTHR15545",3,3,4,3,3,3,3,3,3,3,2,3,3,3,3,3,3,3,3,3,3,3,3,3,3,3,3,3,3,3,3,3,3,3,2,3,3,3,3,3,3,3,3,2,3
"PTHR15549_SF2",1,2,0,0,2,1,0,0,1,1,2,3,2,0,1,0,1,1,0,1,0,2,3,0,2,2,4,0,2,1,1,0,3,0,0,12,0,0,0,13,0,3,1,0,2
"PTHR15551",3,2,3,2,2,2,2,2,2,2,2,2,2,2,2,2,2,2,2,2,2,2,2,2,1,2,2,2,2,2,2,1,2,2,2,2,2,2,2,2,2,2,2,2,2
"PTHR15556",1,3,0,1,2,6,3,2,2,1,2,1,3,2,3,3,3,1,1,1,2,2,3,1,2,2,3,1,2,3,2,2,5,1,0,2,1,2,4,3,1,2,1,0,3
"PTHR15561_SF0",1,2,1,1,1,1,1,1,0,1,1,1,1,1,1,1,1,1,1,1,0,1,1,1,1,1,1,1,1,1,1,3,1,1,1,1,1,1,2,1,2,1,1,1,1
"PTHR15562",1,1,1,1,1,1,1,1,1,1,2,1,1,1,1,1,1,1,1,1,1,1,1,1,1,1,1,1,1,1,1,1,1,1,1,1,1,1,1,1,1,1,1,0,1
"PTHR15564_SF2",1,1,1,1,1,1,1,1,1,1,1,1,1,1,1,1,1,1,1,1,1,1,1,1,1,1,0,1,1,2,1,1,1,1,1,1,1,1,1,1,1,1,1,1,1
"PTHR15564_SF5",1,1,1,1,1,1,1,1,1,1,1,1,1,1,1,1,1,1,1,1,1,1,1,1,1,1,1,1,1,1,1,1,1,1,1,1,1,1,1,1,1,1,1,1,1
"PTHR15564_SF7",1,1,1,1,1,1,1,1,1,1,1,1,1,1,1,1,1,1,1,1,1,1,1,1,1,1,1,1,1,1,1,1,1,1,1,1,1,1,1,1,1,1,1,2,1
"PTHR15565",1,1,1,1,1,1,1,1,1,1,1,1,1,1,1,2,1,1,1,1,1,1,1,1,1,1,1,1,1,1,1,1,1,1,1,1,1,1,1,1,1,1,1,1,1
"PTHR15566",1,2,0,0,3,0,6,0,0,1,1,4,1,4,1,3,0,2,2,0,1,0,0,1,0,1,0,1,1,3,0,0,1,1,0,0,0,1,3,0,0,1,0,0,3
"PTHR15568",1,1,1,1,1,1,1,1,1,1,1,1,1,1,1,2,0,1,1,1,1,0,1,1,1,0,2,1,1,1,1,0,1,1,1,1,1,1,1,1,1,1,1,1,1
"PTHR15570",1,0,0,0,1,0,1,0,1,1,1,1,1,1,0,1,1,0,1,1,1,0,1,1,1,1,1,1,0,1,1,0,1,1,1,1,1,1,1,1,0,1,0,1,1
"PTHR15571",1,1,0,1,1,1,1,1,1,1,1,1,1,1,1,1,1,1,1,1,1,1,1,1,1,1,1,1,1,1,1,1,1,1,1,0,1,1,1,1,1,1,1,1,1
"PTHR15572_SF1",2,1,1,1,0,1,1,1,1,1,1,1,1,1,1,1,1,2,1,0,1,1,1,1,1,1,2,1,1,1,0,1,1,1,1,1,1,0,2,1,1,1,1,1,0
"PTHR15572_SF2",1,1,1,1,1,1,1,1,1,1,1,1,1,1,1,1,1,1,1,1,1,1,1,1,1,1,1,1,1,1,1,1,1,1,1,1,1,1,1,1,1,1,1,1,1
"PTHR15573",1,1,1,0,1,1,2,1,1,0,1,1,1,0,2,1,0,0,1,1,1,1,1,1,0,1,1,0,0,1,1,0,0,1,1,1,1,1,1,1,0,1,1,1,0
"PTHR15574",5,5,7,5,5,4,6,4,4,5,5,5,5,6,12,6,4,5,6,5,5,5,5,6,4,5,6,5,5,4,6,4,4,6,4,5,6,4,6,4,5,5,4,4,5
"PTHR15576",1,1,1,1,1,1,1,1,1,1,1,1,1,1,1,1,1,1,1,2,1,1,1,1,1,1,1,1,1,1,1,1,1,1,1,1,1,1,1,1,1,1,1,1,1
"PTHR15577",1,1,1,1,1,1,1,1,1,1,1,1,1,1,1,1,1,1,1,1,1,1,1,1,1,1,1,1,1,1,1,1,1,1,1,1,1,1,1,1,1,1,1,1,1
"PTHR15578",1,1,1,1,1,1,1,0,0,1,1,1,1,1,0,1,0,1,1,1,1,1,0,1,0,1,0,1,1,1,1,0,1,1,1,0,1,1,1,0,1,1,1,1,1
"PTHR15583_SF1",1,1,1,1,1,1,1,1,1,1,1,1,1,1,1,1,0,1,1,1,1,1,1,1,1,1,1,1,1,1,2,1,1,1,1,1,1,1,1,1,1,1,1,2,1
"PTHR15583_SF5",1,1,1,1,1,1,1,1,1,0,1,1,1,1,1,1,1,1,1,1,1,0,1,1,1,1,1,1,2,1,1,1,1,1,1,1,1,1,1,1,1,0,1,1,1
"PTHR15583_SF6",1,1,1,1,1,1,1,1,1,1,1,1,1,1,1,1,1,1,1,1,2,1,1,1,1,1,1,1,1,1,1,1,1,1,1,1,1,1,1,1,1,1,1,1,1
"PTHR15583_SF8",1,1,1,1,1,1,1,1,1,1,1,1,1,1,1,1,1,1,1,2,1,1,1,1,1,1,1,1,1,1,1,1,1,1,1,1,1,1,1,1,1,1,1,1,1
"PTHR15583_SF9",1,1,1,1,1,1,1,1,1,1,1,1,1,1,1,1,1,1,1,1,1,1,1,1,1,1,1,1,1,1,1,1,1,1,1,1,1,1,1,1,1,1,1,1,1
"PTHR15586",1,1,1,1,1,1,1,1,1,1,1,1,1,1,1,1,1,1,1,1,1,1,1,1,1,1,1,1,1,1,1,1,1,1,1,1,1,1,1,1,1,0,1,1,1
"PTHR15588_SF8",1,1,1,1,1,1,1,1,1,4,1,1,1,1,2,1,1,1,1,1,1,1,1,0,1,1,1,1,1,1,1,1,1,1,1,2,1,2,1,1,0,1,1,1,2
"PTHR15588_SF9",1,1,1,1,3,1,1,1,1,1,1,1,1,1,3,1,2,1,2,2,1,1,1,2,1,1,1,1,1,1,1,3,1,2,1,1,1,1,1,1,1,1,1,1,1
"PTHR15590",1,1,1,1,2,1,1,1,1,1,1,1,1,1,1,1,1,1,1,1,0,1,1,1,1,0,0,1,1,1,2,1,1,1,1,1,1,1,1,1,1,0,1,2,2
"PTHR15591",2,2,2,2,2,2,2,2,3,2,2,3,2,2,2,2,2,2,2,2,2,2,3,2,2,3,2,2,2,2,2,2,2,2,2,2,2,2,2,2,2,2,2,2,3
"PTHR15592",3,3,3,3,2,3,2,3,2,2,3,2,2,5,3,3,2,2,4,2,2,2,3,3,2,2,2,3,2,2,2,2,2,4,2,2,3,2,2,2,3,2,3,2,2
"PTHR15593",2,2,2,2,2,2,3,2,2,2,2,1,2,2,3,2,2,2,2,2,2,2,2,2,2,2,2,2,2,2,2,2,2,2,1,2,2,2,2,2,2,2,2,1,2
"PTHR15594",1,1,1,1,1,1,1,1,1,1,1,1,1,1,1,1,0,1,1,1,1,0,1,1,1,1,1,1,1,1,1,1,1,1,1,1,1,1,1,1,1,1,1,1,1
"PTHR15597_SF24",1,1,1,1,1,1,2,1,1,1,1,1,1,1,1,2,1,1,1,1,1,2,1,1,1,1,1,1,1,1,1,1,1,1,1,1,1,1,1,1,1,1,1,1,1
"PTHR15597_SF7",1,1,1,1,1,1,1,1,1,1,1,1,1,1,1,1,1,1,1,1,1,1,1,1,1,1,1,1,1,1,1,1,1,1,1,1,1,1,1,1,1,1,1,1,1
"PTHR15597_SF8",1,1,1,1,1,1,1,1,1,1,1,1,1,1,1,1,1,1,1,1,1,1,1,1,1,1,1,1,1,1,1,1,1,1,1,1,1,1,1,1,1,1,1,1,1
"PTHR15598",1,1,1,1,1,1,1,1,1,1,1,1,1,1,1,1,1,1,1,1,1,1,1,1,1,1,1,1,1,1,1,1,1,1,1,1,1,1,1,1,1,1,1,1,1
"PTHR15599",1,1,1,1,1,1,1,1,1,1,1,1,1,1,1,1,1,1,1,2,1,1,1,1,1,1,1,1,1,2,1,1,1,1,1,1,1,1,1,1,1,1,1,2,1
"PTHR15600_SF26",1,1,1,1,1,1,1,1,1,1,1,1,1,1,1,1,1,1,1,1,1,1,1,1,1,1,1,1,1,1,1,1,1,1,1,1,1,1,1,1,1,1,1,1,1
"PTHR15601_SF2",1,1,1,1,0,1,1,1,1,1,1,1,1,1,1,1,0,0,1,1,1,2,1,1,1,0,1,1,1,0,1,1,0,1,1,1,1,1,1,1,1,1,0,1,0
"PTHR15603",2,2,2,2,2,2,2,2,2,1,2,2,2,2,2,2,2,2,2,2,2,2,2,2,2,2,2,2,2,2,2,2,2,2,2,2,2,2,3,2,2,2,2,3,2
"PTHR15604",1,1,1,1,1,1,1,1,1,1,1,1,0,1,1,1,1,1,1,1,1,1,1,1,1,0,1,1,1,1,1,1,1,1,0,1,1,1,1,1,1,1,1,1,0
"PTHR15605",1,1,1,1,1,1,1,1,1,1,1,1,1,1,1,1,1,1,1,1,1,1,1,1,1,1,1,1,1,1,1,1,1,1,1,1,1,1,1,1,2,1,1,1,1
"PTHR15606",2,3,3,5,2,3,3,2,2,2,2,2,1,3,5,3,3,1,4,2,2,3,2,4,3,2,1,2,2,3,2,4,2,5,2,2,4,1,3,2,3,2,2,2,3
"PTHR15607",2,2,2,2,2,2,2,2,2,2,1,1,2,2,2,2,2,2,2,1,2,2,2,2,2,2,1,2,2,2,2,2,2,2,1,2,2,2,2,2,2,2,2,0,1
"PTHR15608",1,3,1,2,1,1,1,1,1,2,1,1,1,1,1,1,1,1,1,2,1,1,1,1,2,1,1,1,1,2,1,1,1,1,2,1,1,1,1,1,2,1,1,1,1
"PTHR15614",1,1,1,1,1,1,1,1,1,1,1,1,1,1,1,1,1,1,1,1,1,1,1,1,2,1,1,1,1,1,1,2,1,1,1,1,1,1,1,1,1,1,1,1,1
"PTHR15615",1,1,1,1,1,1,1,1,1,1,1,1,1,1,1,1,1,1,1,1,1,1,1,1,1,1,1,1,1,1,1,1,1,1,1,1,1,1,1,1,1,1,1,1,1
"PTHR15617",1,1,1,1,1,1,1,1,1,1,1,1,1,1,1,1,1,1,1,1,1,1,1,1,1,1,1,1,1,1,1,1,1,1,1,1,0,1,2,1,1,0,1,0,1
"PTHR15622",2,2,3,2,2,2,3,2,2,2,2,2,2,2,3,2,2,2,3,2,3,3,2,3,4,2,2,2,2,3,2,4,2,3,2,3,2,2,2,2,2,2,2,2,2
"PTHR15623",2,3,2,2,2,4,2,2,2,4,2,2,2,2,3,2,2,2,2,2,2,2,2,2,2,2,2,2,2,3,2,2,2,2,2,2,2,2,2,2,2,2,2,2,2
"PTHR15627",2,2,2,2,2,2,2,2,2,2,2,2,2,3,3,2,2,2,2,2,2,2,2,2,2,2,2,3,2,2,2,2,2,2,2,2,3,2,3,2,2,2,2,2,2
"PTHR15628",1,1,1,1,1,1,1,1,1,1,1,1,1,1,1,1,1,1,1,1,1,1,1,1,1,1,1,1,1,1,1,1,1,1,1,1,1,1,1,1,1,1,1,1,1
"PTHR15629_SF2",1,1,1,1,1,1,1,1,1,0,1,1,1,1,1,1,1,1,1,1,1,1,1,1,1,1,2,1,1,1,1,2,1,1,1,1,1,1,1,1,1,1,1,1,1
"PTHR15633",1,1,2,1,1,1,1,1,1,1,1,1,1,2,1,1,1,1,1,2,1,1,1,2,1,1,1,2,1,1,1,1,1,1,1,2,2,1,2,1,1,1,1,1,1
"PTHR15635",2,2,2,2,2,2,2,2,2,2,2,2,2,2,2,2,2,2,2,2,2,2,2,2,2,2,2,2,2,2,3,0,2,2,2,2,2,2,3,2,2,2,2,2,2
"PTHR15641",1,1,1,2,1,1,1,1,1,1,0,1,1,1,1,2,1,1,1,1,1,1,1,1,1,1,1,1,1,1,1,1,3,1,1,0,2,1,2,1,1,1,1,1,1
"PTHR15642",1,1,2,1,2,2,1,1,1,1,1,1,1,1,1,1,1,1,2,1,2,1,1,2,2,1,1,1,1,0,1,1,1,3,1,1,1,1,1,1,1,0,1,1,1
"PTHR15644",1,1,2,1,1,1,1,1,1,1,1,1,1,1,1,1,1,1,1,1,1,1,1,1,1,1,1,1,1,1,1,1,1,1,1,1,1,1,1,1,1,1,1,1,1
"PTHR15646",1,1,1,1,1,1,1,1,1,1,2,1,1,1,0,1,1,1,1,1,1,1,1,1,1,1,1,1,1,1,0,1,1,1,1,1,1,0,2,1,1,1,1,1,1
"PTHR15651",1,1,2,1,1,1,2,1,1,1,1,1,1,1,1,1,1,1,1,1,1,1,1,1,1,1,1,1,1,1,1,1,1,1,2,1,1,1,2,1,1,1,1,1,1
"PTHR15653",4,3,3,3,3,3,3,4,3,3,3,3,3,3,3,3,3,3,3,2,3,3,3,3,3,3,5,3,3,3,3,3,3,3,3,3,3,4,3,3,3,3,3,4,3
"PTHR15654",2,2,1,1,2,2,2,1,2,2,2,2,1,2,1,1,1,2,1,2,2,2,2,1,1,1,2,2,2,2,1,2,1,2,1,2,1,2,2,2,1,2,1,2,2
"PTHR15657_SF1",1,1,1,1,1,2,1,1,1,1,1,1,1,1,1,1,1,1,1,1,1,1,1,1,1,1,1,1,1,1,1,1,1,1,1,1,2,1,2,1,1,1,1,1,1
"PTHR15660",1,1,1,1,1,1,1,1,1,1,1,1,1,1,1,2,1,1,1,2,1,1,1,1,1,1,1,1,1,1,0,1,1,1,1,1,1,1,1,1,1,1,1,1,1
"PTHR15663",1,1,1,1,1,1,1,1,1,1,1,1,1,1,1,1,1,1,1,1,1,1,1,1,1,1,1,1,1,1,1,1,1,1,1,1,1,1,1,1,1,1,1,1,1
"PTHR15664",1,4,4,1,1,2,1,1,1,1,1,1,2,2,1,1,3,1,2,2,1,3,1,2,1,0,2,1,1,2,1,3,1,4,1,1,2,4,2,1,2,2,1,1,1
"PTHR15665",1,1,1,1,1,1,1,1,1,2,1,1,1,2,1,1,1,1,1,1,1,2,1,1,1,1,1,1,1,1,1,1,1,1,1,1,1,1,1,1,1,1,1,1,1
"PTHR15668",2,1,1,1,1,1,1,1,1,1,1,1,1,1,1,1,1,1,1,1,1,1,1,1,1,1,1,1,1,1,1,1,1,1,1,1,1,1,1,1,1,1,1,1,1
"PTHR15670",1,1,1,1,1,1,1,1,1,1,1,1,1,1,1,7,1,1,1,1,1,1,1,1,1,1,1,1,1,1,1,1,1,1,1,2,1,1,1,1,1,1,1,1,1
"PTHR15672_SF12",1,1,1,1,1,1,1,1,1,1,1,1,1,1,1,1,1,1,1,1,1,2,1,1,1,1,1,1,1,1,1,1,1,1,1,1,1,1,1,1,1,1,1,1,1
"PTHR15672_SF13",1,2,1,1,1,1,2,1,1,1,1,1,1,1,2,2,2,1,1,1,1,1,1,1,1,1,1,1,1,1,1,2,2,1,1,1,1,1,1,1,1,1,1,1,1
"PTHR15672_SF14",1,1,1,1,1,1,1,1,1,1,1,1,1,1,1,1,1,1,1,1,1,1,1,1,1,1,1,1,1,1,1,1,1,1,1,1,1,1,1,1,1,1,1,2,1
"PTHR15673",2,1,1,1,1,1,1,1,1,1,1,1,1,1,1,1,1,1,1,1,1,1,1,1,1,1,1,1,1,1,1,1,1,1,1,1,1,1,1,1,1,1,1,1,1
"PTHR15678",1,1,1,1,1,1,1,1,1,1,1,1,1,1,1,1,1,1,1,1,1,1,1,1,1,1,1,1,1,1,1,1,1,1,1,1,1,1,1,1,1,1,1,1,1
"PTHR15679",1,1,1,1,1,1,1,1,1,1,1,1,1,1,1,2,2,1,1,2,1,1,1,1,2,1,2,1,1,1,1,1,1,1,3,3,1,1,1,1,0,1,1,6,1
"PTHR15680_SF9",1,1,1,2,1,1,1,1,1,1,1,1,1,1,1,1,1,1,1,1,1,2,1,1,2,1,1,1,1,1,1,1,1,1,1,1,1,1,1,1,1,1,1,1,1
"PTHR15681",1,1,1,2,1,1,1,1,1,1,1,1,1,1,1,1,1,1,1,1,1,1,1,1,1,1,1,1,1,1,1,1,1,1,1,1,1,1,1,1,1,1,1,1,1
"PTHR15682",1,1,1,1,1,1,1,1,1,1,1,1,1,1,1,1,1,1,1,1,1,1,1,1,1,1,1,1,1,1,1,1,1,1,1,1,1,1,1,1,1,1,1,2,1
"PTHR15683_SF4",1,1,1,1,1,1,0,1,1,1,1,1,1,1,1,1,1,1,1,1,1,1,1,1,1,1,1,1,1,1,1,1,1,1,1,1,1,1,1,1,1,1,1,1,1
"PTHR15683_SF5",1,1,1,1,1,1,1,1,1,1,1,1,1,1,3,1,1,1,1,1,1,1,1,1,1,1,1,1,2,1,1,1,1,1,1,1,1,1,1,1,1,1,1,1,1
"PTHR15683_SF6",1,2,2,1,1,1,1,1,1,1,1,1,1,1,1,1,1,1,1,1,1,3,1,1,1,1,1,1,1,2,1,1,1,1,1,1,1,1,1,1,1,1,1,1,1
"PTHR15688",1,1,1,1,1,1,1,1,1,1,1,1,1,1,1,1,1,1,1,1,1,1,1,1,1,1,1,1,1,1,1,1,1,1,1,1,1,1,1,1,1,1,1,1,1
"PTHR15690",1,1,1,1,1,1,1,1,1,1,1,1,1,1,2,1,1,1,1,1,1,1,1,1,1,1,1,1,1,1,1,1,1,1,1,1,1,1,1,1,1,1,1,1,1
"PTHR15691",1,1,1,1,1,1,1,1,1,1,1,1,1,1,1,1,1,1,1,1,1,1,1,1,1,1,1,1,1,1,1,1,1,1,1,1,1,1,1,1,1,1,1,2,1
"PTHR15692",5,3,3,3,3,5,3,3,3,4,4,3,3,3,3,4,3,3,3,3,3,4,3,3,3,3,3,5,3,4,3,3,3,3,5,3,3,3,3,2,3,3,3,3,4
"PTHR15696_SF0",1,1,1,1,1,1,1,1,1,1,1,1,1,1,1,1,1,1,1,1,1,1,1,1,1,1,1,1,1,1,1,1,1,1,1,1,1,1,1,1,1,1,1,1,1
"PTHR15696_SF1",1,2,1,1,1,2,1,1,1,2,1,1,1,1,1,1,1,1,1,1,1,1,1,1,2,1,2,1,1,2,2,1,1,1,1,2,1,1,2,1,1,1,1,1,1
"PTHR15698",2,2,2,2,2,3,2,2,2,2,2,2,2,2,3,2,2,2,2,2,2,2,2,2,2,2,2,2,2,2,2,2,2,2,2,2,2,2,2,3,2,2,2,2,2
"PTHR15703",1,1,1,1,1,1,1,1,1,1,1,1,1,1,1,3,1,1,1,1,1,1,1,1,1,1,1,1,1,1,1,1,1,1,1,1,1,1,1,1,1,1,1,2,1
"PTHR15704",1,1,1,1,1,1,1,1,1,1,1,1,1,1,1,1,1,1,1,1,1,1,1,1,1,1,1,1,1,1,1,1,2,1,1,1,1,1,1,1,1,1,1,1,1
"PTHR15705",1,1,1,1,0,1,1,1,1,1,1,1,1,1,1,1,1,1,1,1,1,1,1,1,1,1,1,1,1,1,1,1,1,1,1,1,1,1,1,1,1,1,1,1,1
"PTHR15706_SF1",1,1,1,1,1,1,1,1,1,1,1,1,1,1,1,1,1,1,1,1,1,1,1,1,1,1,1,1,1,1,0,1,1,1,1,1,1,0,1,1,1,1,1,1,1
"PTHR15706_SF6",1,1,1,1,1,1,1,1,1,1,1,1,1,1,1,1,1,1,1,1,1,1,1,1,1,1,1,0,1,1,1,1,1,1,1,1,1,1,2,1,1,1,1,1,1
"PTHR15706_SF7",1,2,1,1,1,1,1,1,1,1,1,1,1,1,1,1,1,1,1,1,1,1,1,1,1,1,1,1,1,1,1,1,1,1,1,1,1,1,1,1,1,1,1,1,1
"PTHR15706_SF8",1,1,1,1,1,1,1,1,1,1,1,1,1,1,1,1,1,1,1,2,1,1,1,1,1,1,1,1,1,1,1,1,1,1,1,1,1,1,1,1,1,1,1,1,1
"PTHR15708",2,2,2,2,2,2,2,2,2,2,2,2,2,2,2,2,2,2,2,2,2,2,2,2,2,2,2,2,2,2,2,2,2,2,2,2,2,2,2,2,2,2,2,3,2
"PTHR15710",2,2,2,1,1,2,1,2,1,2,1,1,1,1,2,2,2,2,1,2,2,1,2,1,2,2,2,1,2,2,2,2,2,2,1,2,1,1,1,2,1,2,2,1,2
"PTHR15711_SF10",1,1,1,1,1,1,1,1,1,1,1,1,1,1,1,1,1,1,1,1,1,1,1,1,1,1,1,1,1,1,1,1,1,1,1,1,1,1,1,1,1,1,1,2,1
"PTHR15711_SF14",1,1,1,1,1,1,1,1,1,1,1,1,1,1,1,1,1,1,1,1,1,1,1,1,1,1,1,1,1,1,0,1,1,1,1,1,1,1,1,1,1,1,1,1,1
"PTHR15711_SF15",1,1,1,1,1,1,1,1,1,1,1,1,1,1,1,1,1,1,1,1,1,1,1,1,1,1,1,1,1,1,1,1,2,1,1,1,1,1,1,1,1,2,1,1,1
"PTHR15711_SF17",1,1,1,1,1,1,1,1,1,1,1,1,1,1,1,1,1,1,1,1,1,1,1,1,1,1,1,1,1,1,1,1,1,1,1,1,1,1,1,1,1,1,1,1,1
"PTHR15711_SF3",1,1,1,1,1,1,1,1,1,1,1,1,1,1,1,1,1,1,1,1,1,1,1,1,1,1,1,1,1,1,1,1,1,1,1,1,1,1,1,1,1,1,1,1,1
"PTHR15711_SF5",1,1,1,1,1,1,1,1,1,1,1,1,1,1,1,1,1,1,1,1,1,1,1,1,1,1,2,1,1,1,1,1,1,1,1,1,1,1,1,1,1,1,1,2,1
"PTHR15711_SF7",1,1,1,1,1,1,1,1,1,1,1,1,1,1,1,1,1,1,1,1,1,1,1,1,1,1,1,1,1,1,1,1,1,1,1,1,1,1,1,1,1,1,1,2,1
"PTHR15712_SF10",1,1,1,1,1,1,1,1,1,1,1,1,1,1,1,1,1,1,1,1,1,0,1,1,0,1,1,1,1,1,1,1,1,1,0,1,0,1,1,1,1,1,1,0,1
"PTHR15712_SF14",1,1,1,1,1,1,1,1,1,1,1,1,1,0,2,1,1,1,1,0,1,0,1,1,1,1,1,1,1,1,1,1,1,1,0,1,0,1,2,2,1,1,1,0,1
"PTHR15712_SF18",1,1,2,1,1,1,1,1,1,1,1,0,1,0,1,2,1,5,2,1,1,0,1,2,1,1,1,0,1,1,1,0,1,1,0,1,1,1,1,1,0,1,1,0,1
"PTHR15712_SF19",2,1,1,1,1,1,1,1,1,2,1,1,1,1,1,2,1,2,1,1,1,2,1,1,1,1,1,1,1,1,1,1,1,1,1,1,1,1,1,1,1,1,1,1,1
"PTHR15712_SF20",1,1,1,1,1,1,1,1,1,1,1,1,1,1,1,1,1,1,1,1,1,1,1,1,1,1,1,1,1,1,1,1,1,1,1,1,1,1,1,1,1,1,1,1,1
"PTHR15712_SF22",1,1,0,1,1,0,1,1,0,1,0,1,0,0,1,1,1,0,1,0,1,1,1,0,0,1,1,1,1,1,1,0,2,1,0,1,0,0,1,1,0,1,1,0,1
"PTHR15712_SF6",1,1,1,0,1,0,1,1,1,1,1,1,1,1,0,1,1,1,1,1,1,0,1,0,1,1,1,0,0,2,1,0,2,0,0,1,1,1,1,1,1,1,2,0,2
"PTHR15712_SF8",1,1,0,2,1,1,1,1,1,1,1,1,1,0,1,1,1,1,0,1,1,0,1,0,1,1,1,0,1,1,1,1,1,1,0,1,0,1,0,1,1,1,1,0,1
"PTHR15712_SF9",1,1,0,0,1,1,1,1,1,1,1,1,1,0,1,1,1,1,0,1,1,0,1,0,1,1,1,0,1,1,1,1,1,0,0,0,0,1,1,1,0,1,1,0,1
"PTHR15715_SF17",1,1,1,1,1,1,1,1,2,1,1,1,1,2,1,2,1,1,1,1,1,1,1,1,2,1,3,2,1,1,1,3,1,1,2,1,1,1,1,2,1,1,1,2,1
"PTHR15715_SF18",1,1,1,1,0,1,1,1,1,1,1,1,1,1,1,1,1,1,1,0,1,1,2,1,1,1,1,1,1,1,0,1,1,1,1,1,1,2,1,1,1,1,1,1,1
"PTHR15717",1,1,2,2,1,1,1,1,1,1,1,1,1,1,2,1,1,1,2,2,2,1,1,1,1,1,1,1,1,2,1,1,1,1,1,1,1,1,1,1,1,1,1,1,1
"PTHR15718",1,2,0,0,2,2,2,2,2,2,2,1,2,2,2,2,2,2,1,0,2,1,2,1,2,2,2,2,2,2,2,1,2,0,2,2,2,1,2,2,1,0,2,2,2
"PTHR15720",2,2,2,2,2,2,2,2,2,2,2,2,2,2,2,2,2,2,2,2,2,2,2,2,2,2,1,2,2,2,2,2,2,2,2,2,2,2,2,2,2,2,2,3,2
"PTHR15721",1,1,1,1,1,1,1,1,1,1,1,1,1,1,1,1,1,1,1,1,1,1,1,1,1,1,1,1,1,1,1,0,1,1,1,1,1,1,1,1,1,1,1,1,1
"PTHR15722",2,3,2,4,2,2,2,2,2,2,2,2,2,2,2,2,2,3,2,2,2,2,2,2,3,3,2,2,2,2,2,2,2,2,2,2,2,2,2,2,2,2,2,2,2
"PTHR15723",1,1,1,1,1,1,1,1,1,1,1,1,1,1,1,1,1,1,1,0,1,1,1,1,1,1,2,1,1,1,1,1,1,1,1,1,1,1,1,1,1,1,1,1,1
"PTHR15724",1,1,0,1,1,0,1,1,1,1,1,1,1,1,1,1,1,1,1,0,1,1,1,1,1,1,1,1,1,1,0,1,1,1,1,1,1,1,2,1,0,1,1,0,1
"PTHR15725",2,2,2,2,2,2,2,2,2,3,2,2,2,4,2,4,2,3,2,4,2,2,3,2,2,2,2,2,2,2,2,2,2,2,2,3,2,2,2,2,3,2,2,2,2
"PTHR15726",2,2,2,2,2,2,2,2,2,2,2,2,2,2,3,3,2,2,2,2,2,2,2,2,2,2,2,2,3,2,2,2,2,2,2,2,2,2,2,2,2,2,2,3,2
"PTHR15727",1,1,1,1,1,1,1,1,1,1,1,1,1,1,1,1,1,1,1,1,1,1,1,1,1,1,1,1,1,1,1,1,1,1,1,1,1,1,1,1,1,1,1,1,1
"PTHR15728",1,1,1,1,1,1,1,1,1,1,1,1,1,1,1,1,1,1,1,1,1,1,1,1,1,1,1,1,1,1,1,1,1,1,1,1,1,1,1,1,1,1,1,1,1
"PTHR15729_SF3",1,1,1,1,1,1,1,1,1,1,1,1,1,1,1,1,1,1,1,1,1,1,1,1,1,1,1,1,1,1,1,1,1,1,1,1,1,1,1,1,1,1,1,1,1
"PTHR15729_SF7",1,1,1,1,1,1,1,1,1,1,1,1,1,1,1,1,2,1,1,1,1,1,1,1,1,1,1,1,1,1,1,1,1,1,1,1,1,1,1,1,1,1,1,1,1
"PTHR15729_SF8",1,1,1,1,1,1,1,1,1,1,1,1,1,1,1,1,1,0,1,1,1,1,1,1,1,1,1,1,1,1,2,1,1,1,0,2,1,1,1,1,1,1,1,1,1
"PTHR15729_SF9",1,1,1,1,1,1,1,1,1,1,1,1,1,1,1,1,1,1,1,1,1,1,1,1,1,1,1,1,1,1,1,1,1,1,1,1,1,1,1,1,1,1,1,1,1
"PTHR15730",2,2,2,2,2,2,7,3,3,1,2,1,2,2,2,3,2,2,2,2,2,2,3,2,3,2,2,2,2,2,5,2,2,2,2,3,2,2,2,4,2,2,1,2,2
"PTHR15732",1,1,1,1,1,1,1,1,1,1,1,1,1,1,1,1,1,1,1,1,1,1,2,1,1,1,1,1,1,1,1,1,1,1,1,1,1,1,1,1,1,1,1,1,1
"PTHR15735",3,2,2,2,2,2,2,2,2,2,2,2,2,2,2,2,2,2,2,2,2,3,2,2,2,2,2,2,2,2,2,2,2,2,2,2,2,2,2,2,2,2,2,2,2
"PTHR15736",3,3,3,3,3,3,3,3,3,2,3,3,3,4,3,3,3,3,4,3,3,3,3,3,3,3,3,4,3,3,3,3,3,4,3,3,3,3,4,4,3,3,3,3,3
"PTHR15739",2,2,2,2,2,2,2,2,2,2,2,2,2,2,2,2,2,2,2,2,2,2,2,2,2,2,2,2,2,2,1,2,2,2,2,2,2,2,2,2,2,2,2,2,2
"PTHR15740",3,2,2,2,2,2,2,2,2,2,2,3,2,2,2,2,2,2,2,2,2,2,2,2,4,2,3,2,2,2,2,2,2,2,2,3,2,1,2,3,2,2,2,2,2
"PTHR15741_SF14",1,1,1,1,1,1,1,1,1,2,1,1,1,1,1,1,1,1,2,1,1,1,1,1,1,1,1,1,1,1,1,1,1,1,1,1,1,1,2,0,1,1,1,1,1
"PTHR15741_SF23",1,1,1,1,1,1,1,1,1,1,1,1,1,1,1,2,1,1,1,1,1,1,1,1,1,1,1,1,1,1,1,1,1,1,1,1,1,1,1,1,1,1,1,1,1
"PTHR15741_SF24",1,1,1,1,1,1,1,1,1,1,1,1,1,1,1,1,1,1,1,1,1,1,1,1,1,1,1,1,1,1,1,1,1,1,1,1,1,1,1,1,1,1,1,1,1
"PTHR15741_SF25",1,1,1,1,1,1,1,1,1,1,1,1,1,1,1,1,1,1,1,1,1,1,1,1,1,1,1,1,1,1,1,1,1,1,1,1,1,1,1,1,1,1,1,1,1
"PTHR15742",3,3,3,3,3,3,3,3,3,3,3,3,3,3,3,4,3,3,3,3,3,3,3,3,3,2,3,3,3,3,2,3,3,3,3,3,3,3,3,3,3,3,3,4,2
"PTHR15744",1,0,1,1,1,1,1,1,1,1,1,1,1,1,1,1,1,1,1,1,1,1,1,1,2,1,1,1,1,1,1,2,1,1,1,1,1,1,1,1,1,1,1,1,1
"PTHR15746_SF14",2,1,1,1,1,1,1,1,1,1,1,1,1,1,1,1,1,1,1,1,1,1,1,1,1,1,1,1,1,1,1,1,1,1,1,1,1,1,1,1,2,1,1,1,1
"PTHR15746_SF20",1,1,1,1,1,1,1,1,1,1,1,1,1,1,1,1,1,1,1,1,1,1,1,1,1,1,1,1,1,1,1,1,1,1,1,1,1,1,1,1,1,1,1,1,1
"PTHR15746_SF22",1,1,1,1,1,1,1,1,1,1,1,1,1,1,2,1,1,1,1,1,1,1,1,1,1,1,1,1,1,1,1,1,1,1,1,1,1,1,1,1,1,1,1,2,1
"PTHR15749",1,1,1,1,1,1,2,1,1,1,1,1,1,1,1,2,1,1,1,2,1,1,1,1,1,1,1,1,1,1,1,1,1,1,1,1,1,1,1,1,1,1,1,1,1
"PTHR15750",2,2,2,2,2,2,2,2,2,2,2,2,3,2,3,2,2,2,2,2,2,2,2,2,2,2,2,2,2,2,2,2,2,2,2,2,2,2,2,2,2,2,2,2,2
"PTHR15751_SF11",1,1,1,1,1,1,1,1,1,1,1,1,1,1,1,1,0,1,1,1,1,1,1,1,1,1,1,1,1,1,2,1,1,1,1,2,1,1,1,1,1,1,1,1,1
"PTHR15751_SF13",1,1,1,1,1,1,1,1,1,2,1,1,1,1,1,1,1,1,1,1,1,2,1,1,1,2,1,1,1,1,1,1,1,1,1,1,1,1,1,1,1,1,1,1,1
"PTHR15751_SF14",1,1,1,0,1,0,0,0,0,0,1,1,0,1,0,1,1,1,1,0,0,1,1,1,1,0,1,1,0,0,0,0,1,1,1,1,1,1,1,1,0,1,1,1,1
"PTHR15756",2,2,2,2,2,2,2,2,2,2,2,2,2,2,2,2,2,4,2,2,1,2,2,2,2,2,2,2,2,2,1,2,2,2,2,2,2,2,4,2,2,2,1,2,2
"PTHR15758",1,1,1,1,1,1,1,1,1,2,1,1,1,1,2,1,1,1,1,1,1,1,1,1,1,1,1,1,1,1,1,1,2,1,1,1,1,1,1,1,1,1,1,1,1
"PTHR15759",3,3,3,3,3,3,3,3,3,3,3,3,3,3,3,3,3,2,3,4,3,3,3,3,3,3,3,3,3,4,2,3,3,3,3,3,3,3,3,3,3,3,3,3,3
"PTHR15811",1,1,1,1,1,1,1,1,1,1,1,1,1,1,1,1,1,1,1,1,1,1,1,1,1,1,1,1,2,1,1,1,1,1,1,1,1,1,1,1,1,2,1,1,1
"PTHR15813",2,2,2,2,2,3,2,2,2,2,2,2,3,2,2,2,2,2,2,2,2,2,2,2,2,2,2,2,3,2,2,2,2,2,2,2,3,2,2,2,2,2,2,2,2
"PTHR15817",1,1,1,1,1,1,1,1,0,1,1,1,1,1,0,6,0,2,1,0,1,1,1,1,1,0,0,1,1,1,1,0,0,1,1,1,1,1,1,0,1,1,0,2,1
"PTHR15818",1,1,1,2,1,1,1,2,1,1,1,1,1,1,1,1,1,1,1,1,1,1,1,1,1,1,1,1,1,1,1,0,1,1,0,1,1,1,1,1,2,1,1,0,1
"PTHR15819_SF2",2,1,1,1,1,2,1,1,1,2,2,1,1,1,1,1,1,2,1,2,1,1,1,1,1,0,0,1,1,1,2,1,1,1,1,1,1,1,1,0,1,1,1,2,1
"PTHR15819_SF6",1,1,1,1,1,1,1,1,1,1,1,1,1,1,1,1,1,1,1,1,1,1,1,1,1,1,1,0,1,1,1,1,1,1,1,1,1,1,1,1,1,1,1,1,1
"PTHR15822",1,1,1,1,2,2,2,1,1,1,1,1,1,1,1,1,0,1,1,1,1,1,1,1,1,1,1,1,1,1,1,1,1,1,1,1,1,1,1,1,1,1,1,2,1
"PTHR15825",1,2,2,2,1,2,2,3,1,1,2,1,1,2,2,1,1,1,1,1,1,2,1,1,1,1,1,2,2,1,2,7,1,1,1,1,3,1,3,1,6,1,1,1,1
"PTHR15827",1,2,1,1,1,1,1,1,1,1,1,1,1,1,1,1,1,1,1,1,1,1,1,1,1,1,2,1,1,1,1,1,1,1,2,1,1,1,1,1,1,1,1,5,1
"PTHR15828",2,2,3,2,2,2,2,2,2,2,2,2,2,4,4,2,2,2,2,2,2,2,2,2,2,2,2,2,2,2,2,3,2,2,2,2,3,2,3,2,1,2,2,2,2
"PTHR15829",3,3,3,3,3,3,3,3,3,3,3,3,3,3,3,4,3,3,3,3,3,3,3,3,4,3,3,3,3,3,3,3,3,3,2,3,3,3,3,3,3,3,3,3,3
"PTHR15830",1,1,1,1,1,1,1,1,1,1,1,1,1,1,0,1,1,1,1,1,1,1,1,1,1,1,1,1,1,1,1,1,1,1,1,1,1,1,1,1,1,1,1,1,1
"PTHR15832",1,1,1,1,1,1,1,1,2,1,1,1,1,1,3,1,1,1,1,1,1,2,1,1,1,1,1,1,1,1,1,2,1,1,1,1,1,1,1,1,2,1,1,1,1
"PTHR15835",1,1,1,1,3,1,1,1,1,1,1,1,1,1,1,1,2,1,1,2,1,1,1,1,1,1,1,1,1,1,1,1,1,1,1,1,1,1,1,1,1,1,1,1,1
"PTHR15836",1,1,1,1,1,1,1,1,1,1,1,1,1,1,1,1,1,1,1,1,1,1,2,1,1,1,1,1,2,1,1,1,2,1,1,4,1,1,1,1,1,1,1,1,1
"PTHR15837",1,1,1,1,1,1,1,1,1,1,1,1,1,1,1,1,1,1,1,1,1,1,1,1,3,1,1,1,1,1,1,1,1,1,1,1,1,1,1,1,1,1,1,2,1
"PTHR15838",2,2,1,1,3,2,2,1,2,2,1,1,2,1,6,1,1,1,1,1,1,4,2,1,1,1,1,1,1,2,2,2,1,1,1,2,1,2,1,1,1,1,1,1,2
"PTHR15840",1,1,1,2,1,1,3,1,2,1,1,1,1,1,0,1,1,1,1,1,1,2,1,1,1,1,1,1,1,1,1,1,1,1,1,1,1,1,1,2,4,1,0,1,1
"PTHR15852_SF7",1,1,1,1,1,1,0,1,1,1,1,1,1,1,1,1,1,1,1,1,1,0,1,1,1,1,1,1,1,1,1,1,1,1,1,1,1,1,1,1,1,1,1,1,1
"PTHR15853",1,1,1,1,1,1,1,1,1,1,1,1,1,2,1,2,1,1,1,1,2,1,1,1,1,1,1,1,1,1,1,1,1,1,1,1,1,1,1,1,2,1,1,1,1
"PTHR15854_SF0",1,1,1,1,1,1,2,1,1,1,1,1,1,1,1,1,1,1,1,1,1,1,1,1,1,1,1,1,3,1,1,1,1,1,1,1,1,1,1,1,1,1,1,1,2
"PTHR15856_SF26",1,1,1,1,1,1,1,1,1,1,1,1,1,1,3,1,1,1,1,1,1,1,1,1,1,1,1,1,1,1,1,1,1,1,1,1,1,1,1,2,1,1,1,1,1
"PTHR15856_SF27",1,1,1,1,1,1,1,1,1,1,1,1,1,1,2,1,1,1,1,1,1,1,1,1,1,1,2,1,1,1,1,1,1,1,1,1,1,1,2,1,1,0,1,1,1
"PTHR15857",1,1,1,1,1,1,1,2,1,1,1,1,1,1,1,1,2,1,1,1,1,1,1,1,1,1,1,1,1,1,1,1,1,1,1,1,1,1,1,1,2,1,1,1,1
"PTHR15859",2,2,2,2,2,2,2,2,2,2,2,2,2,2,3,2,2,2,2,3,3,2,2,2,2,2,2,2,2,3,1,2,2,2,2,2,2,2,2,2,2,2,2,2,2
"PTHR15860_SF1",1,1,2,1,1,2,1,1,1,2,2,2,1,1,1,1,1,1,1,1,1,2,1,1,1,1,1,1,1,2,1,1,1,1,1,1,2,1,2,1,1,1,1,1,1
"PTHR15860_SF2",1,1,1,1,1,1,1,1,1,1,1,1,1,1,1,1,1,1,1,1,1,1,1,1,1,1,1,1,1,1,1,1,1,1,1,1,1,1,1,1,1,1,1,1,1
"PTHR15863",1,1,1,1,1,1,1,0,0,1,1,1,1,1,0,2,1,1,1,1,1,1,1,1,1,1,1,1,1,1,1,0,1,1,0,1,1,1,1,1,1,1,1,0,1
"PTHR15868",2,2,2,2,2,2,2,2,1,1,4,2,2,1,2,2,2,1,2,3,0,2,2,1,2,2,2,2,3,2,2,3,2,2,3,2,2,2,2,1,2,2,1,2,2
"PTHR15869",1,1,1,1,1,1,1,1,1,0,1,1,1,1,1,1,1,1,1,1,1,1,1,1,1,1,1,1,1,1,1,0,0,1,1,1,1,1,1,1,1,1,1,1,1
"PTHR15871",2,2,2,2,2,2,2,2,2,2,2,2,2,2,2,3,2,2,2,1,2,2,2,2,2,2,2,2,2,2,2,2,2,2,2,2,2,2,2,2,2,2,2,3,2
"PTHR15874",1,1,1,3,3,1,1,1,1,2,1,1,1,1,1,2,1,1,1,2,1,1,1,1,1,2,1,1,0,1,1,0,2,1,1,1,1,1,1,1,1,1,1,1,2
"PTHR15876",1,1,1,1,1,1,1,1,1,1,1,1,1,1,1,1,0,1,1,1,1,1,1,1,1,1,1,1,1,1,1,1,1,1,1,1,1,1,1,1,1,1,1,1,1
"PTHR15881",1,1,1,1,1,1,1,1,1,1,1,1,1,2,1,1,1,1,1,1,1,1,1,1,1,1,0,1,1,1,1,1,1,1,1,1,1,1,1,1,1,1,1,2,1
"PTHR15885",1,1,1,1,1,1,1,1,1,1,1,1,1,1,1,1,1,1,1,1,1,0,1,1,2,1,1,1,2,1,1,0,1,1,1,1,1,1,1,1,1,1,1,1,1
"PTHR15889",1,1,1,1,1,2,1,1,1,1,1,1,1,1,1,1,1,1,1,1,1,1,1,1,1,1,1,1,1,1,1,1,1,1,1,1,1,1,1,1,1,1,1,1,1
"PTHR15895",3,3,3,1,3,3,3,2,2,2,2,2,3,2,3,3,3,2,3,2,2,1,3,3,3,3,3,1,2,2,1,3,3,3,3,3,2,2,4,2,0,2,1,2,3
"PTHR15896",2,2,2,2,2,2,2,2,2,2,2,2,2,4,3,2,2,2,3,2,2,3,2,2,2,2,3,3,2,2,2,2,2,2,2,2,3,2,4,2,2,2,2,3,2
"PTHR15897",1,2,1,1,1,1,3,1,1,1,1,1,1,1,1,1,1,1,1,1,1,1,1,1,1,1,1,1,1,1,0,1,1,1,1,1,1,1,1,1,1,1,0,1,1
"PTHR15898_SF1",1,1,1,1,1,1,1,1,1,1,1,1,1,1,2,2,1,1,1,1,1,1,1,1,1,1,1,1,1,1,1,2,1,1,1,1,1,1,1,1,1,1,1,2,1
"PTHR15901",2,2,2,1,2,2,2,2,2,2,2,2,2,2,1,2,2,1,2,1,2,2,2,2,2,2,2,2,2,2,1,2,1,2,1,2,2,2,2,2,2,2,1,1,2
"PTHR15902",1,2,2,2,2,2,2,2,2,2,1,2,2,2,2,2,4,2,1,1,2,2,2,2,2,1,2,2,2,1,2,2,2,2,2,2,2,2,2,1,1,2,1,2,2
"PTHR15904",4,3,3,3,3,4,3,3,3,3,3,3,3,3,6,3,3,3,3,3,3,3,3,3,3,3,3,3,3,4,3,3,3,3,4,4,3,3,3,3,3,3,3,3,3
"PTHR15905",2,2,2,2,2,2,2,2,2,2,2,2,2,2,3,2,2,2,2,2,2,3,2,2,2,2,4,2,2,2,2,2,2,2,2,2,2,2,2,2,2,2,2,3,2
"PTHR15907_SF26",1,1,1,1,1,1,1,1,1,1,1,1,1,1,1,1,1,1,1,1,1,1,1,1,1,1,1,1,1,1,1,1,1,1,1,1,1,1,1,1,1,1,1,2,1
"PTHR15907_SF32",1,1,1,1,1,1,1,1,1,1,1,1,1,1,1,1,1,1,1,0,1,1,1,1,1,1,1,1,1,1,1,1,1,1,1,2,1,1,1,1,1,1,1,1,1
"PTHR15907_SF38",1,1,1,1,1,1,1,1,1,1,1,1,1,1,1,1,1,1,1,1,1,1,1,1,1,1,1,1,1,1,1,1,0,1,1,1,1,1,1,1,1,1,1,0,1
"PTHR15907_SF4",1,1,0,0,1,1,0,0,0,1,1,1,1,0,0,0,0,0,0,1,0,0,0,0,0,1,0,0,1,1,0,0,0,0,0,0,0,1,0,0,0,1,0,0,1
"PTHR15909_SF0",1,1,2,1,1,1,2,1,1,1,1,1,2,2,1,1,1,1,3,1,1,1,1,3,1,1,1,3,1,1,1,1,1,3,1,1,2,2,1,1,1,1,1,1,1
"PTHR15911",2,1,1,1,4,1,1,1,1,1,1,1,1,1,5,1,1,1,1,1,1,1,1,1,2,1,1,1,1,1,1,3,1,1,1,2,1,1,1,1,1,1,1,1,1
"PTHR15913",1,1,1,1,1,1,1,1,1,2,1,1,1,1,2,1,2,1,1,1,1,1,1,1,1,1,2,1,1,1,2,1,1,1,1,1,1,1,1,1,1,1,1,1,1
"PTHR15914",1,1,0,1,1,1,1,0,0,1,1,1,1,1,1,1,0,1,1,1,1,1,0,1,0,1,1,1,1,1,1,0,1,1,1,1,1,1,1,1,1,1,0,1,1
"PTHR15917",2,2,2,2,2,2,2,1,2,2,2,2,2,2,2,2,2,2,2,2,2,2,2,2,2,2,2,2,2,2,1,2,2,2,2,2,2,2,2,2,2,2,2,2,2
"PTHR15919",3,4,3,3,3,2,3,3,3,3,3,3,3,3,3,3,3,3,3,2,3,3,3,3,3,3,3,3,3,3,3,3,3,3,3,3,3,3,3,3,3,3,2,4,3
"PTHR15921_SF3",1,1,1,1,1,1,1,1,1,1,1,1,1,1,1,1,1,1,1,7,1,1,1,1,1,1,1,1,1,1,1,1,1,1,1,3,1,1,1,1,1,1,1,1,1
"PTHR15922",2,1,1,1,1,1,1,1,0,1,1,1,1,1,1,1,1,2,1,1,1,1,1,1,1,1,1,1,1,1,1,1,1,1,1,1,1,1,1,1,1,1,1,1,1
"PTHR15923",3,3,3,3,3,3,3,3,3,3,3,3,3,3,3,3,3,3,3,3,3,3,3,3,3,3,3,3,3,3,3,3,3,3,3,3,3,3,3,3,3,3,3,3,3
"PTHR15924",1,1,2,1,3,1,1,1,1,1,1,1,1,3,3,1,1,1,2,2,1,3,1,1,3,1,1,2,2,1,2,2,1,2,1,2,2,2,2,2,2,1,1,1,2
"PTHR15925",1,1,1,1,1,1,1,1,1,1,1,1,1,1,1,1,1,1,2,1,1,1,2,2,1,1,1,2,1,1,1,1,1,2,1,1,1,2,1,1,1,1,1,1,1
"PTHR15926",1,1,1,1,1,1,1,1,1,0,1,1,1,1,1,1,1,1,1,1,1,1,1,1,1,0,1,1,1,1,1,0,0,1,1,1,1,1,1,1,1,1,1,1,1
"PTHR15929",1,1,1,1,1,1,1,1,1,1,1,1,1,1,1,1,1,1,1,1,1,2,1,1,1,1,1,1,1,1,1,1,1,1,1,1,1,1,1,1,1,1,1,1,1
"PTHR15932",1,1,1,1,1,1,1,1,1,1,1,1,1,1,1,1,1,1,1,1,1,1,1,1,1,1,1,1,1,1,1,1,1,1,1,1,1,1,1,1,1,1,1,1,1
"PTHR15933",2,2,2,2,2,2,2,2,2,2,2,2,2,2,2,2,2,2,2,2,2,2,2,2,2,2,2,2,2,2,2,2,2,2,2,2,2,2,2,2,2,2,1,2,2
"PTHR15934_SF3",1,0,1,1,1,0,1,1,1,0,1,1,1,1,1,1,1,0,1,0,1,1,1,1,1,0,1,1,1,0,1,1,0,1,1,1,1,1,1,1,1,0,0,2,0
"PTHR15934_SF5",1,1,2,2,1,1,1,1,1,1,1,1,1,1,1,1,1,1,1,1,1,1,1,1,1,1,1,1,1,1,1,1,1,1,1,1,2,1,1,1,1,1,1,1,1
"PTHR15936",1,1,1,1,1,1,1,1,1,1,1,1,1,1,1,1,1,1,1,1,1,1,1,1,1,0,1,1,1,1,0,1,1,1,1,1,1,1,1,1,1,1,1,1,1
"PTHR15937",1,1,1,1,1,1,1,1,1,1,1,1,1,1,1,1,1,1,1,1,1,1,1,1,1,1,1,1,1,1,1,1,0,1,1,1,1,1,1,1,1,1,1,1,1
"PTHR15938",1,1,1,1,1,1,1,1,1,1,1,1,1,1,1,1,1,1,1,1,1,1,1,1,1,1,1,1,1,1,1,1,1,1,1,1,1,1,1,1,1,1,1,1,1
"PTHR15941",3,3,3,3,3,3,3,3,3,3,3,3,3,3,3,3,3,3,3,3,3,3,3,3,3,3,3,3,3,3,3,3,3,3,3,3,3,3,3,3,3,3,3,3,4
"PTHR15944",2,2,2,2,2,2,2,2,2,2,2,2,2,2,2,2,2,2,2,2,2,3,2,2,2,2,2,2,2,2,2,2,2,2,2,2,2,2,2,2,2,2,2,2,3
"PTHR15947",1,1,1,1,1,1,1,1,1,1,1,1,1,1,1,1,1,1,1,1,1,1,1,1,1,1,1,1,1,1,1,1,1,1,1,1,1,1,1,1,1,1,1,1,1
"PTHR15948",1,1,1,1,1,1,1,1,1,1,1,1,1,0,1,2,1,1,2,1,1,1,1,1,1,1,1,2,1,1,1,1,1,2,1,1,1,1,1,1,1,1,1,2,1
"PTHR15949",1,1,1,1,1,1,1,1,1,1,1,1,1,1,1,1,1,1,1,1,1,1,1,1,1,1,1,1,1,1,1,1,1,1,1,1,1,1,1,1,1,1,1,1,1
"PTHR15950",3,3,3,3,3,3,3,2,2,3,3,3,3,3,1,3,3,3,3,3,3,2,3,3,2,3,3,3,3,3,3,2,3,3,3,3,3,2,3,3,3,3,2,2,4
"PTHR15951",1,1,1,1,1,1,1,1,1,1,1,1,1,1,1,1,1,1,1,1,1,1,1,1,1,1,1,1,1,1,1,1,1,1,1,1,1,1,1,1,1,1,1,1,1
"PTHR15952",1,1,2,1,1,1,1,1,1,1,1,1,1,2,1,1,1,1,2,1,1,1,1,2,1,1,1,1,1,1,1,1,1,2,1,1,3,1,4,1,1,1,1,1,1
"PTHR15953",1,1,1,1,1,1,0,1,1,1,1,1,1,1,1,1,1,1,1,1,0,2,1,1,1,0,1,0,0,1,1,1,0,0,1,1,0,1,0,1,1,1,0,1,1
"PTHR15954_SF4",1,1,1,1,1,1,1,1,1,1,1,1,1,2,1,1,1,1,1,1,1,1,1,1,1,1,1,1,1,1,1,1,1,1,1,1,1,1,2,1,1,1,1,1,1
"PTHR15955",3,2,2,2,2,2,2,2,2,2,2,2,2,3,2,2,2,2,2,2,2,2,2,2,2,2,2,2,2,2,2,2,2,2,2,2,2,2,2,2,2,2,2,2,2
"PTHR15959",1,1,1,1,1,1,1,1,1,1,1,1,1,2,1,1,1,1,1,1,1,1,1,2,1,1,1,2,1,1,1,1,1,2,1,1,2,1,2,1,1,1,1,1,1
"PTHR15960",1,2,2,2,3,2,2,2,2,3,2,2,2,2,5,2,2,1,2,1,1,2,2,2,3,2,2,2,2,2,2,2,2,2,2,2,2,2,2,2,2,2,1,3,2
"PTHR15961",1,1,1,1,1,1,1,1,1,1,1,1,1,1,1,1,1,1,1,2,1,1,1,1,1,1,1,1,1,1,1,1,1,1,1,1,1,1,1,1,1,1,1,1,1
"PTHR15963",2,2,2,2,1,2,2,2,2,2,2,1,2,2,2,2,2,2,2,2,2,2,2,2,2,2,2,2,2,2,2,2,2,2,2,2,2,2,2,2,2,2,2,3,2
"PTHR15964",1,1,1,1,1,1,1,1,1,1,1,1,1,1,1,1,1,1,1,1,1,1,1,1,1,1,1,1,1,1,1,1,1,1,0,1,0,1,1,1,1,1,0,0,1
"PTHR15967_SF0",2,1,1,2,1,1,2,1,2,1,0,1,1,1,1,1,2,1,2,1,1,1,1,1,0,2,1,1,1,1,1,2,1,1,1,0,1,1,1,1,2,1,1,0,2
"PTHR15970",2,2,2,2,2,2,2,2,2,3,2,2,2,2,2,2,2,2,2,2,2,2,2,2,2,2,2,2,3,2,2,2,2,2,7,2,2,2,2,2,2,2,2,4,2
"PTHR15974",1,1,1,1,1,1,1,1,1,1,1,1,1,1,1,1,1,1,1,1,1,0,1,1,1,1,1,1,1,1,1,1,1,1,1,1,1,1,1,1,1,1,1,1,1
"PTHR15975",1,1,1,1,1,1,1,1,1,1,1,1,1,1,1,1,1,1,1,1,1,1,1,1,1,1,1,1,1,1,1,1,1,1,1,0,1,1,1,1,1,1,1,1,1
"PTHR15976",3,3,4,3,3,3,3,3,3,4,3,3,3,4,3,5,3,2,4,3,4,4,3,4,3,3,3,4,3,3,3,3,3,4,2,3,4,4,4,3,4,3,3,2,3
"PTHR15977",1,2,1,1,1,1,1,1,1,1,0,1,1,1,1,1,1,2,1,2,2,1,1,1,1,2,1,1,1,1,0,1,2,1,1,1,1,1,1,2,1,1,4,0,2
"PTHR15989",1,1,1,1,1,1,1,1,1,1,1,1,1,1,1,1,1,1,1,1,1,1,1,1,1,1,1,1,1,1,1,1,1,1,1,1,1,1,1,1,1,1,1,1,1
"PTHR15992",1,1,1,1,1,1,1,1,1,1,1,1,1,1,1,1,0,1,1,1,1,1,1,1,1,1,1,1,1,1,1,0,1,1,0,2,1,1,2,1,1,1,1,1,1
"PTHR15993",1,1,1,1,1,1,1,1,0,1,1,1,1,1,1,1,0,1,1,1,1,1,1,1,1,0,1,1,0,1,1,0,1,1,1,1,1,1,1,1,1,1,1,0,1
"PTHR15995",1,1,1,1,1,1,1,1,1,1,1,1,1,1,1,1,1,0,1,1,1,1,1,1,1,1,1,1,1,1,1,1,1,1,1,1,1,1,1,1,1,1,1,1,1
"PTHR15999",1,2,2,2,2,3,2,2,0,2,2,2,2,2,2,3,2,2,2,2,2,2,2,2,1,2,1,2,2,2,2,0,1,2,2,2,2,2,3,4,2,2,2,2,2
"PTHR16001",2,2,2,3,2,2,2,2,2,2,3,2,2,2,2,2,2,2,2,2,2,2,2,2,2,2,2,2,2,2,2,3,2,2,2,2,2,2,2,2,2,2,2,2,2
"PTHR16002",2,2,3,2,2,3,2,2,2,2,2,2,2,2,2,2,2,2,3,1,2,3,2,3,3,2,2,2,2,2,2,1,2,3,2,2,2,2,3,2,2,1,2,2,1
"PTHR16003",1,1,1,1,1,1,1,0,0,1,1,1,1,0,1,1,0,1,1,0,0,1,1,1,1,0,1,1,1,1,1,0,1,1,2,1,1,1,1,1,0,1,1,1,0
"PTHR16004_SF1",1,1,1,1,1,1,1,1,1,1,1,1,1,2,1,4,1,1,1,1,1,1,1,1,1,0,1,1,1,1,1,1,1,1,1,1,1,1,1,1,1,1,1,1,1
"PTHR16007_SF10",1,2,1,1,1,2,1,2,1,1,1,1,1,1,1,1,2,1,1,1,1,3,2,1,2,1,3,1,1,2,1,1,1,1,1,3,1,1,1,3,1,1,1,1,1
"PTHR16007_SF11",1,2,0,0,1,1,0,0,0,1,1,3,1,0,0,0,0,2,0,1,0,1,1,0,0,1,1,0,1,1,1,1,0,0,2,1,0,1,0,0,0,2,0,1,1
"PTHR16007_SF12",1,1,1,1,1,1,1,1,1,1,1,1,1,1,1,1,1,1,1,1,1,1,1,1,1,1,2,1,1,1,1,1,1,1,1,1,1,1,1,1,1,1,1,1,1
"PTHR16007_SF16",2,1,1,1,2,1,1,0,0,2,1,2,2,0,1,1,0,2,1,2,1,0,2,1,0,1,2,1,1,1,2,1,2,1,0,2,1,2,1,2,1,1,1,0,2
"PTHR16007_SF19",1,1,0,0,0,1,1,0,0,1,1,1,0,0,0,0,0,1,0,1,0,0,1,0,0,1,1,0,1,1,0,0,1,0,0,1,0,0,0,1,0,0,0,0,1
"PTHR16008",1,1,1,1,1,1,1,1,1,1,1,1,1,1,1,1,1,1,1,1,1,1,1,1,1,1,1,1,1,1,1,1,1,1,1,1,1,1,1,1,1,1,1,1,1
"PTHR16011",1,1,1,1,1,1,1,1,1,1,1,1,1,1,1,1,1,1,1,1,1,1,1,1,1,1,1,1,1,1,1,1,1,1,1,1,1,1,1,1,1,1,1,1,1
"PTHR16015",1,1,1,1,1,1,1,1,1,1,1,1,1,1,1,1,1,1,1,1,1,1,2,1,1,1,1,1,1,1,1,1,1,1,1,1,1,1,1,1,1,1,1,1,1
"PTHR16017",1,1,1,1,1,1,1,1,1,1,1,1,1,1,1,1,1,1,1,1,1,1,1,1,1,1,2,1,1,1,1,1,1,1,1,1,2,1,1,1,1,1,1,1,2
"PTHR16019_SF5",1,1,1,1,1,1,1,1,1,1,1,1,1,1,1,1,1,1,1,1,1,1,1,1,1,1,1,1,1,1,1,1,1,1,1,1,1,1,1,1,1,1,1,1,1
"PTHR16019_SF6",1,1,1,1,1,1,1,1,1,1,1,1,1,1,1,1,1,1,1,1,1,1,1,1,1,1,1,1,1,1,1,2,1,1,1,1,1,1,1,1,1,1,1,1,1
"PTHR16021",2,3,4,3,3,2,2,3,3,3,3,3,3,3,2,4,2,3,4,2,3,3,3,4,3,3,3,2,3,3,2,3,3,4,3,3,3,2,3,3,3,2,3,3,3
"PTHR16023",1,1,1,1,1,1,1,1,1,2,1,1,1,1,1,1,1,1,1,1,1,1,1,2,1,1,1,1,1,1,1,1,1,1,1,1,1,1,1,1,1,2,1,1,1
"PTHR16026",1,1,1,1,1,1,1,1,1,1,1,1,1,1,1,1,1,1,1,1,1,1,1,1,1,1,1,1,1,1,1,1,1,1,1,1,1,1,1,1,1,1,1,1,1
"PTHR16027_SF3",1,1,1,1,1,1,1,1,1,1,1,1,1,1,1,1,1,1,1,0,1,1,1,1,1,1,1,1,1,1,1,1,1,1,1,1,1,1,1,1,1,1,1,1,1
"PTHR16027_SF4",1,1,1,1,1,1,1,1,1,1,1,1,1,1,1,1,1,1,1,1,1,1,1,1,1,1,1,1,2,1,1,1,1,1,1,1,1,1,1,1,1,1,1,1,1
"PTHR16029",1,1,1,1,1,2,1,1,1,1,1,1,1,1,1,1,1,1,1,1,1,1,1,1,1,1,1,1,1,1,1,1,1,1,1,1,1,1,1,1,1,1,1,1,1
"PTHR16035",3,1,0,1,1,0,1,0,0,2,0,2,0,1,0,16,0,6,1,2,1,0,2,1,0,0,2,1,1,3,1,0,1,1,0,0,0,0,3,1,0,0,3,0,0
"PTHR16036",1,1,1,1,1,1,1,1,1,1,1,1,1,1,1,1,2,1,1,1,1,1,1,1,1,1,1,1,1,1,1,2,1,1,1,1,1,1,1,1,1,1,1,1,1
"PTHR16038",1,1,1,1,1,1,1,1,1,1,1,1,1,1,1,1,1,1,1,1,1,1,1,1,2,1,1,1,1,1,1,1,1,1,1,1,1,1,1,1,1,1,1,1,1
"PTHR16039",1,1,1,1,1,1,1,1,1,1,1,1,1,1,1,1,1,0,1,1,1,2,1,1,1,1,1,1,1,1,1,0,1,1,1,1,1,1,1,2,1,1,1,1,1
"PTHR16040",1,1,1,1,1,1,1,1,1,1,1,1,1,3,1,1,1,1,1,1,1,2,1,1,1,1,1,1,1,1,1,1,1,1,1,1,1,1,1,1,1,1,1,1,1
"PTHR16043",1,1,1,1,1,1,1,1,1,1,2,1,1,1,1,1,1,1,1,1,1,1,1,1,1,1,1,1,1,1,1,1,1,1,1,0,1,1,1,1,1,1,1,1,0
"PTHR16046",2,3,2,2,2,2,2,2,2,2,2,3,3,2,2,2,2,2,2,2,2,2,2,2,2,2,2,2,3,2,2,2,2,2,2,2,2,3,2,2,2,2,1,2,2
"PTHR16047",1,1,1,1,1,1,1,1,1,1,1,1,1,1,1,1,1,1,1,1,1,1,1,1,1,1,1,1,1,1,1,1,1,1,1,1,1,1,1,0,1,1,1,1,1
"PTHR16048",1,1,1,1,1,1,1,1,1,1,1,1,1,1,2,1,1,1,1,1,1,1,1,1,1,1,1,1,1,1,1,1,1,1,1,1,1,1,1,1,1,1,1,1,1
"PTHR16049",1,1,1,1,1,1,1,1,1,1,1,1,1,1,1,1,0,1,1,1,1,0,1,1,1,1,1,1,1,1,1,1,1,1,0,1,0,1,1,1,1,1,1,0,1
"PTHR16050_SF0",1,1,1,1,1,1,1,1,1,1,1,1,1,1,1,1,1,1,1,1,1,1,1,1,2,1,1,1,1,1,1,1,1,1,1,1,1,1,1,1,1,1,1,2,2
"PTHR16052",1,1,1,1,1,1,1,1,1,1,1,1,1,2,1,1,1,1,2,1,1,1,1,1,1,1,1,1,1,1,1,1,1,2,1,1,1,1,1,1,1,1,1,1,1
"PTHR16055",1,1,1,1,1,1,1,1,1,1,1,1,1,2,2,1,1,1,1,1,1,1,1,1,1,1,2,1,1,1,1,1,1,1,1,1,1,1,1,1,1,2,1,1,1
"PTHR16056",4,6,4,3,4,5,4,4,5,4,4,4,4,4,3,4,4,4,4,4,4,4,4,4,4,4,4,4,5,5,4,3,4,4,3,4,4,4,4,5,4,4,3,5,4
"PTHR16057",1,1,1,1,1,1,1,1,1,1,1,1,1,1,1,1,1,1,1,1,1,1,1,1,1,1,1,1,1,0,1,1,0,1,1,1,1,1,1,1,1,1,1,1,2
"PTHR16058",1,1,1,1,1,1,1,1,1,1,1,1,1,1,1,1,1,1,1,1,1,1,1,1,1,1,1,1,1,1,1,1,1,1,1,1,1,1,1,1,1,1,1,1,1
"PTHR16059_SF10",2,1,3,1,1,0,1,1,0,2,0,3,2,1,0,1,0,0,2,0,2,0,3,2,1,2,2,1,1,3,2,0,1,1,1,0,1,0,2,1,1,2,1,1,1
"PTHR16059_SF11",1,1,1,1,1,1,1,1,1,1,1,1,1,1,1,1,1,1,1,1,1,1,1,1,1,1,2,1,1,1,1,1,1,1,1,1,1,1,1,1,1,1,1,1,1
"PTHR16059_SF13",1,1,1,1,1,1,1,1,1,1,1,1,1,1,1,1,1,1,1,1,1,1,1,1,1,1,1,1,1,1,1,1,1,1,1,1,1,1,1,1,1,1,1,1,1
"PTHR16062_SF10",1,1,1,1,1,1,1,1,1,1,1,1,1,1,1,1,1,1,1,1,1,1,1,1,1,1,1,1,1,1,1,1,1,1,1,1,1,1,1,1,1,1,1,1,1
"PTHR16064",1,1,3,1,1,1,1,1,1,1,1,1,1,2,2,2,1,1,2,1,1,1,1,3,1,1,1,2,1,1,1,1,1,3,1,1,2,1,2,1,1,1,1,1,1
"PTHR16065",1,1,1,1,1,1,1,1,1,1,1,1,1,1,1,1,1,1,1,1,1,1,1,1,1,1,2,1,1,1,1,1,1,1,1,1,1,1,1,0,1,1,1,1,1
"PTHR16070",2,2,2,2,2,2,2,2,2,2,2,2,2,2,2,2,2,2,2,1,2,2,2,2,2,2,3,1,2,2,2,2,2,2,2,2,2,2,2,2,2,2,2,2,2
"PTHR16071",1,1,1,1,1,1,1,1,1,1,1,1,1,1,1,1,1,1,1,1,1,1,1,1,1,1,1,1,1,1,1,1,1,1,1,1,1,1,2,1,1,1,1,1,1
"PTHR16073",2,4,3,2,4,0,4,2,2,5,1,2,2,4,0,2,1,2,5,2,3,1,2,4,2,2,2,2,1,4,4,0,12,6,0,2,3,2,3,1,6,2,2,0,2
"PTHR16074",1,1,1,1,1,1,1,1,1,1,1,1,1,1,1,1,1,1,1,1,1,1,1,1,1,1,1,1,1,1,1,1,1,1,1,1,1,1,1,1,1,1,1,1,1
"PTHR16076",2,2,2,3,2,2,1,2,2,2,2,2,3,2,1,2,2,3,2,4,2,2,2,2,2,3,2,2,2,2,2,2,2,2,2,2,2,2,2,2,5,2,2,2,3
"PTHR16078",1,1,1,0,1,1,1,0,1,0,1,1,1,1,1,1,0,1,1,1,1,0,1,1,0,1,1,1,1,1,1,0,1,1,1,1,0,0,1,1,0,1,0,1,1
"PTHR16079",1,1,1,1,1,1,1,1,1,1,1,1,1,1,1,1,1,1,1,1,1,1,1,1,1,1,1,1,1,1,1,1,1,1,1,1,1,1,1,1,1,1,1,1,1
"PTHR16082",1,1,1,1,1,1,1,1,1,1,1,1,1,1,1,1,2,1,1,1,1,1,1,1,1,1,1,1,1,1,1,1,1,1,1,1,1,1,1,1,1,1,1,1,1
"PTHR16083",1,1,1,1,1,1,1,1,1,1,1,1,1,1,1,1,1,1,1,3,1,1,1,1,1,1,1,1,1,1,1,1,1,1,1,1,1,1,1,1,1,1,1,1,1
"PTHR16087",1,1,1,1,1,1,1,1,1,1,1,1,1,1,1,1,1,1,1,1,1,1,1,1,1,1,1,1,1,1,1,1,1,1,1,1,1,1,1,1,1,1,1,1,1
"PTHR16088_SF10",1,2,3,2,1,3,2,1,1,1,1,1,1,3,1,2,1,1,2,1,1,1,1,2,1,1,1,2,1,1,2,1,1,3,3,1,2,1,2,1,2,1,1,2,1
"PTHR16089_SF11",1,2,1,2,2,2,2,2,2,1,1,2,2,2,3,2,2,2,2,1,2,2,3,1,2,2,2,2,2,1,1,1,1,2,2,2,2,2,2,1,2,2,1,2,2
"PTHR16089_SF12",2,2,2,2,2,2,2,2,2,2,2,2,2,2,2,2,2,2,2,2,2,2,3,2,2,1,2,2,2,2,2,2,3,2,2,2,2,2,2,3,2,2,2,2,2
"PTHR16089_SF23",1,1,1,1,1,1,1,1,1,1,1,1,1,1,1,1,1,1,1,1,1,1,1,1,1,1,2,1,1,1,1,1,1,1,1,1,1,1,1,1,1,1,1,1,1
"PTHR16089_SF24",1,1,1,1,1,1,1,1,1,1,1,1,1,1,1,1,1,1,1,1,1,1,1,1,1,1,2,1,1,1,1,1,1,1,1,1,1,1,1,1,1,1,1,1,1
"PTHR16091",1,1,1,1,1,1,1,1,1,1,1,1,1,1,1,1,1,1,1,1,1,1,1,1,1,1,1,1,1,1,1,1,1,1,1,1,1,1,1,1,1,1,1,1,1
"PTHR16092_SF19",1,1,1,1,1,1,1,1,1,1,1,1,1,1,1,1,1,1,1,1,1,1,1,1,1,1,1,1,1,1,1,1,1,1,1,1,1,1,1,1,1,1,1,1,1
"PTHR16092_SF8",1,1,1,1,1,1,1,1,1,1,1,1,1,1,2,1,1,1,1,1,1,1,1,1,1,1,1,1,2,1,1,1,1,1,1,1,1,1,1,1,1,1,1,0,1
"PTHR16092_SF9",1,1,1,1,1,1,1,1,1,0,1,1,1,1,1,1,1,0,1,1,1,1,1,1,1,1,1,1,1,1,1,1,1,1,1,1,1,1,1,1,1,1,0,1,1
"PTHR16093",2,2,2,2,3,2,2,2,2,2,2,3,2,2,2,2,2,2,2,1,2,2,2,2,2,2,2,2,2,2,2,2,2,2,2,2,2,2,2,2,2,2,2,2,1
"PTHR16095",2,2,2,2,2,2,2,1,2,2,2,2,2,2,2,2,2,2,2,2,2,2,2,2,2,2,2,2,2,2,2,2,2,2,4,2,2,1,2,2,2,2,2,2,2
"PTHR16096",1,1,1,1,1,1,1,1,1,1,1,1,1,1,1,1,1,1,1,1,1,1,1,1,1,0,1,1,1,1,1,1,1,1,1,1,1,1,1,1,1,1,1,2,1
"PTHR16099",1,1,3,1,1,1,1,1,2,1,1,1,1,1,1,1,1,1,2,0,1,1,1,2,1,1,1,1,1,1,1,1,1,3,1,1,1,1,2,1,2,1,1,1,1
"PTHR16100",2,2,2,2,2,2,2,2,2,2,2,2,2,1,2,2,2,2,2,2,2,0,2,2,2,1,2,1,2,2,2,2,2,2,2,2,0,2,2,2,2,2,1,1,2
"PTHR16103",1,1,0,0,1,1,1,1,1,1,1,1,1,1,1,1,1,1,0,2,1,0,1,0,1,1,1,0,1,1,1,0,1,0,1,1,1,1,1,1,0,1,1,1,1
"PTHR16105",2,2,3,2,2,2,2,2,2,3,2,2,2,2,2,2,2,2,3,2,2,2,2,3,2,2,1,3,2,2,2,2,2,3,3,2,3,2,3,2,3,2,1,3,2
"PTHR16106",2,1,1,1,1,1,1,1,1,1,1,1,1,1,1,1,1,1,1,1,1,1,1,1,1,1,1,1,2,2,1,0,1,1,1,1,1,1,1,1,1,1,1,1,0
"PTHR16108",1,1,1,1,1,0,1,1,1,0,0,1,1,1,1,1,0,1,1,1,1,1,1,1,1,1,1,1,1,1,1,1,1,1,1,1,1,1,1,1,1,1,0,1,0
"PTHR16110",1,1,1,1,1,1,1,1,1,1,1,1,1,1,1,1,1,1,1,1,1,1,1,1,1,1,0,1,1,1,1,1,1,1,1,1,1,1,1,1,1,1,1,1,1
"PTHR16112",2,2,2,2,2,2,2,2,2,2,2,2,2,2,2,2,2,3,2,1,2,2,2,2,2,2,2,2,2,2,2,3,2,2,2,2,2,2,2,2,2,2,2,2,2
"PTHR16116_SF5",1,1,1,1,1,1,0,1,0,1,0,1,1,1,0,1,1,1,1,1,1,1,1,1,0,1,1,1,1,1,1,0,1,1,1,1,1,1,1,1,1,1,1,1,0
"PTHR16119",1,1,1,1,1,1,1,1,1,1,1,1,1,1,0,1,1,1,1,1,1,1,1,1,1,1,2,1,1,1,1,1,0,1,1,1,1,1,1,1,1,1,1,1,1
"PTHR16120",1,1,1,1,1,1,1,1,1,1,1,1,1,1,1,1,1,1,1,1,1,1,1,1,1,1,1,1,1,1,1,1,1,1,1,1,1,1,1,1,1,1,0,1,1
"PTHR16121_SF0",1,1,1,1,1,1,1,1,1,1,1,1,1,1,1,1,1,1,1,2,1,1,1,1,1,1,1,1,1,1,1,1,1,1,1,1,1,1,1,1,1,1,1,1,1
"PTHR16121_SF1",1,1,0,0,1,1,1,1,1,1,1,1,1,0,1,1,1,1,0,1,1,0,1,0,1,1,2,0,1,1,1,0,1,0,1,1,0,1,0,1,0,1,1,1,1
"PTHR16122_SF19",1,1,1,1,1,1,1,1,1,1,1,1,1,1,1,1,1,1,1,2,1,1,1,1,1,1,1,1,1,1,1,1,1,1,1,1,1,1,1,1,1,1,1,1,1
"PTHR16122_SF5",1,1,1,1,1,1,1,1,1,1,1,1,1,1,1,1,1,1,1,1,1,1,1,1,1,1,2,1,1,1,1,1,1,1,1,1,1,1,1,1,1,1,1,1,1
"PTHR16124",1,1,1,1,1,1,1,1,1,1,1,1,1,1,1,1,0,1,1,1,1,1,1,1,1,1,2,1,1,1,1,0,1,1,1,1,1,1,1,1,1,1,1,1,1
"PTHR16125",2,2,2,1,2,2,2,1,1,2,2,2,2,2,2,2,2,2,2,2,2,1,2,2,2,2,2,1,2,2,1,0,2,2,2,2,1,2,2,2,1,2,2,3,1
"PTHR16127_SF10",1,1,1,1,1,1,1,1,1,1,1,1,1,1,1,1,1,1,1,1,1,1,1,1,1,1,1,1,1,1,1,1,1,1,1,1,1,1,1,1,1,1,1,1,1
"PTHR16127_SF12",1,2,1,1,1,1,1,1,1,1,1,1,1,1,1,1,1,1,1,1,1,1,1,1,1,1,1,1,1,1,1,1,1,1,1,1,1,1,1,1,1,1,1,1,1
"PTHR16127_SF14",1,1,1,2,1,1,1,1,1,1,2,1,1,1,1,1,1,1,1,1,2,1,1,1,1,1,1,1,1,1,2,1,1,1,1,1,1,1,3,1,2,2,1,1,3
"PTHR16130",1,1,1,1,1,1,1,1,1,1,1,1,1,1,1,1,1,1,1,1,1,1,1,1,1,1,1,1,1,1,1,1,1,1,1,1,1,1,1,1,1,1,1,1,1
"PTHR16131",1,1,1,1,1,1,2,1,1,1,1,1,1,1,1,1,1,1,1,1,1,1,1,1,1,1,1,1,1,1,1,1,1,1,1,1,1,1,1,1,1,1,1,1,1
"PTHR16133",1,1,1,1,1,1,1,1,1,1,1,1,1,1,2,1,1,1,1,1,1,1,1,1,1,1,1,1,1,1,1,1,1,1,1,1,1,1,1,1,1,1,1,0,1
"PTHR16134",1,1,1,1,1,1,1,1,1,0,0,1,1,1,1,2,1,1,1,1,1,1,1,1,1,1,1,1,1,1,1,1,1,1,1,1,1,1,1,1,1,1,1,1,1
"PTHR16135",1,1,1,1,1,1,1,1,1,0,1,1,1,1,1,1,1,1,1,1,1,1,1,1,1,1,1,1,1,1,1,1,1,1,1,1,1,1,1,1,1,1,1,1,1
"PTHR16138",1,1,1,1,1,1,1,1,1,1,1,1,2,1,1,1,1,1,1,1,1,1,1,1,1,1,1,1,1,1,1,1,1,1,1,1,1,1,1,2,1,1,1,1,1
"PTHR16140_SF2",1,1,1,1,1,1,1,1,1,1,1,1,1,1,1,1,1,1,1,1,1,1,1,1,1,1,1,1,1,1,1,1,1,1,1,1,1,1,1,1,1,1,1,1,1
"PTHR16148_SF4",1,1,2,1,1,1,1,1,1,1,1,1,1,2,1,1,1,1,1,1,1,2,1,1,1,1,1,3,1,1,1,4,2,2,1,1,2,1,2,1,1,1,1,1,1
"PTHR16148_SF5",1,1,1,1,1,1,1,1,1,1,1,1,1,1,2,1,1,1,1,1,1,1,1,1,1,1,1,1,1,1,1,3,1,1,1,1,1,1,1,1,1,1,1,1,1
"PTHR16148_SF6",1,1,1,1,1,1,1,1,1,1,1,1,1,1,1,1,1,1,1,1,1,1,1,1,1,1,1,1,1,1,1,1,1,1,0,1,1,1,1,2,1,1,1,3,1
"PTHR16151",1,1,1,1,1,1,1,1,1,1,1,1,1,1,1,1,1,1,1,1,1,1,1,1,0,1,1,1,1,1,1,1,1,1,1,1,1,1,1,1,1,1,1,1,1
"PTHR16154_SF21",1,1,1,1,1,1,1,1,1,1,1,1,1,1,1,1,1,1,1,1,1,1,1,1,1,1,1,1,1,1,1,1,1,1,1,1,1,1,1,1,1,1,1,1,1
"PTHR16154_SF24",1,1,1,1,1,1,1,1,1,1,1,1,1,1,1,1,1,1,1,1,1,1,1,1,1,1,1,1,1,1,0,1,1,1,1,1,1,1,1,1,1,1,1,1,1
"PTHR16155",1,0,1,0,1,1,1,2,2,2,2,2,1,1,1,2,1,1,1,2,2,0,1,1,1,1,2,0,1,1,2,0,1,1,2,3,0,0,1,2,0,1,0,2,1
"PTHR16156",2,2,2,2,2,2,2,2,2,2,2,2,2,2,4,2,2,2,2,1,2,3,3,2,2,2,2,2,2,2,1,2,2,2,2,2,2,1,2,2,2,2,2,2,2
"PTHR16160",3,3,3,3,3,3,3,3,3,3,3,3,3,3,5,3,3,3,3,4,3,3,3,3,3,3,3,3,3,3,2,3,3,3,3,4,3,3,3,3,3,3,3,3,3
"PTHR16161_SF0",1,1,1,1,1,1,1,1,1,1,1,1,1,1,1,1,1,2,1,1,1,1,1,1,1,1,1,1,1,1,1,0,1,1,1,1,1,1,1,1,1,1,1,1,1
"PTHR16165",4,4,4,4,3,4,3,5,5,9,4,4,2,4,5,4,4,4,3,3,3,3,4,3,6,2,5,4,2,4,5,4,4,3,4,6,4,2,4,7,4,3,4,3,3
"PTHR16166",5,4,3,3,3,3,4,3,3,4,4,3,3,3,3,3,3,4,3,3,3,3,3,3,3,3,5,3,3,3,3,3,3,3,3,3,3,3,3,4,3,3,3,4,4
"PTHR16171",1,2,1,1,1,2,1,2,2,2,2,1,3,1,2,3,2,2,1,2,1,1,2,1,2,1,4,1,1,1,1,1,2,1,1,2,1,1,1,2,1,2,2,4,2
"PTHR16172",2,2,1,1,2,2,2,2,2,2,2,2,2,2,2,2,2,2,1,1,2,2,2,2,2,2,2,1,2,1,2,2,2,1,2,2,2,2,2,2,1,1,1,2,2
"PTHR16181_SF1",1,1,1,1,1,1,1,1,1,1,1,1,1,1,0,1,1,0,1,1,1,1,2,1,1,1,1,1,1,1,1,1,1,1,1,1,1,1,1,1,1,1,1,1,1
"PTHR16181_SF3",1,1,1,1,1,1,1,1,1,1,1,1,1,1,1,1,1,1,1,1,1,1,1,1,1,1,1,1,1,1,1,0,1,1,1,1,1,1,1,1,1,1,1,1,1
"PTHR16181_SF4",1,1,1,1,1,1,1,1,1,1,1,1,1,1,1,1,1,1,1,1,1,1,1,1,1,1,1,1,1,1,1,1,1,1,1,1,1,1,1,1,1,1,1,1,1
"PTHR16181_SF5",1,1,1,1,1,1,1,1,1,1,1,1,1,1,1,1,1,1,1,1,1,1,1,1,1,1,1,1,1,1,1,1,1,1,1,1,1,1,1,1,1,1,1,1,1
"PTHR16181_SF6",1,1,1,1,1,1,1,1,1,1,1,1,1,1,1,1,1,1,1,1,1,1,1,1,1,1,1,1,1,1,0,1,1,1,1,1,1,1,1,1,1,1,1,1,1
"PTHR16181_SF7",1,1,1,1,1,1,1,1,1,1,1,1,1,1,1,1,1,1,1,1,1,1,1,1,1,1,1,1,1,1,1,1,1,1,1,1,1,1,1,1,1,1,1,1,1
"PTHR16181_SF8",1,1,1,1,1,1,1,1,1,0,1,1,1,1,1,2,1,1,1,0,1,1,1,1,1,1,1,1,1,1,0,1,1,1,1,1,1,1,1,1,1,1,1,1,1
"PTHR16181_SF9",1,1,1,1,1,1,1,1,1,1,1,1,1,1,1,1,1,1,1,1,1,1,1,1,1,0,1,1,1,1,1,1,1,1,1,1,1,1,1,1,1,1,1,1,0
"PTHR16184",1,1,1,1,1,1,1,1,1,1,1,1,1,1,1,1,1,1,1,1,1,1,1,1,1,1,1,1,1,1,1,1,1,1,1,1,1,1,1,1,1,1,1,1,1
"PTHR16186",2,2,2,2,2,2,2,2,2,2,2,2,2,3,2,2,2,2,3,2,2,2,2,2,2,2,2,2,2,2,1,2,2,3,2,2,3,2,4,2,2,2,1,2,2
"PTHR16188",4,7,5,4,5,5,7,3,3,2,4,4,4,5,5,4,4,4,5,4,5,4,5,6,4,3,6,4,4,5,3,4,4,7,5,4,7,4,9,5,4,4,3,4,5
"PTHR16189",1,1,1,1,1,1,1,1,1,1,1,1,1,1,1,1,1,1,1,1,1,1,1,1,1,1,1,1,1,1,1,1,1,1,1,1,1,1,1,1,1,1,1,1,1
"PTHR16193",1,1,1,1,1,1,1,1,1,1,1,1,1,1,1,1,1,1,1,1,1,1,1,1,1,1,1,1,1,2,1,1,1,1,1,1,1,1,1,1,1,1,1,1,1
"PTHR16194",1,1,1,2,1,1,1,0,0,2,1,1,1,0,0,1,1,0,1,1,1,1,0,1,0,0,0,0,1,1,1,0,0,1,0,0,1,1,1,0,1,1,1,0,1
"PTHR16195",2,2,2,2,2,2,2,2,2,2,2,2,2,2,3,2,2,2,2,2,2,2,2,2,2,2,2,2,2,3,2,2,2,2,2,2,2,2,2,2,2,2,2,2,2
"PTHR16196",1,1,1,1,1,1,1,1,1,1,1,1,1,1,1,2,1,1,2,2,1,1,1,1,1,1,1,1,1,1,1,1,1,1,1,1,2,1,1,1,1,1,1,1,1
"PTHR16198",1,1,1,1,1,1,1,1,1,1,1,1,1,1,1,2,1,1,1,1,1,1,1,1,1,1,1,1,1,1,1,1,1,1,1,1,1,1,1,1,1,1,1,1,1
"PTHR16199",1,1,1,1,1,1,1,1,1,1,1,1,1,1,1,1,1,1,1,1,1,1,1,1,1,1,1,1,1,1,1,1,1,1,1,1,1,1,1,1,1,1,1,1,1
"PTHR16200",2,2,2,2,2,2,2,2,2,2,2,2,2,2,2,3,2,2,2,2,2,2,2,2,2,2,2,2,2,3,2,2,2,2,2,2,2,2,2,1,2,2,2,2,2
"PTHR16201_SF33",1,1,1,1,0,1,1,0,1,1,1,1,1,1,0,1,1,1,1,1,1,1,1,1,1,1,1,1,1,1,1,0,1,1,2,1,1,1,1,1,1,1,1,1,0
"PTHR16201_SF36",1,1,1,1,1,1,1,1,1,1,1,1,1,1,1,1,1,1,1,1,1,1,1,1,1,1,1,1,1,1,1,1,1,1,1,1,1,1,1,1,1,1,1,2,1
"PTHR16206",3,3,4,4,3,3,3,3,3,3,4,4,3,6,5,4,3,4,4,4,3,4,3,4,3,3,3,5,3,3,5,3,4,4,3,3,5,3,5,3,4,4,4,4,3
"PTHR16207",2,2,2,2,2,2,2,2,2,2,2,2,2,2,2,2,2,2,2,2,2,2,2,2,2,2,2,2,2,2,2,2,2,2,2,2,2,2,2,2,2,2,2,2,2
"PTHR16208",2,2,2,2,2,2,2,2,2,2,2,2,2,2,2,2,2,2,2,2,2,2,2,2,2,2,2,2,2,2,2,2,2,2,2,2,2,2,2,2,2,2,2,3,2
"PTHR16209",3,4,3,3,3,3,3,3,3,2,3,3,3,3,3,3,4,2,3,4,3,3,3,3,3,3,4,2,3,3,2,3,3,3,3,3,4,3,4,4,2,3,3,3,2
"PTHR16212",1,1,1,1,1,1,1,1,1,1,1,1,1,1,1,1,1,1,1,1,1,1,1,1,1,1,2,1,1,1,1,1,1,1,1,1,1,1,1,1,1,1,1,1,1
"PTHR16213_SF32",1,1,1,1,1,1,1,1,1,1,0,1,1,1,1,1,1,1,1,1,1,1,1,1,1,0,1,1,1,1,1,1,1,1,1,1,1,1,1,1,1,1,1,1,1
"PTHR16213_SF39",1,1,1,2,2,1,1,1,1,1,1,1,1,1,1,2,1,1,1,1,0,2,1,1,1,0,1,1,1,1,1,1,1,1,1,1,1,1,1,1,1,1,1,1,1
"PTHR16213_SF43",1,0,0,0,1,1,0,0,0,0,0,1,1,0,0,0,0,1,0,0,0,0,1,0,1,1,1,0,0,1,1,0,1,0,0,1,0,0,0,0,0,0,1,1,1
"PTHR16214",1,1,1,1,1,1,1,1,1,1,1,1,1,1,1,1,1,1,1,1,1,1,1,1,1,1,1,1,1,1,1,1,1,1,1,1,1,1,1,1,1,1,1,1,1
"PTHR16216",1,1,1,1,1,1,1,1,1,2,1,1,1,1,1,1,1,1,1,1,1,1,1,1,1,1,1,1,1,1,0,1,1,1,1,1,1,1,1,1,1,1,1,2,1
"PTHR16219",1,1,1,1,1,1,2,1,1,3,1,1,1,1,1,2,1,1,2,1,1,1,1,1,1,1,1,1,1,0,1,1,1,1,1,1,1,1,1,1,1,1,1,1,1
"PTHR16220",1,1,1,1,1,1,1,1,1,1,1,1,1,1,1,1,1,1,1,1,2,1,1,1,1,1,1,1,1,1,0,1,1,1,1,1,1,1,1,1,1,1,1,2,1
"PTHR16222",1,1,1,1,1,1,1,1,1,1,1,1,1,1,1,1,1,1,1,1,1,1,1,1,1,1,2,1,1,1,1,1,1,1,1,1,1,1,1,1,1,1,1,1,1
"PTHR16223_SF16",1,1,1,1,1,1,1,1,0,1,1,1,1,1,1,2,0,0,1,1,1,1,1,1,1,1,1,1,1,1,1,0,1,1,1,1,1,1,1,1,1,1,1,1,1
"PTHR16224",1,1,1,1,1,1,5,1,1,1,1,1,1,1,1,1,1,1,1,1,1,1,1,2,0,1,1,2,1,1,0,1,1,2,1,1,2,1,3,1,2,1,0,1,1
"PTHR16228",3,3,3,3,3,3,4,3,3,3,3,3,3,3,3,3,3,3,3,4,3,2,3,3,3,3,3,3,3,3,3,3,4,3,3,3,3,3,4,3,3,3,3,3,3
"PTHR16230",1,2,2,1,2,2,2,1,0,2,2,2,2,2,0,2,1,2,4,0,3,1,1,3,1,2,1,1,2,2,1,0,2,4,2,1,2,2,2,1,2,2,0,2,2
"PTHR16231_SF0",1,1,1,1,1,2,1,1,1,1,1,1,1,1,2,1,2,1,1,2,1,2,1,1,1,1,1,1,1,1,1,2,1,1,1,2,1,1,1,1,1,1,1,1,1
"PTHR16231_SF3",1,1,1,1,1,1,1,1,1,2,1,1,1,1,2,2,1,1,1,1,1,1,1,1,1,1,1,1,1,2,1,1,1,1,1,1,1,1,1,1,0,1,1,1,1
"PTHR16234",1,1,1,1,1,1,1,1,1,1,1,1,1,1,0,1,1,1,1,1,1,1,1,1,1,1,1,1,1,1,1,0,1,1,1,1,1,1,1,1,1,1,1,1,1
"PTHR16236",1,2,1,1,1,1,1,1,1,1,1,1,1,1,1,1,1,1,1,1,1,1,1,1,1,1,1,1,1,1,2,1,1,1,1,1,2,1,2,1,1,1,1,2,1
"PTHR16237",1,1,1,1,1,1,1,1,1,1,1,1,1,1,1,1,1,1,1,1,1,1,1,1,1,1,1,1,1,1,1,1,1,1,0,1,1,1,1,1,1,1,1,0,1
"PTHR16238",1,1,2,1,1,1,2,1,1,1,1,1,1,1,1,1,1,1,2,2,1,1,1,1,1,1,1,2,1,1,1,1,4,2,1,2,1,1,1,1,2,1,1,1,1
"PTHR16240",1,1,1,1,1,0,1,1,1,0,1,1,1,1,0,1,1,1,1,1,1,1,1,1,1,1,1,1,1,1,1,1,1,1,1,1,1,1,1,1,1,1,0,2,1
"PTHR16243",1,1,1,1,1,1,1,1,1,1,1,1,1,1,1,1,1,1,1,1,1,1,1,1,1,1,1,2,1,1,1,2,1,1,1,1,1,1,2,1,1,1,1,1,2
"PTHR16244",1,1,1,1,1,1,1,1,1,1,1,1,1,1,1,2,1,1,1,1,1,1,1,1,1,1,1,1,1,1,1,1,1,1,1,1,1,1,1,1,1,1,1,1,1
"PTHR16246",1,1,1,1,1,1,1,1,0,1,1,1,1,1,1,1,1,1,1,1,1,1,1,1,2,0,1,1,1,1,1,1,1,1,1,1,1,1,2,1,1,1,1,1,1
"PTHR16247",1,1,1,1,1,1,1,1,1,0,1,1,1,1,1,1,0,1,1,0,1,1,1,1,1,1,1,1,1,1,0,1,1,1,1,1,1,1,1,1,1,1,1,1,1
"PTHR16253",1,1,1,2,1,1,1,1,1,1,1,1,1,1,1,1,1,1,2,1,1,1,1,2,1,1,1,2,1,1,1,1,1,2,1,1,1,1,2,1,2,1,1,1,1
"PTHR16254_SF14",1,1,1,1,1,1,1,1,1,2,1,1,1,1,1,1,1,1,1,1,1,1,1,1,1,1,2,1,1,1,1,1,1,1,1,1,1,1,1,2,1,1,1,2,1
"PTHR16255",1,1,1,1,1,1,1,0,0,1,1,1,1,1,1,1,1,1,1,1,1,1,1,1,1,1,1,1,1,1,1,1,1,1,1,1,1,1,1,1,1,1,1,1,1
"PTHR16260",3,1,2,1,1,1,1,1,1,1,1,1,1,1,1,1,1,1,1,1,0,0,1,0,1,1,1,1,2,1,1,2,1,1,1,1,1,1,1,1,0,1,1,1,2
"PTHR16262",1,1,1,1,1,1,1,0,1,1,1,1,1,1,1,1,1,1,1,1,1,1,1,1,1,1,1,1,1,1,1,1,1,1,1,1,1,1,2,1,1,1,1,1,1
"PTHR16263",1,1,1,1,1,1,0,1,1,1,1,1,1,1,1,1,1,1,1,1,1,1,1,1,1,1,1,1,1,1,2,1,1,1,1,5,1,1,1,1,1,1,1,1,1
"PTHR16265",1,1,1,1,1,1,1,1,1,1,1,1,1,1,1,1,1,1,1,1,1,1,1,1,1,1,0,1,1,1,1,1,1,1,1,0,1,1,1,1,1,1,1,1,1
"PTHR16266",3,4,4,3,3,3,5,3,4,3,3,3,3,4,4,3,3,3,3,3,4,3,3,4,4,3,3,7,3,3,3,4,3,3,3,3,5,2,6,3,3,3,3,3,4
"PTHR16267",2,2,2,2,2,2,2,2,2,2,2,2,2,2,2,2,2,3,2,0,2,2,2,2,2,2,2,2,2,2,2,2,2,2,2,2,2,2,2,2,2,2,2,2,2
"PTHR16270",1,1,1,1,1,1,1,1,1,1,1,1,1,1,1,1,1,1,1,1,1,1,1,1,1,1,1,1,1,1,1,0,1,1,0,1,1,1,1,1,1,1,1,0,1
"PTHR16271",2,2,2,2,2,1,2,2,2,2,2,2,2,2,1,2,2,2,2,3,2,1,2,2,2,2,2,1,2,1,1,1,2,2,2,2,2,2,2,2,1,2,1,2,2
"PTHR16274",1,1,4,1,1,1,1,1,2,1,1,1,1,2,2,1,1,1,2,1,1,1,1,2,1,1,1,2,1,1,1,1,1,3,1,1,2,1,2,2,1,1,1,1,1
"PTHR16275",1,1,1,1,1,1,1,1,1,1,1,1,1,1,1,1,1,1,1,0,0,1,1,1,1,1,1,1,1,1,0,1,1,1,1,1,1,1,1,2,1,1,1,1,1
"PTHR16276",1,1,1,1,1,1,1,1,1,1,1,3,1,1,1,1,1,1,1,1,1,1,1,1,1,1,2,2,1,1,3,1,1,1,1,1,1,1,1,1,1,1,1,1,1
"PTHR16277",1,2,2,0,1,0,2,2,1,2,2,2,2,2,2,2,1,1,1,2,2,0,3,1,2,2,2,3,2,2,1,1,3,2,3,2,2,2,2,2,0,2,1,3,1
"PTHR16284",1,2,1,2,1,1,3,1,0,1,2,1,1,2,6,1,1,1,2,1,1,1,2,1,1,1,1,2,1,1,1,1,1,2,1,2,2,2,2,2,2,1,1,1,1
"PTHR16286_SF11",1,1,1,1,1,1,1,1,1,1,1,1,1,1,1,1,1,2,1,1,1,1,1,1,1,1,2,1,1,1,1,1,1,1,1,1,1,1,1,1,1,1,1,1,1
"PTHR16286_SF9",1,1,1,1,1,1,1,1,1,1,1,1,1,1,1,1,1,1,1,1,1,1,1,1,1,1,1,1,1,1,1,1,1,1,1,1,1,1,1,1,1,1,1,1,1
"PTHR16288",1,1,1,1,1,1,1,1,1,1,1,1,1,1,1,1,1,1,1,1,1,1,1,1,1,1,1,1,1,1,1,1,1,1,1,1,1,1,1,1,1,1,1,1,1
"PTHR16290_SF1",1,1,1,1,1,1,1,1,1,1,1,1,1,1,1,2,1,1,1,1,1,1,1,1,1,1,1,1,1,1,1,2,1,1,1,1,1,1,1,1,1,1,1,1,2
"PTHR16290_SF2",1,1,1,1,1,1,1,1,1,1,1,1,1,1,1,1,1,1,1,1,1,1,1,1,1,1,1,1,1,1,1,1,1,1,1,1,1,1,1,1,1,1,1,1,1
"PTHR16291",1,1,1,1,1,1,0,1,1,1,1,1,1,1,1,1,1,1,1,1,1,1,1,1,1,1,1,1,1,1,1,1,1,1,1,1,1,1,1,1,1,1,1,1,1
"PTHR16294_SF3",1,1,1,1,1,1,1,1,1,1,1,1,1,1,1,1,1,1,1,1,1,1,1,1,1,1,1,2,2,1,1,1,1,1,1,1,1,1,1,1,1,1,1,1,1
"PTHR16294_SF4",1,1,1,1,1,1,1,1,1,1,1,1,1,1,1,1,1,1,1,1,1,1,1,1,1,1,1,1,0,1,1,1,1,1,1,1,1,1,0,1,2,1,0,1,1
"PTHR16295",2,2,2,2,2,2,2,0,2,3,2,2,1,2,1,2,2,2,2,2,2,2,2,2,1,1,1,2,2,2,2,1,2,2,2,2,2,1,2,2,2,2,2,2,2
"PTHR16296",2,2,2,3,2,3,2,2,2,5,2,2,4,2,4,2,4,1,2,2,2,2,2,2,1,2,2,2,2,2,4,4,2,2,2,2,3,4,2,2,3,2,2,2,2
"PTHR16299",1,1,1,1,1,1,1,1,1,1,1,1,1,1,1,1,1,1,1,1,1,1,1,1,1,1,1,1,1,1,1,1,1,1,1,1,1,1,1,1,1,1,1,1,1
"PTHR16301_SF2",1,1,1,1,1,1,1,1,1,1,1,1,1,1,1,1,1,1,2,1,2,1,1,2,1,1,1,1,1,2,1,1,1,1,1,1,1,1,1,1,1,1,1,2,1
"PTHR16305_SF29",1,1,0,0,1,1,0,0,0,1,1,1,1,0,0,0,1,1,0,1,1,0,0,0,0,1,0,0,1,1,2,0,1,0,2,0,0,0,0,0,0,1,0,0,1
"PTHR16308",2,2,2,3,2,2,2,2,3,4,2,2,2,2,3,2,2,2,2,2,2,2,2,2,2,2,2,2,2,2,2,5,2,2,2,2,2,2,2,2,2,2,2,3,2
"PTHR16311",1,1,1,1,1,1,0,1,1,5,0,0,1,1,1,1,1,1,1,1,1,1,1,1,1,0,0,1,1,1,1,1,1,1,1,1,1,1,1,1,1,1,1,1,1
"PTHR16317",1,1,1,1,1,1,1,1,1,1,1,1,1,1,1,1,1,1,1,1,1,1,1,1,1,1,2,0,1,1,1,2,1,1,1,1,1,1,1,1,1,1,1,1,1
"PTHR16318",1,1,1,1,1,1,1,1,1,1,1,1,1,1,1,2,1,1,1,1,1,1,1,1,2,1,1,1,1,1,1,1,1,0,1,1,1,1,1,1,1,1,1,1,1
"PTHR16320",2,2,1,1,1,2,1,1,1,1,2,2,2,1,1,1,2,1,1,1,2,2,2,1,2,2,2,1,2,2,1,1,2,1,2,2,1,2,1,2,1,2,1,2,1
"PTHR16322",1,1,1,1,1,1,1,1,1,1,1,1,1,1,1,1,1,1,1,1,1,1,1,1,1,1,1,1,1,1,1,1,1,1,1,1,1,1,1,1,1,1,1,2,1
"PTHR16356",1,1,1,1,1,1,1,1,1,1,1,4,1,1,1,1,1,1,1,1,1,1,1,1,1,1,1,1,1,1,1,1,1,1,1,1,1,1,1,1,1,1,2,1,1
"PTHR16399",6,5,5,4,5,5,6,4,3,5,6,6,5,6,3,8,4,6,6,8,5,4,9,6,4,4,5,6,3,5,4,3,5,6,5,9,6,4,6,5,3,6,4,3,4
"PTHR16423",3,1,3,2,3,1,4,1,3,3,3,4,4,3,1,3,1,4,3,6,2,3,10,3,3,3,3,3,3,1,2,0,4,3,4,5,3,2,6,5,3,2,1,6,3
"PTHR16426_SF14",1,1,1,1,1,1,1,1,1,1,1,1,1,1,1,1,1,1,1,1,1,1,1,1,1,1,1,1,1,1,1,1,1,1,1,1,1,1,1,1,1,1,1,1,1
"PTHR16426_SF15",1,1,1,1,1,1,1,1,1,1,1,1,1,1,1,1,1,1,1,2,1,1,1,1,1,1,1,1,1,1,1,1,1,1,1,1,1,1,1,1,1,1,1,1,1
"PTHR16431",2,2,3,2,2,2,3,2,2,2,3,3,2,2,2,2,2,2,2,1,2,3,2,2,2,2,2,2,2,2,2,1,2,2,2,2,2,2,2,2,2,2,2,2,2
"PTHR16433_SF0",1,1,0,0,0,1,1,1,1,1,1,1,1,1,1,1,1,1,0,1,0,0,1,0,1,1,1,1,1,1,1,1,1,0,1,1,1,1,1,1,1,0,0,2,1
"PTHR16434",1,1,1,1,1,1,1,1,1,1,1,1,1,1,0,1,1,1,1,1,1,1,1,1,1,1,1,1,1,1,1,0,1,1,1,1,1,1,1,1,1,1,1,1,1
"PTHR16435",2,1,2,2,2,2,2,3,2,2,2,2,2,2,2,2,2,2,2,2,2,2,2,2,2,2,2,2,2,2,2,2,2,2,2,2,2,2,2,2,2,2,2,2,2
"PTHR16441",1,1,1,1,1,1,1,1,1,1,1,1,1,1,1,1,1,1,1,1,1,1,1,1,1,1,2,1,1,1,1,1,1,1,1,1,1,1,1,1,1,1,1,1,1
"PTHR16442",1,1,1,1,1,1,1,1,0,1,1,1,1,1,1,1,1,0,1,1,1,1,1,1,1,1,1,1,1,1,1,1,1,1,1,1,1,1,1,1,1,1,1,1,1
"PTHR16445",1,1,1,1,1,1,1,1,0,1,1,1,0,1,1,1,1,1,1,1,1,1,1,1,0,1,1,1,1,1,1,0,1,1,0,1,1,0,1,1,0,1,0,0,1
"PTHR16450",1,1,0,0,1,1,1,0,0,1,1,1,1,1,0,1,0,1,1,1,1,0,1,1,1,0,1,0,1,1,1,0,1,0,1,1,1,1,1,1,0,1,1,2,1
"PTHR16451",2,2,2,3,2,2,2,2,2,3,2,2,2,2,3,3,2,2,2,2,2,2,2,2,2,2,3,2,2,2,4,2,2,2,2,2,2,2,2,2,2,3,2,3,2
"PTHR16453",1,1,1,1,1,1,1,1,1,1,1,1,1,1,2,1,1,1,1,1,1,1,1,1,1,1,1,1,1,1,1,2,1,1,1,1,1,1,1,1,1,1,1,1,1
"PTHR16458",1,2,1,1,1,1,1,1,1,1,1,1,1,1,1,1,1,1,1,1,1,1,1,1,1,1,1,1,1,1,1,1,1,1,1,1,1,1,1,2,1,1,1,1,2
"PTHR16461_SF5",1,1,1,1,1,1,1,1,1,1,1,1,1,1,1,1,1,1,1,0,1,1,1,1,1,1,1,1,1,2,1,1,1,1,1,1,1,1,1,1,1,1,1,1,1
"PTHR16463_SF1",1,2,1,1,1,1,2,1,1,1,1,1,1,1,1,1,1,1,1,1,1,1,1,1,1,1,1,1,0,1,2,2,0,1,1,2,1,1,2,1,1,1,1,2,1
"PTHR16465",1,1,1,1,1,1,1,1,1,1,1,1,1,1,1,1,1,1,1,1,1,1,1,1,1,1,1,1,1,1,1,1,1,1,1,1,1,1,1,1,1,1,1,1,1
"PTHR16466",1,1,1,1,1,2,1,1,1,1,1,1,1,1,1,1,1,1,1,1,1,1,1,1,1,1,1,1,1,1,1,1,2,1,0,1,1,1,1,1,1,1,1,1,1
"PTHR16469_SF24",1,1,1,1,1,1,1,1,1,1,1,2,1,1,1,1,1,1,1,1,1,1,1,1,1,1,1,1,1,1,1,1,1,1,1,1,1,1,1,1,1,1,1,1,1
"PTHR16469_SF7",1,1,1,1,1,1,1,1,1,1,1,1,1,1,1,1,1,1,1,1,1,1,1,1,1,1,1,1,1,1,1,1,1,1,1,1,1,1,1,1,1,1,1,1,1
"PTHR16470",1,1,1,2,2,1,2,1,1,1,1,1,1,1,1,1,1,1,1,1,1,1,1,1,1,1,1,2,1,1,1,2,2,2,1,1,1,1,2,1,2,1,1,1,2
"PTHR16476",2,2,2,3,2,2,2,1,1,2,2,2,2,2,3,2,1,2,2,2,2,2,2,2,2,2,2,2,2,2,1,1,1,2,1,2,2,2,2,2,2,2,2,1,2
"PTHR16477",1,1,1,1,1,1,1,1,1,1,1,1,1,1,1,1,1,1,1,0,1,1,1,1,1,1,1,1,1,1,0,1,1,1,1,1,1,1,1,1,1,1,1,1,1
"PTHR16483",3,4,3,3,3,4,4,4,4,4,4,4,3,3,4,4,4,4,3,5,4,3,4,3,4,2,3,3,3,4,3,4,4,3,3,4,3,3,3,4,4,4,3,4,3
"PTHR16484",5,3,2,2,2,2,2,2,2,3,2,2,2,2,2,2,2,6,2,5,2,3,2,2,2,3,5,3,2,2,2,2,2,2,2,2,2,2,2,2,3,2,2,2,2
"PTHR16485",2,2,1,2,2,2,2,2,3,1,2,2,2,2,2,2,2,2,2,2,2,2,2,2,2,2,2,2,2,2,1,3,2,2,2,2,2,2,2,2,2,2,2,2,2
"PTHR16489",2,2,2,2,2,2,2,2,1,2,1,1,2,2,2,2,1,2,2,2,2,2,2,2,2,2,2,2,1,2,2,1,2,2,1,2,2,1,2,2,2,2,2,2,2
"PTHR16500_SF2",1,1,1,1,1,1,1,1,1,1,1,1,1,1,1,1,1,1,1,1,1,1,1,1,1,1,1,1,1,1,1,1,1,1,1,1,2,1,1,1,1,1,1,1,1
"PTHR16501",1,2,3,2,1,3,1,2,1,4,1,1,1,2,5,1,2,1,4,1,1,3,1,4,1,1,2,3,1,1,3,5,2,2,1,1,2,1,3,2,1,2,1,1,1
"PTHR16502",1,1,1,1,1,1,1,1,1,7,1,1,1,2,1,1,1,1,1,1,1,1,1,1,1,1,1,2,1,1,1,1,2,1,1,1,1,1,2,1,1,1,1,1,1
"PTHR16504",2,2,2,2,2,2,2,1,2,2,2,2,2,2,2,2,2,2,2,1,2,2,2,2,2,2,2,2,2,2,1,2,2,2,2,2,2,2,2,2,2,2,2,2,2
"PTHR16505_SF2",1,1,1,1,1,1,1,1,1,1,1,1,1,1,1,1,1,1,1,1,1,1,1,1,1,0,1,1,1,0,1,1,1,1,1,1,1,1,1,1,1,1,1,1,1
"PTHR16505_SF7",1,1,1,0,1,1,1,1,1,1,1,1,1,1,1,1,1,1,1,1,1,1,1,1,1,1,1,1,1,1,1,1,1,1,1,1,1,1,1,1,2,1,1,1,1
"PTHR16509",1,1,1,1,1,1,1,1,2,1,1,1,1,1,1,1,1,1,1,1,1,1,1,1,1,1,1,1,1,1,1,2,1,1,1,1,1,1,1,1,1,1,1,1,1
"PTHR16510",1,1,1,1,1,1,1,0,0,1,1,1,1,1,0,1,0,1,1,1,1,1,1,1,1,1,1,1,1,1,1,0,1,1,1,1,1,1,1,1,1,1,1,1,1
"PTHR16514",2,2,2,2,2,2,2,1,1,4,2,2,2,2,2,2,2,2,2,2,2,2,2,2,2,2,2,2,2,2,2,1,2,2,2,2,2,3,2,2,2,2,2,2,2
"PTHR16515_SF3",1,1,1,1,1,1,1,1,1,1,1,1,1,1,1,1,1,1,1,1,1,1,1,1,1,1,1,1,1,1,1,1,1,1,1,1,1,1,1,1,1,1,1,1,1
"PTHR16515_SF8",1,0,1,0,0,0,0,0,0,0,0,0,0,1,0,0,0,0,0,0,0,0,0,0,0,0,0,1,0,0,1,0,0,0,0,0,0,0,0,0,1,0,0,0,0
"PTHR16515_SF9",1,2,1,2,0,2,1,1,0,1,0,1,1,1,0,2,0,0,1,1,1,1,1,2,1,1,1,0,1,5,2,1,2,2,1,1,1,1,2,1,0,1,1,0,0
"PTHR16516",2,1,1,1,2,1,2,2,2,1,1,2,2,1,1,2,2,2,1,2,1,1,2,1,2,1,2,1,2,1,1,2,2,1,2,2,2,1,1,2,1,2,0,2,2
"PTHR16517_SF1",1,1,1,1,1,1,1,1,1,1,1,1,1,1,1,1,1,1,1,1,1,1,1,1,1,1,3,1,1,1,1,1,1,1,2,1,1,1,1,1,1,1,1,1,1
"PTHR16517_SF12",1,1,1,1,1,1,1,1,1,1,1,1,1,1,1,1,1,1,1,0,1,1,1,1,1,1,1,1,1,1,1,0,1,1,0,1,1,1,1,1,1,1,1,1,1
"PTHR16517_SF2",1,1,1,1,1,1,1,1,1,1,1,1,1,1,1,1,1,1,1,1,1,1,1,1,1,1,1,1,1,1,1,1,1,1,1,1,1,1,1,1,1,1,1,2,1
"PTHR16517_SF20",1,1,1,1,2,1,1,1,1,1,1,1,2,1,1,1,1,1,1,1,1,2,1,1,1,1,1,1,2,1,1,1,1,1,1,2,1,1,1,1,1,1,1,1,1
"PTHR16517_SF24",1,1,1,1,1,1,0,1,0,1,1,1,1,1,1,1,1,1,1,1,1,1,1,1,1,1,1,1,1,1,1,0,1,1,1,2,1,1,1,1,1,1,1,1,1
"PTHR16517_SF26",1,1,1,1,1,1,1,1,1,1,1,1,1,1,1,1,1,1,1,1,1,1,1,1,1,1,1,1,1,1,1,1,1,1,1,1,1,1,1,1,1,1,1,2,1
"PTHR16518",2,2,2,2,2,2,2,2,2,1,2,2,2,2,2,2,2,2,2,2,2,2,2,2,2,2,2,2,2,2,1,2,2,2,2,2,2,2,2,2,2,2,2,2,2
"PTHR16520",1,1,1,1,1,1,1,1,1,1,1,1,1,1,1,1,1,2,1,1,1,1,1,1,2,1,1,1,1,1,1,0,0,1,1,1,1,0,1,2,1,2,1,1,1
"PTHR16521",1,1,1,1,1,1,1,1,1,1,1,1,1,1,1,1,1,1,1,0,1,1,1,1,1,1,1,1,1,1,1,1,1,1,1,1,1,1,1,1,0,1,0,1,1
"PTHR16523",1,1,1,4,1,4,2,2,2,2,1,1,1,4,6,1,4,1,3,1,1,6,1,4,3,2,2,3,1,2,3,8,1,5,2,4,4,1,3,1,1,1,1,1,1
"PTHR16524",1,1,1,1,1,1,1,1,1,1,1,1,1,1,1,1,1,1,1,1,1,1,1,1,1,1,1,1,1,1,1,1,0,1,0,1,0,1,1,1,1,1,1,1,1
"PTHR16525",1,1,1,1,1,1,2,1,1,1,1,1,1,1,1,1,1,1,1,1,1,1,1,1,1,1,1,1,1,2,1,3,1,1,1,1,1,1,1,1,1,1,1,1,2
"PTHR16528",1,1,1,2,1,1,1,1,1,1,1,1,1,1,1,2,1,1,1,1,1,1,1,1,1,1,1,1,1,1,1,1,1,1,1,1,1,1,1,2,1,1,1,1,1
"PTHR16529",3,3,3,3,3,3,4,2,3,2,3,5,3,4,2,3,0,2,3,4,3,4,5,3,1,2,4,3,3,3,1,2,3,5,1,3,3,2,4,13,3,3,2,2,3
"PTHR16537",1,1,1,1,1,1,1,1,1,1,1,1,1,1,1,1,1,1,1,1,1,1,2,1,1,1,1,1,1,1,0,1,1,1,1,1,1,1,1,1,1,1,1,1,1
"PTHR16551",2,2,2,2,2,2,2,2,2,2,2,2,2,2,2,2,2,2,2,2,2,2,2,2,2,2,2,1,2,3,2,2,1,2,1,2,2,2,2,2,1,1,2,2,2
"PTHR16557",1,1,1,1,1,1,1,1,1,1,1,1,1,1,1,1,2,1,1,1,1,1,1,1,1,1,1,1,1,1,1,0,1,1,1,1,1,1,1,1,1,1,1,1,1
"PTHR16560",1,1,1,1,0,1,1,1,1,1,1,1,1,1,1,1,1,1,1,1,1,1,1,1,1,1,1,1,1,1,0,1,1,1,1,1,1,1,1,1,1,1,1,1,1
"PTHR16565",1,0,0,1,1,0,1,0,1,1,0,0,0,2,1,1,0,1,1,0,1,1,1,1,1,1,1,0,1,0,1,1,1,1,0,0,1,0,2,3,0,0,0,0,1
"PTHR16566",1,1,1,1,1,1,1,1,1,1,1,1,1,1,1,2,0,1,1,0,1,1,2,1,1,1,1,0,1,1,1,1,0,1,1,1,1,1,0,1,1,1,1,1,1
"PTHR16592",3,2,2,2,2,2,2,2,2,5,2,2,2,2,2,2,2,2,2,2,2,2,2,2,2,2,2,2,2,2,2,2,2,2,2,2,2,2,2,1,2,2,2,3,3
"PTHR16617",1,1,1,2,1,2,1,1,1,1,1,1,1,1,1,1,1,1,1,1,1,1,1,1,1,0,1,1,1,1,2,1,1,1,1,1,1,1,1,1,2,1,1,1,1
"PTHR16650",3,2,2,2,1,2,2,1,2,2,2,2,2,2,2,2,1,2,2,2,2,3,2,2,2,2,3,2,2,2,2,2,2,2,2,2,2,2,2,2,2,2,2,2,2
"PTHR16655",1,1,1,1,1,1,1,1,1,1,1,1,1,1,1,1,1,1,1,1,1,1,1,1,1,1,1,1,1,1,1,1,1,1,1,1,1,1,1,1,1,1,1,1,1
"PTHR16656",1,1,0,0,0,0,0,0,0,1,0,1,0,0,0,0,0,0,0,1,0,0,2,0,1,0,1,0,0,1,0,0,0,0,0,1,0,0,0,2,0,0,0,0,0
"PTHR16674",1,1,1,1,1,1,1,1,1,1,1,1,1,1,1,1,1,1,1,1,1,1,1,1,1,1,1,1,1,1,1,1,1,1,1,1,1,1,1,1,1,1,1,1,1
"PTHR16675",20,45,28,33,12,65,50,11,27,74,35,37,24,23,5,72,31,26,41,77,35,13,43,42,24,21,22,20,28,52,24,11,34,46,37,56,24,29,26,39,24,21,6,35,21
"PTHR16677",1,1,1,1,1,1,1,1,1,1,1,1,1,1,1,1,1,1,1,2,1,1,1,1,1,1,2,1,1,1,1,1,1,1,1,1,1,1,1,1,1,1,1,1,1
"PTHR16684",1,1,1,1,1,1,1,1,1,1,1,1,1,2,0,1,1,1,1,1,1,1,1,1,1,1,1,2,1,1,1,0,1,1,1,1,2,1,2,1,1,1,1,1,1
"PTHR16703",1,1,1,1,1,1,1,1,1,1,1,1,1,1,1,1,1,1,1,1,1,1,1,1,1,1,1,1,1,1,1,1,1,1,0,1,0,1,2,1,2,0,1,1,1
"PTHR16705",4,4,4,4,4,4,4,4,4,4,4,4,4,4,4,4,4,4,4,3,3,4,4,4,4,3,4,4,4,4,4,4,4,4,4,4,4,4,4,4,4,4,3,5,4
"PTHR16716",2,6,5,2,6,5,3,1,1,2,2,1,2,3,2,2,1,2,4,3,1,3,2,4,1,1,4,3,4,2,4,13,3,4,1,3,2,2,3,2,1,1,2,3,4
"PTHR16717",1,3,2,1,3,2,2,2,2,3,2,2,2,1,1,3,2,2,1,1,1,1,2,1,2,0,2,1,2,1,2,3,2,1,1,2,2,2,2,2,1,1,1,0,3
"PTHR16736",3,3,2,3,2,3,3,3,3,3,3,1,2,2,3,3,3,3,3,3,2,1,3,3,3,1,2,2,3,2,2,1,3,3,2,3,3,3,3,3,2,2,1,2,3
"PTHR16742",2,2,2,0,2,2,2,1,0,2,2,3,2,2,0,2,0,2,2,2,2,2,3,2,2,1,0,2,2,2,1,0,2,2,0,1,2,2,2,2,1,2,2,0,2
"PTHR16757",1,1,1,1,1,1,1,1,1,1,1,1,1,1,1,1,1,1,1,0,1,1,1,1,1,1,1,1,1,0,1,1,1,1,1,1,1,1,1,1,1,1,0,3,1
"PTHR16768",2,2,2,2,2,2,2,2,2,2,2,2,2,2,2,2,3,2,2,2,2,2,2,2,2,2,2,2,2,2,2,2,2,2,2,2,2,2,2,2,2,2,2,2,2
"PTHR16770_SF2",1,1,1,1,1,1,1,1,0,1,1,1,1,1,1,1,1,1,1,1,1,1,1,1,1,1,1,1,1,1,1,0,1,1,1,1,1,1,1,1,1,1,1,1,1
"PTHR16770_SF3",1,1,1,1,1,1,1,1,0,1,1,1,1,1,0,1,1,1,1,1,1,1,1,1,1,1,1,1,1,1,1,0,1,1,0,0,1,1,1,1,1,1,1,0,1
"PTHR16770_SF4",1,1,1,1,1,1,1,1,0,1,0,1,1,1,0,1,1,0,1,0,1,1,1,1,1,1,1,1,1,1,1,0,1,1,0,1,1,1,1,1,0,0,1,0,0
"PTHR16776",1,1,1,1,1,1,1,1,1,1,1,1,1,2,1,1,1,1,1,1,1,1,1,1,1,1,1,1,1,1,1,1,1,1,1,1,1,1,1,1,1,1,1,2,1
"PTHR16777",1,1,1,1,1,1,1,1,1,1,1,1,1,1,1,1,2,1,1,1,1,1,1,1,1,1,1,1,1,1,1,2,1,1,1,1,1,1,1,1,1,1,1,1,1
"PTHR16784",1,1,1,1,1,1,1,1,1,1,1,1,1,1,1,1,1,1,1,1,1,1,1,1,1,1,1,1,1,1,1,1,1,1,1,1,1,1,1,1,1,1,1,1,1
"PTHR16788",1,1,1,0,1,0,2,0,0,1,1,1,1,2,0,2,0,2,0,1,2,0,1,0,0,1,1,2,2,2,2,0,1,1,1,2,2,1,2,3,0,1,0,1,1
"PTHR16795",2,2,2,2,2,2,2,2,2,2,2,2,2,2,2,2,2,2,2,2,2,2,2,2,2,2,2,2,2,2,2,2,2,2,2,2,2,2,2,2,2,2,2,2,2
"PTHR16797",1,2,0,2,1,2,1,0,1,1,1,2,2,1,1,3,1,1,0,1,2,2,1,0,1,0,1,1,1,1,0,1,2,3,1,1,0,1,3,1,0,2,1,1,0
"PTHR16798",1,1,1,1,1,1,0,1,1,1,1,1,1,1,2,1,1,1,1,1,1,1,1,1,1,1,2,1,1,1,1,1,1,1,1,1,1,1,1,1,1,1,1,0,1
"PTHR16803",1,1,1,1,1,1,1,1,1,1,2,2,1,1,1,1,1,1,1,1,1,1,1,1,1,1,1,1,1,1,1,1,0,1,1,1,1,1,1,1,1,1,1,1,1
"PTHR16821_SF0",1,1,3,2,1,1,2,1,1,1,1,2,1,2,1,2,2,1,2,1,1,1,1,2,1,1,1,3,1,1,1,1,2,2,2,2,2,1,2,1,2,1,1,1,1
"PTHR16830",2,3,3,3,2,2,3,3,3,3,2,3,3,3,2,3,2,3,3,3,3,3,3,3,3,2,3,3,1,3,3,1,3,3,1,3,3,3,3,3,3,3,3,1,3
"PTHR16833",1,1,1,1,1,1,2,1,1,1,1,1,1,1,3,1,2,1,1,1,1,1,1,1,1,1,1,1,1,1,1,1,1,1,1,1,1,1,1,1,1,1,1,1,1
"PTHR16839",1,1,1,1,1,1,1,1,1,1,1,1,1,1,1,1,1,0,1,2,1,1,1,1,1,1,1,1,1,1,0,1,1,1,1,1,1,1,1,1,1,1,1,1,1
"PTHR16840",1,1,0,1,1,1,1,0,0,1,1,1,1,1,1,1,0,0,1,0,1,1,1,1,1,0,1,0,1,0,0,0,1,1,1,1,1,1,1,1,0,0,0,1,0
"PTHR16852",2,1,1,1,1,1,1,1,1,1,1,0,0,1,1,1,1,1,1,1,1,1,1,0,1,1,1,1,1,1,0,1,1,1,1,1,1,1,1,1,1,0,1,1,1
"PTHR16866",2,1,2,2,2,2,2,2,2,2,2,2,2,2,2,2,2,2,2,3,2,2,2,2,2,2,2,2,2,1,2,2,1,2,2,2,2,2,2,2,2,2,1,2,2
"PTHR16875",1,1,2,3,1,1,4,2,2,1,0,1,1,3,3,1,1,0,1,2,2,2,1,2,1,0,1,1,1,1,1,3,1,3,1,1,1,1,2,1,2,1,1,1,2
"PTHR16877",1,1,1,1,1,1,1,1,1,1,1,1,1,1,1,1,1,0,1,1,1,1,2,1,1,0,1,1,1,1,1,1,0,1,0,1,1,1,1,1,1,1,1,0,2
"PTHR16897",1,1,2,2,1,1,1,1,1,1,1,1,1,1,1,1,1,1,2,1,1,1,1,2,1,1,1,1,1,1,1,1,1,2,1,1,1,1,1,1,1,1,1,1,1
"PTHR16915",1,1,0,1,1,1,1,1,1,1,1,1,1,0,1,6,1,1,1,0,1,1,1,1,1,1,1,1,1,1,1,1,1,1,1,1,0,1,0,1,1,1,1,1,1
"PTHR16922",1,0,1,1,1,1,1,1,1,1,1,1,1,1,1,1,1,1,1,0,1,1,1,1,1,1,1,1,1,1,0,1,1,1,1,1,1,1,1,1,1,1,1,1,0
"PTHR16926",1,1,1,1,1,0,1,1,1,0,1,1,1,1,1,1,1,1,1,0,1,1,1,1,1,1,1,1,1,1,1,1,1,1,0,1,1,1,1,1,1,1,1,0,1
"PTHR16932_SF19",1,1,1,1,1,1,1,0,0,0,1,1,1,1,0,1,0,2,1,1,1,1,0,1,0,1,0,1,1,1,0,0,1,1,0,0,1,1,2,0,1,1,1,0,1
"PTHR16932_SF2",1,4,1,1,1,5,1,2,2,4,3,3,1,1,3,2,2,2,1,2,1,1,3,1,1,2,1,1,2,4,3,1,2,2,0,3,1,1,1,2,1,1,3,0,0
"PTHR16943",1,1,1,1,1,1,1,1,1,0,1,1,1,1,1,1,1,1,1,1,1,1,1,1,1,1,1,1,1,1,1,1,1,1,1,1,1,1,1,1,1,1,1,1,1
"PTHR16950_SF16",1,1,1,1,1,1,1,1,1,1,1,1,1,1,1,1,1,1,1,1,1,1,1,1,2,1,1,1,1,1,1,1,1,1,2,1,1,1,1,1,1,1,1,2,1
"PTHR16950_SF5",2,1,1,1,1,1,1,1,1,1,1,1,2,1,1,6,1,1,1,1,1,1,1,1,1,1,1,1,1,1,1,1,1,1,0,1,1,1,1,1,1,1,1,0,1
"PTHR16955",1,1,1,0,0,1,1,1,1,1,0,1,1,1,1,1,1,0,1,0,1,1,2,1,0,0,1,1,1,1,1,1,0,1,1,1,1,1,1,1,1,1,1,1,0
"PTHR16967",1,2,1,2,1,1,3,1,1,1,0,1,2,1,1,1,1,1,1,1,1,0,1,2,1,1,1,1,1,1,1,1,2,3,1,1,1,1,1,4,1,1,1,1,1
"PTHR16968",1,0,1,0,1,1,0,0,1,0,1,1,1,1,1,1,0,1,1,0,0,0,1,0,1,0,0,0,1,1,1,1,1,1,0,0,1,1,1,1,0,0,1,2,1
"PTHR16982_SF2",1,1,1,1,1,0,1,1,1,1,1,1,1,1,1,1,1,0,1,0,1,1,1,1,1,0,1,1,1,1,0,1,1,1,1,1,1,1,1,1,1,1,1,1,1
"PTHR16982_SF5",1,1,1,1,0,1,1,2,1,0,1,1,1,1,0,2,1,1,1,1,1,1,2,1,1,1,2,1,1,1,0,0,1,1,1,2,1,1,1,2,1,1,1,1,1
"PTHR16983",3,3,3,3,3,1,4,4,3,2,3,3,3,3,4,5,1,2,3,0,3,3,3,4,3,3,2,3,2,2,1,4,3,4,1,3,3,3,3,3,3,3,3,1,4
"PTHR17005",1,3,1,2,1,4,1,1,1,1,1,1,2,1,1,1,1,2,1,1,1,1,1,1,2,1,1,1,1,3,1,5,1,1,1,1,1,2,1,1,2,1,1,2,3
"PTHR17008",1,1,1,1,1,1,1,1,1,1,1,1,1,1,1,1,1,1,1,1,1,1,1,1,1,1,1,1,1,1,1,0,1,1,1,1,0,1,2,1,1,1,1,1,1
"PTHR17028",2,2,0,0,2,2,2,2,2,2,2,2,2,1,2,3,2,2,0,1,1,0,2,0,2,2,2,2,2,2,2,2,2,0,2,2,2,2,2,2,0,1,2,2,2
"PTHR17039_SF0",1,2,1,2,1,1,1,1,1,1,1,1,1,1,1,1,1,1,1,1,1,1,1,1,2,1,1,1,1,1,1,2,1,1,1,1,1,1,1,1,2,1,0,1,1
"PTHR17045",2,3,2,2,2,2,4,2,2,2,3,2,3,2,2,3,2,3,2,2,3,2,3,2,3,2,3,2,3,3,3,3,3,2,3,3,2,3,3,3,2,3,2,4,1
"PTHR17068",2,11,2,0,3,11,2,2,2,2,2,2,2,3,2,2,2,2,3,2,2,0,3,3,2,1,3,2,2,22,2,2,2,3,4,2,3,2,3,3,0,10,1,3,2
"PTHR17070",1,1,1,1,1,1,2,1,1,1,1,1,1,1,1,1,1,1,1,1,1,1,1,1,1,0,1,1,1,1,0,1,1,1,1,1,1,1,3,1,1,0,1,0,0
"PTHR17085",1,1,1,2,1,3,2,1,1,1,1,1,1,3,1,1,1,1,3,1,1,1,1,3,1,1,1,3,1,2,2,1,2,3,1,1,3,1,3,1,1,1,1,1,1
"PTHR17097",1,2,1,1,3,2,1,1,1,2,1,1,1,1,1,1,1,2,1,1,0,1,1,1,1,1,1,1,3,0,1,1,1,1,4,1,1,2,1,1,1,0,1,1,2
"PTHR17098_SF2",1,2,1,3,2,1,5,1,0,1,0,1,2,1,0,1,1,1,1,1,1,2,1,1,1,2,3,1,2,0,2,4,0,1,3,1,1,1,1,2,1,1,0,1,2
"PTHR17103",4,4,4,4,4,4,4,4,3,3,4,4,4,4,4,4,4,4,4,3,4,4,4,4,4,4,5,3,4,4,3,4,4,4,4,4,4,4,5,4,3,4,4,4,4
"PTHR17117",1,1,1,2,1,1,1,1,1,1,1,1,1,1,1,1,1,1,1,1,1,1,1,1,1,1,2,1,2,1,0,1,1,1,2,1,1,1,1,2,1,1,1,1,2
"PTHR17125",1,1,1,1,1,1,1,1,1,0,1,1,1,1,1,1,1,1,1,1,1,1,1,1,1,1,1,1,1,1,1,1,1,1,1,1,1,1,1,1,1,1,1,1,1
"PTHR17130_SF18",1,1,1,1,1,2,1,1,1,1,1,1,1,1,1,2,1,1,1,1,1,1,2,1,1,1,2,1,1,2,2,1,1,1,1,3,1,1,1,1,1,1,1,2,1
"PTHR17130_SF7",1,1,1,1,1,1,1,1,1,1,1,1,1,1,1,1,1,1,1,1,1,1,1,1,1,1,1,1,1,1,1,1,1,1,1,1,1,1,1,1,1,1,1,1,1
"PTHR17149",1,2,1,1,2,2,2,2,2,1,2,2,2,1,1,2,2,1,1,1,1,1,2,1,2,0,2,1,2,2,2,0,1,1,2,2,1,2,1,3,1,1,1,2,2
"PTHR17178",2,1,1,1,1,1,1,1,1,1,1,1,1,1,1,1,0,1,1,1,1,1,1,1,0,0,1,1,1,1,1,1,1,1,0,1,1,1,1,1,1,1,1,0,1
"PTHR17204_SF21",1,1,1,1,1,1,1,1,1,1,1,1,1,1,1,1,1,1,1,1,1,1,1,1,1,1,2,1,1,1,1,1,1,1,1,1,1,1,1,1,1,1,1,2,1
"PTHR17206",1,1,1,1,1,1,1,1,1,1,1,1,1,1,1,1,1,1,1,1,1,1,1,1,1,1,1,1,1,1,1,1,1,1,0,1,1,1,1,1,1,1,1,1,1
"PTHR17223",1,1,1,1,1,1,1,1,1,1,1,1,1,1,1,1,1,1,1,1,1,1,1,1,1,1,1,1,1,1,1,1,1,1,1,1,1,1,1,0,1,1,1,1,1
"PTHR17224",1,1,1,1,1,1,1,1,1,1,1,1,1,1,1,1,1,1,1,1,1,1,1,1,1,1,1,1,1,1,1,1,1,1,1,1,1,1,1,1,1,1,1,2,1
"PTHR17250",1,1,1,1,1,1,1,1,1,2,1,1,1,1,1,6,1,1,2,5,1,1,1,1,1,1,1,1,1,1,1,1,1,1,1,1,1,1,1,1,1,1,1,1,1
"PTHR17271_SF10",1,2,1,1,1,1,1,1,1,1,1,3,1,1,1,1,1,1,1,1,1,1,1,1,1,1,1,1,1,1,2,1,1,1,1,1,1,1,1,1,1,1,1,1,1
"PTHR17271_SF9",1,1,1,1,1,1,1,1,1,1,1,1,1,2,3,1,1,1,1,1,1,1,1,1,1,1,1,2,1,1,1,1,1,1,1,1,2,1,2,1,1,1,1,1,1
"PTHR17314",1,1,1,1,0,1,1,1,0,0,1,0,0,1,1,1,1,0,1,0,1,0,1,1,1,0,0,1,1,1,1,1,1,1,0,1,1,1,1,1,1,1,1,0,1
"PTHR17357",1,1,1,1,1,1,1,1,1,1,1,1,1,1,1,1,1,1,1,1,1,1,1,1,1,1,1,1,1,1,2,1,1,1,1,1,1,1,1,1,1,1,1,1,1
"PTHR17384",1,1,1,1,1,1,0,0,1,1,0,0,1,1,0,1,0,1,1,1,1,1,1,1,0,1,2,1,1,0,1,0,1,1,1,1,1,1,1,1,1,0,1,1,1
"PTHR17388",1,1,1,1,1,1,1,1,1,1,1,1,1,1,1,1,1,1,1,1,1,1,1,1,1,1,1,1,1,1,1,1,1,1,1,1,1,1,1,1,1,1,1,1,1
"PTHR17408_SF4",1,1,1,1,1,1,1,1,1,1,1,1,1,1,3,1,1,1,1,1,1,1,1,1,1,1,1,1,1,1,0,1,1,1,1,1,1,1,1,1,1,1,2,1,1
"PTHR17416",1,1,1,1,1,1,1,1,1,1,1,1,1,1,1,1,1,1,1,1,1,1,1,1,1,1,0,1,1,1,1,1,1,1,1,1,1,1,1,1,1,1,1,1,1
"PTHR17453_SF0",1,1,1,3,3,1,1,2,1,1,1,1,1,1,1,1,1,1,3,2,1,2,1,2,2,1,0,2,2,1,2,3,1,2,1,2,1,1,1,1,2,1,1,1,1
"PTHR17463",1,1,1,1,1,1,1,1,1,1,1,1,1,1,1,1,1,1,1,1,1,1,1,1,1,1,0,1,1,1,1,1,0,1,1,1,1,1,1,1,1,1,1,1,1
"PTHR17469_SF1",1,1,1,1,1,1,1,1,1,1,1,1,1,1,1,1,1,1,1,1,1,1,1,1,1,1,1,1,1,1,1,1,1,1,0,1,1,1,1,0,1,1,1,1,1
"PTHR17469_SF11",1,1,1,1,1,1,1,1,1,1,1,1,1,1,1,1,1,1,1,1,1,1,1,1,1,1,1,1,1,1,1,1,1,1,1,1,1,1,1,1,1,1,1,1,1
"PTHR17469_SF12",1,1,1,1,1,1,1,1,0,1,1,1,1,1,1,1,1,1,1,1,1,1,1,1,1,1,1,1,1,1,1,1,1,1,0,1,1,1,1,1,1,1,1,0,1
"PTHR17486",1,1,0,1,1,1,1,1,1,1,1,1,1,0,0,1,1,1,0,1,1,1,1,0,1,1,1,1,1,1,1,1,1,0,1,1,1,1,1,1,1,1,0,2,1
"PTHR17490",1,1,1,1,1,1,1,1,1,2,1,1,1,1,1,1,1,1,1,3,1,1,1,1,1,1,1,1,1,1,1,1,1,1,1,1,1,1,1,1,1,1,1,1,1
"PTHR17502",2,2,2,2,2,2,2,2,1,2,2,2,2,3,2,2,2,2,2,2,2,2,6,2,2,0,2,2,2,2,4,2,2,2,2,2,2,3,2,2,2,2,2,2,2
"PTHR17530",1,1,1,1,1,1,1,0,0,1,1,1,1,2,1,1,1,1,1,1,1,1,1,1,1,1,1,1,1,1,1,0,1,1,1,1,1,1,1,1,1,1,1,0,1
"PTHR17534",1,1,1,1,1,1,1,1,1,1,1,1,1,1,0,1,0,1,1,1,1,1,1,1,1,1,1,1,1,1,1,1,1,1,1,1,1,1,1,1,1,1,1,1,1
"PTHR17537",2,2,0,0,2,2,2,2,2,2,2,2,2,1,2,2,4,2,2,2,2,2,2,2,2,2,2,0,2,2,2,2,3,2,2,2,1,1,1,2,1,1,2,2,2
"PTHR17550",1,1,2,3,1,1,1,3,2,2,1,1,3,2,1,1,1,1,3,1,2,1,1,1,1,1,1,2,2,1,1,2,1,2,2,1,2,3,2,1,1,1,1,1,1
"PTHR17554",1,1,1,1,1,1,1,1,1,1,1,1,1,1,1,1,1,1,1,1,1,1,1,1,1,1,1,1,1,1,1,1,1,1,1,1,1,1,1,1,1,1,1,1,1
"PTHR17571_SF2",1,2,0,0,2,0,0,0,1,2,2,1,0,0,0,0,1,0,0,1,0,0,2,0,1,0,2,0,1,2,2,1,0,0,0,4,0,3,0,2,0,2,0,0,2
"PTHR17571_SF31",1,1,1,1,1,1,1,1,1,1,1,1,2,1,1,1,0,1,1,1,1,1,1,1,1,1,1,1,1,1,1,1,1,1,0,1,1,1,1,1,1,1,1,0,1
"PTHR17571_SF32",1,2,0,0,1,1,0,0,0,0,4,2,3,0,0,0,0,1,0,2,0,0,5,0,0,0,5,0,1,1,1,0,0,0,0,4,0,1,0,13,0,1,0,0,1
"PTHR17573",1,1,1,1,1,1,1,1,1,1,1,1,1,2,1,1,1,1,1,1,1,1,1,1,1,1,1,1,1,1,1,1,1,1,1,1,1,1,1,1,1,1,1,1,1
"PTHR17575",2,2,0,0,1,2,2,0,0,2,2,2,1,1,0,2,0,2,0,1,2,1,2,0,1,1,1,1,2,2,1,0,1,0,1,2,1,1,1,2,0,1,1,1,2
"PTHR17583",1,1,1,1,1,6,1,1,1,1,1,1,1,1,1,1,1,1,1,1,1,1,1,1,1,1,1,1,1,2,1,1,1,1,1,1,1,1,1,1,1,1,1,1,1
"PTHR17597",1,1,1,1,1,1,1,1,1,1,1,1,1,1,1,1,1,1,1,0,1,1,1,1,1,1,1,1,1,1,1,1,1,1,1,1,1,1,1,1,1,1,1,1,1
"PTHR17600",1,1,1,1,1,1,1,1,1,1,1,1,1,1,1,1,1,1,1,1,1,1,1,1,1,1,1,1,1,1,1,2,1,1,1,1,1,1,1,1,1,1,1,1,1
"PTHR17601",2,3,2,2,2,2,2,2,2,2,2,2,2,2,2,2,2,2,2,2,2,2,2,2,2,3,2,2,2,2,2,2,2,2,2,2,2,2,2,2,2,2,2,3,2
"PTHR17604",1,1,1,1,1,1,1,1,1,1,1,1,1,1,2,1,1,1,1,1,1,1,1,1,1,1,1,1,1,1,1,2,1,1,1,1,1,1,1,1,1,1,1,1,1
"PTHR17605",1,1,1,1,0,1,1,1,1,1,1,1,1,1,1,2,1,1,1,1,1,1,1,1,1,1,1,0,1,1,0,1,1,1,1,0,1,1,1,1,1,0,1,1,1
"PTHR17608",1,1,1,1,1,1,1,1,1,1,1,1,1,1,1,1,1,1,1,1,1,1,1,1,1,1,1,1,1,1,1,1,2,1,1,1,1,1,1,1,1,1,1,1,1
"PTHR17609",1,1,1,1,1,1,1,1,1,1,1,1,1,1,1,1,1,1,1,1,1,1,1,1,1,1,1,1,1,1,1,1,1,1,1,1,1,1,1,1,1,1,1,1,1
"PTHR17611",1,1,1,1,1,1,1,1,1,1,1,1,1,1,3,1,1,1,1,1,1,1,1,1,1,1,1,1,1,1,1,1,1,1,1,1,1,1,1,1,1,0,1,1,1
"PTHR17613_SF10",1,1,0,0,1,1,1,0,1,1,1,1,1,1,0,1,1,1,1,1,2,0,1,1,1,1,0,1,1,1,1,0,1,0,1,1,0,0,1,1,1,1,1,0,1
"PTHR17613_SF11",1,1,1,1,1,2,1,1,1,2,1,1,1,1,1,1,1,1,1,1,1,0,1,1,1,2,1,1,2,1,1,1,1,1,1,1,1,1,1,1,1,1,1,1,1
"PTHR17613_SF8",1,1,1,1,1,1,1,1,1,1,2,2,1,1,1,1,1,1,1,1,1,1,1,1,1,1,1,1,1,1,1,1,0,1,1,1,1,1,1,1,1,1,1,1,1
"PTHR17613_SF9",1,1,1,1,1,1,1,1,1,1,1,1,1,1,1,1,1,1,1,1,1,1,1,1,1,1,1,1,1,1,1,1,1,1,1,1,1,1,1,1,1,1,1,1,1
"PTHR17614_SF11",1,1,1,1,1,1,1,1,1,1,1,1,1,1,1,1,1,1,1,1,1,1,1,1,1,1,1,1,1,1,1,1,1,1,1,1,1,1,1,1,1,1,1,1,1
"PTHR17614_SF12",1,1,1,1,1,1,1,1,1,1,1,1,1,1,1,1,0,0,1,1,1,1,1,1,1,1,1,1,1,1,1,1,1,1,0,1,1,1,1,1,1,1,1,0,1
"PTHR17614_SF13",1,1,1,1,1,1,1,0,1,1,1,1,1,2,0,1,1,1,1,1,1,1,1,1,1,1,1,1,1,1,1,1,1,1,0,1,1,1,1,1,1,1,1,1,1
"PTHR17615",3,3,3,3,3,3,3,3,3,2,3,3,3,3,3,5,3,3,3,3,3,3,3,3,4,3,3,3,3,3,3,3,3,3,3,3,3,3,3,3,3,3,3,5,3
"PTHR17616",2,2,3,3,2,2,2,2,2,3,2,2,2,3,4,2,2,2,2,2,2,3,2,2,2,2,2,3,2,2,2,2,2,2,2,2,2,2,2,2,2,2,2,2,2
"PTHR17630_SF44",1,1,1,1,1,1,2,1,1,2,1,1,1,1,1,1,1,1,1,1,1,1,1,1,1,1,1,1,1,1,1,1,1,1,1,1,1,1,1,1,1,1,1,1,2
"PTHR17695",1,1,1,1,1,1,1,1,1,1,1,1,1,1,1,1,1,1,1,1,1,1,1,1,1,1,1,1,1,1,1,1,1,1,1,1,1,1,1,1,1,1,1,1,1
"PTHR17901_SF13",1,1,1,1,1,1,1,1,1,1,1,1,1,1,2,4,1,1,1,1,1,1,0,1,1,1,0,1,1,1,1,2,1,1,0,1,1,1,1,1,1,1,1,1,1
"PTHR17920",1,1,1,1,1,1,1,1,1,1,1,1,1,1,1,1,1,1,1,1,1,1,1,1,1,1,1,1,1,1,1,1,1,1,1,1,1,1,1,1,1,1,1,2,1
"PTHR17972",1,1,1,1,1,1,1,1,1,1,1,1,1,1,1,1,1,1,1,1,1,1,1,1,1,1,1,1,1,1,3,1,1,1,2,1,1,1,1,1,1,1,1,1,1
"PTHR17985",1,1,1,1,1,1,1,1,1,1,1,1,1,1,3,1,1,1,1,2,1,1,2,1,1,1,1,1,1,1,1,1,1,1,1,1,1,1,1,1,1,1,1,1,1
"PTHR18034",2,2,2,2,2,2,1,2,3,2,2,2,2,2,2,2,2,2,1,3,1,2,9,1,3,2,2,2,2,2,2,4,2,2,4,3,2,1,2,3,1,1,2,3,2
"PTHR18063",3,2,2,2,2,2,2,2,2,2,2,2,2,2,2,2,2,2,2,3,2,2,2,2,2,2,4,2,2,2,3,2,3,2,2,2,2,2,3,2,2,2,2,3,2
"PTHR18444",1,1,1,1,1,1,1,2,1,1,1,1,2,1,1,1,1,1,1,1,1,1,1,1,1,1,1,1,1,1,1,1,1,1,1,1,1,2,1,1,1,1,1,1,1
"PTHR18460",1,1,1,1,1,1,1,1,1,1,1,1,1,1,2,1,1,1,1,1,1,1,1,1,1,1,1,1,1,1,1,1,1,1,1,1,1,1,1,1,1,1,1,1,1
"PTHR18640",1,1,1,1,1,1,1,1,1,1,1,1,1,1,1,1,1,1,1,2,1,1,1,1,1,1,1,1,1,1,1,1,1,1,1,1,1,1,1,1,1,1,1,1,2
"PTHR18763_SF0",1,1,1,1,1,1,1,1,1,1,1,1,1,1,1,1,1,1,1,1,1,1,1,1,1,1,1,1,1,1,0,1,1,1,1,1,1,1,1,1,1,1,1,1,1
"PTHR18804_SF7",1,1,0,1,0,0,2,0,1,1,1,1,2,2,1,1,1,1,0,0,1,0,1,0,1,0,1,1,0,0,1,1,1,0,1,1,1,0,2,2,1,1,0,1,1
"PTHR18806_SF4",1,1,1,1,1,2,1,1,1,1,2,1,1,1,1,1,1,2,1,2,1,1,1,1,1,1,1,1,2,1,1,0,1,1,1,1,1,1,1,1,1,1,1,1,1
"PTHR18820",2,2,1,1,2,2,1,1,1,2,1,1,2,1,0,1,1,2,1,2,1,0,1,1,1,1,1,1,1,3,4,1,1,1,1,1,0,2,1,1,1,2,1,2,2
"PTHR18821_SF3",1,1,1,1,1,1,1,1,1,0,1,1,1,1,1,1,1,0,1,1,1,1,1,1,1,1,1,1,1,0,1,1,1,1,1,1,1,1,1,1,1,1,0,1,1
"PTHR18821_SF4",1,1,1,1,1,1,1,1,1,1,1,1,1,1,1,1,1,1,1,1,1,1,1,1,1,1,1,1,1,1,1,1,1,1,1,1,1,1,1,1,1,1,1,1,1
"PTHR18829_SF0",1,1,1,1,1,1,1,1,1,1,1,1,1,1,1,1,1,1,1,1,1,1,1,1,1,1,1,1,1,1,1,1,1,1,1,1,1,1,2,1,1,1,1,1,1
"PTHR18834",1,1,1,1,1,1,1,1,1,1,1,1,1,1,1,1,1,1,1,1,1,1,1,1,1,1,1,1,1,1,2,1,1,1,1,1,1,1,1,1,1,0,1,1,1
"PTHR18837",1,1,1,1,1,1,1,1,1,1,1,1,1,1,1,1,1,1,1,1,1,1,1,1,1,1,1,1,1,1,1,1,1,1,1,1,1,1,1,1,1,1,1,1,1
"PTHR18838_SF19",1,1,1,1,1,1,1,1,1,1,1,1,1,1,1,1,1,1,1,1,1,1,1,1,1,1,1,1,1,1,1,1,1,1,1,1,1,1,1,1,1,1,1,1,1
"PTHR18839",1,2,1,2,2,2,2,1,2,1,2,2,2,2,1,3,1,1,2,2,2,2,2,2,2,2,2,2,2,2,0,2,2,2,1,2,2,2,2,2,2,2,1,1,0
"PTHR18841",1,1,1,1,1,1,2,1,1,1,1,1,1,1,1,1,1,1,1,1,1,1,1,1,1,1,1,1,1,1,0,1,1,1,0,1,1,1,1,1,1,1,1,1,1
"PTHR18842",1,1,1,2,1,1,1,1,1,1,1,1,1,1,1,1,1,1,1,1,1,1,1,1,1,1,1,1,1,1,1,1,1,1,1,1,1,1,1,1,1,1,1,1,1
"PTHR18843",2,2,2,2,2,4,2,2,2,3,2,2,2,2,2,2,2,2,2,2,2,2,2,2,2,2,2,2,2,2,2,2,2,2,2,2,2,3,2,2,2,2,2,2,2
"PTHR18847",3,2,1,1,2,3,1,1,1,2,2,2,2,2,3,2,1,2,1,2,2,2,1,1,1,2,1,1,2,2,2,5,1,1,2,1,1,2,1,2,2,2,1,3,2
"PTHR18849",1,1,1,1,1,1,1,1,1,1,1,1,1,1,1,1,1,1,1,1,1,1,1,1,1,1,1,1,1,1,0,1,1,1,1,1,1,1,1,1,1,1,1,1,1
"PTHR18851",2,2,2,2,2,2,2,2,1,2,2,2,2,2,2,2,2,2,2,2,2,2,2,2,2,2,2,2,2,2,2,2,2,2,2,2,2,2,2,2,2,2,2,2,2
"PTHR18853",2,3,2,2,2,2,2,2,2,2,2,2,3,2,2,2,1,2,2,2,2,2,3,2,2,2,2,2,1,2,1,1,2,2,2,2,2,2,2,2,2,2,2,2,2
"PTHR18860",7,10,16,12,16,15,11,9,10,19,7,7,9,17,13,8,10,6,13,8,9,11,7,16,11,9,9,12,7,10,7,20,10,14,11,12,14,9,20,8,13,7,7,11,13
"PTHR18861",2,2,2,2,2,2,2,2,2,2,2,2,2,2,2,2,2,3,2,2,2,2,2,2,2,2,3,2,2,2,2,2,2,2,2,2,2,2,2,2,2,2,2,2,2
"PTHR18863",2,2,1,1,2,2,2,2,2,1,2,2,2,1,1,1,2,2,1,2,1,1,2,1,2,2,2,1,2,2,2,2,2,1,1,2,1,1,1,2,1,2,1,0,2
"PTHR18864",1,1,1,1,1,1,1,1,1,1,1,1,1,1,1,1,1,1,1,1,1,1,1,1,1,1,1,1,1,1,1,1,1,1,1,1,1,1,1,1,1,1,1,3,1
"PTHR18866_SF10",1,1,1,1,1,1,1,1,1,1,1,1,1,1,1,1,1,1,1,1,1,1,1,1,1,1,1,1,1,1,0,1,1,1,1,1,1,2,1,1,1,1,1,1,1
"PTHR18866_SF33",1,1,1,1,1,1,1,1,1,1,1,1,1,1,1,1,1,1,1,1,1,2,1,1,1,1,1,1,1,1,1,1,1,1,1,1,1,1,1,1,1,1,1,1,1
"PTHR18866_SF76",1,1,1,2,1,1,1,1,1,1,1,1,1,1,1,1,1,1,1,2,1,1,1,1,1,1,1,1,1,1,1,1,1,1,1,1,1,1,1,1,1,1,1,1,1
"PTHR18866_SF84",1,1,1,1,1,1,1,1,1,1,1,1,1,1,1,1,1,1,1,1,1,1,1,1,2,1,2,1,1,1,1,2,1,1,1,1,1,1,2,1,1,1,1,1,1
"PTHR18866_SF89",1,1,1,1,1,1,1,1,1,1,2,1,1,1,1,2,1,1,1,1,1,1,1,1,1,1,1,1,1,1,1,1,1,1,1,1,1,1,1,1,1,1,1,1,2
"PTHR18867",1,1,1,1,1,1,1,1,1,1,1,1,1,1,1,2,1,1,1,1,1,1,1,1,2,1,1,1,1,1,1,1,1,1,1,1,1,1,2,1,1,1,1,1,1
"PTHR18870",2,2,2,2,2,2,2,2,2,2,2,2,2,2,2,2,2,2,2,1,2,2,2,2,3,2,3,2,2,2,2,2,2,2,2,2,2,2,2,2,2,2,2,2,2
"PTHR18874",1,1,1,1,1,1,0,1,1,1,1,1,1,1,1,1,1,1,1,1,1,1,1,1,1,1,1,1,1,1,0,1,1,1,1,1,1,2,1,1,1,1,1,1,1
"PTHR18875",3,3,3,3,3,3,3,3,3,3,3,3,3,3,3,3,3,3,3,3,3,4,3,3,3,4,2,3,3,3,3,3,3,3,3,3,3,3,3,3,3,3,3,3,3
"PTHR18877",1,2,1,1,1,1,1,1,1,1,1,1,1,1,3,1,1,1,1,1,1,1,1,1,1,1,1,1,1,2,1,3,1,1,1,1,1,3,1,1,1,2,1,2,1
"PTHR18878",1,1,1,1,1,1,1,1,1,1,1,1,1,1,1,1,1,0,1,1,1,1,1,1,1,3,0,1,1,1,2,1,1,1,1,1,1,1,1,1,1,1,1,1,1
"PTHR18879",1,2,1,1,1,1,1,1,1,2,1,1,1,1,1,1,1,1,1,1,1,1,1,1,1,1,2,1,1,1,1,2,1,1,2,1,1,1,1,1,1,1,1,1,1
"PTHR18881",1,1,1,1,1,1,1,1,1,1,1,1,1,1,1,1,1,1,1,1,1,1,1,1,1,1,1,1,1,2,1,1,1,1,2,1,1,1,1,1,1,1,1,0,1
"PTHR18884_SF2",1,1,1,1,1,1,4,1,1,0,1,1,1,1,1,1,1,1,1,1,1,1,1,1,1,0,1,1,1,0,1,1,1,1,1,1,1,1,1,1,1,1,1,1,1
"PTHR18884_SF30",1,1,3,4,1,1,3,2,1,2,1,1,1,1,4,1,2,1,2,1,1,1,1,2,1,1,1,2,1,1,2,5,1,3,1,1,1,1,2,1,3,1,1,2,1
"PTHR18884_SF47",1,1,1,1,1,1,1,1,1,1,1,1,1,1,1,1,2,1,1,0,1,1,1,1,1,1,1,1,1,1,1,1,1,1,1,1,1,1,1,1,2,1,1,1,1
"PTHR18884_SF48",1,1,1,1,1,1,2,1,1,1,1,1,1,1,1,1,1,1,1,2,1,1,1,1,1,1,1,1,1,1,1,1,1,1,1,1,1,1,1,1,1,1,1,1,1
"PTHR18884_SF50",1,1,1,1,1,1,3,1,1,1,1,1,1,1,3,1,1,1,1,1,1,3,1,1,1,1,1,2,2,1,1,1,1,1,2,1,2,1,2,1,2,1,1,3,1
"PTHR18884_SF51",1,1,0,1,1,1,1,1,1,4,1,1,1,1,1,1,1,1,1,1,2,1,1,1,1,1,1,1,1,1,3,1,1,1,0,1,1,1,2,1,1,1,2,0,1
"PTHR18884_SF54",1,1,1,1,1,1,1,1,1,1,1,1,1,1,2,1,1,1,1,1,1,1,1,1,1,1,1,1,1,1,1,1,1,1,2,1,1,1,2,1,1,1,1,2,1
"PTHR18884_SF55",1,1,1,1,1,2,1,1,1,1,1,1,1,1,1,1,1,1,1,1,1,2,1,1,1,1,1,1,1,1,1,1,1,1,1,1,1,1,1,1,1,1,1,1,1
"PTHR18884_SF59",1,0,1,1,1,1,1,1,1,1,1,1,1,0,2,1,1,0,1,0,1,1,1,1,1,0,1,1,1,1,0,1,1,1,1,1,1,1,1,1,1,0,0,1,1
"PTHR18884_SF6",1,1,1,1,1,1,1,1,1,1,1,1,1,1,1,1,1,1,1,1,1,1,1,1,1,1,1,1,1,1,1,1,1,1,1,1,1,2,1,1,1,1,1,1,1
"PTHR18884_SF62",1,1,1,1,1,1,1,1,2,1,1,1,1,1,2,1,1,1,1,1,1,1,1,1,1,1,1,1,1,1,1,1,1,2,1,1,1,1,1,1,1,1,1,1,1
"PTHR18884_SF63",1,1,1,1,1,1,1,1,1,1,1,1,1,1,1,2,1,1,1,1,1,1,2,1,1,1,1,1,1,1,0,1,1,1,1,1,1,1,1,1,1,1,1,1,1
"PTHR18884_SF66",1,1,1,1,1,1,1,1,1,1,1,1,1,1,1,1,1,1,1,1,1,1,1,1,1,1,1,1,1,1,1,1,1,1,1,1,1,1,1,1,1,1,1,1,1
"PTHR18884_SF67",1,1,1,1,2,1,3,3,2,1,1,1,1,1,2,1,1,2,1,1,1,1,2,1,1,1,1,1,1,2,1,5,1,1,1,1,1,1,1,1,1,1,1,1,3
"PTHR18887",1,1,1,1,1,2,1,1,1,1,1,1,1,1,1,1,1,1,1,1,1,1,1,1,2,1,1,1,1,1,1,1,1,1,1,1,1,1,1,1,1,1,1,1,1
"PTHR18889_SF10",1,1,1,1,1,1,1,1,2,1,1,1,1,1,1,1,1,1,1,1,1,1,1,1,1,1,1,1,1,1,1,1,1,1,1,1,1,1,1,1,1,1,1,1,1
"PTHR18889_SF8",1,1,2,1,1,1,1,1,1,1,1,1,1,1,1,1,1,1,1,1,1,1,1,1,1,1,1,1,1,1,1,1,2,1,1,1,1,1,1,1,1,1,1,1,1
"PTHR18889_SF9",1,1,1,1,1,1,1,1,1,1,1,1,1,1,1,1,1,1,1,1,1,1,1,1,1,1,1,1,1,1,1,1,1,1,1,1,1,1,1,1,1,1,1,1,1
"PTHR18895_SF3",1,1,1,1,1,0,1,0,1,1,1,1,1,1,0,1,1,1,1,0,1,0,1,1,0,1,1,1,1,0,0,0,1,1,1,0,1,1,1,1,1,0,1,1,1
"PTHR18895_SF64",1,1,2,1,1,1,1,1,1,1,1,1,1,2,1,1,1,1,2,1,1,1,1,2,1,1,1,1,1,1,1,1,1,2,1,1,2,1,2,1,1,1,1,1,1
"PTHR18895_SF7",1,1,1,1,1,1,1,1,1,1,1,1,1,1,1,1,1,1,1,1,1,1,1,1,1,1,1,1,1,1,1,1,1,1,1,1,1,1,1,1,1,1,1,0,1
"PTHR18896_SF57",1,1,1,1,1,1,1,1,1,1,1,1,1,1,1,1,1,1,1,1,1,1,1,1,1,1,1,1,1,1,1,1,1,1,1,1,1,1,1,1,1,1,1,1,1
"PTHR18896_SF7",1,1,1,1,1,1,1,1,1,1,1,1,1,1,1,1,1,1,1,1,1,1,1,1,1,1,1,1,1,1,1,1,1,1,1,1,1,1,1,1,1,1,1,1,3
"PTHR18898_SF2",1,0,1,1,1,1,1,1,1,1,1,1,1,1,2,1,1,1,1,1,1,1,1,1,2,1,2,1,1,1,1,1,1,1,1,1,1,1,1,1,1,1,1,1,1
"PTHR18901_SF10",1,1,2,2,1,1,2,1,1,1,1,1,1,2,1,1,0,1,2,0,1,1,1,2,0,1,1,3,1,1,1,0,1,2,1,2,2,1,2,1,1,2,1,1,1
"PTHR18902",3,4,4,4,4,4,4,4,4,4,4,4,3,4,4,4,4,5,4,4,4,4,5,4,4,4,4,4,4,4,4,5,4,4,4,4,4,4,4,5,4,4,4,5,4
"PTHR18905",3,4,2,2,2,2,2,2,2,2,2,2,2,2,2,2,2,2,2,2,2,2,2,2,2,2,2,2,2,5,2,2,2,2,2,2,2,1,2,3,2,2,2,1,2
"PTHR18911",1,1,1,1,1,1,1,1,1,1,1,1,1,1,1,1,1,1,1,1,1,1,1,1,1,1,1,1,1,1,1,1,1,1,1,1,1,1,1,1,1,1,1,1,1
"PTHR18914",9,5,7,6,6,9,5,6,6,8,10,5,7,5,9,5,8,6,6,8,6,6,6,7,7,8,10,6,6,8,5,6,6,6,9,6,6,6,5,7,6,6,5,8,8
"PTHR18916_SF10",1,1,1,2,1,1,1,1,1,1,1,1,1,1,1,1,1,1,1,1,1,1,1,1,1,1,1,1,1,1,1,1,1,1,1,1,1,1,2,1,1,2,1,1,1
"PTHR18916_SF11",1,1,1,1,1,1,1,1,1,1,1,1,1,1,1,2,1,1,1,1,1,1,1,1,1,1,1,1,1,1,1,1,1,1,1,1,1,1,1,2,1,1,1,1,1
"PTHR18916_SF29",1,2,1,1,1,1,1,1,1,1,1,1,1,1,1,2,1,1,1,1,1,1,1,1,1,1,2,1,1,1,1,1,1,1,1,1,1,1,1,1,1,1,1,1,1
"PTHR18916_SF30",1,1,1,1,1,1,1,1,1,1,1,1,1,1,2,1,1,1,1,1,1,1,1,1,1,1,1,1,1,1,1,1,1,1,1,1,1,1,1,1,1,1,1,1,1
"PTHR18916_SF32",1,1,1,1,1,1,1,1,1,1,1,1,1,1,1,1,1,1,1,1,1,1,1,1,1,1,1,1,1,1,1,1,1,1,1,1,1,1,1,1,1,1,1,1,1
"PTHR18919",6,6,6,6,5,6,6,6,5,4,5,5,5,7,7,5,6,5,8,5,7,5,7,8,6,6,6,6,5,6,6,7,6,7,5,8,7,5,7,6,6,5,5,6,5
"PTHR18921_SF2",2,1,1,2,2,1,1,1,1,2,1,4,1,1,1,1,1,3,1,1,1,1,1,2,1,2,1,1,1,2,1,1,2,1,1,1,1,1,1,1,2,5,1,1,1
"PTHR18929_SF38",1,2,1,1,1,1,1,1,1,1,1,1,1,1,1,1,1,1,1,1,1,2,1,1,1,1,1,1,1,1,1,2,1,1,1,1,1,1,1,1,1,1,1,1,1
"PTHR18929_SF48",1,1,1,1,1,1,1,1,1,1,1,1,1,1,1,1,1,1,1,1,1,1,1,1,1,0,1,1,1,1,0,1,1,1,2,1,1,1,1,1,1,1,1,2,1
"PTHR18929_SF49",1,1,1,1,1,1,1,1,1,1,1,1,1,1,1,1,1,1,1,1,1,1,1,1,1,1,1,1,1,1,1,1,1,1,1,1,1,1,1,1,1,1,1,2,1
"PTHR18929_SF52",1,1,1,1,1,1,1,1,1,1,1,1,1,1,1,1,1,1,1,1,1,2,1,1,2,1,1,1,1,1,1,1,1,1,1,1,1,1,1,1,1,1,1,1,1
"PTHR18929_SF56",1,1,1,1,1,1,1,1,1,1,1,1,1,1,1,1,1,1,1,1,1,1,1,1,1,1,1,1,1,1,1,1,1,1,1,1,1,1,2,1,1,1,1,1,1
"PTHR18929_SF57",1,1,1,1,1,1,1,1,1,1,1,1,1,1,1,1,1,1,1,1,1,1,1,1,1,1,2,1,1,1,1,1,1,1,1,1,1,1,1,1,1,1,1,1,1
"PTHR18929_SF58",1,1,1,1,1,1,1,1,1,1,1,3,1,1,1,1,1,1,1,1,1,1,1,1,1,1,2,1,1,1,1,1,1,1,1,1,1,1,1,1,1,1,1,2,1
"PTHR18929_SF60",1,1,1,1,2,1,1,1,1,1,1,1,1,2,1,1,1,1,1,1,2,1,1,1,1,1,1,1,1,1,1,1,1,1,1,1,2,1,2,1,1,1,1,1,1
"PTHR18929_SF62",1,1,1,1,1,1,1,1,1,1,1,1,1,1,2,1,1,1,1,1,1,1,1,1,1,1,1,1,1,1,2,1,1,1,1,1,1,1,1,1,1,1,1,1,1
"PTHR18929_SF67",1,1,2,2,1,2,1,1,1,1,1,1,1,2,1,1,1,1,2,1,1,1,1,1,1,1,1,2,1,1,1,2,1,1,1,1,1,1,2,1,3,1,1,1,1
"PTHR18929_SF72",1,1,1,1,1,1,1,1,1,1,1,1,1,1,1,1,1,1,1,1,1,1,1,1,1,1,3,1,1,1,1,1,1,1,1,1,1,1,1,1,1,1,1,1,1
"PTHR18929_SF75",1,1,1,1,1,1,1,1,1,0,0,1,1,1,1,1,1,1,1,1,1,1,1,1,1,1,1,1,1,1,0,1,1,1,1,1,1,1,1,0,1,1,1,2,1
"PTHR18929_SF77",1,1,1,1,1,1,1,1,1,1,1,1,1,1,1,1,1,1,1,1,1,1,1,1,1,0,1,1,1,1,1,1,1,1,0,1,1,1,1,1,1,1,1,0,1
"PTHR18929_SF85",1,1,1,1,1,1,1,1,1,1,1,1,1,1,2,1,1,1,1,1,1,1,1,1,1,1,1,1,1,1,1,1,1,1,1,1,1,1,1,1,1,1,1,1,1
"PTHR18932",2,2,2,2,2,1,1,2,2,3,1,2,1,2,2,2,2,3,2,2,2,2,2,2,1,2,4,2,2,2,2,1,2,2,2,3,2,1,3,2,2,2,2,2,3
"PTHR18934_SF100",1,1,1,1,1,1,1,1,1,1,1,1,1,1,1,2,1,1,1,1,1,1,1,1,1,1,1,1,1,1,1,1,1,1,1,1,1,1,1,1,1,1,1,1,1
"PTHR18934_SF106",1,1,1,1,1,1,1,1,1,1,1,1,1,1,1,1,1,1,1,1,1,1,1,1,1,1,1,1,1,1,1,1,1,1,1,1,1,1,1,1,1,1,1,1,1
"PTHR18934_SF108",1,1,1,1,1,1,1,1,1,1,1,1,1,1,1,1,1,1,1,1,1,1,1,1,1,0,2,1,1,1,1,1,1,1,1,1,1,1,1,2,1,1,1,1,1
"PTHR18934_SF109",1,1,1,1,1,1,1,1,1,1,1,1,1,1,1,1,1,1,1,0,1,1,1,1,1,1,1,1,1,1,1,2,1,1,1,1,1,1,1,1,1,1,1,1,1
"PTHR18934_SF110",1,1,1,1,1,1,1,1,1,1,1,1,1,1,1,1,1,1,1,1,1,1,1,1,1,1,2,1,1,1,1,1,1,1,1,1,1,1,1,1,1,1,1,1,1
"PTHR18934_SF80",1,1,1,1,1,1,1,1,1,1,1,1,1,1,1,1,1,1,1,1,1,1,1,1,1,1,2,1,1,1,1,1,1,1,1,1,1,1,1,1,1,1,1,1,1
"PTHR18934_SF82",1,1,1,1,1,2,1,1,1,1,1,1,1,1,1,1,1,1,1,1,1,1,1,1,1,1,1,1,1,1,1,1,1,1,1,1,1,1,1,1,1,1,1,1,1
"PTHR18934_SF83",1,1,1,1,1,1,1,1,1,1,1,1,1,1,1,8,1,1,1,1,1,1,1,1,1,1,1,1,1,1,1,1,1,1,1,1,1,1,1,1,1,1,1,1,1
"PTHR18934_SF84",1,1,1,1,1,1,1,1,1,1,1,1,1,2,1,1,1,1,1,1,1,1,1,1,1,1,1,1,1,1,1,1,1,1,1,1,2,1,2,1,1,1,1,1,1
"PTHR18934_SF85",1,1,1,1,1,1,2,1,1,1,1,1,1,1,2,1,1,2,1,2,1,1,1,1,1,1,1,1,1,1,1,1,1,1,1,1,1,1,1,1,1,1,1,1,1
"PTHR18934_SF86",1,1,1,1,1,1,1,1,1,1,1,1,1,1,1,1,1,1,1,1,1,1,1,1,1,1,0,1,1,1,1,1,1,1,1,1,1,1,1,1,1,1,1,1,1
"PTHR18934_SF88",1,1,1,1,1,1,1,1,1,1,1,1,1,1,1,1,1,1,1,1,1,1,1,1,1,1,2,1,1,1,1,1,1,1,1,1,1,1,1,1,1,1,1,1,1
"PTHR18934_SF89",1,1,1,1,1,1,1,1,1,1,1,1,1,2,1,2,1,1,1,1,1,1,1,1,1,1,1,1,1,1,1,1,1,1,1,1,2,1,2,1,1,1,1,1,1
"PTHR18934_SF91",1,1,1,1,1,1,1,1,1,1,1,1,1,1,1,1,1,1,1,1,1,1,1,1,1,1,1,1,1,1,1,1,1,1,1,1,1,1,1,1,1,1,1,1,1
"PTHR18934_SF95",1,1,1,1,1,1,1,1,1,1,1,1,1,1,1,1,2,1,1,1,1,1,1,1,1,1,1,1,1,1,1,2,2,1,1,1,1,1,1,1,1,1,1,1,1
"PTHR18934_SF96",1,1,1,1,1,1,1,1,1,1,1,1,1,1,1,1,1,1,1,1,1,1,1,1,1,1,1,1,1,1,1,1,1,1,1,1,1,1,1,1,1,1,1,1,1
"PTHR18934_SF97",1,1,1,1,1,1,1,1,1,1,1,1,1,1,1,1,1,1,1,1,1,1,1,1,1,1,1,1,1,1,1,1,1,1,1,1,1,1,1,1,1,1,1,1,1
"PTHR18934_SF98",1,1,1,1,1,1,1,1,1,1,1,1,1,2,2,2,1,1,1,1,1,1,1,1,1,1,1,0,1,1,1,1,1,1,1,1,1,1,1,1,1,1,1,1,1
"PTHR18934_SF99",1,1,1,1,1,1,1,1,1,1,1,1,1,1,1,1,1,1,1,0,1,1,1,1,1,1,1,1,1,2,1,1,1,1,1,1,1,1,1,1,1,1,1,0,1
"PTHR18935",3,3,3,3,4,3,3,3,3,3,3,3,3,3,3,3,3,4,3,2,3,3,4,3,3,3,3,3,3,3,4,3,3,3,3,3,3,3,3,3,3,3,3,3,3
"PTHR18937_SF147",1,1,1,1,1,1,1,1,1,1,1,1,1,1,1,1,1,1,1,1,1,1,1,1,1,1,1,1,1,1,1,1,1,1,1,1,1,1,1,1,1,1,1,1,1
"PTHR18937_SF148",1,1,1,1,1,1,1,1,1,2,1,1,1,1,2,1,1,1,1,1,1,1,1,1,1,1,1,1,1,1,1,1,1,1,1,1,1,1,1,1,1,1,1,1,1
"PTHR18937_SF164",1,1,1,1,1,1,1,2,1,1,1,1,1,1,1,1,1,1,1,1,1,1,1,1,1,1,1,1,1,1,1,1,1,1,1,1,1,1,1,1,2,1,1,1,1
"PTHR18937_SF165",1,1,1,1,1,1,1,1,1,1,1,1,1,1,1,1,2,1,1,1,1,1,1,1,0,1,0,1,1,1,1,1,1,1,1,1,1,1,1,1,1,1,1,1,1
"PTHR18937_SF168",1,1,1,1,1,1,1,0,1,1,1,1,1,1,1,1,0,1,1,1,1,1,1,1,1,1,1,1,1,1,1,1,1,1,1,1,1,2,1,1,0,1,1,1,1
"PTHR18937_SF170",1,1,1,1,1,2,1,1,1,1,1,1,1,1,2,1,1,1,1,1,1,1,1,1,1,1,1,1,1,1,2,1,1,1,1,1,1,1,1,1,1,1,1,1,1
"PTHR18937_SF173",1,1,1,1,1,1,1,2,1,1,1,1,1,1,1,1,1,1,1,1,1,1,1,1,1,1,1,1,2,1,1,1,1,1,2,1,1,2,1,1,1,0,1,1,1
"PTHR18937_SF178",1,0,0,0,0,0,0,0,0,0,0,0,0,0,0,0,0,0,0,0,0,0,0,0,0,1,0,0,0,0,0,0,0,0,0,0,0,0,0,0,0,0,0,0,0
"PTHR18937_SF9",1,1,1,1,1,1,1,1,1,1,2,3,1,1,1,1,1,1,1,1,1,1,1,1,1,1,1,1,1,1,1,2,1,1,1,1,1,1,1,1,1,1,1,1,1
"PTHR18939",1,1,1,1,1,1,1,1,1,1,1,1,1,1,1,1,1,1,1,1,1,1,1,1,1,1,1,1,1,1,1,1,1,1,1,1,1,1,1,1,1,1,1,1,1
"PTHR18945_SF195",2,2,1,1,1,2,1,1,0,3,2,1,1,1,2,1,1,1,1,2,1,1,1,1,1,2,0,1,1,1,1,0,2,1,2,1,1,1,1,1,1,1,1,1,2
"PTHR18945_SF197",1,1,1,1,1,1,1,1,1,1,1,1,1,1,1,1,1,1,1,1,1,1,1,1,1,1,1,1,1,1,1,1,1,1,1,1,1,1,1,1,1,1,1,1,1
"PTHR18945_SF198",2,2,2,2,1,2,3,2,2,2,2,2,2,2,2,2,2,2,2,2,2,1,2,2,2,2,1,2,2,2,2,2,2,2,2,2,2,2,2,2,2,2,2,2,1
"PTHR18945_SF211",1,1,1,1,1,1,1,1,1,1,1,1,1,1,1,1,1,1,1,1,1,1,1,1,1,1,1,1,1,1,1,1,1,1,1,1,1,1,1,1,1,1,1,1,1
"PTHR18945_SF213",1,1,1,1,1,1,1,1,1,1,1,1,1,1,1,1,1,1,1,1,1,1,1,1,1,1,1,1,1,1,1,1,1,1,1,1,1,1,1,1,1,1,1,1,1
"PTHR18945_SF214",1,1,1,1,1,1,1,1,1,1,1,1,1,1,1,1,1,1,1,1,1,1,1,1,1,1,1,1,1,1,1,1,1,1,1,1,1,1,1,1,1,1,1,1,1
"PTHR18945_SF215",1,1,1,1,1,1,2,1,1,1,1,1,1,1,4,1,1,1,1,1,1,1,1,1,1,1,1,1,1,1,1,1,1,1,1,1,1,1,1,1,1,1,1,1,1
"PTHR18945_SF216",1,1,1,1,1,1,1,1,1,1,0,1,1,1,1,1,1,1,1,1,1,1,1,1,1,1,0,1,1,1,1,1,1,1,1,1,1,1,2,1,1,1,1,1,1
"PTHR18945_SF218",1,1,1,1,1,1,1,1,1,1,1,1,1,1,1,1,1,1,1,1,1,1,1,1,1,1,1,1,1,1,1,1,1,1,1,1,1,1,1,1,1,1,1,1,1
"PTHR18945_SF221",2,1,1,1,2,1,1,1,1,2,1,1,1,1,1,2,1,1,1,1,2,1,2,1,1,1,1,1,1,1,1,1,1,1,2,1,1,1,1,1,1,1,1,2,2
"PTHR18945_SF23",1,1,1,1,1,1,1,1,1,1,1,1,1,1,1,1,1,1,1,1,1,1,1,1,1,1,1,1,1,1,1,1,1,1,1,1,1,1,1,1,1,1,1,1,1
"PTHR18945_SF28",1,1,1,1,1,1,1,1,1,1,1,1,1,1,1,1,1,1,1,1,1,1,1,1,1,1,0,1,1,1,1,1,1,1,1,1,1,1,2,1,1,1,1,1,1
"PTHR18945_SF29",1,1,1,1,1,1,1,1,1,1,1,1,1,1,1,1,1,1,1,1,1,1,1,1,1,1,1,1,1,1,1,1,1,1,1,1,1,1,1,1,1,1,1,1,1
"PTHR18945_SF30",1,1,1,1,1,1,1,1,1,1,1,1,1,1,1,1,1,1,1,1,1,1,1,1,1,1,1,1,1,1,1,1,1,1,1,1,1,1,1,1,1,1,1,1,1
"PTHR18945_SF335",1,1,1,1,1,1,1,1,1,1,1,1,1,1,1,1,1,1,1,1,1,1,1,1,1,1,1,1,1,1,1,1,1,1,1,1,1,1,1,1,1,1,1,1,1
"PTHR18945_SF34",1,1,0,1,1,1,1,1,1,1,1,1,1,1,1,1,1,1,1,1,1,1,1,1,1,1,1,1,1,1,1,1,1,1,1,1,1,1,1,1,1,1,1,1,1
"PTHR18945_SF385",1,1,1,1,1,1,1,1,1,1,1,1,1,1,1,1,1,1,1,0,1,1,1,1,1,1,1,1,1,1,1,1,1,1,1,1,1,1,1,1,1,0,1,1,1
"PTHR18945_SF393",1,1,1,1,1,1,1,1,1,1,1,1,1,1,1,1,1,1,1,1,1,1,1,1,1,1,1,1,1,1,1,1,1,1,1,1,1,1,1,1,1,1,1,1,1
"PTHR18945_SF397",1,1,1,1,1,1,1,1,1,1,1,1,1,1,1,1,1,1,1,1,1,1,1,1,1,1,1,1,1,1,1,0,1,1,1,1,1,1,2,1,1,1,1,1,1
"PTHR18945_SF398",1,1,1,1,1,0,1,0,0,1,0,1,1,1,1,1,1,1,1,1,1,1,0,1,0,1,0,1,1,1,1,0,1,1,1,0,1,1,1,0,1,1,1,1,0
"PTHR18945_SF401",1,1,1,1,1,1,1,1,1,1,1,1,1,1,1,1,1,1,1,0,2,1,1,1,2,1,2,1,1,1,1,1,1,1,1,1,1,1,1,1,1,1,1,1,1
"PTHR18945_SF409",3,3,2,2,4,4,1,0,0,3,3,3,2,2,0,2,0,2,2,2,2,3,0,2,0,2,0,2,3,3,2,0,1,2,0,0,2,4,1,0,2,3,2,2,4
"PTHR18945_SF428",1,2,1,1,0,1,1,1,1,1,1,1,1,1,1,1,1,1,1,1,1,1,1,1,1,1,1,1,1,2,2,1,1,1,1,1,1,1,1,1,1,1,1,1,1
"PTHR18945_SF445",1,1,1,2,1,1,1,1,1,1,1,1,1,1,1,1,1,1,1,0,1,1,1,1,1,1,1,1,1,1,1,1,1,1,1,1,1,1,1,1,1,1,1,1,1
"PTHR18945_SF455",1,1,1,1,1,1,1,1,1,1,1,1,1,1,1,1,1,1,1,1,1,1,1,1,1,2,1,1,1,1,1,1,1,1,1,1,1,1,1,1,1,1,1,1,1
"PTHR18945_SF470",1,1,1,1,1,1,1,1,1,1,1,1,1,1,1,1,2,1,1,1,1,1,1,1,1,1,1,1,1,1,1,1,1,1,1,1,1,1,1,1,1,1,1,1,1
"PTHR18945_SF477",1,1,1,1,1,1,1,1,1,1,1,1,1,1,1,2,1,1,1,1,1,1,1,1,1,1,1,0,1,1,1,1,1,1,1,1,1,1,1,1,1,1,2,1,1
"PTHR18945_SF480",1,1,1,1,1,1,1,1,1,1,1,1,1,2,1,5,1,1,1,1,1,1,1,1,1,1,1,2,1,1,1,1,1,1,1,1,1,2,1,1,1,1,1,2,1
"PTHR18945_SF498",2,1,1,1,1,1,2,1,1,1,1,3,1,1,1,1,1,1,1,1,1,1,1,1,2,1,0,1,1,1,1,1,1,1,1,2,1,1,1,1,2,1,1,1,1
"PTHR18945_SF52",1,1,1,1,1,1,1,1,1,1,1,1,1,1,1,1,1,1,1,2,1,1,1,1,1,1,1,1,1,1,1,1,1,1,1,1,1,1,1,1,1,1,1,1,1
"PTHR18945_SF53",1,1,1,1,1,1,1,1,1,1,0,0,1,1,1,1,1,1,1,1,1,1,1,1,1,1,1,1,1,1,1,1,1,1,1,1,1,1,1,1,1,1,1,1,1
"PTHR18945_SF59",2,1,1,1,1,1,1,1,1,1,1,1,1,1,1,1,1,1,1,1,1,1,1,1,1,1,1,1,1,1,1,1,1,1,1,1,1,1,1,1,1,1,1,1,1
"PTHR18945_SF60",1,1,1,1,1,1,1,1,1,1,1,1,1,1,1,1,1,1,1,1,1,1,1,1,1,1,1,1,1,1,1,1,1,1,1,1,1,1,1,0,1,1,1,1,1
"PTHR18945_SF61",1,1,1,1,1,1,1,1,1,2,1,1,1,1,1,1,1,1,1,1,1,1,1,1,1,1,1,1,1,1,1,1,1,1,1,1,1,1,1,1,1,1,1,0,1
"PTHR18945_SF74",1,1,1,1,1,1,1,1,1,1,1,1,1,1,1,1,1,1,1,1,1,1,1,1,1,1,2,1,1,1,1,1,1,1,1,1,1,1,1,1,1,1,1,1,1
"PTHR18945_SF75",1,1,1,1,1,1,1,1,1,1,1,1,1,1,1,1,1,1,1,1,1,1,1,1,1,1,1,1,1,1,1,1,1,1,1,1,1,1,1,1,1,1,1,1,1
"PTHR18945_SF76",1,1,1,1,1,1,1,1,1,1,1,1,1,1,3,1,1,1,1,0,1,1,1,1,1,1,1,1,1,1,1,1,1,1,1,1,1,1,1,1,1,1,1,1,1
"PTHR18945_SF80",1,1,1,1,1,1,1,1,2,1,1,1,1,1,1,1,1,1,1,1,1,1,1,1,1,1,1,1,1,1,0,1,1,1,1,1,1,1,1,1,1,1,1,2,1
"PTHR18945_SF82",1,1,1,1,1,1,1,1,1,1,1,1,1,1,1,1,1,1,1,1,1,1,1,1,1,1,1,1,1,1,1,1,1,1,1,1,1,1,1,1,1,1,1,1,1
"PTHR18945_SF83",1,1,1,1,1,1,1,1,1,1,1,1,1,1,2,1,1,1,1,1,1,1,1,1,1,1,1,1,1,1,1,1,1,1,1,1,1,1,1,1,1,1,1,3,1
"PTHR18945_SF87",1,1,1,1,1,1,1,1,1,1,1,1,1,1,1,1,1,0,1,1,1,1,1,1,1,1,0,1,1,1,1,1,1,1,0,1,1,1,2,1,1,1,1,0,1
"PTHR18945_SF93",1,1,1,1,1,1,0,1,1,1,1,1,1,1,1,1,1,1,1,1,1,1,1,1,0,1,1,1,1,1,1,1,1,1,1,0,1,1,1,1,0,1,1,1,1
"PTHR18947_SF29",1,1,1,1,1,1,1,1,1,1,1,1,1,2,1,1,1,1,2,0,1,1,1,1,1,0,1,1,1,1,0,1,1,1,1,1,1,1,2,1,1,1,1,1,1
"PTHR18947_SF30",1,1,1,1,1,1,1,1,1,2,1,1,1,1,1,1,1,1,1,1,1,1,1,1,1,1,1,1,1,1,1,1,1,1,1,1,1,1,1,1,1,1,1,1,1
"PTHR18947_SF31",2,1,1,2,3,1,1,1,1,1,1,1,1,1,1,1,1,1,1,11,1,1,1,1,1,1,1,2,1,1,3,1,1,1,3,1,1,1,1,1,2,1,1,3,3
"PTHR18947_SF33",1,1,1,1,1,1,1,1,1,1,1,1,1,1,1,1,2,1,1,1,1,1,1,1,1,1,1,1,1,1,1,1,1,1,1,1,1,1,1,1,1,0,1,1,1
"PTHR18947_SF8",1,1,1,1,1,1,1,1,1,1,1,1,1,1,1,1,1,1,1,1,1,1,1,1,1,1,1,1,1,1,0,1,1,1,1,1,1,1,1,1,1,1,1,1,1
"PTHR18947_SF9",1,1,1,1,1,1,1,1,1,1,1,1,1,1,1,1,1,1,1,1,1,1,1,1,1,1,2,1,1,1,1,1,1,1,2,1,1,1,1,1,1,1,1,1,1
"PTHR18949",2,2,2,2,2,2,2,3,2,2,2,2,2,2,2,3,1,2,2,1,2,2,2,2,2,2,2,2,2,4,1,2,2,2,2,2,2,2,3,2,2,2,1,2,1
"PTHR18950",1,1,1,1,1,1,1,1,1,1,1,1,1,1,1,1,1,1,1,1,1,1,1,1,1,1,1,1,1,1,1,1,1,1,1,1,1,1,1,1,1,1,1,1,1
"PTHR18952_SF17",1,1,1,1,1,1,1,1,0,1,1,1,1,1,1,1,1,1,1,1,1,1,1,1,1,1,1,1,1,1,1,1,1,1,0,1,1,1,1,1,1,1,1,1,1
"PTHR18952_SF18",1,1,1,1,1,1,1,1,1,1,1,1,1,1,1,1,1,1,1,1,1,1,1,1,1,1,1,1,1,1,1,1,1,1,1,1,1,1,1,1,1,1,1,1,1
"PTHR18952_SF19",1,1,1,1,1,1,1,1,1,1,1,1,1,1,1,1,1,1,1,1,1,1,1,1,1,1,1,1,1,1,1,1,1,1,1,1,1,1,1,1,1,1,1,1,1
"PTHR18952_SF25",2,1,1,1,2,1,2,1,1,1,1,1,1,1,1,1,1,1,1,1,1,1,1,1,1,2,1,1,1,1,2,1,1,1,1,1,1,2,2,1,1,1,0,1,2
"PTHR18952_SF26",1,1,1,1,1,1,1,1,1,1,1,1,1,1,1,1,1,1,1,1,1,1,1,1,1,1,1,1,1,1,1,1,1,1,1,1,1,1,1,1,1,1,1,2,1
"PTHR18952_SF81",1,1,1,1,1,1,1,1,1,1,1,1,1,1,1,1,1,1,1,1,1,1,1,1,1,1,1,1,1,1,1,1,1,1,1,1,1,1,1,1,1,1,1,2,1
"PTHR18952_SF82",1,3,1,1,1,6,1,1,1,1,1,1,1,1,1,1,1,1,1,0,1,1,1,1,1,1,1,1,1,1,2,1,1,1,1,1,1,1,1,1,1,1,1,3,1
"PTHR18952_SF84",1,1,1,1,1,1,1,1,1,1,1,1,1,1,1,1,1,1,1,1,1,1,1,1,1,1,1,2,1,1,1,1,1,1,2,1,1,1,1,1,1,1,1,2,1
"PTHR18952_SF89",1,1,1,1,1,1,1,1,1,1,1,1,1,1,1,1,1,1,1,1,1,1,1,1,1,1,1,1,1,1,1,1,1,1,1,1,1,1,1,1,1,1,1,1,1
"PTHR18952_SF90",1,1,1,1,1,1,1,1,1,1,1,1,1,1,1,1,1,1,1,1,1,1,1,1,1,1,1,1,1,1,1,1,1,1,1,1,1,1,1,1,1,1,1,6,1
"PTHR18952_SF91",1,1,1,1,1,1,1,1,1,1,1,1,1,1,1,1,1,1,1,1,1,1,1,1,1,1,1,1,1,2,1,1,1,1,2,1,1,1,1,1,1,1,1,2,1
"PTHR18952_SF93",1,1,1,1,1,1,1,1,1,1,1,1,1,1,1,1,1,1,1,0,1,1,1,1,1,1,1,1,1,1,0,1,1,1,1,1,1,1,1,1,1,1,1,1,1
"PTHR18952_SF95",1,1,1,1,1,1,2,1,1,1,1,1,1,1,1,1,1,1,1,1,1,1,1,1,1,1,1,1,1,1,1,0,1,1,1,1,1,1,1,1,1,1,1,1,1
"PTHR18952_SF96",1,1,2,1,1,1,1,1,1,1,1,1,1,1,1,1,1,1,1,1,1,1,1,1,1,1,1,1,1,1,1,1,1,1,1,1,1,1,1,1,1,1,1,2,1
"PTHR18952_SF97",1,0,0,0,0,0,0,1,0,1,1,1,1,0,1,0,1,1,0,0,0,0,1,0,1,1,1,0,1,0,0,1,0,0,1,1,0,1,0,2,0,0,0,1,1
"PTHR18952_SF99",1,1,1,1,1,1,1,1,1,1,1,1,1,1,1,1,1,1,1,1,1,1,1,1,1,1,1,1,1,1,1,1,1,1,1,1,1,1,1,1,1,1,1,2,1
"PTHR18956",1,1,1,2,1,1,1,1,1,1,1,1,1,1,1,1,1,1,1,1,1,1,1,1,0,1,2,1,1,1,1,1,1,1,1,1,1,1,1,1,2,1,1,1,1
"PTHR18957",1,1,1,1,1,1,1,1,1,1,1,1,1,1,1,1,1,1,1,1,1,1,1,1,1,1,0,1,1,1,1,1,1,1,1,1,1,1,1,2,1,1,1,1,1
"PTHR18959_SF40",1,1,2,3,1,1,2,1,1,1,1,1,1,1,1,1,1,1,2,1,1,1,1,2,2,1,1,1,1,1,2,1,1,2,1,1,1,1,1,1,4,1,1,1,1
"PTHR18959_SF41",1,1,1,1,1,1,0,1,1,1,1,1,1,1,1,1,1,1,1,1,1,1,1,1,1,1,1,1,1,1,1,1,1,1,1,1,1,1,1,2,1,1,1,1,1
"PTHR18959_SF43",1,1,1,1,1,1,1,1,1,1,1,1,1,1,1,1,1,1,1,1,1,1,1,1,1,1,1,1,1,1,0,1,1,1,1,1,1,1,1,1,1,1,1,1,1
"PTHR18959_SF44",1,2,1,2,1,2,1,1,1,1,1,1,1,2,3,1,1,1,1,3,1,3,1,1,1,2,1,2,2,1,1,1,1,1,1,1,2,1,2,1,1,2,1,1,1
"PTHR18959_SF46",1,2,1,3,1,1,1,1,1,3,2,3,1,1,2,1,1,1,1,1,1,1,1,1,1,2,2,1,2,2,2,5,1,1,1,2,1,1,1,1,4,1,1,2,1
"PTHR18959_SF47",2,1,5,5,2,3,5,1,1,1,1,1,1,6,1,1,1,1,3,1,1,1,1,4,1,1,1,5,1,1,0,1,1,6,1,1,6,1,6,1,4,1,1,2,2
"PTHR18962",1,1,1,1,1,1,1,1,1,1,1,1,1,1,1,1,1,1,1,1,1,1,1,1,1,1,1,1,1,1,1,1,1,1,1,1,1,1,1,1,1,1,1,1,1
"PTHR18964",1,1,1,1,1,1,1,1,1,1,1,1,1,1,1,1,1,1,1,1,1,1,1,1,1,1,1,1,1,1,1,1,1,1,1,1,1,1,1,1,1,1,1,1,1
"PTHR18966_SF100",1,1,1,1,1,2,1,1,1,1,1,1,1,1,1,1,1,1,1,1,1,1,1,1,1,1,1,1,1,1,1,1,1,1,1,1,1,1,1,1,1,1,1,1,1
"PTHR18966_SF105",1,1,1,1,1,1,1,1,1,1,1,1,1,1,1,1,1,1,1,1,1,1,1,1,1,1,1,1,1,1,1,1,1,1,1,1,1,1,1,1,1,1,1,1,1
"PTHR18966_SF107",1,1,1,1,1,1,1,1,1,1,1,1,1,1,1,1,1,1,1,1,1,1,1,1,1,1,0,1,1,1,1,1,0,1,1,1,1,1,1,1,1,1,1,1,1
"PTHR18966_SF108",1,1,1,1,1,1,1,1,1,1,1,1,1,1,1,1,1,1,1,1,1,1,1,1,1,2,0,1,1,1,1,1,1,1,1,1,1,1,1,1,1,1,1,1,1
"PTHR18966_SF109",3,1,1,1,1,1,1,1,1,1,1,2,1,1,1,1,1,1,1,1,1,1,1,1,2,1,1,1,1,1,1,1,1,1,1,1,1,1,1,1,1,1,1,1,1
"PTHR18966_SF151",1,1,1,1,1,1,1,1,1,1,1,1,1,1,1,1,1,1,1,1,1,1,1,1,1,1,0,1,1,1,1,1,1,1,1,1,1,1,1,1,1,1,1,1,1
"PTHR18966_SF154",1,1,0,1,0,1,1,1,1,1,1,1,1,1,1,1,1,0,1,1,1,1,1,1,1,1,1,1,1,1,0,1,1,1,1,1,1,1,1,1,1,1,1,0,0
"PTHR18966_SF157",1,1,1,1,1,1,1,1,1,1,1,1,1,1,1,1,1,1,1,1,1,1,1,1,1,1,1,1,1,1,1,1,1,1,1,1,1,1,1,1,1,1,1,1,1
"PTHR18966_SF16",1,1,1,1,1,1,1,1,1,2,1,1,1,1,1,1,1,1,1,1,1,1,1,1,1,1,1,1,1,1,1,1,1,1,1,1,1,1,1,1,1,1,1,1,1
"PTHR18966_SF160",1,1,1,1,1,1,1,1,1,1,1,1,1,1,1,1,1,1,1,0,1,1,1,1,1,1,0,1,1,2,0,1,1,1,1,1,1,0,1,1,1,1,1,1,1
"PTHR18966_SF163",1,1,1,1,1,1,1,1,1,1,1,1,1,1,1,1,1,1,1,1,1,1,1,1,1,1,1,1,1,1,1,1,1,1,1,1,1,1,1,2,1,1,1,1,1
"PTHR18966_SF171",1,1,1,1,1,1,0,1,1,1,1,1,1,1,1,1,1,1,1,1,1,1,1,1,1,1,1,1,1,1,1,1,1,1,1,1,1,1,1,1,1,1,1,1,1
"PTHR18966_SF174",1,1,1,1,1,1,1,1,1,1,1,1,1,1,1,1,1,1,1,1,1,1,1,1,1,1,1,1,1,1,1,1,1,1,1,1,1,1,1,1,1,1,1,1,1
"PTHR18966_SF179",1,1,1,1,1,1,1,2,1,1,1,1,1,1,1,1,1,0,1,1,1,1,1,1,1,1,1,1,1,1,2,1,1,1,1,1,1,1,1,1,1,1,1,1,1
"PTHR18966_SF34",1,2,1,1,1,1,1,1,1,1,1,1,1,1,1,1,1,1,1,1,1,1,1,1,1,1,1,1,1,1,1,1,1,1,1,1,1,1,1,1,1,1,1,1,1
"PTHR18966_SF36",1,1,1,1,1,1,1,1,1,1,1,1,1,1,1,1,1,1,1,0,1,1,1,1,1,1,2,1,1,1,1,1,1,1,1,1,1,1,1,1,1,1,1,1,1
"PTHR18966_SF38",1,1,1,1,1,1,1,1,1,1,1,1,1,1,1,1,1,1,1,1,1,2,1,1,1,1,0,1,1,1,1,1,1,1,1,1,1,1,1,1,1,1,1,1,1
"PTHR18966_SF99",1,1,1,1,1,1,1,1,1,1,1,1,1,1,1,1,1,1,1,1,1,1,1,1,1,1,1,1,1,1,1,1,1,1,1,1,1,1,1,1,1,1,1,1,1
"PTHR18968_SF127",1,2,1,1,1,1,1,1,1,1,1,1,1,1,1,1,1,1,1,1,1,1,1,1,1,1,1,1,1,1,1,1,1,1,1,1,1,1,1,1,1,1,1,1,1
"PTHR18968_SF6",2,1,1,1,1,1,1,1,1,1,1,1,1,1,1,1,1,1,1,1,1,1,2,1,1,1,1,1,1,1,1,1,1,1,1,1,1,1,1,1,1,1,1,1,1
"PTHR18976",4,4,4,4,4,5,4,4,4,4,4,4,4,4,3,4,3,3,4,2,4,4,4,4,4,4,4,4,4,4,3,4,4,4,4,4,4,4,7,4,4,3,4,2,4
"PTHR18978",1,1,1,1,1,1,1,1,1,1,1,1,1,1,1,1,1,1,1,1,1,1,1,1,1,1,1,1,1,1,1,1,1,1,1,1,1,1,1,1,1,1,1,1,1
"PTHR19051_SF11",1,0,0,0,0,0,1,0,0,1,0,0,1,1,0,1,0,0,1,0,2,0,1,0,0,0,1,1,0,0,0,0,0,1,0,1,1,1,1,1,0,0,1,0,0
"PTHR19051_SF14",1,1,0,0,0,1,1,1,1,1,1,2,1,0,1,1,1,1,0,0,1,1,1,0,1,1,1,0,1,1,1,1,1,0,0,1,1,1,1,1,0,1,0,1,1
"PTHR19051_SF16",1,1,0,0,1,1,0,0,0,2,5,5,1,0,2,1,0,0,0,0,0,0,7,0,3,0,7,0,1,1,0,0,0,0,0,6,0,1,0,4,0,0,0,0,1
"PTHR19051_SF4",3,3,0,0,3,4,1,0,0,1,2,2,4,2,0,1,1,0,0,0,1,0,2,0,1,0,1,0,3,3,3,0,0,0,0,1,0,3,0,1,0,1,2,0,7
"PTHR19051_SF5",1,1,0,0,0,1,1,0,1,1,1,1,1,0,0,1,0,1,0,0,1,0,1,0,0,0,1,0,1,1,1,0,1,0,0,1,1,1,1,1,0,1,0,0,1
"PTHR19134_SF150",2,2,5,2,2,2,1,1,1,1,2,2,2,5,1,1,1,1,4,1,1,2,1,3,1,2,1,5,2,2,1,1,1,4,2,1,5,2,6,1,4,2,2,2,3
"PTHR19134_SF187",1,1,1,1,1,1,1,1,1,1,1,1,1,1,1,1,1,1,1,1,1,1,1,1,1,1,1,1,1,1,1,1,1,1,1,1,1,1,1,1,1,1,1,1,1
"PTHR19134_SF189",1,1,1,1,1,1,1,2,1,2,1,1,1,1,1,1,1,1,1,2,1,1,1,1,1,1,1,1,1,2,1,1,1,1,1,1,1,1,1,1,1,1,1,1,1
"PTHR19134_SF194",1,1,1,1,1,1,1,1,1,1,1,1,1,1,3,1,1,1,1,1,1,1,1,1,1,0,1,1,1,1,1,2,1,1,1,1,1,1,1,1,1,1,1,1,1
"PTHR19134_SF197",2,2,1,1,1,1,1,1,1,1,1,1,1,1,1,1,1,1,1,1,1,2,1,1,1,1,2,1,1,1,1,1,1,1,1,1,1,1,1,1,1,1,1,1,1
"PTHR19134_SF2",2,2,2,2,2,2,2,2,1,2,1,2,2,2,2,2,1,2,2,2,2,2,2,1,2,2,1,2,1,2,1,1,2,2,1,2,2,1,1,2,2,2,2,1,2
"PTHR19134_SF200",1,1,2,1,1,1,2,2,1,1,1,1,1,2,2,1,1,2,1,2,1,1,1,1,1,1,1,3,1,1,1,1,1,1,3,1,1,1,1,1,1,1,1,2,1
"PTHR19134_SF203",1,1,2,2,1,1,2,1,1,1,1,1,2,2,2,3,1,1,2,2,1,1,2,2,1,1,1,2,1,1,2,1,1,2,2,1,1,2,2,1,2,1,1,2,1
"PTHR19134_SF204",3,2,2,2,2,2,2,2,2,2,2,2,2,2,2,3,2,2,2,3,2,2,2,2,2,2,2,2,2,3,1,2,2,2,2,2,2,2,3,2,2,2,2,2,2
"PTHR19134_SF206",1,1,1,1,1,1,1,1,1,1,1,1,1,1,1,1,1,1,1,1,1,1,1,1,1,1,1,1,1,1,1,1,1,1,1,1,1,1,1,1,1,1,1,2,1
"PTHR19134_SF207",1,1,1,1,1,1,1,1,1,2,1,1,1,1,1,1,1,1,1,1,1,1,1,1,1,1,3,1,1,1,1,1,1,1,1,1,1,1,1,1,1,1,1,1,1
"PTHR19134_SF208",2,1,1,1,1,2,1,1,1,2,1,1,1,1,1,1,1,2,1,1,1,1,1,1,1,1,2,2,1,2,1,1,1,1,2,1,1,1,1,1,1,1,1,2,2
"PTHR19134_SF209",2,1,1,1,1,1,1,1,1,1,1,1,1,1,1,2,1,1,1,1,1,1,1,1,1,1,1,1,1,1,1,1,1,1,1,1,1,1,1,1,1,1,1,1,1
"PTHR19134_SF211",1,1,1,1,1,1,1,1,1,1,1,4,1,1,1,1,1,1,1,1,1,1,1,1,1,1,1,1,1,1,1,1,1,1,1,1,1,1,1,1,1,1,1,1,1
"PTHR19134_SF214",2,1,1,1,1,1,1,1,1,1,1,1,1,1,1,1,1,1,1,1,1,1,1,1,1,1,1,1,1,1,1,1,1,1,1,1,1,1,1,1,1,1,1,1,1
"PTHR19134_SF219",1,1,1,1,1,1,1,1,1,1,1,1,1,1,1,1,1,1,1,1,1,1,1,1,1,1,1,1,1,1,1,1,1,1,1,1,1,1,1,1,1,1,1,1,1
"PTHR19134_SF223",1,1,1,1,1,1,1,1,1,1,1,1,0,1,0,1,0,1,1,0,1,1,1,1,1,0,2,1,0,1,1,0,1,1,0,1,1,1,1,1,1,1,1,0,1
"PTHR19134_SF229",1,0,1,0,0,0,0,0,0,1,0,0,0,0,0,2,0,0,0,0,0,0,0,0,0,0,0,0,0,0,0,0,0,0,0,0,0,0,0,0,0,0,0,0,0
"PTHR19134_SF239",1,1,1,2,1,1,2,1,1,1,1,1,1,1,1,1,2,1,1,1,1,1,1,1,1,1,1,1,1,1,1,1,1,1,1,0,1,1,1,1,2,1,1,1,1
"PTHR19134_SF248",1,1,1,1,1,1,1,1,1,1,1,1,1,1,1,1,1,1,1,1,1,1,1,1,1,1,1,1,2,1,1,1,1,1,1,1,1,1,1,1,1,1,1,1,1
"PTHR19134_SF251",1,1,1,1,1,1,1,1,1,2,1,1,1,1,1,1,1,1,1,2,1,1,1,1,1,1,1,1,1,1,1,1,1,1,1,1,1,1,1,1,1,1,1,1,1
"PTHR19134_SF254",1,1,1,1,1,1,1,1,1,1,1,1,1,1,1,1,1,1,1,0,1,1,1,1,0,2,1,1,1,1,0,1,1,1,1,0,1,1,1,1,1,1,0,0,1
"PTHR19134_SF260",1,1,1,1,1,1,1,1,1,1,1,1,1,1,1,1,1,1,1,1,1,1,1,1,1,1,1,1,1,1,1,1,1,1,1,1,1,1,1,1,1,1,1,1,1
"PTHR19134_SF27",1,1,1,1,1,1,1,1,1,1,1,1,1,1,1,1,1,1,1,1,1,1,1,1,1,2,1,1,1,2,1,1,1,1,1,1,1,1,1,1,1,1,1,1,1
"PTHR19134_SF271",1,0,1,1,1,1,1,1,0,3,1,1,1,1,0,1,1,1,1,1,1,1,1,1,1,1,1,1,1,1,1,1,1,1,1,1,1,1,1,1,1,1,1,1,1
"PTHR19134_SF278",1,1,1,1,1,1,1,1,1,1,1,1,1,1,1,2,1,1,1,0,1,1,1,1,1,1,1,1,1,1,1,1,1,1,2,1,1,1,1,1,1,1,1,1,1
"PTHR19134_SF33",1,1,1,1,1,1,1,1,1,1,1,1,1,1,4,1,1,1,1,1,1,1,1,1,1,1,2,1,1,1,1,2,1,1,1,2,1,1,1,1,1,1,1,1,1
"PTHR19134_SF39",1,1,1,1,1,1,1,1,1,1,1,1,1,1,1,1,1,1,1,0,1,1,1,1,1,1,1,1,3,1,2,1,1,1,1,1,1,2,1,1,1,1,1,1,1
"PTHR19134_SF40",1,1,1,1,1,1,1,1,1,1,1,1,1,1,1,1,1,1,1,1,1,1,1,1,1,1,1,1,1,1,1,1,1,1,1,1,1,1,1,1,1,1,1,2,1
"PTHR19134_SF41",1,1,1,1,1,1,1,1,1,1,1,1,1,1,1,1,1,1,1,1,1,1,1,1,1,1,1,1,1,1,1,1,1,1,1,1,1,1,1,1,1,0,1,1,1
"PTHR19134_SF42",1,1,1,1,1,1,1,1,1,1,1,1,1,1,1,1,1,1,1,1,1,1,1,1,1,1,1,1,1,1,1,1,1,1,1,1,1,1,1,1,1,1,1,1,1
"PTHR19134_SF49",1,1,1,1,1,1,1,1,1,1,1,1,1,1,1,1,1,1,2,1,1,1,1,1,1,1,1,1,1,1,2,1,1,1,3,1,1,1,1,1,1,1,1,2,1
"PTHR19134_SF65",1,1,1,1,1,1,1,1,1,1,1,1,1,1,1,1,1,1,1,1,1,1,1,1,1,1,1,1,1,1,1,1,1,1,1,1,1,1,1,1,1,1,1,1,1
"PTHR19134_SF70",1,1,0,0,1,1,0,1,0,1,0,0,1,0,0,0,0,1,0,0,0,0,1,0,1,1,1,0,1,1,0,0,1,0,1,1,0,0,0,1,0,1,0,0,1
"PTHR19134_SF77",1,1,1,2,1,1,1,1,1,1,1,1,1,1,1,1,1,1,1,1,1,1,1,1,1,1,1,1,1,1,1,1,1,1,1,1,1,1,1,1,1,1,1,1,1
"PTHR19134_SF78",1,1,1,1,1,1,1,1,1,1,1,1,1,2,1,1,1,1,1,1,1,1,1,1,1,1,1,1,1,1,1,2,1,1,1,1,1,1,1,1,1,1,1,1,1
"PTHR19136",1,1,1,1,1,1,1,1,1,1,1,1,1,1,1,1,1,1,1,1,1,1,1,1,1,1,2,1,1,1,1,1,1,1,1,1,1,1,2,1,1,1,1,1,1
"PTHR19139_SF101",1,1,1,1,1,1,1,1,1,1,1,1,1,1,1,1,1,1,1,1,1,1,1,1,1,1,1,1,1,1,1,1,1,1,1,1,1,1,1,1,1,1,1,1,1
"PTHR19139_SF113",1,1,1,1,1,1,1,1,1,1,1,1,1,1,1,1,1,1,1,1,1,1,1,1,1,1,1,1,2,1,1,1,1,1,1,1,1,1,1,1,1,1,1,1,1
"PTHR19139_SF116",1,1,1,1,1,1,1,1,1,1,1,1,1,1,1,1,1,1,1,0,1,2,1,1,1,1,1,1,0,1,1,1,2,1,1,1,1,1,1,1,1,1,1,1,1
"PTHR19139_SF15",1,1,1,1,1,1,0,1,1,1,1,1,1,1,1,1,1,1,1,2,1,1,1,1,1,1,1,1,1,1,1,1,1,1,1,1,1,1,1,1,1,1,1,1,1
"PTHR19139_SF16",1,1,1,1,1,1,1,1,1,1,1,1,1,2,1,2,1,1,1,0,1,1,1,1,1,1,1,1,1,1,1,1,1,1,2,1,1,1,3,1,1,1,1,2,1
"PTHR19139_SF18",1,1,1,1,0,1,1,1,1,1,1,1,1,1,1,1,1,0,1,0,1,1,0,1,0,1,0,1,1,1,1,0,0,1,1,0,1,1,1,0,1,1,1,0,1
"PTHR19139_SF33",1,1,1,1,1,1,1,1,1,1,1,1,1,1,1,2,1,1,1,1,1,1,1,1,1,1,1,1,1,1,1,1,1,1,1,1,1,1,1,1,1,1,1,1,1
"PTHR19139_SF34",1,1,1,1,1,1,1,1,1,1,1,1,1,1,1,1,1,1,1,1,1,1,1,1,1,1,2,1,1,1,1,1,1,1,1,1,1,1,1,1,1,1,1,2,1
"PTHR19139_SF39",1,1,1,1,1,1,1,1,1,1,1,1,1,1,1,1,1,1,1,1,1,1,1,1,1,1,1,1,1,1,1,1,1,1,1,1,1,1,1,1,1,1,1,1,1
"PTHR19139_SF45",1,1,1,1,1,1,1,1,1,0,1,1,1,1,1,1,1,1,1,1,1,1,1,1,1,1,1,1,1,1,1,1,1,1,1,2,1,1,1,1,1,1,1,1,1
"PTHR19143_SF156",1,1,1,1,1,1,1,1,1,2,1,1,1,1,1,1,1,1,1,1,1,1,1,1,1,1,1,1,1,1,1,1,1,1,1,1,1,1,1,1,1,1,1,1,1
"PTHR19143_SF16",1,1,0,1,1,1,1,1,1,1,1,1,1,1,1,1,1,1,1,1,1,1,1,1,1,1,1,1,1,1,1,1,1,1,1,1,1,1,1,1,1,1,1,1,1
"PTHR19143_SF165",2,1,2,0,1,1,1,1,1,2,3,2,0,1,1,1,1,2,2,3,2,1,2,2,1,2,1,1,1,1,1,1,2,2,1,2,1,0,1,2,0,1,2,0,1
"PTHR19143_SF167",1,1,1,1,1,1,1,1,1,1,1,1,1,1,1,1,1,1,1,1,1,1,1,1,1,1,0,1,1,1,1,1,1,1,1,1,1,1,1,1,1,1,1,1,1
"PTHR19143_SF169",1,1,1,1,1,1,1,1,1,0,1,1,1,1,1,1,1,1,1,1,1,1,1,1,1,1,1,1,1,1,0,1,1,1,1,1,1,1,1,1,1,1,1,1,1
"PTHR19143_SF172",1,1,1,2,1,1,0,1,1,0,2,1,1,2,1,1,1,1,1,1,1,1,1,1,1,1,1,1,1,1,1,1,1,1,1,1,1,1,1,1,1,1,1,2,1
"PTHR19143_SF173",1,0,1,1,0,1,1,1,0,1,1,1,0,1,1,1,0,0,1,1,1,1,0,1,0,0,0,1,0,0,0,0,1,1,1,0,1,1,1,0,1,0,1,1,0
"PTHR19143_SF177",1,1,1,1,1,1,1,1,1,1,1,1,1,1,1,1,1,1,1,1,1,1,1,1,1,2,1,1,1,1,1,1,1,1,1,1,1,1,1,1,1,1,1,1,1
"PTHR19143_SF18",1,1,1,1,1,1,1,1,1,1,1,1,1,1,1,1,1,1,1,1,1,1,1,1,1,1,1,1,1,1,1,1,1,1,1,1,1,1,1,1,1,1,1,1,1
"PTHR19143_SF185",1,1,1,1,1,1,1,0,1,1,1,1,1,1,0,1,0,1,1,1,1,1,0,1,0,1,0,1,1,1,1,0,1,1,1,1,1,1,1,0,1,1,1,1,1
"PTHR19143_SF187",1,1,1,1,1,1,1,1,1,1,2,1,1,1,1,1,1,1,1,1,1,1,1,1,1,1,1,1,1,1,1,1,1,1,1,1,1,1,1,1,1,1,1,1,1
"PTHR19143_SF189",1,1,1,1,1,1,1,1,1,1,1,1,1,1,1,1,1,1,1,1,1,1,1,1,1,1,1,1,1,1,1,1,1,1,1,1,1,1,2,1,1,1,1,1,1
"PTHR19143_SF190",1,1,1,1,1,3,1,1,1,1,2,2,1,2,2,8,1,1,1,2,1,2,1,2,1,1,2,1,2,1,2,1,1,3,2,1,1,2,5,0,1,1,1,1,2
"PTHR19143_SF196",1,0,0,0,1,0,0,0,0,0,0,0,0,0,0,0,0,1,0,0,0,0,0,0,0,1,0,0,1,0,0,0,0,0,1,0,0,0,0,0,0,0,0,1,0
"PTHR19143_SF199",1,1,1,1,1,1,1,1,1,1,1,1,1,1,1,1,1,1,1,0,1,1,1,1,1,1,1,1,1,1,1,1,1,1,1,1,1,1,1,1,1,1,1,1,1
"PTHR19143_SF22",1,1,1,1,1,1,1,1,1,1,1,1,1,1,1,1,1,1,1,1,1,1,1,1,1,1,1,1,1,1,1,1,1,1,1,1,1,1,1,1,1,1,1,1,1
"PTHR19143_SF23",1,1,1,1,1,1,1,1,1,1,1,1,1,1,1,1,1,1,1,1,1,1,1,1,1,1,1,1,1,1,1,1,1,1,1,1,1,1,1,1,1,1,1,1,1
"PTHR19143_SF24",1,2,1,1,1,2,2,1,1,2,2,1,1,1,1,2,1,1,1,1,1,1,1,1,1,1,1,1,1,1,1,1,1,1,1,1,1,2,1,1,1,1,1,2,1
"PTHR19143_SF25",1,1,1,1,1,1,1,1,1,1,1,1,1,1,1,1,1,1,1,1,1,1,1,1,1,1,1,1,1,1,1,1,1,1,1,1,1,1,1,1,1,1,1,1,1
"PTHR19143_SF31",1,1,1,1,1,1,1,0,1,1,1,1,1,1,0,1,1,1,1,1,1,1,1,1,1,1,1,1,1,1,1,1,1,1,1,1,1,1,1,1,1,1,1,2,1
"PTHR19143_SF38",1,1,1,1,1,1,1,1,1,1,2,1,1,1,1,1,1,1,1,1,1,1,1,1,1,1,1,1,1,1,1,1,1,1,1,1,1,1,1,1,1,1,1,2,1
"PTHR19143_SF39",1,1,1,1,1,1,1,1,1,1,1,1,1,1,1,1,1,1,1,1,1,1,1,1,1,1,1,1,1,1,1,1,1,1,1,1,1,1,1,1,1,1,1,1,1
"PTHR19143_SF40",1,1,1,1,1,1,1,1,1,1,1,1,1,1,1,1,1,1,1,1,1,1,1,1,1,1,1,1,1,1,1,1,1,1,1,1,1,1,1,1,1,1,1,1,1
"PTHR19143_SF43",1,1,1,1,1,1,1,1,1,1,1,1,1,1,1,1,1,1,1,1,1,1,1,1,1,1,1,1,1,1,1,1,1,1,1,1,1,1,1,1,1,1,1,1,1
"PTHR19143_SF45",1,1,1,1,1,1,1,1,1,1,1,1,1,1,1,1,1,1,1,0,1,1,1,1,1,1,1,1,1,1,1,1,1,1,1,1,1,1,2,2,1,1,1,1,1
"PTHR19143_SF46",1,1,1,1,1,1,1,1,1,1,1,1,1,1,1,1,1,1,1,1,1,1,1,1,1,1,1,1,1,1,1,1,1,1,1,1,1,1,1,2,1,1,1,1,1
"PTHR19211_SF14",1,1,1,1,1,1,1,1,1,2,1,1,1,1,1,7,2,1,1,1,1,1,1,1,1,1,1,1,1,1,1,1,1,1,1,1,1,1,1,1,0,1,1,1,1
"PTHR19211_SF15",1,1,1,3,1,1,1,1,1,1,1,1,1,1,1,2,1,1,2,1,1,1,1,1,1,1,1,2,1,1,2,2,2,1,1,2,2,1,2,1,3,1,1,1,1
"PTHR19211_SF45",1,1,1,1,1,1,1,1,1,1,2,1,1,1,1,1,2,1,1,1,1,1,1,1,1,1,1,1,1,1,1,1,1,1,1,1,1,1,1,1,2,1,1,1,1
"PTHR19212",2,2,3,3,2,2,3,2,2,2,2,2,2,3,4,2,2,2,3,3,2,2,2,2,2,2,3,3,2,2,2,4,2,3,2,2,3,2,3,2,2,2,2,2,2
"PTHR19226",1,1,1,1,1,1,1,1,1,1,1,1,1,1,1,1,1,1,1,1,1,1,1,1,1,1,1,1,1,1,1,1,1,1,1,1,1,1,1,1,1,1,1,1,1
"PTHR19229_SF100",1,1,1,1,1,1,1,1,1,1,1,1,1,1,1,1,1,1,1,1,1,1,1,1,1,1,1,1,1,1,1,1,1,1,1,1,1,1,1,1,1,1,1,1,1
"PTHR19229_SF101",2,1,0,0,1,1,0,0,0,1,1,1,1,0,0,0,1,1,0,1,0,0,1,0,1,1,1,0,1,1,1,0,1,0,0,1,0,0,0,1,0,1,0,0,1
"PTHR19229_SF102",1,0,2,2,1,0,1,1,1,1,0,0,1,0,1,0,1,2,3,2,2,0,1,3,1,1,1,0,1,0,1,1,1,2,0,1,0,0,0,1,2,1,0,0,1
"PTHR19229_SF103",2,1,0,0,1,2,0,0,0,1,3,1,0,0,0,0,1,0,0,0,0,0,1,0,1,1,1,0,2,1,1,0,1,0,1,1,0,0,0,1,0,2,0,2,3
"PTHR19229_SF11",1,1,1,0,1,1,0,1,1,1,1,1,1,1,1,1,1,1,1,1,1,1,1,1,1,1,3,1,1,2,1,1,2,1,0,1,1,1,1,1,0,1,0,0,2
"PTHR19229_SF113",2,1,1,1,0,1,1,1,1,1,1,1,1,1,1,1,1,1,1,0,1,1,1,1,1,0,1,1,0,1,0,1,1,1,0,1,1,1,1,1,1,0,1,1,0
"PTHR19229_SF115",1,1,1,1,1,0,1,1,0,1,1,1,1,1,1,1,1,1,1,3,1,1,2,1,0,1,2,1,2,0,1,2,1,1,0,1,1,1,1,2,1,1,0,0,1
"PTHR19229_SF116",1,0,1,1,0,1,1,1,1,1,1,1,1,1,1,1,1,1,1,0,1,1,1,1,1,1,1,1,1,1,0,1,1,1,1,2,1,0,1,1,1,0,1,1,0
"PTHR19229_SF117",1,2,0,0,1,1,0,0,0,1,1,1,1,0,0,0,1,1,0,0,0,0,1,0,1,1,1,0,1,1,1,0,1,0,0,1,0,2,0,1,0,1,0,0,1
"PTHR19229_SF120",1,1,1,1,0,1,0,0,0,0,2,1,1,1,0,1,0,0,1,0,0,1,0,1,0,1,0,1,0,1,0,0,0,1,4,0,1,1,1,0,0,0,0,4,0
"PTHR19229_SF13",1,1,1,1,1,1,1,1,1,1,2,1,2,1,1,1,1,1,1,1,1,1,1,1,1,1,4,1,3,1,1,1,1,1,0,1,1,1,2,1,1,1,0,0,3
"PTHR19229_SF29",1,1,1,1,1,1,1,1,1,1,1,1,1,1,1,1,1,1,1,1,1,1,1,1,1,1,1,1,1,1,1,1,1,1,1,1,1,1,1,1,1,1,1,1,1
"PTHR19229_SF34",1,1,1,1,1,1,1,1,1,1,1,1,1,1,1,1,1,1,1,1,1,1,1,1,1,2,3,1,1,1,1,1,1,1,3,1,1,1,1,1,1,1,1,1,1
"PTHR19229_SF49",1,0,1,1,1,1,1,1,1,0,1,0,0,1,1,1,1,0,1,1,1,1,1,1,1,1,0,1,2,1,0,1,1,1,1,1,1,0,1,1,1,1,1,1,1
"PTHR19229_SF97",1,1,1,1,1,1,1,1,1,1,1,1,1,1,1,1,2,1,1,1,1,1,1,1,1,1,1,1,1,1,1,1,1,1,2,1,1,1,1,1,1,1,1,1,1
"PTHR19229_SF98",1,1,1,1,1,1,1,1,1,1,1,1,1,1,1,1,1,2,1,1,1,1,1,1,1,1,1,1,1,1,1,1,1,1,6,1,1,1,1,1,1,1,1,6,1
"PTHR19232",2,2,2,2,2,3,2,2,2,2,2,2,2,2,2,2,2,2,2,2,2,2,2,2,2,2,2,2,2,3,1,2,2,2,2,2,2,2,2,2,2,2,2,3,2
"PTHR19237",2,2,2,2,2,2,2,2,2,2,2,2,2,2,2,2,2,2,2,2,2,2,2,2,2,2,2,2,2,2,2,2,2,2,2,2,2,2,2,2,2,3,2,2,3
"PTHR19241_SF164",1,1,1,1,1,1,1,1,1,1,1,1,1,1,1,1,1,1,1,1,1,1,1,1,1,1,1,1,1,1,1,1,1,1,1,1,1,1,1,1,1,1,1,1,1
"PTHR19241_SF177",1,1,1,1,1,1,1,1,1,1,1,1,1,1,1,1,1,1,1,1,1,1,1,1,1,1,1,1,1,1,0,1,1,1,1,1,1,1,1,1,1,1,1,1,1
"PTHR19241_SF193",1,1,1,1,1,1,1,1,1,1,1,1,1,1,1,1,1,1,1,1,1,1,1,1,1,1,1,1,1,1,1,1,1,1,1,1,1,1,1,1,1,1,1,1,1
"PTHR19241_SF209",1,0,1,1,0,0,1,3,7,1,1,1,1,1,4,1,5,1,1,2,1,1,1,1,1,1,1,1,0,0,2,1,1,1,0,5,0,1,0,1,1,0,1,0,0
"PTHR19241_SF211",1,1,1,1,1,1,1,1,1,1,1,1,1,1,1,1,1,1,1,0,1,1,1,1,2,1,1,1,1,1,1,1,1,1,1,1,1,1,1,1,1,1,1,1,1
"PTHR19248",1,1,2,1,1,1,1,1,1,1,1,1,1,2,3,1,1,1,1,1,1,1,1,2,1,1,1,2,1,1,2,1,1,1,1,1,3,1,4,1,1,1,1,1,1
"PTHR19256",11,7,3,2,7,6,4,4,1,17,11,23,5,5,1,11,0,3,3,4,6,2,10,4,0,11,3,5,4,9,8,1,5,4,1,2,6,4,11,1,1,2,0,2,9
"PTHR19265",1,1,1,1,1,1,1,1,1,1,1,1,1,1,1,1,1,1,1,1,1,1,1,1,1,1,1,1,1,1,1,1,1,1,1,1,1,1,1,1,1,1,1,1,1
"PTHR19268",1,3,2,3,3,3,3,2,2,2,3,2,3,2,3,3,2,3,3,2,3,3,3,3,3,2,3,2,3,2,2,3,3,3,3,3,2,3,3,3,2,3,3,2,2
"PTHR19269",4,7,7,8,8,9,8,5,4,9,5,5,5,10,10,4,8,4,14,6,7,8,5,14,4,4,4,12,6,4,5,14,8,16,5,4,10,5,12,4,8,5,4,12,7
"PTHR19271",1,1,0,0,1,1,0,1,1,1,0,2,1,1,1,1,1,1,1,0,0,1,1,0,1,0,1,0,1,1,1,0,0,0,1,0,1,1,1,1,1,1,1,1,0
"PTHR19277",6,7,6,6,5,7,7,6,7,5,6,7,6,6,7,6,7,7,6,3,6,6,8,6,7,5,7,6,5,6,6,6,8,6,10,7,5,5,6,7,7,6,4,9,5
"PTHR19278_SF9",1,1,1,1,1,1,1,1,1,1,1,1,1,1,1,1,1,1,1,1,1,1,1,1,1,1,2,1,1,1,1,1,1,1,1,1,1,1,1,1,1,1,1,1,1
"PTHR19282_SF153",1,1,1,1,1,1,1,1,1,1,1,1,1,1,1,1,1,1,1,1,1,1,1,1,1,1,2,1,1,1,1,1,1,1,1,1,1,1,1,1,1,1,1,1,1
"PTHR19282_SF154",1,1,1,1,1,1,1,1,1,2,1,1,1,1,1,1,1,1,1,1,1,1,1,1,1,1,1,1,1,1,1,1,1,1,1,1,1,1,2,1,1,1,1,1,1
"PTHR19282_SF155",1,1,1,1,1,1,1,1,1,1,1,1,1,1,1,1,1,1,1,1,1,1,1,1,1,1,1,1,1,1,1,1,1,1,1,1,1,1,1,1,1,1,1,1,1
"PTHR19282_SF159",1,1,1,1,1,1,2,1,1,1,1,1,1,1,1,1,1,1,1,1,1,1,1,1,1,1,1,1,1,1,1,1,1,1,1,1,1,1,1,1,1,1,1,2,1
"PTHR19282_SF163",1,1,1,1,1,1,1,1,1,1,1,1,1,1,1,1,2,1,1,1,1,1,1,1,1,1,1,1,1,1,1,1,2,1,2,1,1,1,1,1,1,1,1,2,1
"PTHR19282_SF167",1,1,1,1,1,2,1,1,1,1,1,1,1,1,1,1,1,0,1,0,1,1,1,1,1,1,1,1,1,0,0,1,1,1,1,1,1,1,1,2,1,1,1,1,1
"PTHR19282_SF169",1,1,1,1,2,1,2,1,1,1,1,1,1,1,1,1,1,1,1,1,1,1,1,1,1,1,1,2,1,1,1,1,1,1,1,1,1,1,1,1,1,2,1,1,3
"PTHR19282_SF185",1,1,1,1,1,1,1,1,1,1,1,1,1,1,1,1,1,1,1,1,1,1,1,1,1,1,2,1,1,1,1,1,1,1,1,1,1,1,2,1,1,1,1,0,1
"PTHR19282_SF188",1,1,1,1,1,1,1,1,1,1,1,1,1,1,1,1,1,1,1,0,1,1,1,1,1,1,1,1,1,1,1,1,1,1,1,1,1,1,2,1,1,1,1,1,1
"PTHR19282_SF191",1,1,1,1,1,1,1,1,1,1,1,1,1,1,1,1,1,1,1,1,1,1,1,1,1,1,1,1,1,1,0,1,1,1,1,1,1,1,1,1,1,1,1,1,1
"PTHR19282_SF192",1,1,1,1,1,1,1,1,1,1,2,1,1,2,1,2,1,2,1,1,1,1,1,1,1,1,2,1,1,1,1,1,1,1,1,2,1,1,1,2,1,1,1,1,1
"PTHR19282_SF197",1,1,1,1,1,1,0,1,1,0,1,1,1,1,1,1,1,1,1,0,1,1,1,1,1,1,1,1,1,1,0,1,1,1,0,1,1,1,1,1,1,1,1,1,1
"PTHR19282_SF198",1,1,1,1,1,1,1,2,1,1,1,1,1,1,1,1,1,1,1,1,1,1,1,1,1,1,1,1,1,1,1,1,1,1,1,1,1,1,1,1,1,1,0,1,1
"PTHR19282_SF202",1,1,1,1,1,1,1,1,1,1,1,1,1,1,1,1,1,1,1,1,1,1,1,1,1,1,1,1,1,1,1,1,1,1,1,1,1,1,1,0,1,1,1,1,1
"PTHR19282_SF203",1,1,1,1,1,2,1,1,1,1,1,1,2,1,1,1,1,1,1,1,1,1,1,1,1,1,1,1,1,1,1,2,1,1,1,1,1,1,1,1,2,1,1,1,1
"PTHR19282_SF209",1,1,1,1,1,1,1,1,1,1,1,1,1,1,1,1,1,1,1,0,1,1,1,1,1,1,1,1,1,1,1,1,1,1,1,1,1,1,1,1,1,1,1,1,1
"PTHR19282_SF211",1,1,1,1,1,1,1,0,0,1,1,1,1,1,0,1,0,0,1,1,1,1,0,1,0,1,0,0,1,1,1,0,0,1,0,0,1,1,1,0,1,1,0,0,1
"PTHR19282_SF212",1,2,2,1,1,2,1,1,1,1,1,1,1,1,1,1,1,1,1,1,1,1,1,1,1,1,1,1,1,3,1,1,1,1,1,1,1,1,1,1,1,1,1,1,1
"PTHR19282_SF23",1,1,1,1,1,1,1,1,1,1,1,1,1,1,1,1,1,1,1,1,1,1,1,1,1,1,1,1,1,1,1,1,1,1,1,1,1,1,1,1,1,1,1,1,1
"PTHR19282_SF24",1,1,1,1,1,1,1,1,1,1,1,1,1,1,1,1,1,1,1,1,1,1,1,1,1,1,1,1,1,1,1,1,1,1,1,1,1,1,1,1,1,1,2,1,1
"PTHR19282_SF25",1,1,1,1,1,1,1,1,1,1,1,1,1,1,1,1,1,1,1,1,1,1,1,1,1,1,1,1,1,1,1,1,1,1,1,1,1,1,1,1,1,1,1,1,1
"PTHR19282_SF26",1,1,1,1,1,1,1,1,1,1,1,1,1,1,1,1,1,1,1,1,1,1,1,1,1,1,1,1,1,1,1,1,1,1,1,1,1,1,1,1,1,1,1,1,1
"PTHR19282_SF29",1,0,1,1,1,1,1,1,1,0,1,1,1,1,1,1,1,1,1,1,1,1,0,0,0,0,1,1,0,1,1,0,1,1,0,0,1,0,1,0,1,1,1,0,0
"PTHR19282_SF3",1,1,1,1,1,1,1,1,1,1,1,1,1,1,1,1,1,1,1,1,1,1,1,1,1,1,1,1,1,1,1,1,1,1,2,1,1,1,1,1,1,1,1,2,1
"PTHR19282_SF33",1,1,1,1,1,1,1,1,1,1,1,1,1,1,1,1,1,1,1,1,1,1,1,1,1,1,1,1,1,1,1,0,1,1,1,1,1,1,1,1,1,1,1,1,1
"PTHR19282_SF39",1,1,1,1,1,1,1,1,1,1,1,1,1,1,1,1,1,1,1,1,1,1,1,1,1,1,1,1,1,1,1,1,1,1,1,1,1,1,1,1,1,1,1,1,1
"PTHR19282_SF40",1,1,1,1,1,1,1,1,1,1,1,1,1,1,1,1,1,0,1,1,1,1,1,1,1,1,1,1,1,1,0,1,1,1,1,1,1,1,1,2,1,1,1,1,1
"PTHR19282_SF41",1,1,1,2,1,1,1,2,1,1,1,1,1,1,1,1,1,1,1,1,1,1,1,1,1,1,1,1,1,1,1,1,1,1,1,1,1,1,1,1,1,1,1,1,1
"PTHR19282_SF44",1,1,1,1,1,1,1,1,1,1,1,1,1,1,0,1,1,0,1,1,1,1,1,1,1,1,1,1,1,1,1,1,1,1,1,1,1,1,1,1,1,1,1,1,1
"PTHR19282_SF48",1,2,1,1,2,1,1,1,1,4,1,1,1,1,2,1,1,1,1,1,1,2,1,1,1,1,1,1,2,1,2,3,1,1,1,1,1,1,1,1,1,1,1,1,2
"PTHR19282_SF62",1,1,1,1,1,1,1,1,1,1,1,1,1,1,1,1,1,1,1,1,1,1,1,1,1,1,1,1,1,1,1,1,1,1,1,1,1,1,1,1,1,1,1,1,1
"PTHR19282_SF63",1,1,1,1,1,1,1,1,1,1,1,1,1,1,1,1,1,1,1,0,1,1,1,1,1,1,2,0,1,0,1,1,1,1,1,1,1,1,1,1,1,1,1,1,1
"PTHR19282_SF64",1,1,1,2,1,1,1,1,1,1,1,2,1,1,1,2,1,1,1,2,1,1,2,1,1,1,1,2,1,2,1,1,1,1,1,1,1,2,1,1,1,1,1,1,1
"PTHR19288_SF29",1,1,1,1,1,1,1,1,1,1,1,1,1,1,1,1,1,1,1,1,1,1,1,1,1,1,2,1,1,1,1,1,1,1,1,1,1,1,1,1,1,1,1,1,1
"PTHR19288_SF32",1,1,1,1,1,1,1,1,1,0,1,1,1,1,1,1,1,0,1,1,1,1,1,1,1,0,1,1,1,1,1,1,0,1,1,1,1,1,1,1,1,1,1,1,0
"PTHR19288_SF36",1,1,2,1,1,1,1,1,1,1,1,1,1,1,1,1,1,1,2,1,1,1,1,2,1,1,1,1,1,1,1,1,1,2,1,1,1,1,1,1,1,1,1,1,1
"PTHR19288_SF37",1,1,1,1,1,1,1,1,1,2,1,1,1,1,1,1,1,1,1,1,1,1,1,1,1,0,1,1,1,1,0,1,1,1,1,1,1,2,1,1,1,1,1,1,1
"PTHR19290_SF32",1,1,1,1,1,1,1,1,1,1,1,1,1,0,1,1,1,1,1,0,1,1,1,1,1,1,1,1,1,0,0,1,1,1,1,1,0,1,2,1,1,1,0,1,1
"PTHR19290_SF76",1,1,1,1,1,1,1,1,1,1,1,1,1,1,1,1,1,1,1,1,1,1,1,1,0,1,1,1,1,0,0,1,1,1,1,1,1,0,1,1,1,1,0,1,1
"PTHR19290_SF77",1,1,0,1,1,1,1,0,0,1,1,1,1,1,1,1,1,1,1,0,1,0,1,1,1,1,1,1,1,1,1,1,1,1,1,1,0,1,1,1,1,1,1,1,0
"PTHR19290_SF8",1,1,0,1,0,1,1,1,1,1,1,1,1,0,1,1,1,1,1,1,1,1,1,1,1,1,1,0,1,1,1,1,1,1,1,1,1,1,1,1,1,1,1,1,1
"PTHR19290_SF81",1,1,0,0,1,1,1,0,0,0,1,1,1,1,0,1,1,1,0,1,1,0,1,0,1,1,1,0,1,1,0,1,1,0,1,1,1,1,1,1,0,1,1,1,1
"PTHR19290_SF83",1,1,1,1,1,1,1,0,1,1,1,1,1,1,1,1,1,1,1,0,1,1,1,1,1,1,1,1,1,1,0,1,1,1,1,1,1,1,1,0,1,1,1,1,1
"PTHR19290_SF86",1,1,1,1,1,1,1,1,1,1,1,1,1,1,1,1,1,1,1,1,1,0,1,1,1,1,1,1,1,1,1,1,1,1,1,1,1,1,1,1,1,1,1,1,1
"PTHR19290_SF87",1,1,1,1,1,1,1,1,0,1,1,1,1,1,0,1,1,0,1,0,1,1,1,1,1,1,1,1,1,1,1,1,1,1,1,1,0,1,1,1,1,1,0,1,1
"PTHR19290_SF88",1,1,1,1,0,1,1,1,1,1,1,1,1,1,1,1,1,1,1,1,1,1,1,1,1,1,1,1,1,0,1,1,1,1,1,1,0,1,0,1,1,1,1,0,0
"PTHR19290_SF89",1,1,1,1,1,1,1,1,1,1,1,1,1,1,1,1,1,1,1,1,1,2,1,1,1,1,1,1,1,1,1,1,1,1,1,1,1,1,1,1,1,1,0,1,1
"PTHR19290_SF9",1,1,1,1,1,1,1,1,1,1,1,1,1,1,1,1,1,1,1,1,1,1,1,1,1,1,1,1,0,1,0,1,1,1,1,1,0,1,2,1,1,1,1,1,1
"PTHR19297_SF5",1,1,1,1,1,1,1,1,1,1,1,1,1,1,1,1,1,1,1,1,1,1,1,1,1,1,1,1,1,1,1,1,1,1,1,1,1,1,1,1,1,1,1,1,1
"PTHR19297_SF7",1,1,1,1,1,1,1,1,1,1,1,1,1,1,2,1,0,1,1,1,1,1,1,0,1,1,1,1,1,1,1,1,1,1,1,1,0,1,1,1,1,1,1,1,1
"PTHR19297_SF71",1,1,1,2,0,1,0,1,1,2,1,1,1,0,1,1,1,1,1,1,1,2,1,1,1,1,1,1,1,1,1,1,1,1,0,1,1,1,1,1,1,1,1,1,0
"PTHR19297_SF72",1,1,1,1,1,1,1,1,1,1,1,1,1,1,1,1,1,1,1,0,1,1,1,1,1,1,1,1,1,1,1,1,1,1,1,1,1,1,0,1,1,1,1,1,1
"PTHR19297_SF78",2,1,1,1,1,3,3,1,1,1,3,1,1,1,1,2,1,2,1,2,1,1,1,3,1,1,1,1,1,1,2,1,2,1,3,1,1,1,1,1,1,1,1,1,2
"PTHR19297_SF79",1,1,1,1,1,1,1,1,1,1,1,1,1,1,1,1,1,1,1,1,0,1,1,1,1,1,1,1,1,1,1,1,1,1,1,1,1,1,1,1,1,1,1,1,1
"PTHR19297_SF81",1,1,0,0,1,1,1,1,1,1,1,1,1,1,1,1,1,0,1,2,1,0,1,1,1,1,1,1,1,1,1,0,1,1,1,1,1,1,1,1,0,1,1,1,1
"PTHR19297_SF90",1,1,1,1,1,1,1,1,1,1,1,1,1,1,1,1,1,1,1,1,1,1,1,1,1,2,1,1,1,1,1,1,1,1,1,1,1,1,1,1,1,1,1,1,1
"PTHR19297_SF91",1,1,1,1,1,1,1,1,1,1,1,1,1,1,1,2,1,1,1,1,1,1,1,1,1,1,1,1,1,1,1,1,1,1,1,1,1,1,1,1,1,1,1,1,1
"PTHR19300_SF1",1,1,0,1,1,1,1,1,1,1,1,1,1,1,3,1,1,1,1,1,1,1,1,1,1,1,1,1,1,1,1,1,1,1,1,1,1,1,1,1,1,1,1,1,1
"PTHR19300_SF29",1,1,1,1,1,1,1,1,1,1,1,1,1,1,1,1,1,1,1,1,1,1,1,1,1,1,1,1,1,1,1,1,1,1,1,1,1,1,1,1,1,1,1,2,1
"PTHR19300_SF32",1,1,1,1,1,1,1,1,1,1,1,1,1,1,1,1,1,1,1,1,1,1,1,1,1,1,1,1,1,1,1,1,1,1,1,1,1,1,1,1,1,1,1,1,1
"PTHR19300_SF33",1,1,1,1,1,1,1,1,1,1,1,1,1,1,1,1,2,1,1,1,1,1,1,1,1,1,1,1,1,1,1,1,1,1,1,1,1,1,1,1,1,1,1,1,1
"PTHR19300_SF34",1,0,0,0,1,0,0,0,0,1,1,1,0,0,0,0,1,0,0,2,0,0,0,0,0,1,0,0,1,1,0,0,0,0,1,0,0,0,0,0,0,1,0,1,1
"PTHR19300_SF37",1,1,1,1,1,1,2,1,1,1,1,1,1,1,1,1,1,1,1,1,1,1,1,1,1,1,1,1,1,1,1,2,1,1,1,0,1,1,1,1,1,1,1,1,1
"PTHR19300_SF5",1,1,1,1,1,1,1,1,1,1,1,1,1,1,1,1,1,1,1,1,1,1,1,1,1,1,1,1,1,1,1,1,1,1,1,1,1,1,1,1,1,1,1,1,1
"PTHR19300_SF9",1,1,1,1,1,1,1,1,1,1,2,1,1,2,1,1,1,1,1,1,2,1,1,1,1,1,1,1,1,1,1,1,1,1,1,1,1,1,1,1,1,1,1,1,1
"PTHR19302_SF13",1,1,1,1,1,1,1,1,1,1,1,1,1,1,1,1,1,1,1,1,1,1,1,1,1,1,1,1,1,1,1,1,1,1,1,1,1,1,1,1,1,1,1,1,1
"PTHR19302_SF14",1,1,1,1,1,1,1,1,1,1,1,1,1,1,1,2,1,1,1,1,1,1,1,1,1,1,2,1,1,1,1,1,1,1,1,1,1,1,2,1,1,1,1,2,1
"PTHR19302_SF27",1,1,1,1,1,1,1,1,1,1,1,1,1,1,2,1,1,1,1,1,1,1,1,1,1,1,1,1,1,1,1,1,1,1,1,1,1,1,1,1,1,1,1,1,1
"PTHR19302_SF32",1,1,1,1,1,1,1,1,1,1,1,1,1,1,1,1,1,2,1,1,1,1,1,1,1,1,1,1,1,1,1,1,1,1,1,0,1,0,1,1,1,1,1,1,1
"PTHR19302_SF33",1,1,1,1,1,1,1,1,1,1,1,2,1,2,1,3,1,1,1,1,1,1,1,1,1,1,1,1,2,1,1,1,1,1,1,1,1,1,1,1,1,1,1,1,2
"PTHR19303_SF14",1,2,0,0,2,0,0,0,0,0,2,2,3,0,0,1,0,0,1,0,0,0,0,1,0,1,0,0,1,3,0,0,0,1,4,0,1,0,0,0,0,1,0,4,0
"PTHR19303_SF174",1,1,1,0,1,1,1,1,0,0,1,1,1,1,1,1,1,1,1,1,1,1,1,1,1,1,1,1,1,1,1,1,1,1,2,1,1,1,1,1,0,1,0,1,1
"PTHR19303_SF179",1,0,1,0,1,1,0,0,0,0,1,1,1,1,0,1,1,0,1,0,1,0,0,1,0,1,0,1,1,0,0,0,0,1,1,0,1,1,1,0,1,0,0,1,1
"PTHR19303_SF194",1,1,0,1,1,1,1,1,1,1,1,1,1,1,1,1,1,1,1,1,1,0,1,1,1,1,1,1,1,1,1,1,1,1,1,1,1,1,1,1,1,0,1,0,1
"PTHR19303_SF204",1,0,1,0,1,1,1,1,1,1,1,1,1,1,1,1,1,1,1,1,0,0,1,1,1,1,1,1,1,1,1,1,1,1,1,1,1,1,1,1,1,1,1,1,1
"PTHR19303_SF21",1,1,1,1,1,1,1,1,1,1,1,1,1,1,1,1,1,1,1,1,1,1,1,1,1,1,1,1,1,1,1,1,1,1,2,1,1,1,1,1,1,2,1,2,1
"PTHR19303_SF210",1,1,0,1,1,1,1,1,1,10,2,3,1,1,1,2,0,1,0,0,1,0,1,1,1,0,1,0,0,1,1,1,1,0,3,1,1,1,1,0,0,1,1,2,0
"PTHR19303_SF220",1,1,1,1,1,1,1,1,0,1,1,1,0,1,3,1,1,1,1,0,1,0,1,1,1,1,1,1,1,1,0,1,1,1,1,1,1,1,1,1,1,1,0,1,1
"PTHR19303_SF224",1,0,1,1,1,1,1,0,0,0,1,1,1,1,1,1,1,0,1,0,1,0,0,0,0,1,0,1,1,1,0,0,1,1,1,0,1,1,1,0,1,1,0,1,2
"PTHR19303_SF65",1,1,1,1,1,1,1,1,1,1,1,1,1,1,2,1,1,1,1,1,1,1,1,1,1,1,1,1,1,1,1,1,1,1,1,1,1,1,1,1,1,1,1,2,1
"PTHR19304_SF10",1,1,1,1,1,1,1,1,1,1,1,1,1,1,1,2,1,1,1,1,1,1,2,1,1,1,1,1,1,1,1,1,1,1,1,1,1,1,1,1,1,1,1,1,1
"PTHR19304_SF8",1,1,1,1,1,1,1,1,1,2,1,1,1,1,1,1,1,1,1,1,1,1,1,1,1,1,1,1,1,2,1,1,1,1,1,1,1,1,1,1,1,1,1,2,1
"PTHR19304_SF9",1,1,2,1,1,1,1,1,1,1,1,2,2,2,2,2,1,1,2,1,1,2,2,2,1,1,1,2,2,1,2,1,1,1,1,1,2,1,2,1,1,2,1,1,1
"PTHR19305",4,5,4,5,5,5,4,4,4,4,4,4,4,4,7,4,4,4,4,4,4,6,4,4,5,4,4,5,4,4,5,3,3,4,5,4,4,4,4,4,5,4,4,4,5
"PTHR19307_SF12",1,1,1,1,1,1,1,1,1,2,1,2,1,1,7,2,1,1,1,1,1,1,1,1,1,1,1,1,1,1,2,1,2,1,1,1,1,1,1,1,1,1,1,2,1
"PTHR19307_SF13",1,1,1,3,1,1,2,1,2,2,2,2,1,1,1,1,1,1,1,1,1,1,1,1,1,0,2,1,1,1,1,3,1,1,1,1,1,1,1,1,2,1,1,2,1
"PTHR19307_SF5",1,0,1,0,1,1,0,0,0,1,1,3,1,1,0,1,0,1,1,1,1,1,1,1,0,1,0,0,0,1,1,0,1,1,0,1,1,1,1,2,0,1,1,0,1
"PTHR19307_SF8",1,1,1,1,1,1,1,1,1,1,1,1,1,1,1,1,1,1,1,1,1,1,1,1,1,1,2,1,1,1,1,1,1,1,1,1,1,1,1,1,1,1,1,1,1
"PTHR19308_SF4",1,1,1,1,1,1,1,1,1,1,1,1,1,1,1,1,1,1,1,1,1,1,1,1,1,1,1,1,1,1,1,1,2,1,1,1,1,1,1,1,1,1,1,1,1
"PTHR19308_SF7",1,1,1,1,1,1,1,1,1,1,1,1,1,1,1,1,1,1,1,1,1,1,1,1,2,1,1,1,1,2,1,1,1,1,1,1,1,1,1,1,1,1,1,1,1
"PTHR19308_SF8",2,4,1,1,1,2,1,1,1,1,0,1,1,1,1,1,1,1,1,1,1,1,1,1,1,1,1,1,1,3,1,1,1,1,1,1,1,1,1,1,1,2,1,1,2
"PTHR19309",1,1,1,1,1,2,1,1,1,1,1,1,1,1,1,1,1,1,1,1,1,1,1,1,1,1,1,1,1,1,1,1,1,1,1,1,1,1,1,1,0,1,0,1,1
"PTHR19315_SF9",1,1,1,1,1,1,1,1,1,1,1,1,1,1,1,1,1,1,1,1,1,2,1,1,2,1,1,1,1,1,1,1,1,1,1,1,1,2,1,1,1,1,1,3,1
"PTHR19316",2,2,2,2,2,2,2,2,2,2,2,2,2,2,2,2,2,2,2,2,2,2,2,2,2,2,2,2,2,2,2,2,2,2,2,1,2,2,2,2,2,2,2,2,2
"PTHR19317",1,1,1,1,1,1,1,1,1,1,1,1,1,1,1,1,1,1,1,1,1,1,1,1,1,1,1,1,1,1,1,1,1,1,1,1,1,1,1,1,1,1,1,1,1
"PTHR19321",1,1,1,2,1,1,1,1,1,2,1,1,1,1,1,1,1,1,1,2,1,1,1,1,0,1,2,1,1,1,1,0,1,1,3,1,1,1,1,1,0,1,1,3,1
"PTHR19325_SF16",1,1,1,1,1,1,1,1,1,1,1,1,1,1,1,1,1,1,1,1,1,1,1,1,1,1,1,1,1,1,1,1,1,1,1,1,1,1,1,1,1,1,1,1,1
"PTHR19325_SF19",1,1,1,1,1,1,1,1,1,1,1,1,1,1,1,1,1,1,1,1,1,1,1,1,1,1,1,1,2,1,1,1,1,1,3,1,1,1,1,1,1,1,1,2,1
"PTHR19325_SF207",1,1,1,1,1,1,1,1,0,0,1,1,1,1,1,1,1,1,1,1,1,1,1,1,1,3,1,1,1,1,1,1,1,1,1,1,1,1,1,1,1,1,1,2,1
"PTHR19325_SF23",1,1,1,1,1,1,1,0,1,1,1,1,1,1,1,1,1,1,1,1,1,1,1,1,1,1,1,1,1,1,1,0,1,1,1,1,1,1,1,1,1,1,1,1,1
"PTHR19325_SF27",1,1,1,1,1,1,1,1,1,1,1,1,1,1,1,1,1,1,1,1,1,1,1,1,1,1,1,1,1,1,1,1,1,1,1,1,1,1,1,1,1,1,1,1,1
"PTHR19325_SF3",1,1,1,1,1,1,1,1,1,2,1,1,1,1,1,1,1,1,1,1,1,1,1,1,1,1,0,1,1,1,1,1,1,1,1,1,1,1,1,1,1,1,1,1,1
"PTHR19325_SF311",1,1,0,0,1,0,0,0,0,0,1,1,1,0,0,0,0,0,0,1,0,0,0,0,0,0,0,0,1,1,0,0,0,0,0,0,0,0,0,0,0,1,1,0,1
"PTHR19325_SF312",1,1,1,1,1,1,1,0,1,1,1,1,1,1,1,1,1,1,1,1,1,1,1,1,1,1,1,1,1,1,1,0,1,1,1,1,1,1,1,1,1,1,1,1,1
"PTHR19325_SF313",1,1,1,1,1,1,1,0,1,1,1,1,1,1,1,1,1,1,1,1,1,1,1,1,1,1,1,1,1,1,1,0,1,1,0,1,1,1,1,1,1,1,1,0,1
"PTHR19325_SF314",1,1,1,1,1,1,1,1,0,1,1,1,1,1,1,1,0,1,1,1,1,1,1,1,1,1,1,1,1,1,1,0,1,1,1,1,1,1,1,1,1,1,1,1,1
"PTHR19325_SF316",1,1,1,1,1,1,1,1,1,1,1,1,1,1,1,1,1,1,1,1,1,1,1,1,1,1,1,1,1,1,0,1,1,1,1,1,1,1,1,1,1,1,1,1,1
"PTHR19325_SF319",1,1,1,1,1,1,1,0,1,1,1,1,1,1,0,1,1,1,1,1,1,1,2,1,0,1,1,1,1,1,1,0,1,1,1,1,1,1,1,1,1,1,1,0,1
"PTHR19325_SF323",1,1,1,1,1,1,1,1,1,1,1,1,1,1,1,1,1,2,1,1,1,1,1,1,1,1,1,1,1,1,1,1,1,1,1,1,1,1,1,1,1,1,1,1,1
"PTHR19325_SF325",1,1,1,0,1,1,0,0,0,1,1,1,1,1,0,2,0,2,1,1,1,1,1,0,1,0,0,1,1,0,0,0,0,1,0,4,0,1,1,1,1,0,0,0,1
"PTHR19325_SF328",3,6,2,1,3,4,1,1,1,6,5,6,4,2,0,2,1,2,2,8,1,0,0,2,0,4,0,2,6,5,2,1,0,2,2,2,2,3,2,2,1,1,1,1,3
"PTHR19325_SF330",1,1,1,1,0,1,1,1,1,1,1,1,1,1,1,1,1,1,1,2,1,1,1,1,1,0,1,1,1,0,1,1,0,1,0,1,1,1,1,1,1,1,1,1,1
"PTHR19325_SF333",1,1,1,1,1,1,1,0,0,1,1,1,1,1,1,1,1,1,1,1,1,1,1,1,1,1,1,1,1,1,1,0,1,1,1,1,1,1,1,1,1,1,1,1,1
"PTHR19325_SF334",2,1,1,1,1,1,1,1,1,1,1,1,1,1,1,1,1,1,1,1,1,1,1,1,1,1,1,1,1,1,2,1,1,1,1,1,1,1,1,1,1,1,1,1,1
"PTHR19325_SF336",1,1,1,1,1,1,1,1,1,1,1,1,1,1,1,1,1,1,1,1,1,1,1,1,1,1,1,1,1,1,1,0,1,1,1,1,1,1,1,1,1,2,1,1,1
"PTHR19325_SF337",1,1,1,1,1,1,1,1,1,1,1,1,1,1,1,1,1,1,1,1,1,1,1,1,1,1,1,1,1,1,1,1,1,1,0,1,1,1,1,1,1,1,1,0,1
"PTHR19325_SF338",1,1,1,1,1,1,1,0,1,1,1,1,1,1,1,1,1,1,1,1,1,1,1,1,1,1,1,1,1,1,1,0,1,1,1,1,1,1,1,1,1,1,1,1,1
"PTHR19325_SF341",2,5,3,2,2,2,3,3,2,4,3,2,2,3,2,2,2,2,2,4,1,1,2,3,2,2,2,3,3,3,2,1,1,3,1,2,3,1,3,2,2,3,1,2,2
"PTHR19325_SF344",3,1,1,0,2,1,2,1,2,2,4,2,2,1,1,1,1,1,1,4,1,1,2,1,0,3,0,1,2,1,1,1,1,1,1,1,1,2,1,1,1,2,0,1,2
"PTHR19325_SF346",1,1,1,1,1,1,1,1,1,1,1,1,1,1,1,14,1,1,1,1,1,1,2,1,1,1,1,1,1,1,1,1,1,1,1,1,1,1,1,2,1,1,1,1,1
"PTHR19325_SF347",1,1,1,1,1,1,1,1,1,1,1,1,1,1,1,1,1,1,1,2,1,1,1,1,1,1,1,1,1,1,1,1,1,1,1,1,1,1,1,1,1,1,1,2,1
"PTHR19325_SF349",1,1,1,1,1,1,1,1,1,1,1,1,1,1,1,1,1,1,1,1,1,1,1,1,1,1,1,1,1,1,1,1,1,1,1,1,1,1,1,1,1,1,1,1,1
"PTHR19325_SF40",1,1,1,1,1,1,1,0,1,0,1,0,1,1,1,1,0,1,1,1,1,1,0,1,0,1,1,1,1,1,0,0,0,1,1,1,1,1,1,1,1,1,1,1,1
"PTHR19325_SF43",1,1,1,1,1,1,1,1,1,1,1,1,1,1,1,1,1,1,1,1,1,1,1,1,1,1,1,1,1,1,1,1,1,1,1,1,1,1,1,1,1,1,1,1,1
"PTHR19325_SF44",1,1,1,1,1,1,1,1,2,1,1,1,1,1,1,1,1,1,1,1,1,1,1,1,1,1,1,1,2,1,1,1,1,1,1,1,1,1,1,0,1,1,1,1,1
"PTHR19325_SF46",1,1,1,1,1,1,1,1,1,1,1,1,1,1,1,1,1,1,2,1,1,1,1,1,1,1,1,1,1,1,1,1,1,1,1,1,1,1,1,1,1,1,1,1,1
"PTHR19325_SF50",1,3,1,1,1,1,1,1,1,2,2,2,1,1,0,1,1,1,1,10,1,1,1,1,1,1,2,1,1,2,2,1,1,1,2,2,1,0,1,2,1,2,0,1,1
"PTHR19325_SF6",1,1,1,1,1,1,1,1,1,1,1,1,1,1,1,1,1,1,1,1,1,1,1,1,1,1,1,1,1,1,1,1,1,1,1,1,1,1,1,1,1,1,1,0,1
"PTHR19325_SF81",1,1,1,1,1,1,1,1,1,1,1,1,1,1,1,1,1,1,1,1,1,1,1,1,1,1,0,1,1,1,1,1,1,1,1,1,1,1,1,1,1,1,1,1,1
"PTHR19325_SF92",1,1,1,1,1,1,1,1,1,1,1,1,1,1,1,1,1,1,1,1,1,1,1,1,1,1,1,1,1,1,1,1,1,1,1,1,1,1,1,1,1,1,1,1,1
"PTHR19325_SF93",1,1,1,1,1,1,1,1,1,1,1,1,1,1,1,1,1,1,1,1,1,1,1,1,1,1,1,1,1,1,1,1,1,1,1,1,1,1,1,1,1,1,1,1,1
"PTHR19327",1,1,1,1,1,1,1,1,1,1,1,1,1,1,1,1,1,1,1,1,1,1,1,1,1,1,1,1,1,1,1,1,1,1,1,1,1,1,1,1,1,1,1,1,1
"PTHR19328_SF27",1,1,1,1,1,1,1,1,1,1,1,1,1,1,1,1,1,1,1,1,1,1,1,1,1,1,1,1,1,1,1,1,1,1,1,1,1,1,1,1,1,1,1,1,1
"PTHR19328_SF31",1,1,1,1,1,1,1,1,0,1,1,1,1,1,0,1,1,1,1,0,1,0,1,1,0,1,1,1,1,1,1,1,1,1,1,1,1,1,2,1,1,1,1,2,1
"PTHR19328_SF32",1,0,1,1,0,1,1,1,0,1,1,1,1,1,1,1,0,1,1,1,1,1,1,1,1,1,0,1,1,1,0,0,0,1,1,1,1,1,1,1,1,1,1,1,1
"PTHR19331_SF10",1,1,1,1,1,1,1,1,1,1,1,1,1,1,1,1,1,1,1,1,1,1,1,1,1,1,1,1,1,1,1,1,1,1,1,1,1,1,1,1,1,1,1,1,1
"PTHR19331_SF11",1,1,1,1,1,1,1,1,1,1,1,1,1,1,1,1,1,1,1,1,1,1,1,1,1,1,2,1,1,1,1,1,1,1,1,1,1,1,1,1,1,1,1,1,1
"PTHR19331_SF15",1,2,1,0,1,0,3,0,2,1,1,1,1,1,0,1,1,0,1,1,0,0,2,1,1,2,2,1,1,0,0,2,1,1,0,1,1,0,1,2,1,1,0,2,1
"PTHR19331_SF19",1,1,0,1,1,1,1,1,1,1,1,1,1,1,1,1,0,1,1,2,1,1,1,1,1,1,0,1,1,1,1,1,1,1,1,1,1,1,2,1,1,1,1,1,1
"PTHR19331_SF21",1,1,1,1,1,1,1,1,0,1,1,1,1,1,1,1,1,1,1,0,1,1,1,1,1,1,1,1,1,0,1,1,1,1,1,1,1,1,1,1,1,1,1,1,1
"PTHR19331_SF246",1,2,1,1,1,2,1,1,1,1,1,1,1,1,1,1,0,1,1,0,1,1,1,1,1,1,1,1,1,1,0,1,1,1,1,0,1,1,1,1,1,1,1,1,1
"PTHR19331_SF249",1,1,1,1,1,1,0,1,1,0,1,1,1,1,1,1,1,0,1,1,1,1,1,1,1,1,1,1,1,1,1,1,1,1,0,1,1,0,1,1,1,1,1,0,0
"PTHR19331_SF250",1,3,1,1,3,1,2,0,0,1,2,3,2,0,1,1,0,1,1,1,2,1,1,1,0,1,0,1,1,1,1,1,1,1,2,2,1,0,1,1,1,1,1,2,3
"PTHR19331_SF251",1,11,0,0,1,18,0,0,0,9,1,1,0,0,0,0,0,2,0,1,0,0,0,0,0,1,0,0,1,27,1,0,2,0,2,0,0,1,0,0,0,6,0,1,1
"PTHR19331_SF252",1,1,1,1,1,1,1,0,1,1,1,1,1,1,1,1,1,1,1,1,1,1,1,1,1,1,1,1,1,1,1,1,1,1,1,1,1,1,1,2,1,1,1,1,1
"PTHR19331_SF265",1,1,1,1,1,1,1,1,1,1,1,1,1,1,1,1,1,1,1,1,2,1,1,1,1,1,1,1,1,1,1,1,1,1,1,1,1,1,1,2,1,1,1,1,1
"PTHR19331_SF268",1,1,1,1,1,1,1,1,1,1,1,1,1,1,1,1,1,1,1,1,1,1,1,1,1,1,1,1,1,1,1,1,1,1,2,1,1,1,1,1,1,1,1,1,1
"PTHR19331_SF274",1,3,0,0,3,1,2,1,1,3,1,2,1,0,1,0,1,1,0,0,0,0,1,0,1,1,1,0,1,2,1,1,1,0,1,1,0,1,0,1,0,4,0,2,2
"PTHR19331_SF3",1,1,1,1,1,1,1,1,1,1,1,1,1,1,1,1,1,1,1,1,1,1,1,1,1,1,1,1,1,1,1,1,1,1,1,1,1,1,1,1,1,1,1,1,1
"PTHR19331_SF4",1,1,1,1,1,1,1,1,1,1,1,1,1,1,1,1,1,1,1,1,1,1,1,1,1,1,2,1,1,1,1,1,1,1,1,1,1,1,1,1,1,1,1,1,1
"PTHR19331_SF77",1,1,1,1,1,1,1,1,1,1,1,1,1,1,1,1,1,1,1,1,1,1,1,1,1,1,1,1,1,1,1,1,1,1,1,1,1,1,1,1,1,1,1,1,1
"PTHR19332",1,1,1,1,1,1,1,1,1,1,1,1,2,1,2,1,1,1,1,1,1,1,1,1,1,2,1,1,1,1,1,0,1,1,1,1,1,1,1,1,1,1,1,1,1
"PTHR19336",2,2,2,2,2,2,2,3,2,2,2,2,2,3,6,2,2,2,2,2,2,2,2,2,2,2,2,3,2,2,2,3,4,2,2,2,4,2,3,2,2,3,2,2,2
"PTHR19339",4,14,2,3,9,10,3,1,0,6,5,12,7,2,0,2,0,6,2,5,6,0,19,2,0,5,9,3,5,11,6,0,2,2,16,10,3,3,3,19,2,6,0,14,4
"PTHR19343",4,7,4,2,4,2,6,1,0,4,12,19,8,6,0,5,1,7,5,3,7,0,25,5,0,1,11,6,7,10,5,0,3,7,6,12,4,2,9,38,3,8,0,7,5
"PTHR19346",2,2,2,2,2,2,2,2,2,2,1,2,3,2,2,2,2,2,2,3,2,2,2,2,2,2,2,2,2,2,2,2,2,2,2,2,2,2,2,2,2,2,2,3,2
"PTHR19353",5,7,4,4,5,7,3,5,5,5,4,8,7,4,5,4,5,5,5,5,4,4,5,5,5,5,5,4,4,5,4,5,6,5,5,5,4,6,4,5,4,4,4,5,4
"PTHR19354",3,3,3,3,3,3,3,3,3,3,3,3,3,3,3,3,3,3,3,3,3,3,3,3,3,3,3,3,3,3,3,3,3,3,3,3,3,3,3,3,3,3,3,3,3
"PTHR19357",1,1,1,1,1,1,1,1,1,2,1,1,1,1,0,1,2,2,1,2,1,1,4,1,1,1,2,1,1,1,1,0,2,1,0,1,1,1,2,2,1,1,1,0,1
"PTHR19359_SF12",1,1,2,1,2,1,1,1,1,1,2,1,1,1,1,1,2,1,2,1,1,1,1,2,1,1,1,1,1,1,1,3,1,2,2,1,1,1,1,1,1,1,1,2,2
"PTHR19359_SF16",2,1,1,1,2,1,1,1,1,3,1,1,2,1,2,1,1,1,1,1,1,1,1,1,1,1,1,1,1,1,2,1,2,1,1,1,1,1,1,1,1,1,1,1,2
"PTHR19364",1,1,1,1,1,1,1,1,1,1,1,1,1,1,1,1,1,1,1,1,1,1,1,1,1,1,1,1,1,1,1,1,1,1,1,1,1,1,1,1,1,1,1,1,1
"PTHR19367",3,16,6,4,2,15,6,1,2,14,13,35,9,7,0,8,0,12,5,5,8,4,11,6,0,2,2,7,3,13,6,0,6,5,7,8,6,5,9,22,2,20,0,8,2
"PTHR19368",1,1,3,4,3,1,3,1,1,6,1,1,3,4,1,4,2,3,4,1,4,1,116,4,2,4,3,3,2,1,3,1,1,4,1,2,3,1,4,7,2,2,1,1,2
"PTHR19370_SF68",1,1,1,1,1,1,1,1,1,1,1,1,1,1,1,1,1,1,1,1,1,1,1,1,1,1,1,1,1,1,1,1,1,1,1,1,1,1,1,1,1,1,1,1,1
"PTHR19370_SF71",2,1,1,1,1,1,1,1,1,1,1,1,1,1,3,1,1,1,1,1,1,1,1,1,1,1,1,1,1,2,1,1,1,1,1,1,1,1,1,1,1,1,1,1,1
"PTHR19370_SF74",1,1,1,1,2,1,1,1,1,1,1,1,1,1,1,1,1,1,1,1,1,1,1,1,1,1,1,1,2,1,1,1,1,1,2,1,1,1,1,1,1,1,2,1,3
"PTHR19370_SF80",2,2,2,2,1,3,2,2,2,2,2,2,2,2,2,2,2,2,2,1,2,2,2,2,2,2,2,2,2,2,2,2,2,2,2,2,2,2,2,2,3,1,1,3,1
"PTHR19370_SF81",1,1,1,1,1,1,1,1,1,1,1,1,1,2,1,2,1,1,1,1,1,1,1,1,1,1,1,1,1,1,1,1,1,1,1,1,1,1,1,1,1,1,2,1,1
"PTHR19372_SF2",1,1,1,1,1,1,1,1,1,1,1,1,1,1,1,1,1,1,1,1,1,1,1,1,1,1,1,1,1,1,1,1,1,1,1,1,1,1,1,1,1,1,1,1,1
"PTHR19375_SF136",1,1,1,1,1,2,1,1,1,1,1,1,1,1,1,1,1,1,1,1,1,1,1,1,1,1,1,1,1,2,1,1,1,1,1,1,1,1,1,1,1,1,1,1,2
"PTHR19375_SF137",1,1,1,1,1,1,1,1,1,1,2,1,1,1,1,5,1,1,0,1,1,1,1,1,1,1,1,1,1,1,1,1,1,1,1,1,1,1,1,1,0,1,1,0,0
"PTHR19375_SF142",1,1,1,1,1,1,1,1,1,1,0,1,1,1,0,2,0,0,1,0,0,0,1,1,0,1,1,1,1,1,1,1,1,1,1,0,1,1,1,1,1,0,1,1,1
"PTHR19375_SF150",1,1,0,1,0,3,1,1,0,0,0,0,0,0,4,1,0,0,1,3,0,2,0,0,1,0,1,0,0,0,0,1,0,2,2,0,0,3,0,0,0,0,0,0,3
"PTHR19375_SF155",1,1,0,0,1,0,2,1,2,0,2,2,1,0,0,10,2,1,2,2,1,0,2,0,1,1,1,0,0,2,2,2,2,1,2,2,0,3,1,2,0,1,1,0,2
"PTHR19375_SF156",2,1,6,5,4,2,3,3,1,2,1,2,2,4,12,1,1,2,4,1,2,3,1,6,6,4,1,4,4,2,3,6,3,7,1,2,7,5,7,5,3,1,1,0,5
"PTHR19375_SF157",1,1,2,1,1,1,1,1,2,1,1,1,1,2,1,1,1,1,2,1,1,1,1,2,1,1,1,2,1,1,1,1,1,2,1,1,2,1,2,1,1,1,1,2,1
"PTHR19375_SF158",1,1,1,1,1,2,1,1,1,1,1,1,1,1,1,2,1,1,1,1,1,2,1,1,1,1,1,1,1,1,2,1,1,1,1,1,1,1,1,1,1,1,1,1,1
"PTHR19375_SF161",1,1,1,1,1,1,1,1,1,1,1,1,1,1,1,1,1,1,1,1,1,1,2,1,1,1,1,1,1,1,1,2,1,1,1,1,1,1,1,1,1,1,1,1,1
"PTHR19375_SF169",1,1,1,1,1,1,1,1,1,1,1,1,1,1,1,1,1,1,1,1,1,1,1,1,1,1,1,1,1,1,1,1,1,1,1,1,1,1,1,1,1,1,1,1,1
"PTHR19375_SF173",1,1,2,2,1,1,1,1,1,1,1,1,1,1,7,1,1,1,3,1,1,2,1,3,1,1,1,1,1,1,1,1,1,3,1,1,2,1,2,1,2,1,1,1,1
"PTHR19375_SF18",1,1,1,1,1,1,1,1,2,1,1,1,1,1,1,1,1,1,1,1,1,1,1,1,1,1,0,1,1,1,1,1,1,1,1,1,1,1,1,1,2,1,1,1,1
"PTHR19375_SF90",1,1,1,1,1,1,1,1,1,1,1,1,1,1,1,2,1,1,1,1,1,1,1,1,1,1,1,1,1,1,1,1,1,1,1,1,1,1,1,1,1,1,1,1,1
"PTHR19376_SF11",1,1,1,1,1,1,1,1,1,1,1,3,1,1,1,1,1,1,1,1,1,1,1,1,1,1,3,1,1,1,1,1,1,1,1,1,1,1,1,1,1,1,1,1,1
"PTHR19376_SF31",1,1,1,1,1,1,1,1,1,1,1,1,1,1,1,1,1,1,1,1,1,1,1,1,1,1,1,1,1,1,1,1,1,1,1,2,2,1,1,1,1,1,1,1,1
"PTHR19376_SF33",1,1,1,1,1,1,1,1,1,1,1,1,1,1,1,2,1,1,2,1,1,1,1,1,1,1,1,1,1,1,0,1,1,1,1,1,1,1,1,1,1,1,1,1,1
"PTHR19378",1,2,1,1,1,3,1,1,1,1,1,1,1,1,1,1,1,1,1,1,1,1,1,1,1,1,1,1,1,2,1,1,1,1,1,1,1,1,1,1,1,1,1,1,1
"PTHR19384_SF10",1,1,1,1,1,1,1,1,1,1,1,1,1,1,1,1,1,1,1,0,1,1,2,1,1,1,1,1,1,1,0,1,1,1,1,1,1,1,1,1,1,1,1,1,1
"PTHR19384_SF17",1,1,1,1,1,2,1,1,1,1,1,1,1,1,1,1,1,1,1,1,1,1,1,1,1,1,1,1,1,1,1,1,1,1,1,1,1,1,2,1,1,1,1,1,1
"PTHR19384_SF56",1,1,1,1,1,1,1,1,1,1,1,1,1,1,1,1,1,1,1,2,1,1,1,1,1,1,1,1,1,1,1,1,1,1,1,1,1,1,1,1,1,1,1,1,1
"PTHR19384_SF63",1,1,1,1,1,1,1,1,1,0,1,1,1,1,1,1,1,1,1,1,1,1,1,1,1,1,1,1,1,1,0,0,1,1,1,1,1,1,1,1,1,1,1,1,1
"PTHR19384_SF65",1,1,1,1,1,1,1,1,1,9,1,1,1,1,1,1,1,1,1,1,1,1,1,1,1,0,1,1,1,1,1,1,1,1,1,1,1,1,1,1,1,1,1,1,1
"PTHR19384_SF66",1,1,1,1,1,1,1,1,1,1,1,1,1,1,1,1,1,1,1,1,1,1,1,1,1,1,1,1,1,1,1,1,1,1,1,1,1,1,1,1,1,1,1,1,1
"PTHR19411",1,1,1,1,2,1,1,1,1,1,1,1,1,1,3,1,1,3,1,1,1,2,1,1,1,1,1,1,1,2,1,1,1,1,2,1,1,1,1,1,1,1,1,1,2
"PTHR19423",2,2,2,2,2,2,2,2,2,2,2,2,2,2,2,2,2,2,2,2,2,3,2,2,2,2,3,2,2,2,2,2,2,2,2,2,2,2,2,2,2,2,2,2,2
"PTHR19424_SF2",2,2,2,1,1,2,2,1,1,3,1,1,2,1,1,1,2,3,3,1,1,2,1,1,1,1,2,1,3,1,1,6,1,3,3,2,1,2,1,1,1,1,1,2,1
"PTHR19430",4,5,3,5,4,7,4,2,1,3,3,4,4,4,2,4,5,2,4,5,4,2,3,2,3,2,3,3,5,5,3,1,4,3,0,3,4,5,5,3,2,4,4,0,4
"PTHR19431_SF0",1,2,4,5,4,6,3,1,1,3,1,1,1,4,3,1,1,1,4,5,2,3,1,4,3,2,1,4,1,4,2,5,2,4,1,1,5,2,5,1,3,1,1,1,4
"PTHR19432",4,4,4,5,4,4,4,3,5,4,4,4,4,4,4,5,4,4,4,3,4,4,4,4,4,4,4,4,4,4,4,4,4,4,4,4,4,4,4,4,4,4,4,4,3
"PTHR19433_SF52",2,2,1,1,1,1,1,0,0,0,2,2,1,1,0,1,0,1,1,1,1,1,0,1,0,1,0,1,1,2,0,0,1,1,0,0,1,0,1,0,1,3,0,0,1
"PTHR19433_SF54",1,0,0,0,1,0,0,1,1,1,0,1,1,0,1,0,0,0,0,1,0,0,1,0,0,1,1,0,1,0,1,0,0,0,0,1,0,1,0,1,0,1,0,1,1
"PTHR19433_SF56",1,3,3,3,0,1,2,0,0,4,3,4,1,4,0,5,0,0,3,0,3,0,1,3,0,1,0,4,2,2,0,0,1,3,0,0,4,0,4,0,1,1,0,1,1
"PTHR19433_SF57",3,1,1,1,1,2,1,0,0,1,0,1,1,1,0,1,0,0,1,1,2,0,0,0,0,0,0,1,0,1,1,0,0,1,0,0,1,0,2,0,0,0,0,0,0
"PTHR19433_SF58",1,2,2,1,1,0,1,0,0,2,3,2,1,1,0,2,0,0,2,0,2,1,1,2,0,0,2,2,1,2,0,0,0,2,0,1,0,1,3,0,1,0,0,0,1
"PTHR19433_SF62",1,1,1,1,0,0,1,0,0,1,0,1,1,1,0,1,0,1,1,0,1,0,2,1,0,0,0,1,0,1,0,0,0,1,0,1,1,0,1,0,1,0,0,0,1
"PTHR19433_SF64",2,0,0,1,3,0,2,0,0,3,1,0,3,2,0,3,0,1,0,3,2,1,12,0,0,3,1,1,5,3,7,0,1,1,0,0,3,2,3,3,0,0,0,0,0
"PTHR19441_SF12",1,1,1,1,1,1,1,0,0,1,0,1,1,1,0,1,1,0,1,1,1,1,1,1,1,0,2,1,1,1,1,0,0,1,0,1,1,1,1,1,0,1,0,0,1
"PTHR19441_SF13",1,1,0,0,1,1,0,0,0,0,1,1,1,0,0,0,0,0,0,2,0,0,0,0,0,1,0,0,1,1,0,0,0,0,0,0,0,0,0,0,0,1,0,0,1
"PTHR19441_SF17",1,1,1,1,1,0,1,0,0,1,0,0,1,0,0,1,0,1,1,0,1,0,0,1,0,1,0,1,1,1,0,0,1,1,0,0,1,1,1,0,1,0,0,0,1
"PTHR19441_SF22",1,0,1,1,1,0,1,0,1,0,0,1,1,1,0,1,0,0,1,0,1,1,1,1,1,0,0,1,1,1,1,0,1,1,0,1,1,1,1,1,1,0,0,0,0
"PTHR19441_SF24",1,1,1,1,1,1,1,1,1,1,1,1,1,1,1,1,1,1,1,0,1,0,1,1,1,1,1,1,1,1,0,0,1,1,1,1,1,1,1,6,1,1,1,0,1
"PTHR19441_SF25",1,1,1,1,1,1,1,1,1,0,1,1,1,1,1,1,1,1,1,1,1,1,1,1,1,1,1,1,1,1,1,1,1,1,1,1,1,1,1,1,1,1,0,1,1
"PTHR19441_SF27",1,1,0,0,1,1,1,0,0,0,0,0,1,0,0,0,1,0,0,0,0,0,1,0,1,1,1,0,1,1,1,0,0,0,0,1,0,0,0,1,1,1,0,0,1
"PTHR19441_SF28",1,1,1,1,1,1,1,1,1,1,1,1,1,1,0,1,1,0,1,1,1,1,1,1,1,1,1,1,1,1,1,1,1,1,1,1,1,1,1,1,1,1,1,1,1
"PTHR19443",5,5,5,6,5,5,6,5,5,5,5,5,5,6,6,5,5,4,5,5,5,5,5,5,5,6,5,6,5,5,5,5,5,5,5,5,6,5,6,5,6,5,5,5,5
"PTHR19444",2,2,2,2,2,2,2,2,2,2,2,2,2,2,2,2,2,1,2,1,2,2,4,2,2,1,3,2,2,2,2,2,2,2,4,2,2,2,2,2,1,2,2,3,2
"PTHR19447_SF14",1,1,1,2,1,1,1,0,0,1,2,4,1,1,0,1,0,1,1,4,1,1,1,1,0,1,1,1,1,1,2,0,1,1,0,1,1,1,2,2,2,1,1,0,1
"PTHR19447_SF5",1,1,2,2,1,1,2,0,0,2,0,0,1,1,0,1,0,2,1,1,1,1,2,1,1,1,1,1,1,1,2,0,1,1,0,2,1,1,2,1,1,1,1,0,3
"PTHR19818_SF11",1,1,1,1,1,1,1,1,1,1,1,1,1,1,1,2,1,1,1,1,1,1,1,1,1,1,1,1,1,1,1,1,1,1,1,1,1,1,1,1,1,1,1,1,1
"PTHR19818_SF2",1,1,1,1,1,1,1,1,1,1,1,1,1,1,1,1,1,1,1,1,1,1,1,1,1,1,1,1,1,1,1,1,1,1,1,1,1,1,1,1,1,1,1,1,1
"PTHR19818_SF25",1,1,1,1,1,1,1,1,1,1,1,1,1,1,1,1,1,1,1,1,1,1,1,1,1,1,1,1,1,1,1,1,1,1,1,1,1,1,1,1,1,1,1,1,1
"PTHR19818_SF26",1,1,1,1,1,1,1,1,0,1,1,1,1,1,1,1,1,1,1,1,1,1,1,1,1,1,1,1,1,1,0,1,1,1,1,1,1,1,1,1,1,1,1,1,1
"PTHR19818_SF27",1,2,1,2,2,1,2,1,1,1,1,2,2,2,1,2,1,1,1,1,2,2,1,2,1,1,1,2,2,0,2,1,1,2,2,1,2,2,2,1,2,2,1,1,2
"PTHR19818_SF5",1,1,1,1,1,2,1,1,1,1,1,1,1,1,1,1,1,2,1,1,1,1,1,1,1,1,1,1,1,1,1,1,1,1,1,1,1,1,1,2,1,1,1,1,1
"PTHR19818_SF69",2,2,1,2,2,2,2,2,1,2,2,3,2,2,2,2,2,2,2,2,2,2,2,2,3,2,2,2,2,2,2,2,2,2,2,2,1,2,2,2,2,2,2,2,2
"PTHR19818_SF71",2,0,1,1,1,1,1,1,1,2,1,1,1,1,1,1,1,2,1,2,1,2,1,1,1,1,1,2,1,1,1,1,1,1,2,1,1,1,1,1,1,1,1,1,1
"PTHR19818_SF73",1,2,1,1,1,1,2,1,1,1,1,1,2,1,1,1,1,1,1,2,1,1,1,1,1,1,1,1,1,1,1,1,1,1,1,1,1,1,1,0,1,1,1,1,1
"PTHR19818_SF74",1,1,1,1,1,1,1,1,1,0,1,1,1,1,1,1,1,1,1,1,1,0,1,1,1,1,1,1,1,1,1,1,1,1,0,1,1,1,1,1,1,1,1,0,1
"PTHR19818_SF75",1,1,1,1,1,1,1,1,1,1,1,1,1,1,1,1,1,1,1,1,1,1,1,1,1,1,1,1,1,1,1,1,1,1,0,1,1,1,1,1,1,0,1,1,1
"PTHR19818_SF9",1,1,1,1,1,1,1,1,1,1,1,1,1,1,1,1,1,1,1,1,1,1,1,1,1,1,1,1,1,1,1,1,1,1,1,1,1,1,1,1,1,1,1,1,1
"PTHR19831_SF10",2,1,1,1,1,1,1,1,1,1,1,1,1,1,1,1,1,1,1,1,1,1,1,1,1,1,1,1,1,1,1,1,1,1,2,1,1,1,1,1,1,1,1,2,1
"PTHR19831_SF11",1,1,1,1,1,1,1,1,1,2,1,1,1,1,1,1,1,1,1,1,1,1,1,1,1,1,1,1,1,1,1,1,1,1,1,1,1,1,1,1,1,1,1,1,1
"PTHR19831_SF14",1,1,1,1,1,1,1,1,1,1,2,1,1,1,1,1,0,1,1,2,1,1,1,1,1,1,3,1,1,2,1,1,1,1,1,1,1,1,1,1,1,1,1,1,1
"PTHR19831_SF46",1,1,1,1,1,1,1,1,1,1,1,1,1,1,1,1,1,0,1,3,1,1,1,1,1,1,1,1,1,1,1,1,1,1,1,1,1,1,1,1,1,1,1,1,1
"PTHR19831_SF9",1,1,1,1,1,1,1,1,1,1,1,1,1,2,1,1,1,1,1,0,1,1,1,1,1,1,1,1,1,1,1,1,1,1,1,1,2,1,2,1,1,2,1,1,1
"PTHR19836",1,1,1,1,2,1,2,1,1,1,1,1,1,1,1,1,1,1,1,1,1,1,1,1,1,1,1,1,1,1,2,1,1,1,1,1,1,1,1,1,1,1,1,1,1
"PTHR19842",1,1,1,1,1,1,1,1,1,1,1,1,1,1,1,1,1,1,1,1,1,1,1,1,1,1,1,1,1,1,1,1,1,1,1,1,1,1,1,1,1,1,1,1,1
"PTHR19845_SF0",1,1,1,1,1,1,1,1,1,1,1,1,1,1,1,1,1,1,1,1,1,2,1,1,1,1,1,1,1,1,1,1,1,1,1,1,1,1,1,1,1,1,1,1,1
"PTHR19846",1,1,1,1,1,2,1,1,2,1,1,1,1,1,3,1,1,1,1,2,1,1,1,1,1,1,1,1,0,1,1,1,1,1,1,1,1,1,1,1,1,1,1,1,1
"PTHR19847",1,1,1,1,1,1,1,1,1,1,1,1,1,1,1,4,1,1,1,1,1,1,1,1,0,1,1,1,1,1,1,1,1,1,1,1,1,1,1,1,1,1,1,1,1
"PTHR19848",1,1,1,1,1,1,1,1,1,1,1,1,1,1,1,1,1,1,1,1,1,1,1,1,1,1,1,1,1,1,1,1,1,1,1,1,1,1,1,1,1,1,1,2,1
"PTHR19849",1,1,1,1,1,1,1,1,1,1,1,1,1,1,2,1,1,2,1,1,1,1,1,1,1,1,1,1,1,1,1,1,1,1,1,1,1,1,1,1,1,1,1,1,1
"PTHR19850",5,5,6,5,5,13,7,5,5,7,5,5,5,5,6,5,5,4,5,5,5,5,5,5,5,6,5,5,6,6,5,6,5,5,5,5,5,5,6,5,5,5,5,5,5
"PTHR19852",3,4,3,3,4,3,4,2,3,5,3,4,4,4,3,3,2,4,3,3,3,3,2,3,2,4,4,3,4,4,5,2,3,3,4,3,3,3,3,3,3,4,3,3,4
"PTHR19853",2,2,2,2,2,2,2,2,2,2,2,2,2,2,2,2,2,2,2,2,2,2,2,2,2,2,2,2,2,2,2,3,2,2,2,2,2,2,2,2,2,2,2,2,2
"PTHR19854_SF1",1,1,1,1,1,1,1,0,1,1,1,1,1,1,1,1,1,1,1,1,1,1,1,1,1,1,1,1,1,2,1,1,1,1,1,1,1,1,1,1,1,1,1,1,1
"PTHR19854_SF15",1,1,1,1,1,1,2,1,1,1,1,1,1,1,1,1,1,1,1,1,1,1,1,1,1,1,1,1,1,1,0,1,1,1,1,1,1,2,1,1,1,1,1,1,1
"PTHR19855",3,2,3,2,2,2,2,2,2,2,2,2,2,2,3,2,2,2,3,2,2,3,2,3,2,2,3,2,2,2,2,2,2,3,2,2,3,2,2,2,2,2,2,2,2
"PTHR19856",1,1,1,1,1,1,1,1,1,1,1,1,1,1,1,1,1,1,1,1,1,1,1,1,1,1,2,1,1,1,1,1,1,1,1,1,1,1,1,1,1,1,1,1,1
"PTHR19857",3,2,2,2,2,2,2,2,2,2,2,2,2,2,2,2,3,2,2,2,2,2,2,2,2,2,3,2,2,2,2,2,2,2,2,2,2,2,2,2,2,2,2,2,2
"PTHR19858",1,1,1,1,1,1,1,1,1,1,1,1,1,1,1,2,1,1,1,1,1,1,1,1,1,1,1,1,1,1,0,1,1,1,1,1,1,1,1,1,1,1,1,1,1
"PTHR19860_SF10",1,1,1,1,1,1,1,1,1,1,1,1,1,1,2,1,1,1,1,1,1,1,1,1,1,1,1,1,1,1,1,1,1,1,1,1,1,1,1,1,1,1,1,1,1
"PTHR19860_SF8",1,3,1,1,2,1,1,1,1,1,1,3,2,1,1,1,2,2,1,1,1,1,2,1,2,2,0,0,2,1,6,1,1,1,0,2,0,1,2,2,0,1,1,0,1
"PTHR19861",1,1,2,2,1,2,1,1,1,3,1,1,1,2,2,1,1,1,2,1,2,1,1,1,1,1,1,3,1,1,1,1,1,2,3,2,1,1,1,1,1,1,1,2,1
"PTHR19862",1,1,1,1,1,1,1,1,1,1,1,1,1,1,1,1,1,1,1,1,1,1,1,1,1,1,1,1,1,1,1,1,1,1,1,1,1,1,1,1,1,1,1,1,1
"PTHR19863",1,1,1,1,1,1,1,1,1,1,1,1,1,1,1,1,1,1,1,1,1,1,1,1,1,1,1,1,1,1,1,1,1,1,1,1,1,1,1,1,1,1,1,1,1
"PTHR19865",1,1,1,1,1,1,1,1,1,1,1,1,1,1,1,1,1,1,1,1,1,1,1,1,1,1,1,1,1,1,1,1,1,1,1,1,1,1,1,1,1,1,1,1,1
"PTHR19868",2,2,2,6,2,2,1,1,1,1,1,1,2,1,1,1,1,1,1,1,1,2,1,1,3,2,1,1,3,2,2,8,2,1,3,2,1,4,1,3,2,1,1,5,3
"PTHR19869",1,1,1,1,1,1,1,1,1,1,1,1,1,1,1,1,1,1,1,2,1,1,1,1,1,1,1,1,1,1,1,1,1,1,1,1,1,1,1,1,1,1,1,1,1
"PTHR19871_SF7",1,1,0,0,0,1,0,0,0,1,0,0,0,0,0,0,1,1,0,0,1,0,1,0,1,1,1,0,1,1,1,0,1,0,0,1,0,0,0,1,0,0,1,0,0
"PTHR19872",1,1,1,1,1,1,1,1,0,1,1,1,2,1,0,3,0,1,1,1,1,1,1,1,1,1,1,1,1,1,1,0,1,1,1,1,2,2,4,1,1,1,2,1,1
"PTHR19876_SF1",1,1,1,1,1,1,1,1,1,1,1,1,2,2,1,1,1,1,2,1,1,1,1,2,1,1,1,1,1,1,1,1,1,1,1,2,2,1,2,1,1,2,1,1,1
"PTHR19876_SF2",1,1,1,1,1,1,1,1,1,0,1,1,0,1,1,1,1,1,1,1,1,1,1,1,1,1,1,1,1,2,1,2,1,1,1,1,1,1,1,1,1,1,1,1,1
"PTHR19877_SF2",1,1,1,2,1,1,1,1,1,3,1,1,1,2,3,1,1,1,1,1,1,2,1,1,1,1,2,3,1,1,1,2,1,1,2,1,2,1,2,2,2,1,1,1,1
"PTHR19878",2,2,2,2,2,2,2,2,2,3,2,2,2,2,3,3,2,2,2,2,2,2,2,2,2,2,2,2,2,2,2,2,3,2,2,1,2,2,2,2,2,2,2,2,2
"PTHR19879",2,3,2,2,2,6,3,2,2,2,1,2,2,3,5,2,2,2,2,2,2,2,2,3,3,2,2,2,2,4,2,2,3,2,2,2,3,2,3,3,2,2,2,3,2
"PTHR19890_SF5",1,1,1,1,1,1,1,1,1,1,1,1,1,1,1,1,1,1,1,0,1,1,1,1,0,1,1,1,1,1,0,1,1,1,1,1,1,1,1,1,1,1,1,1,1
"PTHR19890_SF8",1,1,1,1,1,1,2,1,1,0,1,1,1,1,1,2,1,1,1,0,0,1,1,1,1,0,1,1,1,1,0,1,1,1,1,1,1,1,1,1,1,1,0,1,1
"PTHR19890_SF9",1,1,0,1,0,1,2,1,1,1,1,1,1,1,1,1,1,1,1,1,1,1,1,1,2,1,1,1,0,1,0,1,1,1,1,1,1,2,1,1,1,1,1,1,1
"PTHR19897_SF145",2,1,1,1,2,1,1,1,0,1,1,3,1,1,1,1,1,2,1,0,1,1,1,1,0,1,1,1,1,2,0,1,1,1,1,1,1,1,1,1,1,1,1,1,1
"PTHR19897_SF152",2,2,2,2,2,2,2,2,2,4,2,2,2,2,2,2,2,3,2,2,2,2,2,2,2,2,3,2,2,3,2,2,2,2,3,2,2,2,2,2,2,2,2,3,2
"PTHR19897_SF154",1,0,0,0,0,0,0,0,0,1,0,0,0,0,0,1,0,1,0,0,0,0,0,0,0,0,0,0,0,0,0,0,1,0,0,0,0,0,0,0,0,0,1,0,0
"PTHR19897_SF156",1,1,1,1,1,1,1,1,1,2,1,1,1,1,1,1,1,1,1,1,1,1,1,1,1,1,1,1,1,4,1,1,2,1,1,1,1,1,1,1,1,1,1,1,1
"PTHR19897_SF158",3,1,1,1,1,1,1,1,1,1,2,1,1,1,1,1,1,2,1,1,1,1,1,1,1,1,1,1,1,1,1,1,1,1,2,1,1,1,1,1,1,1,2,1,2
"PTHR19897_SF16",1,1,1,1,1,1,1,1,1,1,1,1,1,1,1,1,1,1,1,1,1,1,1,1,1,1,1,1,1,1,1,1,1,1,1,2,1,1,1,3,1,1,1,1,1
"PTHR19897_SF17",2,3,1,1,2,1,1,1,0,4,1,1,0,1,0,1,0,1,1,3,0,1,1,1,1,2,1,1,2,3,1,0,1,1,1,1,1,0,1,1,1,1,1,4,0
"PTHR19897_SF21",1,1,1,1,1,1,1,1,1,1,1,1,1,1,1,1,1,1,1,1,1,1,1,1,1,1,1,1,1,1,1,0,1,1,1,1,1,0,1,1,1,1,1,1,2
"PTHR19897_SF72",1,1,1,1,1,1,1,1,1,1,1,1,1,1,1,1,1,1,1,1,1,1,1,1,1,1,1,1,1,1,1,1,1,1,1,2,1,1,1,1,1,1,1,1,1
"PTHR19900_SF1",1,1,1,1,1,1,1,1,1,1,1,1,1,1,1,1,1,1,1,1,1,1,1,1,1,1,1,1,1,1,1,1,1,1,1,1,1,1,1,1,1,1,1,1,1
"PTHR19900_SF35",1,1,1,1,1,1,1,1,1,1,1,1,1,1,1,1,1,1,1,1,1,1,1,1,1,1,1,1,1,1,1,1,1,1,1,1,1,1,1,1,1,1,1,1,1
"PTHR19900_SF36",1,1,1,1,1,1,1,1,1,1,1,1,1,1,1,1,1,1,1,1,1,1,1,1,1,1,1,1,1,1,1,1,1,1,1,1,1,1,1,1,1,1,1,1,1
"PTHR19900_SF38",1,1,1,1,1,1,1,1,1,1,1,1,1,1,1,1,1,1,1,1,1,1,1,1,1,1,1,1,1,1,1,1,1,1,1,1,1,1,1,1,1,1,1,1,1
"PTHR19900_SF40",1,1,1,1,1,1,1,1,1,0,1,1,1,1,1,1,1,1,1,1,1,1,1,1,1,1,1,1,1,1,1,1,1,1,0,1,1,1,1,1,1,1,1,0,1
"PTHR19900_SF43",1,1,1,1,1,1,1,1,1,1,1,1,1,1,1,1,1,1,1,1,1,1,1,1,1,1,1,1,1,1,1,1,1,1,1,1,1,1,1,1,1,1,1,1,1
"PTHR19900_SF48",1,1,1,1,2,1,1,1,1,1,1,1,1,2,1,2,1,1,1,0,1,1,1,1,1,1,1,1,1,1,1,1,1,1,1,1,1,1,1,1,1,1,1,1,1
"PTHR19900_SF49",1,1,0,0,0,1,0,0,0,0,0,1,1,0,0,0,1,0,0,0,0,0,2,0,2,1,0,0,1,1,1,0,1,0,1,1,0,0,0,1,0,0,0,1,0
"PTHR19900_SF52",1,1,1,1,1,1,1,1,1,1,1,1,1,1,1,1,1,1,1,1,1,1,1,1,1,1,1,1,1,1,1,1,1,1,1,1,1,1,1,1,1,1,1,1,1
"PTHR19900_SF53",1,0,1,1,1,0,1,0,0,1,0,0,1,1,0,1,0,1,1,1,1,0,0,1,0,1,0,1,1,1,0,0,1,1,0,0,1,1,1,0,1,0,1,1,1
"PTHR19900_SF54",1,1,1,1,1,1,1,1,1,2,1,1,1,1,1,1,1,1,1,1,1,1,1,1,1,1,2,1,1,1,1,1,1,1,1,1,1,1,1,1,1,1,1,1,1
"PTHR19900_SF55",1,1,1,1,1,1,1,1,1,1,1,1,0,1,1,1,1,1,1,1,1,1,1,1,1,1,1,1,1,1,1,1,1,1,1,1,1,0,1,1,1,1,1,1,1
"PTHR19900_SF56",1,1,1,1,1,1,1,1,1,1,1,1,1,1,1,1,1,1,1,0,1,1,1,1,1,1,2,1,1,1,0,1,1,1,1,1,1,1,1,1,1,1,1,1,1
"PTHR19918",3,3,3,5,3,3,3,3,3,3,2,3,3,4,4,3,3,3,3,2,3,3,3,3,3,4,3,4,3,4,3,2,3,3,7,2,3,3,4,2,4,3,3,6,4
"PTHR19919",1,1,2,1,1,1,1,1,1,1,1,1,1,1,1,1,1,1,1,1,1,1,1,1,1,1,1,1,1,1,1,1,1,1,2,1,1,1,1,1,1,1,1,2,1
"PTHR19920",1,1,1,1,1,1,1,1,1,1,1,1,1,1,1,1,1,1,1,1,1,1,1,1,1,1,1,1,1,1,1,1,1,1,1,1,1,1,1,1,1,1,1,1,1
"PTHR19923",1,1,1,1,1,1,1,1,1,1,1,1,1,1,3,1,1,1,1,2,1,1,1,1,3,1,1,1,1,1,1,2,1,1,1,1,1,1,1,1,1,0,1,1,1
"PTHR19924",1,1,1,1,1,1,1,1,1,1,1,1,1,1,1,1,1,1,1,1,1,2,1,1,1,1,1,1,1,1,1,1,1,1,1,1,1,1,1,1,1,1,1,1,1
"PTHR19932",1,1,1,1,1,1,1,1,1,1,2,1,2,1,1,1,1,1,1,1,1,1,1,1,1,1,1,1,1,1,1,2,1,1,1,1,1,1,1,1,1,1,1,1,1
"PTHR19944_SF13",1,1,1,1,1,1,1,1,1,1,1,1,2,1,1,8,1,1,1,1,1,1,1,1,1,1,1,1,1,1,1,1,1,1,1,1,1,1,1,2,1,1,1,1,1
"PTHR19944_SF44",1,1,1,1,1,1,1,1,1,1,1,1,2,1,1,7,1,1,1,0,1,1,1,1,1,1,1,1,1,1,1,1,1,1,0,1,1,1,1,2,1,1,1,0,1
"PTHR19944_SF45",2,5,0,0,0,5,0,2,1,1,5,3,4,0,0,0,0,2,0,25,0,1,1,0,1,1,0,0,1,7,2,0,0,0,6,0,0,1,0,2,0,3,1,3,1
"PTHR19944_SF46",1,0,2,1,1,0,1,1,2,2,0,0,2,1,1,8,1,2,1,1,1,1,0,2,0,1,1,1,1,0,1,0,1,2,1,1,1,1,1,0,1,0,0,0,1
"PTHR19944_SF47",1,1,1,1,1,1,1,1,1,2,1,1,2,1,1,8,1,6,1,2,1,1,1,1,1,2,1,1,2,1,1,0,1,1,1,1,1,1,1,1,1,1,1,1,1
"PTHR19944_SF51",1,1,1,1,1,1,1,1,1,1,1,1,2,1,1,9,1,1,1,1,1,1,2,1,1,1,1,1,1,1,1,1,1,1,1,1,1,1,1,2,1,1,1,1,1
"PTHR19944_SF52",1,3,2,2,2,3,2,1,1,1,5,2,0,2,1,15,1,4,2,7,0,2,1,2,1,2,1,2,2,4,1,1,1,1,1,2,3,0,2,1,2,1,1,3,2
"PTHR19944_SF53",1,0,1,1,0,0,1,1,2,1,0,0,2,1,1,8,1,1,1,1,2,1,0,1,1,1,1,1,1,0,1,1,1,1,0,1,1,1,1,1,1,0,0,1,1
"PTHR19944_SF55",2,4,0,0,1,3,0,1,1,2,4,2,0,0,0,0,3,1,0,9,0,1,1,0,3,2,1,0,4,3,1,1,1,0,0,2,0,0,0,1,0,1,1,0,1
"PTHR19944_SF58",1,2,1,1,1,3,1,1,1,1,1,1,1,1,2,2,1,1,1,1,1,1,1,1,1,1,1,1,1,1,1,0,1,1,1,1,1,1,1,1,1,1,2,1,1
"PTHR19955",13,11,23,13,9,12,15,7,7,20,21,15,9,18,7,28,4,6,24,42,17,11,32,22,17,7,11,22,9,11,5,7,8,19,10,25,22,10,31,23,13,13,3,10,15
"PTHR19956",1,1,1,1,1,1,1,1,1,1,1,0,1,1,1,2,1,1,1,0,1,1,1,1,1,1,1,1,1,1,0,1,1,1,1,1,1,1,1,1,1,1,1,0,1
"PTHR19957",12,13,13,12,13,13,13,13,12,13,13,13,13,13,12,14,11,11,13,12,13,15,12,13,12,13,14,13,14,13,14,14,13,13,12,13,13,14,14,13,12,12,11,14,13
"PTHR19959_SF114",1,1,1,1,1,1,1,1,1,1,1,1,1,1,1,1,1,1,1,1,1,1,1,1,1,1,1,1,1,1,1,1,1,1,1,1,1,1,1,1,1,1,1,1,1
"PTHR19959_SF125",1,1,1,1,1,1,1,1,1,1,1,1,1,1,1,1,1,0,1,1,1,1,1,1,1,1,1,1,1,1,0,1,1,1,1,1,1,1,1,1,1,1,1,1,1
"PTHR19959_SF126",1,1,1,1,1,1,1,1,1,1,1,1,1,1,1,1,1,1,1,1,1,1,1,1,1,1,1,1,1,1,0,1,1,1,1,1,1,1,1,1,1,1,1,1,1
"PTHR19959_SF129",1,1,1,1,1,1,1,1,1,1,1,1,1,1,1,2,1,1,1,1,1,1,1,1,1,1,1,1,1,2,1,1,1,1,1,1,1,1,1,1,1,1,1,1,1
"PTHR19959_SF133",1,1,1,1,1,1,1,1,1,3,1,1,1,1,1,2,1,1,1,1,1,1,2,1,1,1,1,1,1,1,1,1,1,1,1,1,0,1,1,1,1,1,1,1,1
"PTHR19959_SF138",1,1,1,1,1,1,1,1,1,1,1,1,1,1,2,1,1,1,1,1,1,1,1,1,1,1,1,1,1,1,1,1,1,1,1,1,1,1,1,1,1,1,1,1,1
"PTHR19960",5,5,5,5,5,5,5,5,5,5,5,5,5,4,5,6,5,5,5,5,5,5,5,5,5,5,6,7,5,5,4,5,5,5,5,5,4,5,5,5,5,5,3,5,5
"PTHR19961",3,3,3,4,3,3,3,3,3,3,3,3,3,3,4,3,3,3,3,3,3,4,3,3,3,3,3,3,3,3,3,4,3,3,3,3,3,3,3,3,3,3,3,3,3
"PTHR19964_SF10",1,1,1,1,1,1,1,1,1,1,1,1,1,1,1,1,1,1,1,1,1,1,1,1,2,1,1,1,1,1,1,1,1,1,1,1,1,1,1,1,1,1,1,1,1
"PTHR19964_SF11",1,1,1,1,1,1,1,1,1,1,2,1,1,1,1,1,1,1,2,1,1,1,1,1,1,1,2,1,1,1,1,1,1,1,1,1,1,2,1,1,1,1,1,1,2
"PTHR19964_SF14",1,1,1,1,1,1,1,1,1,1,1,0,1,1,1,1,1,1,1,1,1,1,1,1,1,1,1,1,1,1,1,1,1,1,1,1,1,1,1,1,1,1,1,1,1
"PTHR19964_SF16",1,1,1,1,1,1,1,1,1,1,1,1,1,1,1,1,1,1,1,1,1,1,1,1,1,1,1,1,1,1,1,1,1,1,1,1,1,1,1,1,1,1,1,1,1
"PTHR19964_SF33",1,1,1,1,1,1,1,1,1,1,1,1,1,1,1,1,1,1,1,1,1,1,1,1,1,1,0,1,0,1,1,1,1,1,1,1,1,1,1,1,1,1,1,1,1
"PTHR19965_SF22",1,1,1,1,1,1,3,1,1,2,1,2,2,1,1,1,1,1,1,3,1,1,1,1,2,1,1,1,1,1,2,4,1,1,1,5,1,2,1,2,2,1,1,4,1
"PTHR19965_SF24",1,1,1,2,1,1,1,1,1,1,1,1,1,1,1,1,0,1,1,14,1,1,17,1,1,0,1,1,1,1,0,1,1,1,1,0,0,1,1,1,0,1,1,1,0
"PTHR19965_SF8",1,1,1,2,1,1,2,1,1,2,1,1,1,1,1,1,2,1,1,9,1,1,1,1,1,1,1,1,1,1,1,1,1,1,1,2,2,1,1,1,3,1,1,1,2
"PTHR19969",2,2,2,2,2,2,2,2,2,2,2,2,2,3,2,2,2,2,2,2,2,3,2,2,2,2,2,2,2,2,2,2,3,2,2,3,2,2,3,2,2,2,2,1,2
"PTHR19970_SF2",1,0,0,0,3,0,2,2,1,0,0,0,1,2,1,0,2,1,1,2,0,0,1,2,2,0,1,0,2,0,0,1,1,1,2,4,0,1,0,1,0,0,0,1,3
"PTHR19971",7,7,6,5,11,6,5,2,5,8,4,6,6,8,2,6,4,6,7,9,6,4,9,6,3,8,8,6,8,7,5,3,7,5,5,9,6,5,5,7,5,5,2,4,8
"PTHR19972",3,3,3,3,3,3,3,3,3,3,3,3,3,3,3,4,3,3,3,2,3,3,3,3,3,3,3,3,3,3,4,4,2,3,3,2,3,3,3,3,3,3,3,3,3
"PTHR19980",1,1,1,1,1,1,1,1,1,1,1,1,1,1,1,1,1,1,1,2,1,1,1,1,1,1,1,1,1,1,1,2,1,1,2,2,1,1,1,1,1,1,1,2,1
"PTHR19981_SF15",1,1,1,1,1,1,1,1,1,1,1,1,1,1,1,1,1,1,1,1,1,1,1,1,2,1,1,2,1,1,1,1,1,1,2,1,1,1,1,1,1,1,1,1,1
"PTHR19981_SF19",1,0,0,1,1,1,1,1,1,1,1,1,1,0,1,1,1,1,0,0,1,1,1,0,1,1,1,0,1,1,1,1,1,0,0,1,1,1,0,1,1,1,1,1,1
"PTHR19981_SF7",1,1,1,1,1,1,1,1,1,1,1,1,1,2,1,1,1,1,1,1,1,1,1,1,1,1,1,1,1,1,1,1,1,1,1,1,1,1,1,1,1,1,1,1,1
"PTHR19993",1,2,1,1,1,1,1,1,1,1,1,1,1,1,1,1,1,1,1,1,1,1,1,1,1,1,1,1,1,1,1,1,1,1,1,1,1,1,1,1,1,1,1,1,1
"PTHR20208_SF10",1,1,1,1,1,1,1,0,1,0,1,1,1,1,1,2,1,1,1,1,1,1,1,1,1,0,1,1,1,1,1,1,1,1,1,1,1,1,1,1,2,1,1,1,1
"PTHR20275_SF8",1,1,1,1,1,1,1,1,1,1,1,1,1,1,2,1,2,1,1,2,1,1,1,1,1,1,1,1,1,1,1,1,1,1,1,1,1,1,1,1,1,1,1,1,1
"PTHR20338",1,1,1,1,1,1,1,1,1,1,1,1,1,1,1,1,1,1,1,2,1,1,1,1,1,1,1,1,1,1,1,1,2,1,1,1,1,1,1,1,1,1,1,1,1
"PTHR20371",1,1,2,2,1,1,1,1,1,2,1,1,1,2,2,1,3,1,2,1,3,1,1,2,1,1,1,2,1,1,1,3,1,1,1,1,2,2,2,1,1,1,1,1,1
"PTHR20383",2,6,1,2,4,3,2,2,2,1,5,5,3,4,3,7,2,2,1,5,3,4,1,1,1,2,1,3,2,4,4,4,3,1,3,2,2,3,4,1,1,4,1,3,4
"PTHR20426",1,1,1,1,1,1,1,1,1,1,1,1,1,1,1,1,1,1,1,1,1,1,1,1,1,1,1,1,1,1,0,1,1,1,1,1,1,1,1,1,1,1,1,1,1
"PTHR20437",2,2,1,2,2,2,3,2,2,2,2,2,2,2,2,2,2,2,2,1,2,2,2,2,2,2,2,2,2,1,2,2,2,2,1,3,2,2,2,2,2,2,2,1,1
"PTHR20515",2,7,1,2,2,1,2,1,0,1,2,2,1,1,1,8,0,0,1,2,1,1,4,2,1,0,2,2,0,1,2,0,0,1,0,1,0,1,2,4,2,1,0,0,1
"PTHR20516",2,2,1,2,1,2,1,2,1,1,2,2,1,2,2,2,2,1,2,1,2,2,2,2,2,2,2,2,2,2,1,1,2,2,1,2,2,2,2,2,1,2,1,1,2
"PTHR20531",1,1,1,1,1,1,1,1,1,1,1,1,1,1,3,1,1,1,1,1,1,1,1,1,1,1,1,1,1,1,1,1,1,1,1,1,1,1,1,1,1,1,1,1,1
"PTHR20583",1,1,1,1,1,1,1,1,1,1,1,1,1,1,1,1,1,1,1,0,0,1,1,1,1,1,1,1,1,1,1,1,1,1,1,1,1,1,1,1,1,1,0,1,1
"PTHR20648_SF0",1,1,2,6,1,2,4,5,1,1,1,1,4,4,3,1,1,1,2,4,1,1,1,1,2,1,2,3,4,3,1,9,4,1,4,2,3,3,5,3,2,1,1,2,3
"PTHR20661",1,1,1,2,1,1,1,1,1,1,1,1,1,1,1,2,1,1,1,1,1,0,1,1,1,0,1,0,1,1,1,0,1,1,1,1,1,1,1,1,1,1,1,0,1
"PTHR20765",1,1,1,1,1,1,1,0,0,1,0,3,1,1,0,1,1,1,1,1,1,1,1,1,1,1,1,1,1,1,1,0,1,1,1,1,1,1,1,1,1,1,1,1,1
"PTHR20766",2,2,2,2,2,2,2,2,2,2,2,2,2,2,2,3,2,2,2,2,2,2,2,2,2,2,2,2,2,2,2,2,2,2,2,2,2,2,2,2,2,2,2,2,2
"PTHR20787",1,1,1,1,1,1,1,1,1,1,1,1,1,1,1,1,1,1,1,2,1,1,1,1,1,2,1,1,1,1,1,1,1,1,1,0,1,0,1,1,1,1,1,1,1
"PTHR20835_SF0",1,1,2,2,1,1,1,1,1,1,1,1,1,2,2,8,2,1,2,0,1,1,1,1,2,1,2,1,1,1,1,2,1,2,2,1,2,1,3,1,1,1,1,2,1
"PTHR20837_SF2",3,1,1,2,2,1,1,1,0,2,1,2,1,1,1,1,1,1,1,2,2,1,1,1,1,1,1,1,1,1,1,1,1,1,1,1,1,1,1,1,1,1,2,2,1
"PTHR20837_SF3",1,0,1,1,0,1,0,0,0,0,0,1,0,1,0,1,0,0,1,0,0,0,0,1,0,0,0,0,0,0,0,0,0,1,0,0,1,0,1,0,0,0,1,0,0
"PTHR20837_SF4",1,1,1,1,1,1,1,1,1,1,1,1,1,1,1,1,1,1,1,1,1,1,1,1,1,1,1,1,1,1,1,1,1,1,1,1,1,1,1,1,1,1,1,1,1
"PTHR20837_SF5",1,1,1,1,1,1,1,1,1,1,2,1,1,1,1,1,1,1,1,1,1,1,1,1,1,1,1,1,1,1,1,1,1,1,1,1,1,1,1,1,1,1,1,1,1
"PTHR20838",1,1,1,1,1,1,1,1,1,1,1,1,1,1,1,1,1,1,1,1,1,1,1,1,1,1,1,1,1,1,1,1,1,1,1,1,1,1,1,1,1,1,1,1,1
"PTHR20843",2,2,2,2,2,2,2,2,2,2,2,2,2,2,2,2,2,1,1,2,2,2,2,2,2,2,3,2,2,2,1,2,1,2,2,2,2,2,2,2,2,2,2,2,3
"PTHR20844",1,1,1,1,1,1,1,1,1,1,1,1,1,1,1,1,1,1,1,1,1,1,1,1,1,1,1,1,1,1,1,1,1,1,1,1,1,1,1,1,2,1,1,1,1
"PTHR20852_SF45",1,2,2,3,1,2,2,2,1,3,1,1,1,3,4,1,1,1,2,2,1,1,1,1,5,1,1,4,1,1,1,1,1,2,1,1,2,2,2,1,1,1,1,1,2
"PTHR20852_SF7",1,1,1,1,1,1,1,1,1,1,1,1,1,1,1,1,1,1,1,1,1,1,1,1,1,1,1,1,1,1,1,1,1,1,1,1,1,1,1,1,1,1,1,1,1
"PTHR20854_SF19",1,1,1,1,1,2,1,1,1,1,1,1,1,1,3,1,1,1,2,1,1,1,1,1,1,1,1,1,1,2,1,1,1,1,1,1,1,1,1,1,1,1,1,1,1
"PTHR20854_SF23",1,1,1,1,1,1,1,1,1,1,1,1,1,1,1,1,1,1,1,1,1,1,1,1,1,1,1,1,1,1,1,1,1,1,1,1,1,1,1,2,1,1,1,2,1
"PTHR20854_SF26",1,2,2,2,1,1,1,1,1,1,2,2,1,2,1,1,1,1,2,1,3,2,1,1,1,1,1,2,1,1,1,2,2,2,1,1,2,1,2,1,1,1,1,2,1
"PTHR20854_SF29",1,1,1,1,1,1,1,1,1,1,1,1,1,1,1,1,1,1,1,1,1,1,1,1,1,1,1,1,1,1,1,1,1,1,1,1,1,1,1,1,1,1,1,3,1
"PTHR20854_SF5",1,1,1,1,1,1,0,1,1,1,1,1,1,1,1,1,1,1,1,2,1,1,1,1,1,1,1,1,1,1,1,1,1,1,1,1,1,1,1,1,1,1,1,2,1
"PTHR20855_SF21",1,1,1,1,1,1,1,1,2,1,1,1,1,1,1,1,1,1,1,1,1,1,1,1,1,1,1,1,1,0,1,1,1,1,1,1,1,1,1,1,1,1,1,1,0
"PTHR20855_SF22",1,1,1,1,1,1,1,1,1,1,1,1,1,1,1,1,1,1,1,1,1,1,1,1,1,1,1,1,1,1,1,1,1,1,1,1,1,1,1,1,1,1,1,1,1
"PTHR20855_SF25",1,1,1,1,1,1,1,1,1,1,1,1,1,1,1,1,1,1,1,1,1,1,1,1,1,1,1,1,1,1,1,1,1,1,1,1,1,1,1,1,1,1,1,1,1
"PTHR20855_SF26",1,1,1,1,1,1,1,1,1,1,1,1,1,1,1,1,1,1,1,2,1,1,1,1,1,1,1,1,1,2,1,1,1,1,1,1,1,1,1,1,2,1,1,2,1
"PTHR20855_SF30",1,1,1,1,1,1,1,1,1,1,1,1,1,1,1,1,1,1,1,1,1,1,1,1,1,1,1,1,1,1,0,1,1,1,2,1,1,1,1,1,1,1,1,2,1
"PTHR20855_SF33",1,1,1,1,1,1,1,1,1,1,1,1,1,1,1,2,1,1,1,3,1,2,1,1,1,1,1,1,1,1,1,1,1,1,1,1,1,1,1,1,1,1,1,1,1
"PTHR20855_SF38",1,1,1,1,1,1,1,1,1,1,1,1,1,1,1,1,1,1,1,1,1,1,1,1,1,1,1,1,1,1,1,1,1,1,1,1,1,1,1,1,1,1,1,1,1
"PTHR20855_SF39",1,1,1,1,2,1,1,1,1,1,1,1,1,1,1,1,1,1,1,1,1,1,1,1,1,1,1,1,1,1,1,1,1,1,1,1,1,2,2,1,1,1,1,1,1
"PTHR20855_SF40",1,1,1,1,1,1,2,1,1,2,1,1,1,2,5,1,2,1,2,2,1,4,1,3,1,1,1,1,1,1,2,2,1,1,1,1,1,2,1,1,2,1,1,1,1
"PTHR20855_SF41",1,1,1,0,1,0,1,1,1,1,1,1,1,1,1,1,1,1,1,1,1,0,1,0,1,1,1,0,1,1,1,1,1,1,1,1,1,1,1,1,0,1,1,1,1
"PTHR20856",3,3,3,3,3,3,3,3,3,3,3,3,3,3,3,3,3,3,3,5,3,3,3,3,3,3,4,3,3,3,3,3,3,3,3,3,3,3,3,3,3,3,3,3,3
"PTHR20859_SF20",1,1,1,1,1,1,1,1,1,1,1,1,1,1,1,1,1,1,1,1,1,1,1,1,0,1,1,1,1,1,1,1,1,1,1,1,1,1,1,1,1,1,1,1,1
"PTHR20859_SF21",1,1,1,1,1,1,1,1,1,1,1,1,1,1,1,1,1,2,1,1,1,1,1,1,1,2,1,1,1,1,1,1,1,1,1,1,1,1,1,1,1,1,1,1,1
"PTHR20859_SF22",1,1,1,1,1,1,1,1,1,1,1,1,1,1,1,1,1,1,1,1,1,1,1,1,1,1,1,1,1,1,1,1,1,1,1,1,1,1,1,1,1,1,1,1,1
"PTHR20859_SF23",1,1,1,1,2,1,1,1,1,1,1,1,1,1,1,2,1,1,1,1,1,1,2,1,1,1,1,1,1,1,1,0,1,1,1,1,1,1,2,1,1,1,1,1,1
"PTHR20859_SF43",1,1,1,1,1,1,1,1,1,1,1,1,1,1,1,1,1,1,1,0,1,1,1,1,1,1,1,1,1,1,1,1,1,1,1,1,1,1,1,1,1,1,1,1,1
"PTHR20859_SF45",1,1,1,1,2,1,1,1,1,1,1,1,1,1,1,1,1,1,1,1,1,1,1,2,1,1,1,1,1,1,1,0,1,1,1,1,1,1,2,1,1,1,1,1,1
"PTHR20859_SF46",1,1,1,2,1,1,1,1,1,1,1,1,1,1,1,1,1,1,1,1,1,1,1,1,0,1,1,1,1,1,1,1,1,1,1,1,1,1,1,1,1,1,1,1,1
"PTHR20859_SF48",1,1,1,1,1,1,1,1,1,1,1,1,1,1,1,1,0,1,1,1,1,1,1,1,1,1,1,1,1,1,1,1,1,1,1,1,1,1,1,1,1,1,1,1,1
"PTHR20859_SF5",1,1,1,1,1,1,1,1,1,1,1,1,1,1,1,1,1,1,1,1,1,1,1,1,1,1,1,1,1,1,1,0,1,1,1,1,1,1,1,1,1,1,1,1,1
"PTHR20859_SF50",1,1,1,1,2,1,1,1,1,1,1,1,1,1,1,2,1,1,1,1,1,1,2,1,1,1,1,1,1,1,1,1,1,1,1,1,1,1,2,1,1,1,1,1,1
"PTHR20859_SF51",1,1,1,1,1,1,1,1,1,1,1,1,1,1,1,1,1,1,1,1,1,1,1,1,1,1,1,1,1,1,1,1,1,1,1,1,1,1,1,1,1,1,1,1,1
"PTHR20859_SF9",1,1,1,1,2,1,1,1,1,1,1,1,1,2,1,3,1,1,1,1,1,1,1,1,1,1,1,2,1,1,1,1,1,1,1,1,2,1,4,1,1,1,1,1,1
"PTHR20863_SF2",1,1,1,1,1,1,1,1,1,1,1,1,1,1,1,1,1,1,2,1,2,1,1,1,1,0,1,1,1,1,2,1,2,2,1,1,1,1,1,1,1,1,1,2,1
"PTHR20863_SF5",2,1,4,4,2,1,1,1,1,4,1,1,2,1,2,1,1,1,2,1,1,2,1,1,2,1,2,1,1,1,1,5,2,2,3,1,1,3,1,1,2,1,1,1,1
"PTHR20870",1,1,1,1,1,1,1,1,1,1,1,1,1,1,1,2,1,1,1,1,1,1,1,1,1,1,1,1,1,1,2,1,1,1,1,1,1,1,1,1,1,1,1,1,1
"PTHR20873",1,1,1,1,1,1,1,1,1,1,1,1,1,1,1,1,1,1,1,2,1,1,1,1,1,1,1,1,1,1,1,1,1,1,1,1,1,1,1,1,1,1,1,1,1
"PTHR20878",1,1,1,1,1,1,2,1,1,1,1,1,1,1,1,1,1,1,1,1,1,0,1,1,1,1,1,0,1,1,0,0,1,1,0,1,1,1,1,1,1,1,1,0,1
"PTHR20879",1,1,1,1,1,1,1,1,1,1,1,1,1,1,1,1,1,1,1,1,1,1,1,1,1,1,1,1,1,1,1,1,1,1,1,1,1,1,1,1,1,1,0,2,1
"PTHR20882",1,1,1,1,1,1,1,2,1,1,1,1,1,1,1,1,1,1,1,1,1,0,1,1,1,1,1,1,1,1,0,1,1,1,1,1,1,1,1,1,1,1,1,1,1
"PTHR20883",1,1,0,1,1,1,1,1,1,1,1,1,1,1,1,1,1,1,1,1,1,1,1,1,1,0,1,1,1,1,1,1,1,1,2,1,1,1,1,1,1,1,1,1,1
"PTHR20884",1,1,1,0,1,1,1,1,1,1,1,1,1,1,1,2,1,1,1,1,1,0,1,1,1,1,2,1,1,1,1,1,1,1,1,1,1,1,1,0,0,0,0,1,1
"PTHR20886",2,2,2,2,1,2,2,2,2,2,2,2,2,2,2,2,2,2,2,3,2,2,2,2,2,2,2,2,2,2,2,2,2,2,2,2,2,2,2,2,2,2,2,2,2
"PTHR20889",2,2,1,1,2,2,2,2,2,2,2,2,2,2,2,2,2,2,1,3,2,1,2,2,2,2,2,3,3,2,1,2,2,2,2,2,3,2,3,2,2,3,2,2,1
"PTHR20899",1,2,2,2,2,2,2,2,2,1,1,4,2,2,2,2,2,1,2,0,2,2,2,2,2,1,2,2,2,2,1,2,1,2,2,2,2,2,3,2,2,2,1,2,2
"PTHR20900",1,1,1,1,1,1,1,1,1,0,1,1,1,0,1,1,1,1,1,2,1,1,1,1,1,1,1,0,1,1,0,1,1,1,1,1,1,1,1,1,1,1,0,2,1
"PTHR20902",1,1,0,0,0,1,0,1,1,1,1,0,1,1,1,1,1,1,0,0,1,0,1,0,1,1,0,0,0,1,1,1,2,0,0,1,0,0,0,1,0,1,1,0,1
"PTHR20903_SF0",2,1,1,4,6,1,1,2,1,1,2,2,1,2,1,1,1,2,1,3,1,1,1,1,1,3,1,1,1,1,1,3,2,1,2,1,2,2,2,1,1,1,1,2,6
"PTHR20904",1,1,1,1,1,1,1,1,1,1,1,1,1,1,1,1,1,1,1,1,1,1,2,1,1,1,1,1,1,1,1,1,0,1,1,1,1,1,1,1,1,1,1,1,1
"PTHR20913",1,1,1,1,1,1,1,1,1,1,1,1,1,1,2,1,1,1,1,1,1,1,1,1,1,1,1,1,1,1,1,1,1,1,2,1,1,1,1,1,1,1,1,3,1
"PTHR20914_SF10",1,0,0,0,1,0,1,0,1,1,0,0,1,0,0,0,0,1,1,0,1,0,3,1,2,0,2,0,0,0,2,0,0,1,0,3,1,1,1,3,0,1,0,0,0
"PTHR20914_SF2",1,1,1,1,1,1,1,0,0,1,0,0,1,1,0,2,0,0,1,0,1,1,1,1,1,1,1,0,1,1,1,0,2,1,0,1,0,1,1,1,1,1,0,0,1
"PTHR20914_SF8",1,2,1,1,1,3,1,1,1,1,1,1,1,1,1,1,1,1,1,1,1,1,1,1,1,1,1,1,1,5,1,1,1,1,1,1,1,1,1,1,1,0,1,1,1
"PTHR20916",1,1,1,1,1,1,1,1,1,1,1,1,1,1,1,1,1,1,1,1,1,1,1,1,1,1,1,1,1,1,1,1,1,1,1,1,1,1,1,1,1,1,1,1,1
"PTHR20917",1,1,1,1,1,1,1,1,1,1,1,1,1,1,3,1,1,1,1,1,1,1,1,1,1,1,1,1,1,1,2,1,1,1,1,1,1,1,1,1,1,1,1,1,0
"PTHR20918",1,1,1,1,1,1,1,1,1,1,1,0,1,1,1,1,1,1,1,0,1,1,1,1,1,1,2,1,1,0,1,1,1,1,1,1,1,1,1,1,1,1,1,1,1
"PTHR20920",2,1,1,1,1,1,1,1,1,2,2,2,2,1,1,1,1,2,1,0,1,1,1,1,1,2,1,1,2,1,1,1,2,1,2,1,1,1,1,1,1,2,0,3,1
"PTHR20921",1,2,1,1,1,1,1,1,1,1,1,1,1,1,1,1,1,1,1,1,1,1,1,1,1,1,1,1,1,1,1,1,1,1,1,1,1,1,1,1,1,1,1,1,1
"PTHR20922_SF13",1,1,1,1,1,1,1,1,1,1,1,1,0,1,1,1,1,1,1,0,1,1,1,1,1,0,1,0,1,1,0,1,1,1,1,1,1,1,1,1,1,1,0,1,1
"PTHR20923",1,1,1,1,1,1,1,1,1,1,1,1,1,1,1,7,1,1,1,1,1,1,1,1,1,1,1,1,1,1,1,1,1,1,1,1,1,1,1,1,1,1,1,1,1
"PTHR20929",1,1,2,1,1,1,1,1,1,1,1,1,1,1,1,1,1,1,1,1,1,1,1,1,1,1,1,1,1,1,1,1,1,1,1,1,1,1,1,1,1,1,1,1,1
"PTHR20930_SF1",1,1,1,1,1,1,1,1,1,1,1,1,1,1,0,1,1,1,1,1,1,1,1,1,0,1,1,1,1,1,1,0,1,1,1,1,1,1,1,1,1,1,1,1,1
"PTHR20931",3,2,2,2,0,2,4,2,1,2,2,2,2,1,1,2,1,2,2,2,2,2,3,2,2,1,0,2,0,2,2,2,1,2,1,2,2,2,2,2,2,0,2,1,2
"PTHR20932_SF2",1,1,1,1,1,1,1,1,1,1,1,1,1,1,1,1,1,1,1,1,1,1,1,1,1,1,1,1,1,1,1,1,1,1,1,1,1,1,1,1,1,1,0,2,1
"PTHR20932_SF4",1,1,1,1,1,1,1,1,1,1,1,1,1,1,1,1,1,1,1,1,1,1,1,1,1,1,1,1,1,1,1,1,1,1,1,1,1,1,1,1,1,1,1,1,1
"PTHR20932_SF5",1,1,1,1,1,1,1,1,1,1,1,1,1,1,1,1,1,1,1,1,1,1,1,1,1,1,1,1,1,1,1,1,1,1,1,2,1,1,1,1,1,1,1,1,1
"PTHR20932_SF7",1,1,1,1,1,1,1,1,1,1,1,1,1,1,1,1,1,1,1,1,1,1,1,1,1,1,1,1,1,1,1,1,1,1,1,1,1,1,1,1,1,1,1,1,1
"PTHR20933",1,1,1,1,1,1,1,1,1,1,1,1,1,1,1,1,1,1,1,5,1,1,1,1,0,1,1,1,1,1,1,1,1,1,1,1,1,1,1,1,1,1,1,1,1
"PTHR20934_SF0",1,1,1,1,2,1,1,1,1,1,1,1,1,1,1,1,1,1,1,1,1,1,1,1,2,1,1,1,1,1,0,3,1,1,1,1,1,1,1,1,1,1,1,1,2
"PTHR20935_SF0",1,1,1,1,1,1,1,1,1,1,1,1,2,1,1,1,1,1,1,1,1,1,1,1,1,1,1,1,1,1,1,1,1,1,1,1,1,1,1,1,1,1,1,1,1
"PTHR20937",3,3,2,3,3,3,2,2,2,2,1,4,3,3,2,3,3,3,3,1,3,2,3,3,3,1,3,3,2,2,1,2,2,3,3,2,2,3,4,3,3,3,3,2,3
"PTHR20938",1,1,1,1,8,1,1,1,1,1,1,1,1,2,2,1,1,1,1,1,1,2,1,1,1,1,1,1,1,1,1,1,1,1,1,1,2,1,1,1,1,2,1,1,2
"PTHR20939",2,2,2,2,2,2,2,2,2,1,2,2,2,2,2,2,2,2,2,2,2,2,2,2,2,2,2,2,2,2,2,2,2,2,2,1,2,2,2,2,2,2,2,2,2
"PTHR20946",1,1,1,1,1,1,1,1,1,1,1,1,1,1,1,1,1,1,1,1,1,1,1,1,2,1,1,1,1,1,1,2,1,1,1,1,1,1,1,1,1,1,1,1,1
"PTHR20948",1,1,1,1,1,1,1,1,1,1,1,1,1,1,1,1,2,1,1,1,1,1,1,1,1,1,2,1,1,1,1,1,1,1,1,1,1,1,1,1,1,1,1,1,1
"PTHR20950",1,1,1,0,1,0,1,0,0,0,1,1,1,1,0,1,0,0,1,0,0,0,1,1,1,1,1,1,1,1,0,0,0,1,0,1,1,1,1,1,1,1,0,0,1
"PTHR20951",1,1,1,1,1,1,1,1,1,1,2,1,1,1,4,1,1,1,1,1,1,1,1,1,1,1,1,1,1,1,1,2,1,1,1,1,1,1,1,1,1,1,1,2,1
"PTHR20952",1,1,2,2,2,2,2,1,1,1,1,1,1,1,1,2,1,1,3,1,3,3,1,3,1,0,1,1,2,1,1,2,1,2,1,1,1,2,1,1,2,1,1,2,1
"PTHR20953_SF0",1,1,1,1,1,1,1,1,1,2,1,1,1,1,1,1,1,1,1,1,1,1,1,1,1,1,1,1,1,1,1,1,1,1,1,1,1,1,1,1,1,1,1,2,1
"PTHR20955",1,1,1,1,1,1,1,1,1,1,1,1,0,1,0,1,1,1,1,1,1,1,1,1,1,1,1,1,1,1,1,2,1,1,1,0,1,1,1,1,1,0,1,1,1
"PTHR20956_SF0",1,1,1,1,1,2,1,1,1,1,1,1,1,1,1,1,1,1,2,1,1,1,1,1,1,1,1,1,1,1,1,1,1,1,1,1,1,1,1,1,1,1,1,1,1
"PTHR20957",1,1,2,1,1,1,1,1,1,1,1,1,1,2,1,1,1,1,2,1,1,2,1,2,1,1,2,2,1,1,2,0,1,2,1,1,2,1,3,1,1,1,1,1,1
"PTHR20959",1,1,1,1,1,1,1,1,1,1,1,1,1,1,1,1,1,1,1,1,1,1,1,1,1,1,1,1,1,1,1,1,1,1,1,1,1,1,1,1,1,1,1,1,1
"PTHR20961_SF3",1,1,1,1,1,1,1,1,1,1,1,1,1,1,1,1,1,1,1,1,1,1,1,1,1,1,1,1,1,1,1,1,1,1,1,1,1,1,1,1,1,1,1,1,1
"PTHR20963",1,1,1,1,1,1,1,1,1,1,1,1,1,1,1,1,1,2,1,1,1,1,1,1,1,1,1,1,1,1,1,1,1,1,1,1,1,1,1,2,1,1,1,1,1
"PTHR20966",1,1,1,1,1,1,1,1,1,1,1,1,1,1,1,1,1,1,1,1,2,1,1,1,1,1,1,1,1,1,1,1,1,1,1,1,1,1,1,1,1,1,1,2,1
"PTHR20971_SF0",1,2,1,5,2,4,1,2,1,2,1,1,1,1,2,1,2,2,3,1,1,2,1,2,1,1,1,1,1,1,3,2,1,3,1,3,1,1,2,2,3,2,1,1,1
"PTHR20973",1,1,1,1,1,1,1,1,1,1,1,1,1,1,1,1,1,1,1,1,1,1,1,1,1,1,1,1,1,1,1,1,1,1,1,1,1,1,1,1,1,1,1,1,1
"PTHR20974",1,1,1,1,2,1,1,1,1,1,1,1,1,1,1,1,1,1,1,1,1,1,1,1,1,1,1,1,1,1,0,1,1,1,1,2,1,1,1,1,1,1,1,1,1
"PTHR20976",1,1,1,1,1,1,2,1,1,1,1,1,1,1,1,1,1,1,1,1,1,1,1,1,1,1,1,1,1,1,1,1,1,1,1,1,1,1,1,1,1,1,1,1,1
"PTHR20981",4,6,12,8,13,7,7,6,3,13,5,7,4,11,10,1,5,6,6,10,5,7,1,6,9,4,4,12,3,6,11,21,26,13,6,7,12,7,11,35,18,2,1,4,7
"PTHR20982",1,1,1,2,1,1,1,1,1,1,1,1,1,1,1,1,1,1,1,1,1,1,1,1,1,1,1,1,1,1,1,2,1,1,1,1,1,1,1,1,1,1,1,2,1
"PTHR20988",1,1,3,1,1,1,2,1,1,1,1,1,1,2,1,1,2,1,3,1,1,2,1,3,1,1,1,3,1,1,1,2,2,3,1,1,2,2,1,1,1,1,1,1,1
"PTHR20990",1,1,1,1,1,1,1,1,1,1,1,1,1,1,1,1,1,1,1,1,1,1,1,1,1,1,0,1,1,1,1,1,1,1,1,1,1,1,1,1,1,1,1,1,1
"PTHR20991",1,1,1,1,1,2,1,1,1,1,1,1,1,1,1,1,1,1,1,1,1,1,1,1,1,1,1,1,1,1,1,1,1,1,1,1,1,1,1,1,1,1,1,1,1
"PTHR20994_SF0",1,1,1,1,1,1,1,1,1,1,1,1,1,1,1,1,1,1,1,1,1,1,1,1,1,1,1,1,1,1,0,1,1,1,1,1,1,1,1,1,1,0,0,2,1
"PTHR20995_SF15",1,1,1,1,1,1,1,1,1,1,1,1,1,1,1,1,1,1,1,0,1,1,1,1,1,1,1,1,1,1,0,1,1,1,1,1,1,1,1,1,1,1,1,1,1
"PTHR20995_SF16",1,1,1,1,1,1,1,1,1,1,1,1,1,1,1,1,1,1,1,1,1,1,1,1,1,1,1,1,1,1,1,1,1,1,1,1,1,1,1,1,1,1,1,1,1
"PTHR20996",1,1,1,2,1,1,1,2,1,1,1,1,1,2,1,1,1,1,2,1,2,1,1,1,2,1,1,1,1,1,1,1,1,2,1,1,2,1,2,1,2,1,0,1,1
"PTHR21007",1,1,1,1,1,1,1,1,1,1,0,1,1,1,1,1,1,1,1,1,1,1,1,1,1,0,1,1,1,1,1,1,1,1,1,1,1,1,2,0,1,1,1,1,1
"PTHR21008",1,1,1,1,1,1,1,1,1,1,1,1,1,1,2,1,1,1,1,1,1,1,1,1,1,1,1,1,1,1,1,1,1,1,1,1,1,1,1,1,1,1,1,1,1
"PTHR21013",1,1,1,1,1,1,1,1,1,1,1,1,1,1,1,1,1,1,1,1,1,1,1,1,1,1,1,1,1,1,3,1,1,1,1,1,1,1,1,1,1,1,1,1,1
"PTHR21014",2,2,2,2,2,2,2,2,2,2,2,2,2,2,4,2,2,2,2,2,2,2,2,2,2,2,2,2,2,2,4,3,2,2,2,2,2,2,2,2,2,2,2,2,2
"PTHR21016_SF1",1,1,1,2,1,1,1,1,1,1,1,1,1,1,1,1,1,1,1,1,1,2,1,1,1,1,1,1,1,1,1,1,1,1,1,1,1,1,1,1,2,1,1,1,1
"PTHR21016_SF2",1,1,1,1,1,1,1,1,1,1,1,1,1,1,1,1,1,1,1,1,1,1,1,1,1,1,1,1,1,1,1,1,1,1,1,1,1,1,1,1,1,1,1,1,1
"PTHR21016_SF4",1,1,1,1,1,1,1,1,1,1,1,1,1,1,1,1,1,1,1,1,1,1,1,1,1,1,1,1,1,1,1,1,1,1,1,1,1,1,1,1,1,1,1,1,1
"PTHR21017",4,4,4,4,3,4,4,4,4,3,4,4,3,4,5,4,4,4,4,3,3,4,4,4,5,4,6,4,3,3,3,6,4,4,4,4,4,4,5,4,4,3,4,3,5
"PTHR21020",1,1,1,1,1,1,1,1,1,1,1,1,1,1,1,1,1,1,1,1,1,1,1,1,1,1,1,1,1,1,1,1,1,1,1,1,1,1,1,1,1,1,1,1,1
"PTHR21021",1,1,1,1,1,3,1,2,1,1,1,1,1,1,2,1,2,1,1,1,2,2,1,1,2,1,1,1,1,1,1,1,1,1,1,2,1,1,1,1,1,1,1,1,1
"PTHR21024_SF0",1,1,1,1,1,1,0,1,1,1,1,1,1,1,2,1,1,1,1,1,1,1,1,1,1,0,1,1,1,1,1,0,1,0,2,1,2,1,3,1,1,1,1,1,1
"PTHR21026_SF2",1,1,1,1,1,1,1,1,1,1,2,2,1,2,3,1,1,1,2,1,1,2,1,2,1,2,1,2,1,1,3,1,1,2,1,1,1,1,1,1,1,2,1,1,1
"PTHR21027",1,1,1,1,1,1,1,1,1,1,1,1,1,1,1,1,1,1,1,1,1,1,1,1,1,1,1,1,1,1,1,1,1,1,1,1,1,1,1,1,1,1,1,1,1
"PTHR21029",1,2,1,1,2,2,1,2,2,2,2,2,2,2,2,2,2,2,2,2,2,1,2,2,2,2,2,2,2,1,2,2,2,2,3,2,2,2,2,2,1,2,2,3,2
"PTHR21032",1,1,1,1,2,1,1,1,1,1,1,1,1,3,2,1,1,1,1,1,1,1,1,1,1,1,2,1,1,1,1,1,1,1,1,1,2,1,2,1,1,1,1,1,2
"PTHR21035",1,1,1,2,1,2,1,1,1,1,1,1,1,1,1,1,1,1,1,0,1,1,1,1,1,1,1,1,1,1,1,1,1,1,1,1,0,1,1,1,1,1,1,1,1
"PTHR21037_SF2",1,1,1,1,1,2,1,1,0,1,1,1,1,1,1,1,1,1,1,0,1,1,1,0,1,1,0,1,0,0,0,1,0,1,1,1,1,1,1,1,0,1,0,1,0
"PTHR21037_SF3",1,0,1,1,1,1,1,1,1,1,1,1,1,1,1,1,1,1,1,1,1,1,1,1,1,1,1,0,1,1,2,1,1,1,1,2,1,1,1,1,1,1,1,1,1
"PTHR21038",1,1,2,1,2,2,1,2,1,1,1,1,1,1,4,1,1,1,1,1,1,1,1,1,1,1,2,1,1,2,1,2,1,1,1,1,1,1,1,1,1,1,1,1,1
"PTHR21040",1,1,1,1,1,1,1,1,1,1,1,1,1,1,1,1,1,1,1,0,1,1,1,1,1,1,1,1,1,1,1,1,1,1,2,1,1,1,1,1,1,1,1,2,1
"PTHR21041",3,3,4,4,4,3,4,4,4,4,3,4,4,4,4,4,4,3,4,3,3,4,4,4,4,3,3,4,4,4,3,4,4,4,4,3,4,4,4,5,4,4,3,6,4
"PTHR21043_SF0",1,1,1,1,1,1,1,1,1,1,1,1,1,1,1,1,1,1,1,1,1,1,1,1,1,1,1,1,1,1,1,1,1,1,1,2,1,1,1,1,1,1,1,2,0
"PTHR21049",1,2,1,1,1,2,2,1,1,1,1,1,1,1,1,1,1,1,1,1,1,1,1,1,1,1,1,1,1,2,1,1,2,1,1,1,1,1,1,1,1,1,1,1,1
"PTHR21051",1,1,1,1,1,1,1,1,1,1,1,1,1,1,2,1,1,1,1,1,1,1,1,1,1,1,1,1,1,1,1,1,1,1,2,1,1,1,1,1,1,1,1,1,1
"PTHR21052",1,1,1,2,1,1,1,1,1,1,1,1,1,1,1,1,1,1,1,1,1,1,1,1,1,0,1,0,1,1,1,1,1,1,1,1,1,1,1,1,1,1,1,1,1
"PTHR21053",1,1,1,1,1,1,1,1,1,1,1,1,1,1,1,1,1,1,1,2,1,1,1,1,1,1,1,1,1,1,1,0,1,1,1,1,1,1,1,1,1,1,1,2,1
"PTHR21061_SF0",1,1,1,1,1,1,1,1,1,1,1,1,1,1,1,1,1,1,1,0,1,1,1,1,1,1,1,1,1,1,1,1,1,1,1,1,1,1,1,1,1,1,1,1,1
"PTHR21064",1,1,1,1,1,1,1,1,1,1,1,1,1,1,1,1,1,1,1,1,1,1,1,1,1,1,1,1,1,1,1,1,1,1,1,1,1,1,1,1,1,1,1,1,1
"PTHR21068_SF20",1,1,1,1,1,1,1,1,1,2,1,1,1,1,2,1,1,1,1,1,1,1,1,1,1,1,1,1,1,1,1,2,1,1,1,1,1,1,1,1,1,1,1,1,1
"PTHR21072",1,1,1,1,1,1,1,1,1,1,1,1,1,1,1,1,1,1,1,1,1,1,1,1,1,1,1,1,1,1,1,1,1,1,1,1,1,1,1,1,1,1,1,1,1
"PTHR21074",1,1,1,1,1,1,1,1,1,1,1,1,1,1,1,1,1,1,1,1,1,1,1,1,1,1,1,1,1,1,1,1,1,1,1,1,1,1,1,1,1,1,1,1,0
"PTHR21077",2,2,2,2,2,1,2,2,2,2,2,2,2,2,1,2,2,1,2,2,2,1,2,2,2,2,2,2,2,2,1,2,4,2,1,2,2,2,2,2,2,2,2,1,1
"PTHR21082",1,1,1,1,1,1,1,1,1,1,1,1,1,1,1,1,1,1,1,1,1,1,2,1,1,1,1,1,1,1,1,1,1,1,1,1,1,1,1,1,1,1,1,1,1
"PTHR21083",1,1,1,1,1,1,1,1,1,1,1,1,1,1,1,1,1,1,1,1,1,1,2,1,1,1,1,1,1,1,1,1,1,1,1,1,1,1,1,1,1,1,1,1,1
"PTHR21084",2,1,1,1,1,1,2,1,1,1,1,1,1,1,1,1,1,1,1,1,1,1,1,1,1,1,2,1,1,1,1,1,1,1,1,1,1,1,1,1,1,1,1,1,1
"PTHR21091_SF2",1,1,1,1,1,1,1,1,1,1,1,1,1,2,1,1,1,1,1,1,1,1,1,1,1,1,1,1,1,1,1,1,1,1,1,1,1,1,1,1,1,1,1,1,1
"PTHR21091_SF31",1,1,1,1,1,1,1,1,1,1,1,1,1,1,1,1,1,1,1,1,1,1,1,1,1,1,1,1,1,1,1,1,1,1,1,1,1,1,1,1,1,1,1,1,1
"PTHR21091_SF94",2,2,2,2,2,2,2,2,2,2,2,2,1,2,2,2,2,2,2,2,1,2,3,1,2,1,1,2,1,2,1,2,2,1,3,2,1,2,1,2,1,1,2,1,2
"PTHR21091_SF97",1,1,1,1,1,1,1,1,1,1,1,1,1,1,1,1,1,1,1,1,1,1,1,1,1,1,1,1,1,1,1,1,1,1,1,1,1,1,1,1,1,1,1,2,1
"PTHR21092",1,1,1,1,1,1,1,1,1,1,1,1,1,1,1,1,1,1,1,1,1,1,1,1,1,1,1,1,1,1,1,1,1,1,1,1,1,1,1,1,1,1,1,1,1
"PTHR21093",2,3,3,3,3,3,3,3,3,3,3,3,3,3,4,3,3,2,3,2,3,3,3,3,3,3,3,3,3,3,2,3,3,3,3,3,3,3,3,3,3,3,2,3,3
"PTHR21094",1,1,2,1,1,1,1,1,1,1,1,1,1,1,2,1,1,1,1,1,1,1,1,1,1,2,1,1,1,1,1,2,1,1,1,1,1,1,1,1,1,1,1,1,2
"PTHR21095",1,1,0,0,1,1,1,1,1,1,1,1,1,1,1,1,1,1,1,1,1,0,1,1,1,1,1,1,1,1,1,1,1,1,1,1,1,0,1,1,0,1,0,1,1
"PTHR21096",1,2,4,3,2,3,2,2,1,2,1,1,2,1,2,1,1,1,3,1,2,1,1,3,1,1,2,4,1,2,1,1,1,2,1,3,2,2,2,1,2,2,1,2,1
"PTHR21100",1,2,1,2,2,2,2,3,2,2,1,1,1,2,13,1,1,1,1,1,1,1,1,1,1,1,1,2,1,3,2,6,1,2,1,1,2,2,2,1,4,1,1,1,1
"PTHR21102",1,1,1,1,1,1,1,1,1,1,1,1,1,1,1,1,1,1,1,1,1,1,1,1,1,1,1,1,1,1,1,1,1,1,1,1,1,1,1,1,1,1,1,0,1
"PTHR21114",1,0,1,1,1,1,1,1,1,1,1,1,1,1,1,1,1,0,1,1,1,1,1,1,1,1,1,1,1,1,1,1,1,1,0,1,1,1,1,1,1,1,1,0,1
"PTHR21119",2,2,2,3,2,2,2,2,2,2,2,2,2,2,2,2,2,2,2,3,2,2,2,2,2,2,3,2,2,2,2,2,2,2,2,2,2,2,2,2,2,2,2,2,2
"PTHR21128",1,1,1,1,1,1,1,1,0,1,0,1,1,1,1,1,1,1,1,1,1,1,1,1,1,1,1,1,1,1,0,0,1,1,0,0,1,1,2,0,1,1,0,0,1
"PTHR21136_SF2",1,1,1,1,1,1,1,1,1,1,1,1,1,1,1,1,1,1,1,2,1,1,1,1,1,1,1,1,1,1,1,1,1,1,1,1,1,1,1,1,1,1,1,1,1
"PTHR21136_SF32",1,1,1,1,1,1,1,1,1,1,1,1,1,1,1,1,1,1,1,1,1,1,1,1,1,1,1,1,1,1,1,1,1,1,1,1,1,1,1,1,1,1,1,1,1
"PTHR21136_SF36",1,1,1,1,1,1,1,1,1,1,1,1,1,1,1,2,1,2,1,0,1,1,1,1,1,1,1,1,1,1,1,1,1,1,1,1,1,1,1,1,1,1,1,1,1
"PTHR21136_SF5",1,1,2,1,2,2,1,1,1,1,1,1,1,1,1,1,1,1,2,2,1,1,1,2,1,2,1,1,1,2,1,2,1,2,1,1,1,1,1,1,1,1,1,1,1
"PTHR21136_SF68",1,1,1,1,1,1,1,1,1,1,1,1,1,1,2,1,1,1,1,1,1,1,1,1,1,1,1,1,1,1,1,1,1,1,1,1,1,1,1,1,1,1,1,1,1
"PTHR21136_SF69",1,1,1,1,1,1,1,1,1,1,1,1,1,2,3,1,1,1,1,1,1,1,1,1,1,1,1,1,1,1,1,2,1,1,1,1,0,1,1,1,1,1,0,1,1
"PTHR21136_SF75",1,1,1,1,2,1,1,1,1,1,1,1,1,1,1,1,1,1,1,1,1,2,2,1,1,1,1,1,1,2,1,1,1,1,1,1,1,1,1,1,1,0,1,1,1
"PTHR21136_SF78",1,0,1,1,1,1,1,1,1,1,1,1,1,1,1,1,2,1,1,1,1,1,1,1,1,1,1,1,1,2,1,2,1,1,1,1,1,1,1,1,1,1,1,1,2
"PTHR21136_SF8",1,1,1,1,1,1,3,1,1,1,1,1,1,1,2,1,2,1,1,1,1,1,1,1,1,2,1,1,1,1,2,0,1,1,1,1,1,1,1,1,2,1,1,1,1
"PTHR21136_SF82",1,1,1,1,2,1,1,1,1,1,1,1,1,2,1,1,1,1,1,1,1,1,2,1,1,1,1,1,1,1,1,1,1,1,1,1,1,1,1,1,1,1,1,1,2
"PTHR21136_SF83",1,1,1,1,1,1,1,3,2,1,1,1,1,1,7,1,1,1,1,1,1,1,1,1,1,1,2,1,1,1,1,4,2,1,4,1,1,2,1,1,1,1,1,1,1
"PTHR21139",1,1,3,2,1,2,1,1,1,1,1,1,1,4,1,1,1,1,5,1,1,2,1,3,2,2,2,3,1,1,1,4,2,4,1,1,3,1,5,3,2,1,1,1,2
"PTHR21141_SF3",2,1,8,4,5,3,3,4,2,4,1,1,2,6,5,1,3,2,7,2,2,3,1,7,3,1,3,5,1,2,2,10,2,6,7,7,6,3,6,2,3,1,1,6,6
"PTHR21141_SF30",3,1,3,3,1,5,2,3,1,4,2,3,2,3,5,1,1,3,5,7,2,2,3,3,4,3,2,4,1,3,1,5,1,4,8,3,3,4,4,3,2,5,2,8,3
"PTHR21141_SF34",1,1,0,0,1,2,1,1,1,1,1,1,0,1,0,0,0,2,0,1,1,1,0,0,0,3,0,1,0,0,0,1,0,0,4,0,1,0,1,0,0,0,0,5,0
"PTHR21141_SF5",1,2,3,2,2,1,1,2,1,1,1,1,2,2,1,1,1,0,4,0,2,1,2,3,2,1,3,3,1,2,0,4,3,3,3,2,1,2,1,5,2,2,1,5,1
"PTHR21142",1,1,1,1,1,1,1,1,1,1,1,1,1,1,1,1,1,1,1,1,1,1,1,1,1,1,1,1,1,1,1,1,1,1,1,2,1,1,1,1,1,0,1,1,1
"PTHR21146_SF0",1,2,2,1,1,1,1,1,1,0,1,1,1,1,1,2,1,1,2,1,1,1,1,2,2,1,1,1,1,1,0,1,1,2,1,1,1,1,1,1,1,1,0,1,1
"PTHR21148_SF11",1,1,1,1,1,1,1,1,1,1,1,1,1,1,1,1,1,1,1,1,1,2,1,1,1,1,1,1,1,1,2,0,1,1,1,1,2,1,2,1,1,1,1,1,1
"PTHR21148_SF16",1,1,6,4,1,1,1,2,1,1,1,1,1,5,1,1,2,1,5,1,2,2,1,5,2,1,1,4,1,1,1,2,1,4,1,2,4,1,4,1,4,1,1,1,1
"PTHR21148_SF17",1,1,2,1,1,1,1,1,1,1,1,1,1,2,1,1,1,1,1,1,1,1,1,1,2,1,1,1,1,1,1,1,1,1,1,1,1,1,1,1,1,1,1,1,1
"PTHR21148_SF18",1,1,1,1,1,1,1,1,1,1,1,1,1,1,1,1,1,1,1,1,1,1,1,1,1,1,1,1,1,1,1,1,1,1,1,1,1,1,1,1,1,1,1,1,1
"PTHR21148_SF21",1,1,1,1,1,1,1,1,1,1,1,1,1,1,1,1,1,1,1,1,1,1,1,1,1,1,2,1,1,1,1,1,1,1,1,1,1,1,1,1,1,1,1,2,1
"PTHR21152",2,2,6,3,3,2,2,2,2,2,2,2,2,4,3,2,2,2,5,2,3,2,2,5,3,2,2,5,2,3,2,4,2,5,2,2,4,2,4,2,3,2,2,3,3
"PTHR21162",1,1,1,1,1,1,1,1,1,1,1,1,1,1,1,1,1,1,1,2,1,1,1,1,1,1,1,1,1,1,1,1,1,1,1,1,1,1,1,1,1,1,1,1,1
"PTHR21166",1,1,1,1,1,1,1,1,1,1,1,1,1,1,1,1,1,1,1,1,1,1,1,1,1,1,1,1,1,1,1,1,0,1,1,2,1,1,1,1,1,1,1,1,1
"PTHR21178",2,1,1,1,1,1,1,1,2,1,1,1,1,1,2,1,1,2,1,1,1,1,1,1,1,1,1,1,2,1,1,2,1,1,1,1,1,1,1,0,1,1,1,3,1
"PTHR21179_SF0",1,1,0,1,1,1,1,1,1,0,0,0,1,1,1,1,1,0,1,1,1,1,1,1,1,1,1,1,1,1,1,1,0,1,0,1,1,1,1,1,1,1,1,0,0
"PTHR21180_SF32",1,1,1,1,1,1,1,1,1,1,1,1,1,1,1,1,1,1,1,1,1,1,1,1,1,1,0,1,1,1,1,1,1,1,1,1,1,1,1,1,1,1,1,1,1
"PTHR21181_SF13",1,1,1,1,1,2,1,1,1,1,1,1,1,1,1,1,1,1,1,1,1,1,1,1,1,1,1,1,1,1,1,1,1,1,1,1,1,1,1,1,1,1,1,1,1
"PTHR21181_SF7",1,0,0,0,1,0,0,0,0,0,0,0,0,0,0,0,0,0,0,0,0,0,0,0,0,0,0,0,0,0,0,0,1,0,0,0,0,0,0,0,0,0,0,0,1
"PTHR21183_SF18",1,1,1,1,1,1,2,3,2,1,1,1,1,1,2,1,1,1,2,1,1,1,1,2,2,1,1,1,1,1,1,2,1,1,2,1,1,1,1,1,1,1,1,1,1
"PTHR21184",2,3,2,2,2,4,2,2,1,2,2,2,2,3,2,2,0,2,2,2,2,2,2,2,2,3,2,2,2,3,2,2,2,2,2,1,2,2,2,2,2,2,2,2,2
"PTHR21191",2,2,2,2,2,2,1,2,2,3,2,2,2,3,2,3,3,2,2,2,2,2,2,2,2,2,2,2,2,1,1,2,2,2,1,2,2,2,3,2,2,2,1,2,2
"PTHR21192",1,1,1,1,1,1,1,1,1,1,2,1,1,1,1,1,1,1,1,1,1,1,1,1,2,1,1,1,1,1,1,1,1,1,1,1,1,1,1,1,1,1,1,1,1
"PTHR21193",1,1,1,1,1,1,1,1,1,1,1,1,1,1,1,1,0,1,1,1,1,1,1,1,1,1,1,1,1,1,0,1,1,1,0,1,1,1,1,1,0,1,1,1,1
"PTHR21194",1,1,1,1,1,1,1,1,1,1,1,1,1,1,1,1,1,1,1,1,0,0,1,1,1,0,1,1,1,1,1,1,1,1,1,1,1,1,1,1,1,0,1,1,1
"PTHR21196",1,1,1,2,1,1,1,1,1,1,1,1,1,1,1,1,1,1,1,1,1,0,1,1,1,1,2,1,1,1,0,1,1,1,1,1,1,1,1,1,2,1,0,1,1
"PTHR21199",2,1,1,1,1,1,2,1,1,1,1,1,1,1,3,1,1,2,1,3,1,1,2,1,1,1,1,1,1,1,1,1,1,1,1,1,1,1,1,1,1,1,1,1,1
"PTHR21206",1,1,1,1,1,1,1,1,1,1,1,1,1,1,2,1,1,1,1,1,1,1,1,1,1,1,1,1,1,1,1,1,1,1,1,1,1,1,1,1,1,1,1,1,1
"PTHR21207_SF1",1,1,1,1,1,1,1,1,1,1,1,1,1,1,1,1,1,1,1,1,1,1,1,1,1,1,1,1,2,1,2,2,1,1,1,1,1,1,1,1,1,1,1,1,1
"PTHR21207_SF2",2,1,1,1,1,3,1,1,1,0,1,1,1,1,1,1,1,1,1,1,1,1,1,1,1,1,1,1,2,2,1,1,1,1,2,1,1,1,1,0,1,1,1,4,3
"PTHR21208",1,1,1,1,1,1,1,1,1,1,1,1,1,1,1,1,1,1,1,1,1,1,1,1,1,2,1,1,1,1,1,1,1,1,1,1,1,1,1,1,1,1,1,1,1
"PTHR21210",1,1,1,1,1,1,1,1,1,1,1,1,1,1,1,1,1,1,1,1,1,1,1,1,1,1,1,1,1,1,1,1,1,1,1,1,1,1,1,1,1,1,1,1,1
"PTHR21212",1,1,1,1,1,1,1,1,1,2,1,1,1,1,1,1,1,1,1,1,1,2,1,1,0,1,1,1,1,1,1,0,1,1,1,1,1,1,1,1,1,1,2,1,1
"PTHR21213",1,1,1,1,1,2,1,1,1,2,1,1,1,2,1,1,1,1,1,1,1,2,1,2,1,1,1,1,1,1,1,5,2,1,1,1,2,1,2,1,1,1,1,1,2
"PTHR21220_SF0",1,1,1,1,1,1,1,1,1,1,1,1,1,1,1,1,1,1,1,1,1,1,1,1,1,1,1,1,1,1,1,1,1,1,1,1,1,1,1,1,1,1,1,2,1
"PTHR21222",1,1,1,1,1,1,1,1,1,1,1,1,1,1,1,1,1,1,1,0,1,1,1,1,1,1,1,1,1,1,1,1,1,1,1,1,1,1,1,1,1,1,1,1,1
"PTHR21223",3,3,2,2,2,5,2,2,2,2,2,2,2,4,4,2,2,2,2,3,2,2,2,2,2,2,1,3,2,2,2,2,2,2,3,2,4,2,5,2,2,2,2,3,2
"PTHR21224",1,1,1,1,1,1,1,1,1,1,1,1,1,1,1,1,1,1,1,1,1,1,1,1,1,1,1,1,1,1,0,1,1,1,1,1,1,1,1,2,1,1,1,1,1
"PTHR21226",1,7,0,0,1,3,0,1,0,1,1,1,0,0,1,0,1,0,0,2,0,0,15,0,2,1,1,0,1,6,2,1,0,0,1,1,0,1,0,1,0,0,0,2,1
"PTHR21227",1,1,1,1,1,1,0,1,2,1,1,1,1,1,1,1,1,1,1,1,1,1,1,1,1,1,1,2,1,1,1,1,2,1,1,1,2,1,2,1,1,1,1,1,1
"PTHR21228",6,6,5,5,6,7,7,6,6,6,5,6,5,5,5,6,5,5,5,5,6,5,7,5,6,6,7,6,6,5,6,6,6,5,5,6,5,5,5,5,5,6,5,4,6
"PTHR21229_SF10",1,1,1,1,1,1,1,1,1,1,1,1,1,1,1,1,1,1,1,1,1,1,1,1,1,1,1,1,1,0,1,1,1,1,1,1,1,1,1,1,1,1,1,1,1
"PTHR21229_SF11",1,1,2,1,1,1,1,1,1,1,1,1,1,1,1,1,1,0,2,0,2,1,1,2,1,1,1,1,1,1,0,1,1,2,1,1,1,1,1,1,1,1,1,1,1
"PTHR21229_SF12",1,1,1,1,1,1,1,1,1,1,1,1,1,1,1,1,1,1,1,1,1,1,1,1,1,1,1,1,1,1,1,1,1,1,1,1,1,1,1,1,1,1,1,1,1
"PTHR21230",3,3,3,3,4,4,4,3,4,3,3,3,3,4,5,4,3,3,4,4,3,3,3,4,4,3,3,5,4,3,3,3,3,3,3,3,3,3,5,3,3,3,3,3,4
"PTHR21231",3,3,3,3,5,4,3,3,3,3,3,3,3,3,4,3,4,3,3,3,3,3,3,3,3,3,3,3,3,3,3,3,3,3,3,3,3,4,3,3,3,2,3,3,3
"PTHR21234_SF15",1,1,1,1,2,1,1,1,1,1,1,1,1,1,1,1,1,1,1,0,1,1,1,1,1,1,1,1,1,2,1,2,1,1,2,1,1,1,2,1,1,1,1,1,1
"PTHR21236",4,4,4,5,4,5,4,4,4,5,4,4,5,4,6,4,4,4,4,4,4,4,4,4,4,4,3,4,4,4,4,4,4,4,4,4,4,4,4,4,4,4,4,4,4
"PTHR21237",2,3,2,2,2,2,2,2,2,2,2,2,2,2,2,2,2,2,3,2,2,3,2,3,2,3,3,2,2,2,4,2,2,4,2,3,2,2,2,2,2,3,2,2,2
"PTHR21240",1,1,1,1,1,1,1,1,1,1,1,1,1,1,1,1,1,1,1,1,1,1,1,1,1,1,1,1,1,1,1,1,1,1,1,1,1,1,1,1,1,1,1,1,1
"PTHR21242_SF0",1,1,2,1,1,1,1,1,1,2,1,1,3,1,1,1,1,1,2,2,1,0,1,2,1,0,1,1,1,1,1,1,1,2,1,2,1,1,1,1,1,1,1,2,1
"PTHR21244",3,2,1,1,1,1,2,1,1,1,2,1,1,1,1,1,1,1,1,1,1,1,1,1,1,2,1,2,1,1,1,1,1,1,1,1,1,1,1,1,2,1,1,1,1
"PTHR21245",1,1,1,1,1,1,1,1,1,1,1,1,1,1,1,1,2,1,1,2,1,1,1,1,1,1,1,1,1,1,1,1,1,1,1,1,1,1,1,1,1,1,1,2,1
"PTHR21248",1,1,1,1,1,1,1,0,1,0,1,1,1,1,1,1,1,1,1,0,1,1,1,1,1,1,1,2,1,1,0,2,1,1,1,1,1,1,1,1,1,1,1,1,1
"PTHR21250",1,2,2,1,1,1,1,1,1,1,1,1,1,1,1,1,1,1,1,1,2,1,1,1,1,1,1,1,1,2,1,3,1,2,1,1,1,1,1,1,1,1,1,1,1
"PTHR21252",1,1,1,1,1,1,1,2,1,1,1,1,1,1,3,1,1,1,1,1,1,2,1,1,1,1,2,1,1,1,1,1,1,1,1,1,1,1,1,1,1,1,1,1,1
"PTHR21254",1,2,1,1,1,1,1,1,1,1,1,1,1,1,1,1,1,1,1,1,1,1,1,1,1,1,1,1,1,1,1,1,1,1,1,1,1,1,1,1,1,1,2,1,1
"PTHR21255_SF14",1,1,1,1,1,1,1,0,1,1,1,0,1,1,1,2,1,0,1,1,1,1,3,1,1,0,2,1,0,1,1,1,1,1,1,1,1,1,1,1,1,1,1,0,0
"PTHR21255_SF18",1,1,0,0,1,1,1,1,1,2,1,1,1,1,1,1,1,1,0,0,1,0,1,0,1,1,1,1,1,1,1,0,1,0,1,1,1,1,1,1,0,1,0,0,1
"PTHR21255_SF19",1,3,3,1,1,1,1,1,1,2,1,1,1,3,1,1,2,1,2,3,1,3,4,2,1,1,1,3,1,1,1,3,1,2,1,2,3,1,3,1,2,1,1,2,1
"PTHR21255_SF2",1,1,1,1,1,1,1,0,1,1,1,1,1,1,1,1,0,1,1,1,1,1,1,1,1,1,1,1,1,1,1,1,1,1,1,1,1,1,1,1,1,1,1,1,1
"PTHR21255_SF20",1,1,2,3,1,1,2,1,1,1,1,1,1,2,1,1,1,1,2,1,1,2,1,1,1,1,1,1,1,1,2,2,1,2,2,1,2,1,2,1,2,1,1,2,1
"PTHR21255_SF7",1,1,1,1,0,1,1,1,1,1,1,1,1,1,1,2,1,1,1,1,1,1,1,1,1,1,2,1,1,1,1,1,1,2,1,1,1,1,1,2,1,1,1,1,0
"PTHR21257",3,4,3,3,3,3,3,2,2,3,3,3,2,3,2,3,2,3,3,3,3,3,3,3,2,3,3,3,3,3,2,2,3,3,3,2,3,2,3,2,3,3,3,4,3
"PTHR21258_SF14",1,1,1,1,1,1,1,1,1,1,1,1,1,1,1,1,1,1,1,1,1,1,1,1,1,1,1,1,1,1,1,1,1,1,1,1,1,1,1,1,1,1,1,1,1
"PTHR21258_SF39",1,1,1,1,1,1,1,1,1,1,1,1,1,1,1,1,1,1,1,1,1,1,1,1,1,1,1,1,1,1,1,1,1,1,1,1,1,1,2,1,1,1,1,1,1
"PTHR21258_SF40",1,1,1,2,1,1,1,1,1,1,1,1,1,1,2,1,1,1,1,1,1,1,1,1,1,1,1,1,1,1,1,1,1,1,1,1,1,1,1,1,1,1,1,1,1
"PTHR21258_SF42",1,1,1,1,1,1,1,1,1,1,1,1,1,1,1,1,1,1,1,1,1,1,1,1,1,1,1,1,1,1,1,1,1,1,1,1,1,1,1,1,1,1,1,2,1
"PTHR21258_SF43",1,1,1,1,1,1,1,1,1,1,1,1,1,1,1,1,1,1,1,1,1,1,1,1,1,1,0,1,1,1,1,1,1,1,1,1,1,1,1,1,1,1,1,1,1
"PTHR21258_SF44",1,1,1,1,1,1,1,1,1,1,1,1,1,1,1,1,1,1,1,1,1,1,1,1,1,1,1,1,1,1,1,1,1,1,1,1,1,1,1,1,1,1,1,1,1
"PTHR21258_SF45",1,1,1,1,1,1,1,1,1,1,1,1,1,1,1,1,1,1,1,1,1,1,1,1,1,1,1,1,1,1,1,1,1,1,1,1,1,1,1,1,1,1,1,1,1
"PTHR21258_SF46",1,1,1,1,1,1,1,1,1,1,1,1,1,2,1,1,1,1,1,1,1,1,1,1,1,1,2,2,1,1,1,1,1,1,1,1,2,1,2,1,1,1,1,1,1
"PTHR21262_SF10",1,1,1,2,1,1,1,1,1,1,1,1,1,1,1,1,1,1,1,1,1,1,1,1,1,1,2,1,1,1,1,1,1,1,1,1,1,1,1,1,1,1,1,1,1
"PTHR21274",1,2,1,1,1,1,1,1,1,1,1,1,1,1,1,1,1,1,1,1,1,1,1,1,1,1,1,1,1,1,1,1,1,1,1,1,1,1,1,1,1,1,1,1,1
"PTHR21275",1,1,1,1,2,1,1,1,0,1,1,1,1,1,1,1,2,2,1,1,1,1,1,1,1,1,1,1,1,1,1,3,1,1,1,1,1,2,3,1,1,1,1,1,1
"PTHR21277",1,1,1,1,1,1,1,1,1,1,1,1,2,1,1,1,1,1,1,1,1,1,1,1,1,1,1,1,1,1,1,1,1,1,1,1,1,1,1,1,1,1,1,1,1
"PTHR21281",1,1,1,1,1,1,1,1,1,1,1,1,1,1,1,1,1,1,1,0,1,1,1,1,1,1,1,1,1,1,1,1,1,1,1,1,1,1,1,1,1,1,1,1,1
"PTHR21286_SF0",1,1,1,1,1,1,1,1,1,1,1,1,1,1,1,1,1,1,1,1,1,1,1,1,1,1,1,1,1,1,1,1,1,1,2,1,1,1,1,1,1,1,1,1,1
"PTHR21290_SF24",1,1,1,1,1,1,1,1,1,1,1,1,1,1,1,1,1,1,1,1,1,1,2,1,1,1,1,1,1,1,1,1,1,1,1,1,1,1,1,1,1,1,1,1,1
"PTHR21290_SF25",1,1,1,1,1,1,1,1,1,1,1,1,1,1,1,1,1,1,1,1,1,1,1,1,1,1,1,1,1,1,1,1,1,1,1,1,1,1,1,1,1,1,1,1,1
"PTHR21290_SF28",1,1,1,1,1,1,1,1,1,1,1,1,1,1,1,1,1,1,1,1,1,1,1,1,1,1,2,1,1,1,1,1,1,1,1,1,1,1,1,1,1,1,1,1,1
"PTHR21292",6,6,5,5,5,6,5,5,5,5,5,5,5,5,5,5,4,6,5,4,5,5,5,5,5,4,7,5,5,6,4,5,5,5,5,5,5,4,5,5,5,5,5,5,4
"PTHR21294",1,1,1,2,1,1,1,1,1,1,1,1,1,1,1,1,1,1,1,1,1,1,2,1,1,1,1,1,1,1,1,1,1,1,1,1,1,1,1,1,1,1,1,1,1
"PTHR21295_SF2",1,1,1,1,1,1,1,1,1,1,1,1,1,1,1,1,1,1,1,1,1,1,1,1,1,1,1,1,1,1,1,1,1,1,1,1,1,1,1,1,1,1,1,2,1
"PTHR21295_SF3",1,1,1,1,1,1,1,1,1,1,1,1,1,1,1,1,1,1,1,1,1,1,1,1,1,1,1,1,1,1,1,1,1,1,1,1,1,1,1,1,1,1,1,1,1
"PTHR21295_SF5",1,0,1,1,1,1,1,1,1,0,1,1,2,1,1,1,1,0,1,1,1,1,1,1,1,1,1,1,1,1,0,1,1,1,1,1,1,1,1,1,1,1,1,1,1
"PTHR21295_SF6",1,1,0,1,1,1,1,0,1,1,0,1,1,0,1,1,1,1,0,0,1,1,1,1,1,0,1,1,0,1,0,0,1,1,1,1,1,1,1,1,0,1,1,1,0
"PTHR21295_SF7",1,1,1,1,1,1,1,1,1,1,1,1,1,1,1,1,1,1,1,1,1,1,1,1,1,1,1,1,1,1,1,1,1,1,1,1,1,1,1,1,1,1,0,1,1
"PTHR21295_SF8",1,1,1,1,1,1,1,1,1,1,0,1,1,1,1,1,1,1,1,1,1,1,1,1,1,1,1,1,1,1,1,1,1,1,1,1,1,1,1,1,1,1,1,1,1
"PTHR21297_SF0",1,1,1,1,1,1,2,1,1,1,1,1,1,1,1,1,1,1,1,1,1,1,1,1,1,1,3,1,0,1,0,1,1,1,0,1,0,1,1,1,0,1,1,1,1
"PTHR21308",2,2,1,2,1,1,1,1,1,1,2,2,1,1,1,1,1,1,1,1,1,1,1,1,1,3,1,1,2,1,5,1,1,1,1,1,1,1,1,1,1,1,1,1,3
"PTHR21311",1,1,1,1,1,1,1,1,1,1,1,1,1,1,1,3,1,1,1,1,1,1,1,1,1,1,1,1,1,1,1,1,1,1,1,1,1,1,1,1,1,1,1,1,1
"PTHR21312_SF22",1,2,1,1,1,1,1,0,0,0,1,1,2,1,1,1,1,0,1,1,1,0,1,1,1,1,0,1,1,1,1,0,1,1,0,1,1,1,1,2,1,1,2,0,0
"PTHR21312_SF23",1,1,1,1,1,1,1,1,1,1,1,1,1,1,1,1,1,1,1,2,1,1,1,1,1,1,1,1,1,1,1,1,1,1,1,1,1,1,1,1,1,1,1,1,1
"PTHR21312_SF24",1,0,1,1,1,1,0,0,1,1,1,1,1,1,0,1,1,0,1,0,1,1,1,1,1,0,0,0,1,1,1,0,0,1,0,1,1,1,1,3,1,1,1,0,0
"PTHR21312_SF25",1,1,1,1,1,1,1,0,0,0,1,1,1,1,0,1,0,0,1,0,1,1,0,1,0,0,0,1,0,1,1,0,0,1,0,0,1,1,1,0,1,1,0,2,1
"PTHR21312_SF30",2,1,1,1,2,1,1,0,0,1,1,2,2,1,0,1,0,0,1,1,1,1,1,1,1,1,1,0,1,1,1,0,0,1,0,0,1,2,1,1,1,2,0,1,1
"PTHR21314",1,1,1,1,1,1,1,1,1,1,1,1,1,1,1,1,1,1,1,1,1,1,1,1,1,1,1,1,1,1,1,2,1,1,1,1,1,1,1,1,1,1,1,2,2
"PTHR21315",1,1,1,1,1,1,1,1,1,1,1,1,1,1,1,1,1,1,1,1,1,1,1,1,1,1,1,1,1,1,1,0,1,1,1,1,1,1,1,1,1,1,1,1,1
"PTHR21319_SF0",1,1,1,1,2,1,1,1,0,0,1,1,1,1,0,1,1,1,1,1,1,1,1,1,1,0,0,1,1,1,1,1,1,1,1,1,1,1,1,0,1,1,0,1,1
"PTHR21320_SF0",1,1,1,1,1,2,1,1,1,2,1,1,1,1,1,1,0,1,1,1,1,2,1,1,1,1,1,1,1,1,1,4,1,1,1,1,2,1,2,1,1,1,1,2,1
"PTHR21320_SF2",1,1,1,1,1,1,1,1,1,1,1,1,1,1,1,1,1,1,1,1,1,1,1,1,1,0,1,1,1,1,1,1,2,1,1,1,1,1,1,1,1,1,1,1,1
"PTHR21321",2,2,3,2,2,2,2,2,2,3,2,2,2,2,2,2,2,2,3,2,2,2,2,3,2,2,2,2,2,2,2,4,2,2,2,2,2,2,3,2,2,2,2,2,2
"PTHR21324",5,5,5,5,5,5,5,5,5,4,5,5,5,5,9,5,5,4,5,6,5,5,6,5,5,5,4,5,5,5,5,5,4,6,5,5,5,5,5,6,4,4,4,5,5
"PTHR21325",1,1,1,1,1,1,1,1,1,1,1,1,1,1,1,1,1,1,1,1,1,1,1,1,1,1,1,1,1,1,1,1,1,1,1,1,1,1,1,1,1,1,1,0,1
"PTHR21328",3,3,3,3,3,3,3,3,3,3,3,3,3,3,5,3,3,3,3,4,3,3,3,3,3,3,6,3,3,3,3,5,3,3,3,3,3,3,3,3,3,3,3,3,4
"PTHR21329_SF3",1,1,1,1,1,1,1,1,1,1,1,1,1,1,1,1,1,1,1,1,1,1,1,1,1,1,1,1,1,1,1,1,1,1,1,1,1,1,1,1,1,1,1,2,1
"PTHR21331",1,1,1,1,1,1,1,1,1,1,1,1,1,1,1,1,1,1,1,1,1,1,1,1,1,1,1,1,1,1,0,0,1,1,1,1,1,1,2,1,1,1,1,1,1
"PTHR21338_SF0",1,1,1,0,1,1,1,1,1,1,1,1,1,1,1,1,1,0,0,0,1,0,1,0,1,0,1,1,1,2,1,3,1,0,1,1,0,2,1,2,0,1,1,1,1
"PTHR21339",1,1,1,1,1,1,1,1,1,1,1,1,1,1,1,1,1,1,1,2,1,1,1,1,1,1,1,1,1,1,1,1,1,1,1,1,1,1,1,1,1,1,1,1,1
"PTHR21340",1,1,1,1,1,1,1,1,1,1,1,1,1,1,1,1,1,1,2,1,1,1,1,2,1,1,1,1,1,1,1,1,1,1,1,1,1,1,1,3,1,1,1,2,1
"PTHR21341",1,1,1,1,0,1,1,0,0,0,0,0,0,1,0,1,0,0,1,0,1,1,1,1,1,0,0,0,0,0,0,0,0,1,0,1,1,0,1,1,1,1,0,0,0
"PTHR21344",1,2,1,2,1,1,1,1,1,1,1,1,1,1,1,1,1,1,1,1,1,1,1,1,1,1,1,1,1,1,1,1,1,1,1,1,1,1,1,1,1,1,1,1,1
"PTHR21345",2,2,2,2,2,2,2,2,2,2,2,2,2,2,2,2,2,2,2,2,2,2,2,2,2,2,2,2,2,2,2,2,2,2,2,2,2,2,2,2,2,2,2,4,2
"PTHR21346_SF1",1,2,2,1,1,3,2,1,1,2,1,1,1,2,1,1,2,2,2,3,2,2,3,2,1,0,2,4,1,1,1,2,1,2,1,3,2,1,2,2,2,1,1,1,1
"PTHR21346_SF2",1,5,2,2,1,2,2,1,1,2,1,1,3,2,7,1,1,1,2,1,2,1,1,2,1,1,2,2,1,1,3,4,2,2,1,1,2,2,3,1,2,1,1,1,1
"PTHR21347",2,2,2,3,2,2,3,2,2,2,2,2,2,2,2,3,2,2,2,2,2,2,2,2,2,2,2,2,2,2,2,2,2,2,2,2,2,2,1,2,2,2,2,2,2
"PTHR21348_SF1",1,1,1,1,1,1,1,1,1,0,1,1,1,1,2,1,1,1,1,1,1,1,1,2,1,1,1,1,1,1,1,1,1,1,1,1,1,1,1,1,1,1,1,2,1
"PTHR21349_SF0",1,1,1,1,1,1,1,1,1,1,1,1,1,1,1,1,1,1,1,1,1,1,1,1,1,1,1,1,1,1,0,1,0,1,1,1,1,1,1,1,1,1,1,1,1
"PTHR21351",1,1,1,1,1,1,1,1,1,1,1,1,1,1,1,2,1,1,1,1,1,1,1,1,1,1,1,1,1,1,1,3,1,1,1,1,1,1,1,1,1,1,1,1,1
"PTHR21353",3,5,2,3,3,2,3,2,2,3,3,3,3,2,3,2,2,3,3,2,1,3,4,3,3,2,5,3,3,4,3,2,3,3,3,3,3,3,3,3,2,3,1,3,3
"PTHR21354_SF0",1,1,1,1,1,1,1,1,1,0,1,1,1,1,1,1,1,0,1,1,1,1,1,1,1,1,1,1,0,1,0,1,0,1,2,1,1,1,1,1,1,1,1,2,1
"PTHR21355_SF0",1,1,1,1,1,1,1,1,1,1,1,1,1,1,1,1,1,1,1,1,1,1,2,1,1,1,1,1,1,1,1,1,1,1,1,1,1,1,1,1,1,1,1,2,1
"PTHR21356",1,1,1,1,1,1,1,1,1,1,1,1,1,1,1,1,1,1,1,1,1,2,1,1,1,1,1,1,1,1,1,0,1,1,1,1,1,1,1,1,1,1,1,1,1
"PTHR21357",2,2,2,2,2,2,2,1,1,1,2,2,2,3,1,1,1,2,2,1,1,1,1,2,1,1,1,2,2,2,1,1,2,2,2,1,2,2,2,1,2,2,1,2,2
"PTHR21358",1,1,1,1,1,1,1,1,1,1,1,1,1,1,1,1,1,1,1,1,1,1,1,1,1,1,0,1,1,1,1,1,1,1,2,1,1,1,1,1,1,1,1,1,1
"PTHR21359",1,1,1,1,1,1,1,1,1,1,1,1,1,1,2,1,1,1,1,1,1,1,1,1,1,1,1,1,1,1,1,1,1,1,1,1,1,1,1,1,1,1,0,1,1
"PTHR21362",1,1,1,1,1,1,1,1,1,1,1,1,1,1,1,1,1,1,1,1,1,1,1,1,1,1,1,1,1,1,1,1,1,1,1,1,1,1,1,1,1,1,1,1,1
"PTHR21366",2,2,3,2,2,2,4,2,2,1,2,2,2,2,2,2,2,2,3,3,3,2,2,3,2,2,1,2,2,2,2,3,2,3,1,2,2,2,2,2,2,2,1,2,2
"PTHR21367_SF0",1,1,1,1,1,1,1,1,1,1,1,1,1,1,1,1,1,1,1,1,1,1,1,1,1,1,1,1,1,1,1,1,1,1,1,1,1,1,1,1,1,1,1,1,1
"PTHR21368_SF18",1,1,1,1,2,1,1,1,1,2,1,1,1,1,1,1,1,2,1,1,1,1,1,1,1,1,1,1,1,1,2,1,2,1,2,1,1,1,1,1,1,1,1,2,1
"PTHR21373",1,1,1,1,1,1,1,1,1,1,1,1,1,1,1,1,1,1,1,1,1,1,1,1,1,1,1,1,1,1,1,1,1,1,1,1,1,1,1,1,1,1,1,2,1
"PTHR21377_SF0",1,1,1,1,1,2,1,1,1,1,1,1,1,2,1,1,1,1,2,1,1,1,1,2,1,1,1,2,1,1,2,1,1,2,1,1,2,1,2,1,1,1,1,1,1
"PTHR21377_SF1",1,1,1,1,1,1,1,1,1,1,1,1,1,1,1,1,1,1,2,1,2,1,1,2,1,1,1,1,1,1,1,0,1,2,1,1,1,1,1,1,1,0,1,1,1
"PTHR21382",1,1,1,1,1,1,1,1,1,1,1,1,1,1,1,2,1,1,2,1,1,1,1,1,2,1,1,1,1,1,1,1,1,2,2,1,1,1,1,1,1,1,1,2,1
"PTHR21386",1,1,1,1,1,1,1,1,1,1,1,1,1,1,1,1,1,1,1,1,1,1,1,1,1,1,1,1,1,1,1,1,1,1,1,1,1,1,1,1,1,1,1,1,1
"PTHR21389",1,2,3,1,1,5,2,1,1,2,1,1,2,2,4,1,1,2,1,1,1,2,1,1,1,1,2,2,1,2,1,3,1,2,1,2,1,2,1,1,1,1,1,1,1
"PTHR21392",1,1,1,1,2,1,1,1,1,1,1,1,1,2,1,1,1,1,2,1,1,1,1,1,1,1,1,1,1,1,1,1,1,2,1,1,2,1,3,1,1,1,1,1,1
"PTHR21393",1,1,1,1,1,1,1,1,1,1,1,1,1,1,1,1,1,1,1,1,1,1,1,1,1,1,1,1,1,1,1,1,1,1,1,1,1,1,1,1,1,1,1,1,1
"PTHR21394",1,1,1,1,1,1,1,1,1,1,1,1,1,1,1,1,1,1,1,1,1,1,1,1,1,1,1,1,1,1,1,1,1,1,1,1,1,1,1,1,1,1,1,0,1
"PTHR21396_SF2",1,1,1,1,1,1,3,1,1,1,1,1,0,1,1,1,1,1,2,1,1,2,1,1,1,1,1,3,1,1,1,2,1,1,1,1,1,1,1,1,1,1,1,1,1
"PTHR21397",1,1,1,1,1,1,2,1,1,1,1,1,1,1,1,2,1,1,1,0,1,1,1,1,1,1,1,1,1,1,1,1,1,1,2,1,1,1,1,1,2,1,1,3,1
"PTHR21399_SF0",2,2,3,1,6,1,1,1,1,1,1,1,1,2,5,1,3,1,1,1,1,1,1,1,0,1,1,3,0,2,1,3,1,1,1,1,3,2,3,1,0,1,1,1,1
"PTHR21402_SF2",1,1,1,1,1,1,1,1,1,1,1,1,1,1,1,1,1,1,1,0,1,1,1,1,1,1,1,1,1,1,1,1,1,1,1,1,1,1,1,1,1,1,1,1,1
"PTHR21402_SF3",1,1,1,1,1,1,0,0,1,1,0,1,1,0,0,1,0,1,1,0,1,1,2,1,1,1,1,1,1,1,0,0,1,1,0,2,0,1,0,0,1,1,0,0,1
"PTHR21402_SF4",1,1,2,1,1,2,1,1,1,1,1,1,2,1,1,1,1,1,1,2,1,2,1,1,1,3,1,1,2,1,1,1,1,1,1,1,1,2,1,1,1,1,1,1,1
"PTHR21402_SF6",1,0,0,0,1,0,0,1,1,0,1,1,1,0,1,0,1,0,0,1,0,0,1,0,1,1,1,0,1,0,0,1,0,0,0,2,0,1,0,1,0,1,0,1,1
"PTHR21404",1,1,1,1,1,1,1,1,1,1,1,1,1,1,1,1,1,1,1,1,1,1,1,1,1,2,1,1,1,1,1,1,1,1,1,1,1,1,1,1,1,1,1,1,1
"PTHR21405",1,0,1,1,1,1,1,1,1,0,1,1,1,1,1,1,1,0,1,1,1,1,1,1,1,1,1,1,1,1,1,1,1,1,1,1,1,1,1,1,1,1,1,1,1
"PTHR21408",1,1,1,1,1,1,1,0,1,1,1,1,1,1,1,1,1,1,1,0,1,1,1,1,1,0,1,1,1,1,1,1,0,1,1,1,1,1,1,1,1,1,1,1,1
"PTHR21415",1,1,1,1,1,1,1,1,1,1,1,1,1,1,1,1,0,1,1,1,1,1,1,1,1,1,1,1,1,0,1,1,1,1,1,1,1,1,1,1,1,1,1,1,0
"PTHR21419",2,2,2,2,2,2,2,2,2,2,2,2,2,2,2,2,2,2,2,2,2,2,2,2,2,2,2,2,2,2,2,2,2,2,2,2,2,2,2,1,2,2,2,4,2
"PTHR21420",1,1,1,1,1,1,1,1,1,1,1,1,1,1,1,1,1,1,1,1,1,1,1,1,1,1,1,1,1,1,1,1,1,1,1,1,1,1,1,1,1,1,1,1,1
"PTHR21422",1,1,1,1,1,1,1,1,1,1,1,1,1,1,1,1,1,1,1,1,1,1,1,1,1,1,1,1,1,1,1,1,1,1,1,1,1,1,1,1,2,1,1,1,1
"PTHR21425",1,1,2,1,1,2,2,2,1,2,1,1,1,1,3,1,4,1,1,2,1,1,2,1,1,1,1,1,1,3,1,2,2,1,2,1,1,1,1,1,1,1,1,4,1
"PTHR21426_SF12",1,1,1,1,1,1,1,1,1,1,1,1,1,1,1,1,1,0,1,0,1,0,1,1,1,1,1,1,1,1,0,1,1,1,1,1,1,1,1,1,1,1,1,2,1
"PTHR21427",1,1,1,1,1,1,1,1,1,1,1,1,1,1,1,1,1,1,2,1,2,1,1,1,1,1,1,1,1,1,1,1,1,2,1,1,1,1,1,1,1,1,1,1,1
"PTHR21431_SF0",1,1,1,1,3,2,1,1,1,1,1,1,2,1,1,5,1,1,1,1,1,1,1,1,1,1,1,1,1,1,1,4,2,1,1,1,1,1,1,1,1,1,1,1,2
"PTHR21433",2,2,2,2,2,2,2,2,2,2,2,2,2,2,2,2,2,2,2,2,2,2,2,2,2,2,2,2,2,2,1,2,3,2,2,2,2,2,3,2,2,2,2,2,2
"PTHR21435",1,1,1,1,1,2,1,1,1,1,1,1,1,1,1,1,1,1,1,1,1,1,1,1,2,1,1,1,1,2,1,1,1,1,1,1,0,1,1,1,1,1,1,1,1
"PTHR21436",1,1,1,1,1,1,1,1,1,1,1,1,1,1,1,1,1,1,1,1,1,1,2,1,1,1,2,1,1,1,1,1,1,1,1,1,1,1,1,2,1,1,1,1,1
"PTHR21437_SF3",1,1,1,1,1,0,1,1,1,1,1,1,1,1,1,1,1,1,1,1,1,1,1,1,1,1,0,1,1,1,1,1,1,1,1,1,1,1,1,0,1,1,1,1,0
"PTHR21437_SF4",1,1,0,0,0,1,0,1,0,0,1,0,0,0,1,0,1,1,0,1,1,0,1,0,1,0,1,0,0,0,0,1,1,0,0,1,0,0,0,1,0,0,0,0,1
"PTHR21439",1,1,1,1,1,1,1,1,1,1,1,1,1,1,1,1,1,1,1,1,1,1,1,1,1,1,2,1,1,1,1,1,1,1,1,1,1,1,1,1,1,1,1,1,1
"PTHR21442",1,1,1,1,1,1,1,1,1,1,1,1,1,1,1,2,1,1,1,1,1,1,1,1,1,2,1,1,1,1,1,1,1,1,1,1,1,1,1,1,2,1,1,1,1
"PTHR21443",1,1,1,1,1,1,1,1,1,1,1,1,1,1,1,1,1,1,1,1,1,1,1,1,1,1,1,1,1,1,1,1,1,1,1,1,1,1,1,1,1,1,1,1,1
"PTHR21444",2,3,3,3,3,3,4,3,3,3,3,4,3,2,3,3,3,3,3,3,3,3,3,2,3,3,4,2,3,2,2,2,3,3,3,3,2,3,2,3,3,3,2,1,3
"PTHR21446",1,1,0,1,1,1,1,1,1,0,1,1,1,0,1,1,1,1,1,1,1,1,1,1,1,1,1,1,1,1,2,1,1,1,1,1,1,1,0,1,1,1,1,1,1
"PTHR21448",1,1,1,1,1,1,1,1,1,1,1,1,1,1,1,1,1,1,1,1,1,1,1,1,1,1,1,1,1,1,1,1,1,1,1,1,1,1,1,1,2,1,1,1,1
"PTHR21451",1,1,1,1,1,1,1,1,1,1,1,1,1,1,1,1,1,1,1,1,1,1,1,1,1,1,1,2,1,1,0,1,1,1,1,1,1,1,1,1,1,1,1,1,1
"PTHR21452",1,1,1,1,1,1,1,1,1,1,1,1,1,1,2,1,1,1,2,1,1,1,1,2,1,1,1,1,1,1,1,1,1,2,1,1,2,1,2,1,1,1,1,1,1
"PTHR21456_SF2",1,1,1,1,1,1,1,1,1,1,1,1,1,1,1,1,1,1,1,1,1,1,1,1,1,1,1,1,1,2,1,1,1,1,1,1,1,1,1,1,1,1,1,1,1
"PTHR21456_SF3",1,1,1,1,1,1,1,1,1,1,2,1,1,1,1,1,1,1,1,1,1,1,1,1,1,1,1,1,1,1,1,1,1,1,1,1,1,1,1,1,1,1,1,1,1
"PTHR21462",3,2,1,1,2,2,2,1,2,2,2,2,3,2,2,2,2,2,2,1,2,2,4,1,2,2,5,1,2,2,2,1,2,2,3,3,2,1,2,2,1,2,1,2,1
"PTHR21463",1,1,1,1,1,1,1,1,1,1,1,1,1,1,1,1,1,1,1,1,1,1,1,1,1,1,1,1,1,1,0,1,0,1,1,1,1,1,1,1,1,1,1,1,1
"PTHR21465",1,0,1,1,1,0,1,0,0,1,1,1,1,0,0,1,0,1,1,1,1,1,1,1,0,1,1,1,1,1,0,0,1,1,1,1,1,0,0,0,1,1,0,1,1
"PTHR21466",1,1,1,1,1,1,1,1,1,1,1,1,1,1,1,1,1,1,1,1,1,1,1,1,1,1,1,1,1,1,1,1,1,1,1,1,1,1,1,1,1,1,1,2,1
"PTHR21467",1,2,1,1,1,1,1,1,1,1,1,1,1,1,1,2,1,1,1,2,1,1,1,1,1,1,1,1,1,1,1,1,1,1,1,1,1,1,1,1,1,1,1,1,1
"PTHR21468",1,1,1,1,1,1,1,1,1,1,1,1,1,1,1,1,1,1,1,1,1,1,1,1,0,1,1,1,1,1,1,1,1,1,1,0,1,1,1,1,1,1,1,0,1
"PTHR21469",1,1,1,1,1,1,1,1,1,1,1,1,1,1,1,1,1,1,1,1,1,1,1,1,1,1,1,1,1,1,1,1,1,1,1,1,1,0,1,1,1,1,1,1,1
"PTHR21470",1,1,1,1,1,1,1,1,1,1,1,1,1,2,1,1,1,1,1,1,1,1,1,1,1,1,1,1,1,1,1,1,1,1,1,1,1,1,1,1,1,1,1,1,1
"PTHR21472",1,1,1,1,1,1,1,0,1,1,1,1,1,1,1,1,1,1,1,1,1,0,1,1,1,1,1,1,1,1,1,0,1,1,1,2,1,2,1,1,1,1,1,1,1
"PTHR21477_SF13",1,1,1,1,1,1,1,1,1,1,1,1,1,1,1,1,1,1,1,1,1,1,1,1,1,1,1,1,1,1,1,1,1,1,1,1,1,1,1,1,1,1,1,1,1
"PTHR21481",1,1,1,1,1,1,1,1,1,1,1,1,1,1,1,1,1,1,1,1,1,1,1,1,1,1,1,1,1,1,1,1,1,1,1,1,1,1,1,1,1,1,1,1,1
"PTHR21483_SF18",1,1,1,1,1,1,1,1,1,1,1,1,1,1,1,1,1,1,1,1,1,1,1,1,1,1,1,1,1,1,1,0,1,1,1,1,1,1,1,1,1,1,1,1,1
"PTHR21485",1,1,1,1,1,1,1,1,1,1,1,4,1,1,1,1,1,1,1,2,1,1,1,1,1,1,1,1,1,1,1,2,1,1,1,1,1,1,1,1,1,1,1,1,1
"PTHR21490",2,2,2,2,3,2,2,2,2,2,2,2,2,2,2,2,2,2,2,2,2,2,2,2,2,2,2,2,2,2,2,2,2,2,2,2,2,2,2,2,2,2,2,2,2
"PTHR21493_SF8",1,1,1,1,1,1,1,1,1,1,1,1,1,1,1,1,1,1,1,1,1,1,1,1,1,1,1,1,1,1,1,1,1,1,1,1,1,1,2,1,1,1,1,2,1
"PTHR21493_SF86",2,2,2,2,2,3,2,2,2,1,2,2,2,2,6,2,2,2,2,2,2,2,3,2,2,2,3,2,2,2,1,3,2,2,2,2,2,2,2,2,2,1,2,2,2
"PTHR21493_SF87",1,1,1,1,1,1,1,1,1,1,1,1,1,1,1,1,1,1,1,0,1,1,1,1,1,1,1,1,1,1,1,1,1,1,1,1,1,1,1,1,1,1,1,1,1
"PTHR21494",1,1,1,2,1,1,1,1,1,1,1,1,1,1,1,1,1,1,1,1,1,1,1,1,1,1,1,1,1,1,1,1,1,1,1,1,1,1,1,1,1,1,1,1,1
"PTHR21495_SF42",1,1,1,1,1,1,1,1,1,1,1,1,1,1,1,1,1,1,1,1,1,1,1,1,1,1,1,1,1,1,1,0,1,1,1,1,1,1,1,1,1,1,1,2,1
"PTHR21496",1,1,1,1,1,1,1,1,1,1,1,1,1,1,1,1,1,1,1,1,1,1,1,1,1,1,2,2,1,1,1,1,1,1,1,1,1,1,1,1,1,1,1,2,0
"PTHR21497",4,3,3,4,3,3,3,3,3,4,3,3,3,3,3,3,3,3,3,3,3,3,3,3,3,3,3,3,3,3,3,3,3,3,3,3,3,3,3,3,3,3,3,3,3
"PTHR21501_SF2",1,1,1,1,1,1,1,1,1,0,1,1,0,1,1,1,1,1,1,1,1,1,1,1,1,1,1,1,1,1,0,1,1,1,1,1,1,1,1,1,1,1,1,0,1
"PTHR21501_SF3",1,1,2,1,1,1,1,1,1,1,1,1,1,1,1,1,1,1,1,1,1,1,1,1,1,1,1,1,1,1,2,0,1,1,1,1,1,1,1,1,1,1,1,1,1
"PTHR21501_SF4",1,1,1,1,1,1,1,1,1,1,1,1,1,1,1,1,1,1,1,1,1,1,1,1,1,1,1,1,1,1,1,1,1,1,1,1,1,1,1,1,1,1,1,1,1
"PTHR21502_SF2",1,1,1,1,1,1,1,1,1,1,1,1,1,1,1,1,1,1,1,2,1,1,1,1,1,1,2,1,1,1,0,0,1,1,1,1,1,1,1,1,0,1,0,1,1
"PTHR21502_SF5",1,1,1,1,1,1,2,1,1,1,1,1,1,1,1,1,1,1,1,1,1,1,1,1,1,1,2,1,1,1,1,1,1,1,1,2,1,1,1,2,1,1,1,1,1
"PTHR21502_SF6",1,1,1,1,1,1,1,1,1,1,1,1,1,1,1,1,1,1,1,1,1,1,1,1,1,1,2,1,1,1,1,1,1,1,1,1,1,1,1,1,1,1,1,1,1
"PTHR21502_SF7",1,1,1,1,1,1,1,1,1,2,1,1,1,1,1,2,1,1,1,1,0,1,1,1,1,0,1,1,1,1,1,1,0,1,1,1,1,1,1,1,1,1,1,1,1
"PTHR21502_SF8",1,1,1,1,1,1,1,1,1,1,1,1,1,1,1,1,1,1,1,0,1,1,1,1,1,1,1,1,1,1,1,1,1,1,1,1,1,1,1,1,1,1,1,1,1
"PTHR21506",1,1,1,1,1,1,1,1,1,1,1,1,1,1,2,1,1,1,1,1,1,1,1,1,1,1,3,1,1,1,1,1,1,1,1,1,1,1,1,1,1,1,1,1,1
"PTHR21508",2,2,2,2,2,2,2,2,2,2,2,2,2,2,2,2,2,2,2,2,2,2,2,2,2,2,2,2,2,2,2,2,2,2,2,2,2,2,3,2,2,2,2,2,2
"PTHR21510",2,2,2,2,2,2,2,1,2,2,2,2,2,2,2,2,1,2,2,2,2,2,2,2,2,2,2,2,2,2,2,2,2,2,1,2,2,2,2,2,2,2,2,2,2
"PTHR21517",1,1,0,1,0,1,1,1,0,1,1,1,0,1,1,1,1,0,1,0,1,1,1,1,1,0,1,1,0,1,0,1,1,1,1,1,0,1,1,1,0,0,0,1,1
"PTHR21518",2,2,2,2,2,2,2,2,2,3,2,2,2,3,2,2,2,2,2,2,2,2,2,2,2,2,1,2,2,2,2,2,2,2,2,2,3,2,3,2,2,2,2,3,1
"PTHR21519",1,1,1,1,1,1,1,1,1,1,1,1,1,1,1,1,1,1,1,0,1,1,1,1,1,1,1,2,1,1,1,1,1,1,1,1,1,1,1,1,1,1,1,1,1
"PTHR21520_SF2",1,1,1,1,1,1,1,1,0,1,1,1,1,1,0,1,1,1,1,1,1,1,1,1,1,1,1,1,1,1,1,0,1,1,1,1,1,1,1,1,1,1,1,1,1
"PTHR21522_SF19",1,1,1,1,1,1,1,1,1,1,1,1,1,2,1,1,1,1,1,1,1,1,1,1,1,1,1,1,1,1,1,1,1,1,1,1,2,1,2,1,1,1,1,1,1
"PTHR21522_SF35",1,1,1,1,1,1,1,1,1,1,1,1,1,1,1,1,1,1,1,1,1,1,1,1,1,2,1,1,1,1,1,1,1,1,1,1,1,1,1,1,1,1,1,1,1
"PTHR21522_SF36",1,1,1,1,1,1,2,1,1,1,1,1,1,1,1,1,1,1,1,0,1,1,1,1,1,1,1,1,1,1,0,1,1,1,1,1,1,1,1,1,1,1,1,1,1
"PTHR21527",1,1,1,2,1,1,1,1,1,2,1,1,1,1,3,1,1,1,1,1,1,1,1,1,1,1,1,1,1,1,1,2,1,1,1,1,1,1,1,1,2,1,1,1,1
"PTHR21528",1,1,1,1,1,2,3,1,1,2,1,1,1,3,1,1,1,1,1,1,1,1,1,1,1,1,1,2,1,1,1,1,2,1,1,2,3,1,3,1,2,1,1,0,1
"PTHR21529",3,3,1,3,2,3,3,3,3,1,3,3,3,3,3,3,1,2,3,1,3,3,3,3,3,1,3,3,2,3,2,3,3,3,2,3,1,3,3,3,3,3,2,3,2
"PTHR21530",1,1,1,1,1,1,1,1,1,1,1,1,1,1,1,1,1,1,1,0,1,1,1,1,1,1,1,1,1,1,0,1,1,1,1,1,1,1,1,1,1,1,1,1,1
"PTHR21531_SF0",1,1,1,1,1,1,1,1,2,1,1,1,1,1,2,2,1,1,1,1,1,1,1,1,1,1,1,1,1,1,1,1,1,1,1,1,1,1,1,1,1,1,1,1,1
"PTHR21532_SF0",1,1,1,1,1,2,1,1,1,1,1,1,1,1,2,1,1,1,1,1,1,1,1,1,1,1,2,2,1,2,1,2,1,1,1,1,1,1,1,1,1,1,1,1,1
"PTHR21533",4,4,3,3,6,5,5,3,2,5,4,4,4,5,4,5,3,4,4,3,5,3,5,3,4,4,4,5,5,4,3,3,4,3,4,5,5,5,5,4,3,3,2,4,5
"PTHR21534",1,1,1,1,1,1,1,1,1,1,1,1,1,1,1,1,1,1,1,1,1,1,1,1,1,2,1,1,1,1,1,1,1,1,1,1,1,1,1,1,1,1,1,1,1
"PTHR21535_SF25",1,1,1,1,1,1,3,1,1,1,1,1,1,2,1,1,1,1,3,1,1,1,1,3,3,1,1,2,1,1,1,3,1,2,1,1,2,1,2,1,1,1,1,1,1
"PTHR21535_SF32",1,1,1,2,2,2,2,1,2,1,1,1,2,2,3,1,3,1,2,2,1,1,2,2,2,1,1,1,1,2,2,1,2,1,1,2,2,1,3,3,2,1,1,3,1
"PTHR21538_SF19",1,1,1,1,1,1,1,1,1,1,1,1,1,1,1,1,1,1,1,1,1,1,1,1,1,1,2,1,1,1,1,1,1,1,1,1,1,1,1,2,1,1,1,1,1
"PTHR21538_SF20",2,1,1,1,1,1,1,1,1,1,1,1,1,1,1,1,1,1,1,1,1,1,1,1,1,1,1,1,1,1,1,1,1,1,1,1,1,1,1,2,1,1,1,1,1
"PTHR21538_SF21",1,1,1,1,1,1,1,1,1,1,1,1,1,1,1,1,1,1,1,1,1,1,1,1,1,1,1,1,1,1,1,1,1,1,1,1,1,1,1,1,1,1,1,2,1
"PTHR21539",1,1,1,2,1,1,2,1,1,1,1,1,1,1,1,1,1,1,1,1,1,1,1,1,1,1,1,2,1,1,2,1,2,1,1,0,2,1,1,1,1,1,0,1,1
"PTHR21540",1,1,1,1,1,1,1,1,1,1,1,1,1,1,1,1,1,1,1,1,1,1,1,1,1,1,1,1,1,1,1,1,1,1,1,1,0,1,1,1,1,1,1,1,1
"PTHR21541",1,1,1,1,1,1,1,1,1,1,1,1,1,1,1,1,1,1,1,1,1,1,1,1,1,1,1,1,1,1,1,1,1,1,1,1,1,1,1,1,1,1,1,1,1
"PTHR21545_SF10",1,1,1,1,1,1,1,1,1,1,1,1,1,1,1,1,1,1,1,1,1,1,1,1,1,1,1,1,1,1,1,1,1,1,1,1,1,1,1,1,1,1,1,1,1
"PTHR21545_SF14",1,2,1,1,1,1,1,1,1,0,2,1,1,1,1,1,1,1,1,1,1,1,1,1,1,0,1,1,1,1,1,1,1,1,1,1,1,1,1,1,1,1,1,1,1
"PTHR21547",1,1,1,1,1,1,1,1,1,1,1,1,1,1,1,1,1,1,1,2,1,1,2,1,1,1,1,1,1,1,1,3,1,1,1,1,1,1,1,1,1,1,1,1,1
"PTHR21549",2,2,2,2,2,2,2,2,2,2,2,2,2,2,4,2,2,2,2,2,2,2,2,2,2,1,2,2,2,2,2,2,2,2,2,2,2,2,2,2,2,2,2,2,2
"PTHR21551",2,2,2,2,2,2,3,2,2,2,2,2,2,3,3,2,2,2,2,1,2,2,2,3,2,2,2,2,2,2,2,1,2,3,2,2,4,2,3,2,2,2,1,2,2
"PTHR21552",1,1,1,2,1,1,1,1,1,1,1,1,1,1,2,1,1,1,1,1,1,1,1,1,1,1,1,1,1,1,1,1,1,1,1,1,1,1,1,1,1,1,1,1,1
"PTHR21553",3,3,4,4,4,4,3,3,3,6,4,3,3,4,3,4,2,4,4,3,3,3,4,4,3,4,3,4,4,4,3,1,3,4,1,4,4,4,4,4,4,3,3,2,3
"PTHR21555",1,1,1,1,1,1,1,1,1,1,1,1,1,1,1,1,1,1,1,1,1,1,1,1,1,1,1,1,1,1,1,1,1,1,1,1,1,1,1,1,1,1,1,1,1
"PTHR21556",1,1,1,1,1,1,1,1,0,1,1,1,1,1,1,1,1,1,1,1,1,1,1,1,2,1,1,1,1,1,1,1,1,1,1,1,1,1,1,1,1,1,1,1,1
"PTHR21557",2,2,2,2,2,2,2,2,2,2,2,2,2,2,2,2,2,3,2,2,2,2,2,2,2,2,2,2,2,2,2,2,2,2,3,2,2,2,2,2,2,2,2,2,2
"PTHR21559",1,1,1,1,1,1,1,1,1,1,2,1,1,1,1,1,1,1,1,1,1,1,1,1,1,1,1,1,1,1,1,1,1,1,1,1,1,1,1,1,1,1,1,1,1
"PTHR21560",1,1,1,1,0,1,1,1,1,1,1,1,1,1,1,1,1,1,1,1,0,1,1,1,1,1,1,1,2,1,1,1,1,1,2,1,1,0,1,1,1,1,1,1,2
"PTHR21562_SF7",1,1,1,1,1,1,1,1,1,1,1,1,1,1,1,1,1,1,1,1,1,1,1,1,1,1,1,0,1,1,0,1,1,1,1,1,1,1,1,1,1,1,1,1,1
"PTHR21563",1,1,1,1,1,1,1,1,1,1,1,1,1,1,1,1,1,1,1,1,1,1,1,1,2,1,1,1,1,1,1,2,1,1,1,1,1,1,1,1,1,1,1,1,1
"PTHR21564",2,2,2,2,2,2,2,2,2,2,2,2,2,2,3,2,2,2,2,2,2,2,2,2,2,2,2,2,2,2,2,2,2,2,2,2,2,2,2,2,2,2,2,2,2
"PTHR21567_SF28",1,1,1,2,1,1,1,1,1,2,1,1,1,1,1,1,1,1,1,2,1,1,1,1,1,1,1,1,1,1,1,1,1,1,1,1,1,1,1,1,1,1,1,1,1
"PTHR21567_SF30",2,1,1,1,1,2,1,1,1,1,1,1,1,1,1,1,1,1,1,1,1,2,1,1,1,1,1,1,1,1,6,1,1,1,1,1,1,1,1,1,1,1,1,1,1
"PTHR21567_SF31",1,1,1,1,1,1,1,1,1,1,1,1,1,1,1,1,1,1,1,1,1,1,1,1,1,1,1,1,1,1,1,1,1,1,1,1,1,1,1,1,1,0,1,1,1
"PTHR21568",1,1,1,1,1,1,1,1,1,1,1,1,1,1,1,1,1,1,1,1,1,1,1,1,1,1,1,1,1,1,1,1,1,1,1,1,1,1,1,1,1,1,1,1,1
"PTHR21569_SF1",1,1,1,3,1,1,2,1,1,1,1,1,1,1,1,1,1,1,1,1,1,1,1,1,1,1,1,1,1,1,1,1,1,1,1,1,1,1,1,1,1,1,1,2,1
"PTHR21569_SF4",1,2,4,2,1,1,1,2,3,5,1,1,1,3,5,1,1,1,3,1,2,1,1,3,3,1,3,5,3,1,3,4,3,4,2,2,3,1,3,3,3,1,1,4,2
"PTHR21573",1,1,1,1,1,1,1,1,1,1,1,1,1,1,1,1,1,1,1,1,1,1,1,1,1,1,1,2,1,1,1,1,1,1,1,1,1,1,1,1,1,1,1,2,1
"PTHR21574",1,1,1,1,1,1,1,1,1,1,1,1,1,1,1,1,1,1,1,1,1,1,1,1,1,1,1,1,1,1,1,1,1,1,1,1,1,1,1,1,1,1,1,1,1
"PTHR21575",1,1,1,1,1,1,1,1,1,0,1,1,1,1,1,1,1,1,1,1,1,1,1,1,1,1,1,1,1,1,0,1,1,1,1,1,1,1,1,1,1,1,1,1,1
"PTHR21576_SF2",1,1,1,2,1,1,1,1,1,1,1,1,1,1,1,1,1,1,1,1,1,1,1,1,1,1,1,1,1,1,1,1,1,1,1,1,1,1,1,1,1,1,1,1,1
"PTHR21577",2,2,2,2,2,2,2,2,2,3,2,2,2,2,3,2,2,2,2,2,2,2,3,2,2,2,2,2,2,3,3,0,2,2,1,2,2,2,2,2,2,2,2,2,2
"PTHR21580_SF10",1,1,1,1,1,1,1,0,0,1,1,1,1,1,0,1,1,1,1,0,1,1,1,1,1,1,0,1,1,1,1,0,0,1,0,1,1,0,1,1,0,1,1,1,1
"PTHR21580_SF11",1,1,1,1,1,1,1,1,1,1,1,1,1,1,1,1,1,1,1,1,1,1,1,1,1,1,1,1,1,1,1,1,1,1,1,1,1,1,1,1,1,1,1,1,1
"PTHR21580_SF2",1,1,1,1,1,1,1,1,0,0,1,1,1,1,1,1,1,1,1,1,1,1,1,1,1,1,1,1,1,1,0,1,1,1,1,1,1,1,0,1,1,1,1,0,1
"PTHR21580_SF3",1,1,1,1,1,1,1,1,1,1,1,1,1,1,1,1,1,1,1,1,1,1,1,1,1,1,1,1,1,1,1,1,1,1,1,1,1,1,1,1,1,1,0,1,1
"PTHR21580_SF6",1,1,1,1,1,1,1,1,1,0,1,1,1,1,1,1,1,1,1,1,1,1,1,1,1,1,1,1,1,0,1,1,1,1,0,1,1,1,1,1,1,1,1,1,1
"PTHR21580_SF7",1,1,1,1,1,1,1,1,1,1,1,1,1,1,1,1,1,1,1,0,1,1,1,1,1,1,1,1,1,1,1,1,1,1,1,1,1,1,1,1,1,1,1,1,1
"PTHR21581_SF1",1,1,1,1,1,1,1,1,1,1,1,1,1,1,1,2,1,1,1,0,1,1,1,1,1,1,2,1,1,1,1,1,1,1,1,1,1,1,1,1,1,1,1,1,1
"PTHR21583",1,1,1,1,1,1,1,1,1,1,1,1,1,1,1,1,1,1,1,1,1,1,1,1,1,1,2,1,1,1,1,1,1,1,1,1,2,0,2,1,1,1,1,2,1
"PTHR21584",2,2,2,2,2,3,2,2,2,2,2,2,2,2,2,2,2,2,2,1,2,2,2,2,2,2,2,2,2,3,2,2,2,2,2,2,2,2,2,2,2,2,2,2,2
"PTHR21585",1,1,1,1,1,1,1,1,0,1,1,1,1,1,1,1,1,1,1,1,1,1,1,1,1,1,1,1,1,1,1,0,1,1,1,1,1,1,1,1,1,1,1,1,1
"PTHR21588",2,2,3,1,2,2,3,2,2,1,2,2,2,4,4,2,1,2,4,2,2,1,2,4,2,2,2,2,2,1,2,1,0,4,2,2,3,1,3,2,2,2,2,2,2
"PTHR21590",2,2,2,2,2,2,2,2,2,2,2,2,2,2,2,2,2,3,2,2,2,2,2,2,2,2,2,2,3,2,2,2,2,2,2,2,2,2,2,2,2,2,2,2,2
"PTHR21594",1,2,4,6,1,2,1,2,2,1,1,1,1,2,1,1,1,1,3,1,2,2,1,5,1,1,2,3,1,1,1,4,1,5,1,1,2,1,3,1,5,1,1,1,1
"PTHR21595",3,3,3,3,2,3,3,3,3,3,4,4,3,3,3,3,3,3,3,3,3,3,3,3,3,3,2,3,3,3,2,3,3,3,3,3,3,3,3,3,3,3,3,3,3
"PTHR21596_SF10",1,1,1,1,1,1,1,1,1,1,1,0,1,1,1,1,1,1,1,1,1,0,1,1,1,1,2,1,1,1,2,0,1,1,1,1,1,1,2,1,1,1,1,1,1
"PTHR21597",1,2,1,1,1,2,1,1,1,1,1,1,1,1,2,1,1,1,1,4,1,1,2,1,2,1,2,1,1,2,1,1,1,1,1,2,1,1,1,2,1,1,1,2,1
"PTHR21603",2,2,2,2,2,2,2,1,1,2,1,2,2,2,1,2,1,2,2,2,2,2,2,2,2,2,2,2,1,2,2,1,3,2,1,1,2,1,2,2,2,2,2,1,2
"PTHR21604",1,1,1,1,1,1,1,1,1,1,1,1,1,1,1,1,1,1,1,1,1,1,1,1,1,1,1,1,1,1,1,0,1,1,1,1,1,1,1,1,1,1,1,1,1
"PTHR21610",1,1,1,1,1,1,1,1,1,2,1,1,1,1,1,1,1,1,1,1,1,1,1,1,1,1,2,1,1,1,1,1,1,1,1,1,1,1,1,1,1,1,1,1,1
"PTHR21614",2,2,1,1,2,1,2,1,1,1,1,1,1,1,1,1,2,1,1,1,1,1,1,1,1,1,1,1,1,1,3,1,1,1,1,1,2,2,2,1,2,1,1,1,2
"PTHR21616",1,1,1,1,1,1,1,1,1,1,1,1,1,1,1,1,1,1,1,1,1,1,1,1,1,1,1,1,1,1,1,1,2,1,1,1,1,1,1,1,1,1,1,3,1
"PTHR21617_SF0",1,1,1,1,1,1,1,1,1,1,1,1,1,1,1,1,1,1,1,0,1,1,1,1,1,1,1,1,1,1,1,1,1,1,1,1,1,1,1,1,1,1,0,1,1
"PTHR21621",2,2,4,2,2,2,2,2,2,2,2,2,2,2,2,2,2,2,4,2,3,3,2,3,3,2,2,4,2,2,2,6,2,4,2,2,3,2,3,3,2,2,2,2,2
"PTHR21622_SF3",1,1,4,2,1,1,2,1,1,2,1,1,2,3,1,1,1,1,3,3,2,0,2,3,1,2,2,2,1,1,1,3,3,4,1,2,1,3,2,3,1,2,1,1,1
"PTHR21623_SF2",1,1,1,1,1,0,1,1,0,1,1,1,1,1,1,2,1,1,1,1,1,1,1,1,1,1,3,1,1,1,1,1,1,1,1,1,1,1,1,1,1,1,2,0,1
"PTHR21624",2,2,1,1,1,1,1,0,0,2,1,1,1,1,0,1,1,1,1,1,1,1,1,1,1,1,1,1,1,1,1,0,1,1,1,1,1,1,1,1,1,1,1,1,1
"PTHR21625",2,2,2,2,2,2,2,2,2,2,2,2,2,2,2,2,2,2,2,2,2,2,2,2,2,2,2,2,2,2,3,2,2,3,3,2,2,2,2,2,2,2,2,2,2
"PTHR21630",1,1,1,1,1,1,1,1,1,1,1,1,1,1,1,1,1,1,1,1,1,1,1,1,1,1,1,1,1,1,1,1,1,1,1,1,1,1,1,1,1,1,1,1,2
"PTHR21632",1,1,1,2,1,1,1,2,1,1,1,1,1,1,1,1,1,1,1,1,1,1,1,1,1,0,1,1,1,1,1,2,1,1,1,1,1,1,1,1,2,1,0,2,1
"PTHR21633",7,6,4,5,5,5,6,6,3,10,6,7,6,6,4,6,3,3,5,6,5,5,5,5,5,5,7,5,6,7,7,4,6,5,2,8,4,5,5,5,5,7,4,2,6
"PTHR21634",2,2,2,2,2,2,2,2,2,2,2,2,2,2,2,2,2,2,2,2,2,2,2,2,2,2,3,2,2,2,2,2,2,2,2,2,2,2,2,2,2,2,2,2,2
"PTHR21635",2,1,1,1,1,1,1,1,1,1,1,1,1,1,1,1,1,1,1,1,1,2,1,1,1,2,1,1,1,1,1,1,1,1,1,1,1,1,1,1,1,1,1,1,1
"PTHR21636",1,1,1,1,1,1,1,1,1,0,1,1,1,2,1,1,1,1,1,0,1,1,1,1,1,1,1,1,1,1,0,1,1,1,1,1,1,1,1,1,1,1,1,1,1
"PTHR21637",2,2,2,2,2,2,2,2,3,3,2,3,2,3,6,2,2,2,2,2,2,2,2,2,3,2,3,3,2,2,2,2,2,2,2,2,3,2,3,2,3,2,2,2,2
"PTHR21639",1,1,2,2,1,1,1,0,0,2,2,2,1,2,1,3,2,2,2,2,2,2,2,2,1,1,1,1,2,2,3,0,1,2,0,1,1,1,2,1,1,1,2,1,2
"PTHR21640",1,1,1,1,1,1,1,1,1,1,1,1,1,1,1,1,1,1,1,1,1,1,1,1,1,1,1,1,1,1,1,1,1,1,1,1,1,1,1,2,1,1,1,0,1
"PTHR21641",1,1,1,1,1,1,1,1,1,0,1,1,1,1,1,1,1,1,1,1,1,1,1,1,1,1,1,1,1,1,1,1,1,1,1,1,1,1,1,1,1,1,1,1,1
"PTHR21642",2,2,2,2,2,3,2,2,3,2,2,2,2,2,2,2,2,2,2,1,2,2,2,2,2,2,2,2,2,2,2,3,2,2,2,3,2,2,3,2,2,2,2,3,3
"PTHR21646",1,1,0,0,0,1,0,0,0,0,1,1,1,0,0,0,1,0,0,1,0,0,1,0,1,1,1,0,1,1,0,0,2,0,1,1,0,1,0,1,0,1,1,1,0
"PTHR21648",1,1,1,1,1,1,1,1,1,1,1,1,1,1,1,1,1,1,1,1,1,1,2,1,1,1,1,1,0,1,1,1,1,1,2,1,1,1,1,1,1,1,1,2,1
"PTHR21650_SF2",1,1,1,1,1,1,1,1,1,1,1,1,1,1,1,1,1,1,1,1,1,1,1,1,1,1,1,1,1,1,1,1,1,1,1,1,1,1,1,1,1,1,1,1,1
"PTHR21650_SF4",1,1,1,1,1,1,0,1,1,0,1,1,1,1,1,1,1,0,1,1,1,1,1,1,1,1,1,1,1,1,0,1,1,1,1,0,1,1,1,1,1,1,1,1,1
"PTHR21652",1,2,0,0,0,1,0,1,1,1,1,0,0,0,1,1,1,1,0,2,0,0,1,1,1,0,1,0,0,2,1,1,1,0,0,2,0,0,0,1,0,0,1,1,1
"PTHR21654_SF2",1,1,2,1,1,1,1,1,1,1,1,1,1,1,1,1,1,1,2,2,1,1,1,2,1,1,1,1,1,1,1,1,1,2,1,1,1,1,1,1,2,1,1,1,1
"PTHR21654_SF3",1,0,1,1,0,2,0,1,1,1,1,2,1,3,1,3,1,1,2,1,2,2,1,2,1,0,1,2,1,1,1,1,1,2,2,1,2,1,3,1,1,1,0,2,1
"PTHR21656",1,1,1,2,1,1,1,1,1,1,1,1,1,1,1,1,1,1,1,1,1,1,1,1,1,2,1,1,1,1,1,1,1,1,1,1,1,1,1,1,1,1,1,1,1
"PTHR21661",1,1,1,1,1,1,1,1,1,1,1,1,1,1,1,1,1,1,1,0,1,1,1,1,2,1,1,1,1,1,1,1,1,1,1,2,1,1,1,2,1,1,1,2,1
"PTHR21663",2,2,2,2,2,2,2,2,2,3,2,2,2,2,2,2,2,2,2,2,2,2,2,2,2,2,2,2,2,2,2,2,2,2,2,2,2,2,2,2,2,2,2,2,2
"PTHR21664",1,1,1,1,1,1,1,1,1,1,1,1,1,1,2,1,1,1,1,1,1,1,1,1,1,1,1,1,1,1,1,1,1,1,1,1,1,1,1,1,1,1,1,1,1
"PTHR21665",2,1,1,1,1,1,1,0,0,2,1,1,2,1,0,1,0,3,1,2,1,1,1,1,1,1,1,2,1,1,2,0,1,1,2,1,1,0,1,2,1,1,1,4,1
"PTHR21668",1,1,1,4,1,2,2,1,2,1,2,1,1,3,1,2,1,1,1,3,2,1,18,1,1,1,2,1,1,1,2,4,4,2,1,3,1,2,2,2,2,2,1,1,2
"PTHR21669",2,2,3,2,2,2,2,2,2,2,2,2,2,3,2,3,2,2,2,2,2,2,2,2,2,2,3,2,2,1,2,2,2,2,2,2,2,2,4,2,2,2,2,2,2
"PTHR21676",1,1,1,1,1,1,1,1,1,0,1,1,1,1,1,1,1,0,1,0,1,1,1,1,1,0,1,1,1,1,1,1,1,1,1,1,1,1,1,1,1,1,1,2,1
"PTHR21677",1,1,1,1,1,1,1,1,1,2,1,1,1,1,1,2,1,1,1,1,1,1,1,1,1,1,1,1,1,1,1,1,1,1,1,1,1,1,1,1,1,1,1,1,1
"PTHR21678",2,2,2,2,2,2,2,2,2,2,2,2,2,2,2,2,2,2,2,2,2,2,2,2,2,2,2,2,2,2,2,2,2,2,2,2,2,2,2,2,2,3,2,2,2
"PTHR21680",1,1,1,1,1,1,1,1,1,1,1,1,1,1,1,1,1,0,1,1,1,1,1,1,1,1,1,1,1,0,0,1,1,1,2,1,1,1,1,1,1,1,0,1,1
"PTHR21681",1,1,1,4,1,2,1,1,1,1,2,2,1,1,5,1,1,1,1,1,1,2,2,1,1,1,2,3,1,1,1,5,1,2,2,1,2,1,1,1,3,1,1,1,2
"PTHR21682",1,1,1,1,1,1,1,1,1,1,1,1,1,1,2,1,1,1,1,1,1,1,1,1,1,1,1,1,1,1,1,1,1,1,1,1,1,1,1,1,1,1,1,1,1
"PTHR21683",4,4,3,4,4,4,4,4,3,4,5,3,4,4,4,4,3,4,4,3,4,3,4,4,4,3,4,4,3,4,3,4,4,4,3,4,4,4,4,4,4,4,4,3,4
"PTHR21685",2,2,2,2,1,2,2,2,2,1,2,2,2,2,2,9,2,1,2,1,2,2,2,2,2,1,2,2,2,2,1,2,2,2,3,2,2,1,2,2,2,2,2,1,2
"PTHR21686_SF12",1,1,1,1,1,1,1,1,1,3,1,1,1,2,1,1,1,1,3,2,1,2,1,2,1,1,1,1,1,1,1,1,1,2,1,1,1,1,1,1,1,1,1,1,1
"PTHR21687",1,1,1,1,1,1,1,1,1,1,1,1,1,1,1,1,1,1,1,1,1,1,1,1,1,1,1,1,1,1,1,0,1,1,1,1,1,1,1,1,1,1,1,1,1
"PTHR21689",1,1,1,1,1,1,1,1,1,1,1,1,1,1,2,1,1,1,1,0,1,1,1,1,1,1,1,1,1,1,1,1,3,1,1,1,1,1,1,1,1,1,1,2,1
"PTHR21694",4,4,5,4,4,4,5,4,3,4,5,4,5,4,3,5,4,5,4,1,3,5,4,5,3,5,5,4,5,3,2,3,5,4,5,4,4,5,4,5,5,3,4,5,4
"PTHR21695",1,1,1,1,1,1,1,1,1,1,1,1,1,1,1,1,1,1,1,1,1,1,1,1,1,1,1,1,1,1,1,1,1,1,1,1,1,1,1,1,1,1,1,1,1
"PTHR21696",1,1,1,1,1,1,1,1,1,1,1,1,1,1,1,2,1,1,1,1,1,1,1,1,1,1,0,1,1,1,1,1,1,1,1,1,1,1,1,1,1,1,1,1,1
"PTHR21704",1,1,1,1,1,1,1,1,1,1,1,1,1,1,1,1,1,1,1,1,1,1,1,1,1,1,1,1,1,1,1,1,1,1,1,1,1,1,1,1,1,1,1,1,1
"PTHR21705",4,4,4,4,4,4,4,4,4,4,4,4,4,4,4,4,4,3,4,4,4,4,4,4,4,4,4,4,4,4,4,4,4,4,4,4,4,4,4,4,4,4,4,4,4
"PTHR21706",1,1,1,1,1,1,1,1,1,2,0,1,1,1,2,1,1,0,1,1,1,1,1,1,1,1,1,1,1,1,0,1,1,1,1,1,1,1,1,1,1,1,0,2,0
"PTHR21707_SF38",1,1,1,1,1,1,1,1,1,1,0,1,1,1,1,1,1,1,1,1,1,1,1,1,1,1,1,1,1,1,1,0,1,1,1,1,1,1,1,1,1,1,1,0,1
"PTHR21711",1,1,1,1,1,1,1,1,1,1,1,1,1,1,1,2,1,1,1,1,1,1,1,1,1,1,1,1,1,1,1,1,1,1,1,1,1,1,1,1,1,1,1,1,1
"PTHR21712_SF27",1,2,1,1,1,1,1,1,1,1,1,1,1,1,1,1,1,1,1,1,1,1,1,1,1,1,1,1,1,1,1,1,1,1,1,1,1,1,1,1,1,1,1,0,1
"PTHR21712_SF30",1,1,1,1,1,1,1,1,1,1,1,1,1,1,0,1,0,1,1,0,1,1,1,1,1,1,1,1,1,1,1,1,1,1,1,1,1,1,2,1,1,1,1,1,1
"PTHR21713_SF1",1,1,1,1,0,1,1,1,1,1,2,1,1,1,0,1,1,1,1,0,1,1,1,1,1,1,1,1,1,1,1,1,1,1,1,1,1,1,1,1,1,1,1,1,1
"PTHR21713_SF3",2,1,2,2,2,5,1,1,1,1,1,1,3,2,4,1,1,2,1,2,1,5,1,3,4,2,1,3,2,4,3,5,2,3,1,1,3,2,5,1,3,1,1,1,1
"PTHR21716_SF1",1,1,1,1,1,1,1,1,1,1,1,1,1,1,1,1,1,1,1,0,1,1,1,1,1,1,1,1,1,1,1,1,1,1,1,1,1,1,1,1,1,1,1,2,2
"PTHR21717_SF13",1,1,2,1,1,1,1,1,1,1,1,1,1,1,1,1,1,1,1,1,1,1,1,1,1,1,1,1,1,1,1,2,1,1,1,1,1,1,1,1,1,1,1,1,1
"PTHR21717_SF14",1,1,1,4,1,1,1,1,1,2,1,1,1,4,1,1,0,1,1,1,1,1,1,1,1,1,1,5,1,1,2,2,2,1,2,1,5,1,5,1,1,1,1,3,1
"PTHR21723",1,1,1,1,1,1,1,1,1,1,1,1,1,1,1,1,1,1,1,1,1,1,1,1,1,1,0,1,1,1,1,1,1,1,1,1,1,1,1,1,1,1,1,1,1
"PTHR21725",1,1,1,1,1,1,1,1,1,1,1,1,1,2,1,1,1,1,1,1,1,3,1,1,1,1,1,1,1,1,1,1,1,1,1,1,1,1,1,1,2,1,1,2,1
"PTHR21727",1,1,1,1,1,1,1,1,1,1,1,1,2,1,1,1,1,1,1,1,1,1,1,1,1,1,1,1,1,1,1,1,1,1,1,0,1,1,1,1,1,1,1,1,1
"PTHR21731",2,1,2,2,2,1,2,2,2,2,1,2,2,2,1,2,2,2,2,2,3,2,2,2,2,2,2,1,2,2,2,2,2,2,0,1,2,1,2,2,1,2,2,0,1
"PTHR21732",1,1,1,1,1,2,1,1,1,1,2,1,1,1,1,1,1,1,1,1,1,1,1,1,1,1,1,1,1,1,1,1,1,1,1,1,1,1,1,1,1,1,0,1,1
"PTHR21734",1,1,1,1,1,1,1,1,1,2,1,1,1,1,1,1,1,1,1,1,1,1,1,1,1,1,1,1,1,1,1,1,2,1,1,1,1,1,2,1,1,1,1,1,1
"PTHR21736",1,1,1,1,1,1,1,1,1,1,1,1,1,1,1,1,1,1,1,1,1,1,1,1,1,1,1,1,1,1,1,1,1,1,2,1,1,1,1,1,1,1,1,1,1
"PTHR21737",3,3,2,3,3,3,3,3,3,4,1,3,3,3,3,3,3,3,3,3,3,3,3,3,3,3,4,2,3,3,1,5,3,2,4,3,3,2,3,3,3,3,3,5,3
"PTHR21740",2,2,2,2,2,2,2,2,2,3,2,2,2,2,2,2,2,2,2,2,2,2,2,2,2,2,2,2,2,2,2,1,2,2,2,2,2,2,2,2,2,2,3,2,2
"PTHR21765",1,1,1,1,1,1,1,1,1,1,1,1,1,1,0,1,1,1,1,1,1,1,1,1,1,1,1,1,1,1,1,1,1,1,1,1,1,1,1,1,1,1,1,1,1
"PTHR21771",1,1,1,1,1,1,1,1,1,1,2,1,1,1,1,1,2,1,1,1,1,1,1,1,1,1,1,1,1,1,1,2,1,1,1,1,1,1,1,1,1,1,1,1,1
"PTHR21777",1,1,1,1,2,0,2,0,0,1,1,1,2,1,1,1,1,1,1,1,1,2,1,1,1,1,1,1,1,1,2,0,0,1,0,0,1,1,1,1,1,1,1,0,1
"PTHR21780",1,1,1,1,1,1,1,1,1,1,1,1,1,1,1,1,1,1,1,1,1,1,1,1,1,1,1,1,1,1,1,2,1,1,1,1,1,1,1,1,1,1,1,1,1
"PTHR21812",1,1,1,1,1,1,1,1,1,2,1,1,1,1,1,1,1,1,1,1,1,1,1,1,1,1,1,1,1,1,1,1,1,1,1,1,1,1,1,1,1,1,1,1,1
"PTHR21818",1,1,1,1,1,1,1,1,1,1,1,1,1,1,1,1,1,1,1,2,1,1,1,1,1,1,2,1,1,1,1,1,1,1,1,1,1,1,1,1,1,1,1,1,1
"PTHR21824",1,1,1,1,1,1,1,1,1,1,0,1,1,1,1,1,1,0,1,1,1,1,1,1,1,1,1,1,1,0,1,0,1,1,0,1,1,1,1,1,1,1,1,0,1
"PTHR21830_SF0",1,0,1,1,0,0,1,0,0,0,1,1,1,1,0,3,1,0,1,0,1,0,1,1,1,1,0,1,1,1,0,0,0,1,0,0,1,0,1,2,1,0,1,0,0
"PTHR21831",1,1,0,1,1,1,1,0,0,0,1,1,1,1,1,1,0,1,1,1,0,1,1,1,0,1,1,0,1,0,1,0,1,1,1,1,1,0,1,1,1,0,0,2,1
"PTHR21838",1,1,1,1,1,1,1,1,1,1,1,1,1,1,1,1,1,1,1,1,1,1,1,1,1,1,1,3,1,1,0,1,1,2,1,1,1,1,1,1,1,1,1,1,1
"PTHR21844",1,1,1,1,1,1,1,1,1,1,1,1,1,1,1,1,1,0,1,1,1,1,1,1,1,1,2,1,1,1,0,0,1,1,1,1,1,1,1,1,1,1,1,1,1
"PTHR21847",3,2,2,2,2,0,2,2,1,2,2,2,2,2,1,3,1,1,2,2,2,2,2,1,2,2,2,2,2,2,2,1,2,2,1,2,2,1,3,2,2,2,2,1,2
"PTHR21856",6,2,1,1,2,3,3,1,0,2,2,2,3,1,0,1,1,7,1,4,1,2,2,1,2,2,1,1,2,4,2,1,2,1,0,2,1,2,1,2,1,2,3,1,2
"PTHR21859",7,8,6,7,9,12,16,5,0,19,5,19,6,10,0,12,0,22,9,13,9,2,25,6,5,13,8,9,7,11,16,0,12,8,0,9,10,2,10,15,6,7,6,0,7
"PTHR21860",1,0,2,1,1,1,1,1,0,1,1,1,1,1,1,1,1,1,2,1,1,2,1,2,1,2,1,1,2,1,1,1,0,1,1,1,2,1,2,1,1,1,1,2,1
"PTHR21937",2,1,1,1,1,1,1,1,0,1,1,1,1,1,1,1,0,1,1,1,1,1,1,1,1,1,1,1,1,1,1,0,2,1,1,1,1,1,1,1,1,1,2,0,1
"PTHR21963",1,1,1,1,1,1,1,1,1,1,1,1,1,1,1,1,1,1,1,1,1,1,1,1,1,1,0,1,1,1,1,1,1,1,1,1,1,1,1,1,1,1,1,1,1
"PTHR21964_SF11",1,1,1,1,1,1,1,1,1,1,1,1,1,1,2,1,1,1,2,1,1,2,1,2,1,1,1,2,1,1,1,1,1,2,1,1,1,1,1,1,1,1,1,1,1
"PTHR21964_SF12",1,2,1,2,1,1,2,1,1,1,1,1,1,1,1,1,1,1,1,1,1,1,1,1,1,1,1,1,1,1,1,3,1,1,1,1,1,1,1,2,2,1,1,2,1
"PTHR21964_SF9",1,1,1,1,2,1,1,1,1,1,1,1,1,1,1,1,1,1,1,3,1,1,1,1,1,1,1,1,1,1,0,1,1,1,1,1,1,1,1,2,1,1,1,1,2
"PTHR22012",1,1,1,1,1,1,1,1,1,1,1,1,1,1,1,1,1,1,1,1,1,1,1,1,1,0,1,1,1,1,1,0,1,1,1,1,1,1,1,1,1,1,1,0,1
"PTHR22014",1,1,1,1,1,1,1,1,1,1,1,1,1,1,1,1,1,1,1,2,1,1,1,1,1,1,1,1,2,1,1,2,1,1,1,1,1,2,1,1,1,0,1,1,1
"PTHR22017",1,1,1,1,1,1,1,1,1,1,1,1,1,1,1,1,1,1,1,1,1,1,1,1,1,1,1,1,1,1,1,1,1,1,1,1,1,0,1,1,1,1,1,1,1
"PTHR22028",2,2,2,2,2,2,2,2,2,2,2,2,2,2,2,2,2,2,2,2,2,1,2,2,2,2,3,2,2,2,2,2,2,2,2,2,2,2,3,2,2,2,2,2,2
"PTHR22035",1,2,1,1,1,1,1,1,0,1,1,1,1,1,0,1,1,2,1,0,1,1,2,1,1,1,1,1,1,1,3,1,1,1,1,1,1,1,1,1,1,1,1,0,0
"PTHR22042",3,2,2,2,2,2,2,2,2,2,2,2,2,2,2,2,2,2,2,2,2,2,2,2,2,2,2,3,3,2,2,2,2,2,3,2,2,2,2,2,2,2,2,2,2
"PTHR22045",1,1,1,1,1,1,1,1,0,1,1,1,1,1,1,1,1,1,1,1,1,1,1,1,1,1,0,1,1,1,1,1,1,1,1,1,1,1,1,1,1,1,1,1,1
"PTHR22050",2,2,2,2,2,2,2,2,2,2,2,2,2,2,2,2,2,2,2,2,2,2,2,2,4,2,2,2,2,2,2,4,2,2,2,2,2,2,2,2,2,2,2,2,2
"PTHR22055",1,1,2,1,1,1,1,1,1,1,1,1,1,3,1,1,1,1,2,1,1,1,1,1,1,1,0,2,1,1,1,2,2,2,1,2,3,1,3,1,2,1,1,1,1
"PTHR22069",1,1,1,1,1,1,1,1,1,1,1,1,1,1,1,1,1,1,1,1,1,1,1,1,1,1,1,1,1,1,1,1,1,1,1,1,1,1,1,1,1,1,1,1,1
"PTHR22089_SF1",1,1,1,1,1,1,1,1,1,1,1,1,1,1,0,1,1,0,1,1,1,1,1,1,1,1,1,1,1,1,1,1,1,1,1,1,1,1,1,1,1,1,1,1,1
"PTHR22091",1,1,1,1,1,1,1,1,1,1,1,1,1,1,1,1,1,1,1,1,1,1,1,1,1,1,1,1,1,1,1,1,1,1,1,1,1,1,1,1,1,1,1,1,1
"PTHR22093",1,1,1,1,1,1,1,1,1,1,1,1,1,1,1,10,1,1,1,1,1,2,1,1,1,1,1,1,1,1,1,1,1,2,1,1,1,1,2,1,1,1,1,1,1
"PTHR22094",1,0,1,1,1,1,1,0,0,1,1,1,1,1,0,5,0,1,1,1,1,1,1,1,1,1,1,1,1,1,1,0,1,1,1,1,1,0,1,1,1,1,1,1,1
"PTHR22100",2,1,1,1,1,1,1,1,1,1,1,1,1,1,3,1,1,1,1,1,1,1,1,1,1,1,1,1,1,1,1,1,2,1,1,1,1,1,1,1,1,1,1,1,1
"PTHR22106",1,1,1,1,1,1,1,1,1,1,1,1,1,1,1,1,1,1,1,1,1,0,1,1,1,1,1,1,1,1,0,1,0,1,1,1,1,0,1,1,1,1,1,1,1
"PTHR22115",1,1,1,1,1,1,1,1,1,1,1,1,1,1,1,1,1,1,1,1,1,1,1,1,1,1,1,1,1,1,1,1,1,1,2,1,1,1,1,1,1,1,1,2,1
"PTHR22118_SF4",1,1,1,1,1,1,0,1,1,1,1,1,1,1,1,2,1,1,1,0,1,1,1,1,1,1,1,1,1,1,0,1,1,1,1,1,1,1,1,1,1,1,1,1,1
"PTHR22118_SF5",1,1,1,1,1,1,1,1,0,1,1,1,1,1,1,1,0,1,1,1,1,1,1,1,1,1,1,1,1,1,1,0,1,1,1,1,1,1,1,1,1,1,1,1,1
"PTHR22142",1,1,1,1,1,1,1,1,0,0,1,1,1,1,1,1,1,1,1,1,1,1,1,1,1,1,1,1,1,1,0,1,1,1,1,1,1,1,1,1,1,1,1,1,1
"PTHR22143_SF4",1,1,1,1,1,1,1,1,1,1,1,1,1,1,1,1,1,1,1,1,1,1,1,1,1,1,1,1,1,2,1,1,1,1,1,1,1,1,1,1,1,1,1,1,1
"PTHR22145",2,2,1,1,2,2,2,1,1,2,2,2,2,2,1,2,2,2,2,2,2,2,2,2,2,2,2,2,2,2,2,2,2,2,2,2,2,1,2,2,1,1,2,2,2
"PTHR22146",2,1,2,2,2,2,2,1,0,2,2,2,2,1,1,2,2,2,2,2,2,1,2,2,2,1,2,1,2,1,2,2,1,2,1,1,1,1,2,1,2,1,1,2,1
"PTHR22166_SF12",2,1,1,1,1,1,1,1,1,1,1,1,1,1,1,1,1,1,1,1,1,1,1,1,1,1,1,1,1,1,1,1,1,1,1,1,1,1,1,1,1,1,1,1,1
"PTHR22168",1,1,1,1,1,1,1,1,1,1,1,1,1,1,1,1,0,1,1,1,1,1,1,1,1,1,1,1,1,1,1,1,1,1,1,1,1,1,1,1,1,1,1,1,1
"PTHR22175",1,1,1,2,2,1,1,1,1,2,0,1,1,2,1,1,1,1,1,1,1,2,1,1,1,1,1,2,1,1,3,1,1,1,1,2,2,1,2,1,2,1,1,1,1
"PTHR22192",2,2,2,2,1,2,2,2,2,2,2,2,2,2,2,3,1,1,2,1,2,2,2,2,2,2,2,2,1,2,1,2,2,3,2,2,2,1,2,3,2,2,2,2,2
"PTHR22227",3,1,3,2,2,1,2,2,2,3,2,3,2,3,2,4,3,2,3,2,2,2,3,2,3,3,1,3,2,2,5,2,2,2,2,3,3,1,2,4,2,2,3,2,2
"PTHR22235",1,1,0,0,0,1,0,1,0,1,1,0,0,0,0,1,1,1,0,1,1,1,1,0,0,1,1,0,0,0,0,0,1,0,1,1,0,0,0,1,0,0,0,1,1
"PTHR22237",3,3,2,2,2,3,3,1,3,3,3,3,3,3,2,3,3,3,2,2,2,2,3,2,3,3,3,2,3,2,3,2,3,2,2,3,3,1,3,3,2,3,2,3,2
"PTHR22306",1,1,1,1,1,1,1,1,1,1,1,1,1,2,1,1,1,1,1,0,1,1,1,1,1,1,2,1,1,0,0,1,1,1,1,1,2,1,2,1,1,1,1,2,1
"PTHR22367",2,1,1,1,1,1,2,1,1,1,1,1,1,1,1,1,1,2,1,1,1,1,1,1,1,1,1,1,1,1,1,1,2,1,1,1,1,1,1,1,2,1,1,1,1
"PTHR22379",2,1,1,0,0,1,1,0,0,1,1,0,1,0,0,0,0,2,0,2,1,1,1,1,1,1,1,0,1,3,0,0,1,0,0,1,1,1,2,1,0,0,0,0,1
"PTHR22380",1,1,1,1,1,0,1,1,0,0,1,1,1,1,1,1,1,1,1,1,1,1,1,1,1,1,1,1,1,1,1,1,1,1,1,1,1,1,1,1,1,1,1,0,1
"PTHR22382",1,0,1,1,1,1,1,0,0,1,0,1,1,1,0,1,1,1,1,1,1,1,1,1,1,1,0,1,1,1,1,0,1,1,1,0,1,1,1,1,1,1,1,0,1
"PTHR22406",2,2,2,2,2,2,2,2,2,2,2,2,2,2,2,2,2,2,2,2,2,2,2,2,2,2,3,2,2,2,2,2,2,2,3,2,2,2,2,2,2,2,2,3,2
"PTHR22409",1,1,1,1,1,1,1,1,1,1,1,1,1,1,1,1,1,1,1,1,1,1,1,1,1,1,1,1,1,1,1,0,1,1,1,1,1,1,1,1,0,1,1,1,1
"PTHR22419",1,1,1,1,1,1,1,1,1,0,1,1,1,1,1,1,1,1,1,1,1,1,1,1,1,1,1,1,1,1,1,1,1,1,1,1,1,1,1,1,1,1,1,1,1
"PTHR22420",3,2,2,2,2,2,2,2,2,2,2,2,2,2,2,2,2,2,2,2,1,2,2,2,2,2,2,2,2,2,2,1,2,2,2,2,2,2,2,2,2,2,2,2,2
"PTHR22422",4,3,3,3,4,4,3,3,3,4,1,4,4,3,2,3,4,3,3,2,4,2,5,3,4,4,3,3,3,3,4,3,3,3,2,4,3,3,3,4,3,4,2,0,4
"PTHR22426_SF0",1,1,3,1,2,1,2,1,1,1,1,1,1,5,1,1,1,1,3,1,1,1,1,2,1,1,1,4,1,1,1,2,2,1,1,2,3,1,4,2,1,1,2,2,3
"PTHR22427",2,2,1,2,1,1,2,2,1,2,1,2,2,2,2,2,2,2,2,1,2,2,3,2,1,2,1,2,1,1,1,2,2,2,2,2,2,2,2,2,2,2,2,2,2
"PTHR22435",1,1,1,1,1,1,1,1,0,1,1,1,1,1,0,1,1,1,1,1,1,1,1,1,1,1,1,1,1,1,1,0,1,1,1,1,1,1,1,0,1,1,1,1,1
"PTHR22437",3,2,2,2,2,2,2,2,2,2,2,2,2,2,2,2,2,3,2,2,2,2,2,2,2,2,2,2,2,3,2,2,2,2,2,2,2,2,2,2,2,2,2,2,2
"PTHR22442",2,2,2,2,2,2,2,2,2,2,2,2,2,2,1,2,2,2,2,2,2,2,2,2,2,2,2,2,2,2,2,2,2,2,2,3,2,2,2,2,2,2,1,2,2
"PTHR22443",2,2,2,2,2,2,2,2,2,2,2,2,2,2,2,4,2,2,2,2,2,2,2,2,2,2,2,2,2,2,2,2,2,2,3,2,2,2,3,2,2,2,2,3,2
"PTHR22444",1,1,1,1,1,1,1,1,1,1,1,1,1,1,1,1,1,1,1,0,1,1,1,1,1,1,1,1,1,1,1,1,1,1,1,1,1,1,1,1,1,1,1,1,1
"PTHR22446",1,1,1,1,1,1,1,1,1,1,1,1,1,1,1,1,1,1,1,2,1,1,2,1,1,1,1,1,1,1,1,2,1,1,1,1,1,2,1,1,1,1,1,1,1
"PTHR22455",1,1,1,2,1,1,1,1,1,1,1,1,1,1,1,2,1,1,1,1,1,1,1,1,1,1,1,1,1,1,1,1,1,1,1,1,1,1,1,1,1,1,1,1,1
"PTHR22461",2,2,2,2,2,2,2,2,2,2,2,2,2,2,2,2,2,2,2,2,2,2,2,2,2,2,2,2,2,2,2,2,2,2,1,2,2,2,2,2,2,2,2,1,2
"PTHR22467",1,1,0,1,1,0,1,0,0,1,0,2,1,1,0,1,0,0,0,0,1,1,0,0,0,1,0,1,1,1,1,0,2,0,0,0,1,0,2,0,1,2,1,0,1
"PTHR22504_SF1",1,1,1,1,1,1,1,1,1,2,1,1,1,1,1,1,1,1,1,2,1,2,1,1,1,1,1,1,1,1,0,2,1,1,1,1,1,1,1,1,1,0,1,1,2
"PTHR22526",1,1,2,3,1,1,3,2,1,1,1,1,1,2,2,1,1,1,1,3,2,2,2,1,1,1,1,1,1,2,4,2,1,2,1,1,2,2,2,1,5,1,1,1,1
"PTHR22527",1,1,1,1,1,1,1,1,0,0,1,1,1,1,0,1,0,0,0,1,1,1,1,1,1,1,1,0,0,1,1,0,0,1,1,1,1,0,1,1,1,1,1,1,1
"PTHR22529",1,1,1,1,1,1,1,1,1,1,1,1,1,1,1,1,0,1,1,1,1,1,1,1,1,1,2,1,1,1,1,0,1,1,1,1,1,1,1,1,1,1,1,1,0
"PTHR22536",1,1,1,1,1,1,1,1,1,1,1,1,1,1,1,1,1,1,1,1,1,1,1,1,1,1,1,1,1,1,1,1,1,1,1,1,1,1,1,1,1,1,1,1,1
"PTHR22538",2,1,1,1,1,1,1,1,1,1,1,1,1,1,1,1,0,2,1,0,0,1,1,1,1,2,1,1,1,2,0,1,2,1,1,1,1,1,1,2,1,1,2,1,1
"PTHR22545",1,1,1,1,1,1,1,1,1,1,1,1,1,1,1,1,1,1,1,1,1,1,1,1,1,1,1,1,1,1,1,0,1,1,1,1,1,1,1,1,1,1,1,1,1
"PTHR22546",1,1,1,1,1,1,1,1,1,1,1,4,1,1,1,1,1,1,1,1,1,1,1,1,1,1,1,1,1,1,1,1,1,1,1,1,1,1,1,1,1,1,1,1,1
"PTHR22571",2,5,2,1,3,4,2,1,1,3,2,2,4,3,1,4,0,3,2,2,2,1,4,2,0,4,3,4,3,3,2,0,2,2,2,3,1,2,4,4,1,3,0,6,4
"PTHR22572_SF7",1,1,1,1,1,1,1,1,1,1,1,1,1,1,1,1,1,1,1,1,1,1,1,1,1,1,1,1,1,1,1,1,1,1,1,1,1,1,1,1,1,1,1,1,1
"PTHR22572_SF75",1,1,1,1,1,1,1,1,1,1,1,1,1,1,1,1,1,1,1,0,1,1,1,1,1,1,1,1,1,1,1,1,1,1,1,1,1,1,1,1,1,0,1,1,1
"PTHR22572_SF8",2,1,1,1,2,1,1,1,1,1,1,1,1,1,1,1,1,1,1,1,1,1,1,1,1,1,1,1,1,1,1,2,1,1,1,1,1,1,1,1,2,1,1,2,1
"PTHR22572_SF85",1,1,1,1,1,1,1,1,1,1,1,1,1,1,1,1,1,1,1,1,1,1,1,1,1,1,1,1,1,1,1,2,1,1,1,1,1,1,1,1,1,1,1,1,1
"PTHR22573_SF15",1,1,1,1,1,1,1,1,1,1,1,1,1,1,1,1,1,1,1,1,1,2,1,1,1,1,1,1,1,1,1,1,1,1,1,1,1,1,1,1,1,1,1,1,1
"PTHR22573_SF27",1,1,1,1,1,1,2,1,1,1,1,1,1,1,1,1,1,1,1,1,1,1,1,1,1,1,1,1,1,1,1,1,1,1,1,1,0,1,2,1,1,1,1,1,1
"PTHR22573_SF35",1,0,1,1,1,1,1,0,0,1,1,1,1,1,0,1,1,0,1,0,1,1,0,1,1,1,1,1,1,1,1,1,1,1,1,1,1,1,1,1,1,1,1,1,1
"PTHR22573_SF37",1,1,2,1,1,1,1,1,1,1,1,1,1,1,1,1,1,1,1,1,1,1,2,1,1,1,1,1,1,1,1,1,1,1,1,1,1,1,1,1,1,1,1,1,1
"PTHR22573_SF42",1,1,1,1,1,1,1,1,1,0,1,1,1,1,1,1,1,1,1,1,1,2,1,1,1,1,1,1,1,1,1,1,1,1,1,1,1,1,1,1,1,1,1,1,1
"PTHR22573_SF43",1,1,1,2,1,1,1,1,1,1,1,1,1,1,1,1,1,1,1,1,1,1,1,1,1,1,1,1,1,1,1,2,1,1,1,1,1,1,1,1,1,1,1,1,1
"PTHR22573_SF44",2,3,1,1,2,1,1,2,1,2,1,1,4,1,2,1,1,1,1,1,1,1,1,1,1,1,1,1,2,3,1,5,1,1,2,1,1,3,1,2,1,1,1,2,2
"PTHR22574_SF1",1,1,1,1,1,1,1,1,0,1,1,1,1,1,0,2,0,1,1,0,1,1,1,1,1,1,1,1,1,1,0,0,1,1,0,0,1,0,1,1,0,1,0,0,1
"PTHR22574_SF10",1,1,1,1,1,1,1,1,1,0,1,1,1,1,1,1,1,1,1,2,1,1,1,1,1,1,1,1,1,1,1,1,1,1,2,1,1,1,1,1,1,1,1,1,1
"PTHR22574_SF11",1,0,1,1,1,1,1,0,0,0,1,1,1,1,0,1,0,0,1,1,1,1,0,1,0,2,0,1,1,1,0,0,1,1,0,0,1,1,1,0,1,1,1,0,1
"PTHR22574_SF2",1,1,1,1,1,1,1,1,1,2,1,1,1,1,1,1,0,3,1,1,1,1,1,1,0,1,1,1,1,1,1,1,1,1,0,1,1,1,1,1,1,1,1,0,1
"PTHR22574_SF4",1,1,1,1,1,1,1,1,1,1,1,1,1,1,1,1,1,1,1,1,1,1,1,1,1,1,1,1,1,1,1,1,1,1,0,0,1,1,1,1,1,1,1,0,1
"PTHR22574_SF5",1,1,1,1,1,1,1,1,1,1,1,1,1,1,1,1,1,1,1,0,1,1,1,1,1,1,2,1,1,0,0,1,1,0,1,1,1,1,1,1,1,1,1,1,1
"PTHR22574_SF6",1,1,1,1,1,1,1,1,1,1,1,1,1,1,1,1,1,1,1,1,1,1,1,1,1,1,1,1,1,1,1,1,1,1,1,1,1,1,1,1,1,1,1,0,1
"PTHR22574_SF9",1,0,1,1,1,1,1,0,0,9,1,1,1,1,1,1,1,2,0,1,1,1,1,0,1,0,1,0,0,0,2,1,1,0,0,1,1,0,1,1,0,1,0,4,1
"PTHR22576",1,1,1,1,1,1,1,1,1,1,1,1,1,1,1,1,1,1,1,1,1,1,1,1,1,1,1,1,1,1,1,0,1,1,1,1,1,1,1,1,1,1,1,1,1
"PTHR22588",1,0,1,0,0,1,0,0,0,1,0,1,0,0,0,1,1,1,0,0,1,0,0,1,0,0,0,0,0,0,0,0,0,0,1,0,0,0,0,0,0,0,1,1,0
"PTHR22589",7,7,7,6,7,7,7,7,7,7,7,7,7,9,7,7,7,7,7,9,7,7,7,7,8,7,9,7,7,7,7,8,7,7,10,7,7,7,8,7,7,7,7,10,6
"PTHR22590",2,1,2,2,2,1,2,0,0,1,2,2,2,2,0,2,1,2,2,2,2,2,3,2,2,2,1,2,2,2,0,0,2,2,2,2,2,1,3,1,2,2,2,1,2
"PTHR22591",2,2,2,2,2,2,2,2,2,2,2,2,2,2,2,2,2,1,2,2,1,2,2,2,2,2,2,2,2,1,2,1,1,2,2,2,2,2,2,2,2,1,1,2,1
"PTHR22593_SF2",1,1,1,1,1,1,1,1,1,1,1,1,1,1,1,1,1,1,1,1,1,0,1,1,1,1,1,1,1,1,1,1,1,1,1,1,1,1,1,1,1,0,1,1,1
"PTHR22594",5,5,6,6,5,6,5,5,9,5,5,5,5,6,10,5,6,5,5,6,5,5,5,6,6,5,7,5,5,5,5,8,5,5,6,6,5,5,5,5,5,5,5,6,6
"PTHR22597",1,1,1,1,1,1,1,1,1,1,1,1,1,1,1,1,1,1,1,1,1,1,1,1,1,1,1,1,1,1,1,1,1,1,1,1,1,1,3,1,1,1,1,1,1
"PTHR22599",7,7,7,8,7,8,7,7,7,7,7,7,6,8,9,8,7,7,9,7,8,11,7,9,7,7,8,8,7,7,7,7,9,10,8,7,9,7,9,7,7,8,6,8,7
"PTHR22600",3,3,2,2,2,3,2,2,2,2,2,2,2,2,2,3,2,2,2,2,2,2,2,2,2,2,2,2,2,3,2,2,2,2,2,2,2,2,2,2,3,2,2,2,2
"PTHR22602",1,1,1,1,1,1,1,1,1,1,1,1,1,1,1,1,1,1,1,1,1,1,1,1,1,1,1,1,1,1,1,1,1,1,1,1,1,1,1,1,1,1,1,3,1
"PTHR22603",5,4,4,4,4,4,5,4,4,4,4,4,4,3,4,5,4,4,4,4,4,4,5,4,4,3,4,4,4,4,4,4,4,4,5,4,4,4,4,4,5,3,4,4,4
"PTHR22604_SF100",1,1,1,1,1,1,1,1,1,1,1,1,1,1,1,1,1,1,1,0,1,1,1,1,1,0,1,1,1,1,1,1,1,1,1,1,1,1,1,1,1,1,1,1,1
"PTHR22604_SF14",1,1,1,1,1,2,1,1,1,1,1,1,1,1,1,1,1,1,1,1,1,1,1,1,1,1,1,1,1,2,1,1,1,1,1,1,1,1,1,1,1,1,1,1,1
"PTHR22604_SF90",1,1,1,1,1,1,2,1,1,1,1,1,1,3,1,1,1,1,1,1,1,1,1,1,1,1,1,1,1,1,1,2,1,1,1,1,2,1,2,1,1,1,1,1,1
"PTHR22604_SF96",1,1,1,1,1,1,1,1,1,1,1,1,1,1,0,1,1,1,1,1,1,1,2,1,2,1,1,1,1,1,1,0,1,1,1,1,1,1,1,1,1,1,0,1,1
"PTHR22605_SF5",1,2,1,1,1,1,1,1,1,1,1,1,1,1,1,1,1,3,1,4,1,1,1,1,1,1,2,1,1,1,1,1,2,1,1,2,1,0,1,1,1,1,2,0,1
"PTHR22607_SF1",1,1,1,2,1,1,1,1,1,1,1,1,1,1,1,1,1,1,1,1,1,1,2,1,1,0,1,2,1,1,0,1,1,1,0,1,1,1,3,1,1,1,1,1,1
"PTHR22607_SF2",2,1,1,1,2,1,1,1,1,4,1,1,1,2,1,1,2,1,1,3,1,1,2,1,2,1,3,1,1,1,0,1,1,1,1,3,1,1,1,1,1,1,1,2,3
"PTHR22611",2,2,2,2,2,2,2,2,2,1,2,2,2,2,1,3,2,2,2,2,2,2,2,2,2,1,2,2,1,2,1,2,2,2,2,2,2,2,2,2,2,2,2,2,2
"PTHR22618",1,1,1,1,1,1,1,1,1,1,1,1,1,1,1,1,1,1,1,1,1,1,1,1,1,1,1,1,1,2,1,1,1,1,1,1,1,1,1,1,1,0,1,1,1
"PTHR22619_SF1",1,1,1,1,1,1,1,1,1,1,1,1,1,1,1,1,1,1,1,1,1,1,1,1,1,1,1,1,1,1,1,1,1,1,1,1,1,1,1,2,1,1,1,1,1
"PTHR22619_SF2",1,2,1,1,1,1,1,1,1,1,1,1,1,2,1,1,1,1,1,1,1,1,1,1,1,1,1,1,1,1,1,1,1,1,0,1,1,1,1,1,1,1,1,0,1
"PTHR22619_SF3",1,1,1,1,2,1,1,1,1,2,1,1,1,2,1,1,1,1,1,1,1,1,1,1,1,1,1,1,1,1,1,1,1,1,1,1,1,1,1,1,1,1,1,1,1
"PTHR22619_SF4",1,1,1,1,1,1,1,1,0,0,1,1,2,1,1,2,1,1,1,0,1,1,1,1,1,1,1,1,1,1,0,1,1,1,1,1,1,1,1,1,1,1,1,1,1
"PTHR22621",4,2,2,2,2,2,2,2,2,3,2,2,2,2,2,2,2,1,2,1,2,3,2,2,2,2,2,2,2,3,1,2,2,2,2,2,2,2,2,3,2,2,2,3,2
"PTHR22624",4,4,4,4,4,4,4,4,4,4,3,4,4,4,5,4,4,4,4,4,4,4,6,4,4,4,4,4,4,4,4,5,4,4,4,4,4,4,4,4,4,4,3,4,4
"PTHR22625",9,10,10,10,10,12,9,9,9,9,9,10,10,10,9,10,9,9,10,7,8,11,9,10,9,10,14,10,10,10,8,10,10,10,12,9,10,8,10,9,10,9,9,11,8
"PTHR22629",1,2,2,2,1,1,1,1,1,1,1,1,1,1,1,2,1,1,1,1,1,1,1,1,1,1,1,1,1,2,1,1,1,1,2,1,1,1,1,1,1,1,0,1,1
"PTHR22630_SF0",1,2,1,2,1,1,1,1,1,1,2,2,1,1,1,1,1,1,1,1,1,1,1,1,1,1,1,2,2,1,1,1,1,1,2,2,1,1,1,1,1,1,1,2,1
"PTHR22633",3,2,2,2,2,2,2,2,2,2,2,2,2,2,2,2,2,3,2,2,2,2,2,2,2,2,2,2,2,2,2,2,2,2,2,2,2,2,3,3,2,2,2,3,2
"PTHR22635",1,1,1,1,1,1,1,0,0,1,1,1,1,1,1,1,1,1,1,1,1,1,1,1,1,1,0,1,1,1,1,0,1,1,1,0,1,1,1,1,1,1,1,1,1
"PTHR22639",1,1,1,1,0,1,1,1,1,1,1,1,0,1,1,1,0,1,1,0,1,1,1,1,1,1,1,1,0,1,0,1,1,1,0,6,1,1,1,1,0,0,1,0,0
"PTHR22640",1,1,1,1,1,1,2,1,1,1,1,1,1,1,1,1,1,2,1,1,1,1,1,1,1,1,1,1,1,1,1,1,0,1,1,1,1,1,1,1,1,1,2,2,1
"PTHR22642",1,1,1,1,1,1,1,1,1,1,1,1,1,1,1,1,1,1,1,1,1,1,1,1,1,1,1,1,1,1,1,1,1,1,1,1,1,1,1,1,1,1,1,1,1
"PTHR22645",1,0,1,1,0,0,0,0,0,0,1,1,0,1,0,1,0,0,1,0,1,0,0,1,0,0,0,1,1,0,1,0,0,1,0,0,1,1,0,0,1,1,0,0,1
"PTHR22647",2,2,3,2,2,2,2,2,2,2,2,2,2,2,2,2,2,2,1,2,6,2,2,1,2,2,2,2,2,2,1,2,2,1,2,2,2,2,2,2,2,2,2,2,2
"PTHR22650",1,2,2,0,1,1,2,2,2,2,2,2,2,2,1,2,1,1,2,2,2,2,2,2,2,2,1,1,2,0,1,1,1,2,2,2,1,3,2,2,1,2,0,5,2
"PTHR22652",1,1,1,1,1,1,1,1,2,1,1,1,1,1,1,1,1,1,2,1,1,1,2,2,1,1,1,1,1,1,1,2,1,2,1,1,1,1,1,1,1,1,1,1,1
"PTHR22654",1,1,1,2,1,1,1,1,1,1,2,1,2,2,1,2,1,1,2,1,1,1,1,2,2,2,1,2,1,1,1,1,1,2,1,1,2,1,2,1,2,1,1,2,1
"PTHR22656",1,0,1,1,0,0,1,0,0,0,0,1,1,1,0,1,1,1,1,0,1,0,1,1,1,3,0,1,1,1,1,0,1,1,0,1,1,0,1,0,1,2,0,0,0
"PTHR22662",1,1,1,1,1,1,1,1,1,1,2,1,1,1,1,1,1,1,1,1,1,1,1,1,1,1,1,1,1,1,1,1,1,1,1,1,1,1,1,1,1,1,0,1,1
"PTHR22663",2,1,1,2,2,1,1,1,1,1,1,2,2,2,1,2,2,1,2,1,2,2,2,2,0,2,2,1,2,1,1,1,0,2,2,2,2,2,2,1,1,2,2,1,1
"PTHR22674",1,1,1,1,1,1,1,1,1,1,1,1,1,1,1,1,1,1,1,1,1,1,1,1,1,1,1,1,1,1,0,1,1,1,1,1,0,0,1,1,1,1,1,1,1
"PTHR22677",1,0,1,1,0,0,1,1,1,1,0,0,1,1,1,1,1,1,1,0,1,1,1,1,1,1,1,1,0,1,0,1,1,1,1,1,1,1,1,0,1,1,1,0,1
"PTHR22684",1,1,1,1,1,1,1,1,1,1,1,1,1,1,1,1,1,1,1,1,1,1,1,1,1,1,1,1,1,1,1,1,1,1,1,1,1,1,1,1,1,1,1,1,1
"PTHR22691",2,2,2,2,2,2,2,2,2,1,2,2,2,2,1,2,2,2,2,3,2,2,2,2,2,2,2,2,2,2,1,2,2,2,2,3,2,2,2,2,2,1,1,2,2
"PTHR22692",2,2,2,1,2,2,2,1,2,1,3,2,2,1,2,2,2,2,1,1,2,1,1,1,1,0,1,1,3,1,1,0,2,1,2,1,2,2,2,1,1,0,2,2,3
"PTHR22696",1,1,1,1,0,0,1,1,1,1,1,1,1,1,2,1,2,1,1,1,1,0,3,1,0,1,0,1,1,1,1,1,1,2,1,0,1,1,1,1,1,1,1,1,1
"PTHR22698",1,1,1,1,1,1,1,1,1,1,1,1,1,1,1,2,1,1,1,1,1,1,1,1,1,1,1,1,1,1,1,1,1,1,1,1,1,1,1,1,1,1,1,2,1
"PTHR22699",2,1,1,1,1,1,1,1,1,1,1,1,1,1,1,1,1,1,1,1,1,1,1,1,1,1,1,1,1,1,1,1,1,1,1,1,1,1,1,1,1,1,1,1,1
"PTHR22702",1,1,1,1,1,1,1,1,1,1,1,1,1,2,2,1,1,1,1,1,1,1,1,1,1,1,1,1,1,1,1,1,1,2,1,1,2,1,2,1,1,1,1,1,1
"PTHR22704",1,1,1,1,1,1,1,1,1,1,1,1,1,1,1,2,1,1,1,1,1,1,1,1,1,1,1,1,1,1,1,1,1,1,1,1,1,1,1,1,1,1,1,1,2
"PTHR22705",1,1,1,1,1,1,1,1,1,2,1,1,1,1,1,1,1,1,1,1,1,1,1,1,1,1,1,1,1,1,1,1,1,1,1,1,1,1,1,1,2,1,1,1,2
"PTHR22706",1,1,2,1,1,1,2,1,1,1,1,1,1,1,1,1,0,1,1,1,1,1,1,1,1,1,1,1,1,1,1,1,0,1,1,1,1,1,1,1,1,1,1,1,1
"PTHR22708",1,1,1,1,1,1,1,1,1,1,1,1,1,1,1,2,1,1,1,0,1,1,1,1,1,1,1,1,1,0,0,0,1,1,1,1,1,1,1,1,1,1,1,1,1
"PTHR22710",1,1,1,1,1,1,1,1,1,1,1,1,1,1,1,1,1,1,1,1,1,1,1,1,1,1,1,1,1,1,1,1,1,1,1,1,1,1,1,1,1,1,1,1,1
"PTHR22715",1,1,1,1,1,1,1,1,1,1,1,1,1,1,1,1,1,1,1,1,1,2,1,1,1,1,1,1,1,1,1,1,1,1,1,1,1,1,1,2,1,1,1,1,1
"PTHR22722",1,1,1,1,1,1,1,1,1,1,1,1,1,2,1,1,1,1,1,1,1,1,2,1,1,1,1,1,1,1,1,1,1,1,1,2,1,1,1,1,1,1,1,1,1
"PTHR22726_SF1",1,1,1,1,1,1,1,1,1,1,1,1,1,1,1,1,1,1,1,1,1,1,1,1,1,1,1,1,1,1,1,1,1,1,1,1,1,1,1,1,1,1,1,1,1
"PTHR22727_SF13",1,2,1,1,1,1,1,1,1,1,1,1,1,1,1,1,1,1,1,1,2,1,1,1,1,1,1,1,1,1,1,1,1,1,1,1,1,1,1,1,1,1,1,1,1
"PTHR22727_SF3",1,1,1,1,1,1,1,1,1,1,1,1,1,1,1,1,1,1,1,2,1,1,1,1,1,1,1,1,1,1,1,1,1,1,1,1,1,1,1,1,1,1,2,1,1
"PTHR22730",2,2,2,2,2,2,2,2,2,2,2,1,2,2,2,2,1,2,2,2,2,2,2,2,2,2,3,2,2,2,2,2,2,2,2,2,2,2,2,2,2,2,2,2,2
"PTHR22731_SF3",1,1,1,1,1,1,1,1,1,1,1,1,1,1,1,1,1,1,1,1,1,1,1,1,1,1,1,1,1,2,1,1,1,1,1,1,1,1,1,1,1,1,1,1,1
"PTHR22731_SF4",1,1,1,1,1,1,1,1,1,1,1,1,1,1,1,1,1,1,1,1,1,1,1,1,1,1,1,1,1,1,1,1,1,1,1,1,1,1,1,1,1,1,1,2,1
"PTHR22734",2,2,3,2,3,4,2,2,2,3,2,2,2,2,2,2,2,2,2,2,1,4,2,2,2,3,3,2,2,2,3,5,2,2,2,3,2,2,2,2,3,2,2,2,4
"PTHR22736",1,1,1,1,1,1,1,1,1,1,1,1,1,1,1,1,1,1,1,1,1,1,1,1,1,1,1,1,1,1,1,1,1,1,1,1,1,1,1,1,2,1,1,1,1
"PTHR22738_SF12",1,1,1,1,1,1,1,1,1,1,2,1,1,1,1,1,1,1,1,1,1,1,1,1,1,1,1,1,1,1,2,1,1,1,1,1,1,1,1,1,1,1,1,1,1
"PTHR22738_SF14",1,1,1,1,1,1,1,1,1,0,1,1,1,1,1,1,1,1,1,1,1,1,1,1,1,1,1,1,1,1,1,1,1,1,1,1,1,1,1,1,1,1,1,1,1
"PTHR22738_SF3",1,1,1,1,1,1,1,1,1,1,1,1,1,1,1,1,1,1,1,1,1,1,1,1,1,1,1,1,1,1,1,1,1,1,1,1,1,1,1,1,1,1,1,1,1
"PTHR22738_SF4",1,1,1,1,1,1,1,1,1,1,1,1,1,1,0,1,1,1,1,1,1,1,1,1,1,1,1,1,1,1,1,1,1,1,1,1,1,1,1,1,1,1,1,1,1
"PTHR22738_SF8",1,1,1,2,1,1,1,1,1,1,1,1,1,1,4,1,1,1,1,1,1,1,1,1,1,1,1,1,1,1,2,1,1,1,1,1,1,1,1,1,1,1,1,1,1
"PTHR22738_SF9",1,1,1,1,1,1,1,1,1,1,1,1,1,1,1,1,1,1,1,1,1,1,1,1,1,1,1,1,1,1,1,1,1,1,1,1,1,1,1,1,1,1,1,1,1
"PTHR22739_SF7",1,1,1,1,1,1,1,1,1,1,1,1,1,1,1,1,1,1,1,1,1,1,1,1,1,1,1,1,1,1,1,1,1,1,1,1,1,1,1,1,1,1,1,1,1
"PTHR22740",1,1,1,1,1,0,1,1,1,1,1,1,1,1,1,1,1,1,1,1,1,1,1,1,1,1,1,1,1,1,1,1,1,1,1,1,1,0,2,1,1,1,1,1,1
"PTHR22741_SF4",1,1,1,1,1,1,1,1,1,1,1,1,1,1,1,1,1,1,1,1,1,1,1,1,2,1,1,1,1,1,1,1,1,1,1,1,1,1,1,1,1,1,1,1,1
"PTHR22741_SF5",1,1,1,1,1,1,1,1,1,1,1,1,1,1,1,2,1,1,1,0,1,1,1,1,1,1,1,1,1,1,1,1,1,1,1,1,1,1,1,1,1,1,1,1,1
"PTHR22746_SF10",1,0,1,1,1,1,1,1,1,1,1,1,1,1,2,1,1,1,1,1,1,1,1,1,1,2,1,1,1,1,1,1,1,1,1,1,1,1,1,1,1,1,1,1,1
"PTHR22747_SF13",2,1,1,2,1,2,1,0,1,0,1,1,1,1,1,1,1,1,1,1,1,1,1,1,1,1,1,2,1,1,1,1,1,1,0,1,1,2,1,1,1,1,0,1,1
"PTHR22747_SF14",2,1,1,1,2,1,1,1,1,0,1,1,1,1,1,1,1,1,1,1,1,1,1,1,1,1,1,1,1,0,1,1,1,1,1,1,1,1,1,1,1,1,1,1,2
"PTHR22747_SF16",5,4,9,12,4,4,4,5,0,19,2,3,1,9,12,1,4,3,9,8,5,3,1,9,5,2,5,7,3,6,6,11,9,13,3,6,10,2,10,4,9,1,1,2,3
"PTHR22748",2,2,2,3,2,3,2,2,2,2,2,2,2,2,2,2,2,2,2,3,2,2,2,2,2,2,3,2,2,4,1,4,3,2,2,2,2,2,2,2,4,2,2,2,2
"PTHR22749_SF2",1,1,2,2,1,1,2,1,1,2,2,3,1,2,1,1,1,3,3,1,1,2,1,2,1,1,1,1,1,1,1,1,1,3,1,1,2,1,2,1,3,1,1,2,1
"PTHR22750",16,20,13,13,18,18,18,17,15,18,18,17,17,16,18,19,20,16,16,16,20,9,19,16,18,17,18,14,18,16,17,19,22,13,19,19,14,18,14,18,13,18,11,20,19
"PTHR22751_SF49",1,1,1,1,1,1,1,1,1,1,1,1,1,1,1,1,1,1,1,1,1,1,1,1,1,1,1,1,1,1,1,1,1,1,1,1,1,1,1,1,1,1,1,2,1
"PTHR22752",3,4,3,2,3,4,3,3,2,3,3,4,4,2,4,4,4,4,3,2,3,4,4,2,4,3,4,3,4,2,3,3,3,3,3,4,3,2,3,4,3,4,3,4,4
"PTHR22753_SF1",1,1,1,1,1,1,1,1,1,1,1,1,1,1,1,1,1,1,1,1,1,1,1,1,1,1,0,1,1,1,1,3,1,1,1,1,1,1,1,1,1,1,1,2,1
"PTHR22754",3,3,3,3,3,3,3,3,3,4,3,2,3,3,3,3,3,3,3,3,3,3,3,3,3,3,5,3,3,3,3,3,3,3,3,3,3,3,3,3,3,3,3,3,3
"PTHR22760",4,4,4,4,4,4,3,3,3,3,4,5,4,3,3,4,4,4,3,4,3,3,4,4,4,4,3,4,3,4,3,3,4,3,4,4,3,4,3,5,3,4,4,3,4
"PTHR22761_SF12",1,1,2,2,1,1,1,1,1,1,1,1,1,3,2,1,2,1,3,1,1,2,1,3,1,1,1,2,1,2,1,3,1,2,1,2,3,1,4,1,2,1,1,1,1
"PTHR22761_SF13",1,1,1,1,1,1,1,1,1,1,1,1,1,1,1,1,1,1,1,1,1,1,1,1,1,1,1,1,1,1,1,1,1,1,1,1,1,1,1,1,1,1,1,2,1
"PTHR22761_SF4",1,2,2,1,1,1,1,1,1,1,2,2,1,2,2,1,1,1,2,1,2,2,1,2,1,1,1,1,1,1,1,4,1,2,1,1,2,1,2,2,1,1,1,1,1
"PTHR22761_SF6",1,1,1,1,1,2,1,1,1,1,1,1,1,1,2,1,1,1,1,1,1,1,1,1,1,1,1,1,1,1,1,1,1,1,1,1,1,1,1,1,1,1,1,1,1
"PTHR22762_SF48",1,1,1,1,1,1,1,1,1,1,1,1,1,1,1,1,2,1,1,1,1,1,1,1,1,1,1,1,1,1,1,1,1,1,1,1,1,1,1,1,1,1,1,1,1
"PTHR22762_SF51",1,1,1,1,1,1,1,1,1,1,1,1,1,1,1,1,1,1,1,1,1,1,1,1,1,1,1,1,1,1,2,1,1,1,1,1,1,1,2,1,1,1,1,1,1
"PTHR22762_SF55",1,0,1,1,1,1,1,0,1,0,0,1,1,1,1,2,1,0,1,0,1,1,1,1,0,1,1,1,1,1,1,0,1,1,0,1,1,1,2,0,1,1,0,0,1
"PTHR22762_SF60",1,1,1,1,1,1,1,1,1,1,1,1,1,1,1,2,1,1,1,1,1,1,2,1,1,1,1,1,1,1,1,1,1,1,1,1,1,1,1,1,1,1,1,1,1
"PTHR22762_SF63",1,1,1,1,1,1,1,1,1,1,1,1,1,1,1,1,1,1,1,1,1,1,1,1,1,1,1,1,1,1,1,1,1,1,2,1,1,1,2,1,1,1,1,1,1
"PTHR22762_SF66",1,1,1,1,1,1,1,1,1,1,1,1,1,1,1,1,1,1,1,1,1,1,1,1,1,1,1,1,1,2,1,1,1,1,1,1,1,1,1,1,1,1,1,1,1
"PTHR22762_SF7",1,0,0,0,0,0,0,1,1,0,0,1,0,0,0,1,1,0,0,0,0,0,1,0,1,2,1,0,1,0,1,1,1,0,2,1,0,0,0,0,0,0,0,0,0
"PTHR22762_SF70",1,1,0,1,1,1,1,1,0,1,1,1,1,1,0,1,1,1,0,1,1,0,1,0,1,1,0,1,1,0,1,1,1,0,0,1,1,1,1,1,1,1,1,1,1
"PTHR22763_SF1",1,1,1,1,1,1,1,1,1,1,1,1,1,2,1,1,1,1,1,1,1,1,1,1,1,1,1,1,1,1,0,1,1,1,1,1,1,1,1,1,1,1,1,2,1
"PTHR22763_SF7",1,1,1,1,1,1,1,1,1,1,1,1,1,1,1,1,1,1,1,1,1,1,1,1,1,1,1,1,1,1,2,1,1,1,1,1,1,1,1,1,1,1,1,2,1
"PTHR22763_SF9",1,1,1,2,1,1,2,1,1,1,1,1,1,1,1,1,1,1,1,1,1,1,2,1,1,1,1,1,1,1,2,1,1,1,1,1,1,1,1,1,1,1,1,1,1
"PTHR22764_SF54",1,2,1,1,0,1,1,0,1,0,1,1,1,1,6,1,4,0,1,2,1,2,1,1,1,1,1,0,1,2,1,4,1,1,1,2,1,1,1,1,1,3,1,1,1
"PTHR22764_SF60",1,1,1,1,1,1,1,1,1,1,2,2,1,1,1,1,1,1,1,1,2,1,1,1,1,0,1,1,1,1,2,1,1,1,1,1,1,1,1,1,1,1,1,2,1
"PTHR22764_SF62",1,1,1,2,1,1,1,1,1,1,1,1,1,1,1,1,1,1,1,1,1,1,1,1,1,1,1,1,1,1,1,3,1,1,1,1,1,1,1,1,1,1,1,1,1
"PTHR22765_SF26",1,1,1,1,1,1,1,1,1,1,1,1,1,1,1,1,1,1,1,1,1,1,1,1,1,1,1,1,1,1,1,1,1,1,1,1,1,1,1,1,1,0,1,1,1
"PTHR22765_SF28",1,1,2,1,1,1,1,9,1,4,1,1,1,2,1,1,1,1,2,1,2,1,1,3,1,1,1,2,2,1,1,1,1,2,3,1,2,2,2,1,1,1,1,2,3
"PTHR22765_SF30",1,1,1,1,1,1,1,1,1,2,1,1,1,1,1,1,1,1,1,1,1,1,1,1,1,1,1,1,1,1,1,1,1,1,1,1,1,1,1,1,1,1,1,1,1
"PTHR22765_SF31",1,0,1,1,0,0,0,0,0,1,1,0,0,1,0,1,0,0,1,1,0,1,1,1,0,0,1,1,0,1,0,0,1,1,1,0,1,1,1,1,1,0,0,0,0
"PTHR22765_SF34",1,1,0,0,1,1,1,1,0,0,1,1,1,1,0,1,1,1,0,0,1,0,1,0,0,1,1,0,0,0,0,1,0,0,1,1,0,0,0,1,0,0,0,1,1
"PTHR22765_SF35",2,2,1,1,2,2,1,1,1,1,1,1,1,1,1,1,1,1,1,1,1,1,1,1,2,2,1,1,2,1,1,1,1,1,1,1,1,2,1,1,1,2,1,1,1
"PTHR22765_SF38",1,0,0,0,0,0,0,1,1,1,0,0,0,0,1,1,0,0,0,1,0,0,1,0,0,0,1,0,0,1,0,1,1,0,1,1,0,0,0,0,0,0,1,1,1
"PTHR22765_SF39",1,1,1,1,1,1,1,1,1,1,1,1,1,1,1,1,1,1,1,1,1,1,1,1,1,1,1,1,1,1,1,0,1,1,1,1,1,1,1,1,1,1,1,1,1
"PTHR22765_SF40",1,1,1,1,1,1,1,1,1,1,1,1,1,1,1,1,1,1,1,1,1,2,1,1,1,1,1,2,1,1,1,1,1,1,2,1,1,1,1,1,1,1,1,1,1
"PTHR22765_SF42",1,1,1,1,1,1,1,1,1,1,1,1,1,1,1,1,1,1,1,1,1,1,1,1,1,1,1,1,1,1,1,1,1,1,1,1,1,1,1,1,1,1,1,2,1
"PTHR22766_SF137",1,1,1,2,1,1,1,1,1,1,1,1,1,1,1,1,1,1,1,1,1,1,1,1,1,1,1,1,1,1,1,1,1,1,1,1,1,1,1,1,1,1,1,1,1
"PTHR22766_SF2",1,1,1,1,1,1,1,1,1,1,1,1,1,1,1,1,1,1,1,1,1,1,1,1,1,1,1,1,1,1,1,1,1,1,1,1,1,1,1,0,1,0,1,1,1
"PTHR22767",3,3,3,3,3,3,3,3,2,3,3,3,3,4,4,3,3,3,3,3,3,4,3,3,3,3,2,3,3,3,3,2,3,3,4,3,3,3,3,3,3,3,3,4,3
"PTHR22768",1,1,1,1,1,1,1,1,1,1,0,1,1,1,1,1,1,1,1,1,1,1,1,1,1,1,1,1,1,1,1,2,1,1,1,1,1,1,1,1,1,1,1,1,1
"PTHR22769_SF10",1,1,1,2,1,1,1,1,1,1,1,1,1,1,1,1,1,1,1,0,1,1,1,1,1,1,1,1,1,1,1,1,1,1,1,2,1,1,1,1,1,1,1,1,1
"PTHR22769_SF14",1,1,1,1,1,1,1,1,0,1,1,1,1,1,1,1,0,1,1,1,1,1,1,1,1,1,1,1,1,1,0,1,1,1,1,1,0,1,1,1,1,1,1,2,1
"PTHR22769_SF16",1,1,1,1,1,1,1,1,1,1,1,1,1,1,1,1,1,1,1,1,1,1,1,1,1,1,1,1,1,1,1,1,1,1,1,1,1,1,1,1,1,1,1,1,1
"PTHR22769_SF7",1,1,1,1,1,1,1,1,1,1,1,1,1,1,1,1,1,1,1,1,1,1,1,1,1,1,1,1,1,1,1,1,1,1,1,1,1,1,1,1,1,1,1,1,1
"PTHR22770_SF13",1,1,1,1,1,1,1,1,1,1,1,1,1,1,1,1,1,1,1,1,1,1,1,1,1,1,1,1,1,1,1,1,1,1,1,1,1,1,2,1,1,1,1,1,1
"PTHR22770_SF29",1,1,1,1,1,1,1,1,1,1,1,1,1,2,1,1,1,1,1,1,1,1,1,1,1,1,1,1,1,1,1,1,1,1,1,1,1,2,1,1,1,1,1,2,1
"PTHR22770_SF31",1,1,1,1,1,1,1,1,1,2,1,2,1,1,1,1,1,0,1,1,1,1,1,1,1,1,1,1,1,1,0,1,1,1,1,1,1,1,1,1,1,1,1,1,0
"PTHR22771",2,2,2,2,2,2,2,2,2,2,2,2,2,2,2,2,2,2,2,2,2,2,2,2,2,2,2,2,2,4,2,2,2,2,2,3,2,2,2,3,2,2,2,2,2
"PTHR22772",1,1,1,1,1,2,1,1,2,1,1,1,1,1,1,1,1,1,1,1,1,1,2,1,1,1,1,1,1,1,1,1,1,1,1,1,1,1,1,1,1,1,1,1,1
"PTHR22773_SF40",1,1,0,0,1,1,0,1,1,1,0,1,1,1,1,1,1,1,1,0,0,1,1,0,1,0,1,0,1,1,1,0,0,0,1,0,1,1,1,1,1,1,1,1,0
"PTHR22773_SF41",1,1,0,0,1,1,0,1,1,1,0,1,1,1,1,1,1,1,1,0,0,1,1,0,1,0,1,0,1,1,1,0,0,0,1,0,1,1,1,1,1,1,1,1,0
"PTHR22773_SF50",1,1,0,0,1,1,0,2,2,1,0,1,1,1,1,1,1,1,1,0,0,1,1,0,1,0,1,0,1,1,1,1,0,0,1,0,1,1,1,1,1,1,1,1,0
"PTHR22774",3,2,2,2,2,2,2,2,2,2,2,2,2,2,3,2,2,2,2,3,2,2,2,2,2,2,2,2,2,2,3,2,2,2,2,2,2,2,2,2,2,2,2,2,2
"PTHR22775",4,4,4,4,4,4,4,4,4,5,4,4,4,6,6,4,4,4,4,5,4,4,4,4,4,4,5,5,4,4,4,4,4,4,5,4,4,4,8,4,4,4,4,4,4
"PTHR22776_SF10",1,1,1,1,1,1,1,1,1,1,1,1,1,1,1,1,1,1,1,1,1,1,1,1,1,1,1,1,1,1,1,2,1,1,1,1,1,1,1,1,1,1,1,2,1
"PTHR22776_SF11",1,1,1,1,1,1,1,1,1,1,1,1,1,1,1,1,1,1,1,1,1,1,1,1,1,1,1,1,1,1,1,1,1,1,1,1,1,1,1,2,1,1,1,1,1
"PTHR22776_SF12",1,2,1,1,1,2,1,1,1,1,7,4,1,1,1,1,1,1,1,2,1,1,1,1,1,1,2,1,1,2,1,1,1,1,1,1,1,1,1,1,1,1,1,1,1
"PTHR22776_SF15",1,1,1,1,1,1,1,0,0,0,1,1,1,1,0,1,0,1,1,1,1,1,2,1,1,1,0,1,1,1,0,0,2,1,0,1,1,1,1,2,1,1,1,0,1
"PTHR22776_SF24",1,1,1,1,1,1,1,1,1,1,2,2,1,1,1,1,1,1,1,1,1,1,1,1,1,1,2,1,1,1,1,1,1,1,1,1,1,1,1,1,1,0,0,1,1
"PTHR22776_SF25",1,1,1,1,1,1,1,1,1,2,1,1,1,1,2,1,1,1,2,1,1,1,1,1,1,1,1,1,1,1,1,1,2,2,1,1,1,1,1,1,1,1,1,2,1
"PTHR22776_SF26",1,1,1,1,1,1,1,1,1,1,1,1,1,1,1,1,1,1,1,1,1,1,1,1,1,1,1,1,1,1,1,1,1,1,1,1,1,1,1,1,1,1,1,1,1
"PTHR22776_SF28",1,1,0,1,0,1,1,1,1,1,1,1,1,1,1,1,1,0,0,0,1,0,1,1,1,0,2,0,1,1,1,1,1,1,1,1,0,1,1,0,0,1,1,1,1
"PTHR22776_SF29",1,1,1,1,1,1,1,1,1,0,1,1,1,1,1,1,1,1,1,1,1,1,1,1,1,1,1,1,1,1,0,1,1,1,1,1,1,1,1,1,1,1,1,2,0
"PTHR22776_SF3",1,1,1,1,1,1,1,1,1,1,1,1,1,1,1,1,1,1,1,1,1,2,1,1,1,1,1,1,1,1,1,1,1,1,1,1,1,1,1,1,1,1,1,2,1
"PTHR22776_SF31",1,1,1,1,1,1,2,1,1,1,1,1,1,1,1,1,1,1,1,2,1,1,1,1,2,1,1,1,1,1,1,1,1,1,1,1,1,1,1,1,1,1,1,2,1
"PTHR22776_SF36",1,1,1,1,1,1,1,1,1,1,1,1,1,1,1,1,1,1,1,0,1,1,1,1,1,1,1,1,1,1,1,1,1,1,1,1,1,1,1,1,1,1,1,0,1
"PTHR22776_SF37",1,1,1,1,1,0,1,0,0,1,1,1,1,1,0,2,0,0,1,1,2,1,2,1,0,0,0,1,1,0,1,0,0,1,0,1,1,0,1,1,1,1,1,0,1
"PTHR22776_SF4",1,2,2,1,2,3,1,1,1,1,2,2,2,1,1,1,1,1,1,2,1,1,2,1,1,2,1,1,3,2,0,1,1,1,1,2,1,1,1,1,1,2,1,1,2
"PTHR22776_SF9",1,1,1,1,1,1,1,1,1,1,1,1,1,2,1,1,1,1,2,1,1,1,1,2,1,1,1,2,1,1,1,1,1,2,1,2,1,1,2,1,1,1,1,1,1
"PTHR22778",1,1,0,1,1,1,1,1,0,0,1,1,1,1,0,1,1,0,0,1,1,1,1,1,1,1,0,0,1,1,1,0,1,1,1,1,1,1,0,0,1,0,1,1,1
"PTHR22779_SF2",1,1,1,1,1,1,1,1,1,1,1,1,1,1,1,2,1,1,0,1,1,1,1,1,1,1,1,1,1,1,1,1,1,1,1,1,1,1,1,1,1,1,1,1,1
"PTHR22779_SF4",1,1,1,1,1,1,1,1,1,1,1,1,1,1,1,1,1,0,1,1,1,1,1,1,1,1,0,1,1,1,1,1,1,1,1,1,1,1,1,1,1,1,1,1,1
"PTHR22780",5,5,5,5,5,5,6,5,5,6,5,5,5,6,5,7,5,5,5,5,5,5,5,5,5,5,8,5,6,5,5,6,5,5,5,5,5,5,5,4,5,5,5,5,5
"PTHR22781_SF12",1,1,1,2,1,1,1,1,1,1,1,1,1,1,1,1,1,2,1,1,1,1,1,1,1,1,1,1,1,1,0,1,1,1,1,1,1,1,1,1,1,1,1,1,1
"PTHR22790_SF32",1,1,1,1,1,1,1,1,1,1,1,1,1,2,1,1,1,1,1,1,1,1,1,1,1,2,1,1,1,1,1,1,1,1,1,1,1,1,1,1,1,1,1,1,1
"PTHR22790_SF33",1,1,1,1,1,1,1,1,1,1,1,1,1,1,1,1,1,1,1,1,1,1,1,1,1,1,1,1,1,1,1,1,0,1,1,1,1,1,2,1,1,1,1,1,1
"PTHR22790_SF7",1,1,1,1,1,1,1,1,1,1,1,1,1,1,1,1,1,1,1,1,1,1,1,1,1,1,1,1,1,1,1,1,1,1,1,1,1,1,1,1,1,1,1,2,1
"PTHR22791_SF1",1,0,0,1,1,1,1,0,0,0,1,1,1,1,1,1,0,0,1,0,0,0,1,0,1,0,2,1,1,0,1,0,1,1,1,0,1,1,1,1,1,0,0,0,0
"PTHR22791_SF2",1,1,0,0,0,1,1,1,1,1,1,1,1,0,1,1,1,1,0,0,1,0,1,0,0,0,1,1,1,0,1,1,1,0,1,1,0,1,1,1,1,1,1,1,1
"PTHR22791_SF4",1,1,0,0,0,1,1,1,0,1,1,1,1,0,1,1,0,1,0,0,1,0,1,0,1,1,1,1,1,0,0,0,1,0,1,1,0,1,1,0,0,1,0,1,1
"PTHR22792_SF2",1,1,3,1,1,2,1,2,1,1,1,1,1,3,6,1,1,3,2,1,1,2,1,2,1,1,1,2,1,1,1,4,1,3,2,1,3,1,2,2,1,1,1,1,1
"PTHR22792_SF3",1,1,1,2,2,2,1,1,1,1,1,1,1,2,1,1,1,1,1,1,1,1,2,1,2,2,1,1,1,1,1,1,1,1,1,1,1,1,1,1,2,0,1,1,1
"PTHR22792_SF43",1,1,1,1,1,1,1,1,1,1,1,1,1,1,1,1,1,1,1,1,1,1,1,1,1,1,1,1,1,1,1,1,1,1,1,1,1,1,1,1,1,1,1,1,1
"PTHR22792_SF44",1,1,1,1,1,1,1,1,1,1,1,1,1,1,1,1,1,1,1,1,1,1,1,1,1,1,1,1,1,1,1,1,1,1,1,1,1,1,1,1,1,1,0,1,1
"PTHR22792_SF48",1,1,3,2,1,1,1,1,1,1,1,1,1,2,5,1,1,1,2,2,1,3,1,2,1,1,1,1,1,2,3,1,1,1,1,1,2,1,2,2,2,1,1,1,1
"PTHR22792_SF50",2,1,1,1,1,1,1,2,2,2,1,1,1,1,4,1,5,2,2,1,1,3,1,2,2,1,2,1,1,1,1,2,1,1,1,2,1,2,1,1,1,1,1,2,1
"PTHR22792_SF51",1,1,1,1,1,1,2,1,1,1,1,1,1,1,1,1,1,1,1,1,1,1,1,1,1,1,1,1,1,1,1,1,1,1,1,1,1,1,1,1,1,1,1,1,1
"PTHR22793",3,3,3,3,3,3,3,3,3,4,3,3,4,3,3,3,3,4,3,3,3,3,3,3,3,3,7,3,4,3,4,3,3,3,3,3,3,4,3,3,3,3,3,3,3
"PTHR22794",1,1,1,0,1,1,0,1,1,1,1,1,1,1,1,1,1,0,1,1,1,1,1,1,1,1,1,1,1,2,1,1,1,1,1,1,1,1,1,1,0,1,0,1,1
"PTHR22796_SF4",1,1,1,1,1,1,1,1,1,1,1,1,1,1,1,1,1,1,1,1,1,1,1,1,1,1,1,1,1,1,1,1,1,1,1,1,1,1,1,1,1,1,1,1,1
"PTHR22797_SF24",1,1,1,1,1,1,1,1,1,0,1,1,1,1,1,1,1,1,1,1,1,1,1,1,1,1,1,0,1,1,1,1,1,1,1,1,1,1,1,1,1,1,1,1,1
"PTHR22797_SF26",1,1,1,1,1,1,1,0,0,1,1,0,1,1,0,1,1,1,1,2,1,1,1,1,1,1,1,1,1,1,1,1,1,1,1,1,1,1,1,1,1,0,1,1,1
"PTHR22798",1,1,1,3,2,2,2,1,1,1,2,2,2,1,1,3,4,1,1,2,1,3,2,1,1,2,2,1,2,2,2,3,0,1,2,1,1,3,3,1,1,2,1,2,3
"PTHR22799",3,3,3,3,3,3,3,3,3,2,3,3,2,3,3,3,3,3,3,2,3,3,3,3,3,3,3,3,2,3,1,3,3,3,3,3,3,3,3,3,3,3,3,3,3
"PTHR22800_SF11",1,1,1,1,1,2,1,1,2,1,1,2,1,1,1,1,1,1,1,1,1,1,1,1,1,1,1,1,1,1,2,0,0,1,0,1,1,1,1,1,1,0,1,0,1
"PTHR22800_SF12",4,8,0,0,4,4,0,0,2,8,6,5,5,0,0,0,0,8,0,5,0,5,3,0,3,5,2,0,5,5,1,0,8,0,0,3,0,0,0,2,0,1,2,0,3
"PTHR22800_SF132",2,2,0,1,0,2,0,0,0,1,1,1,1,0,0,1,0,1,0,0,0,1,0,0,0,1,0,0,1,1,0,0,1,0,0,0,1,0,1,0,1,1,1,0,0
"PTHR22800_SF133",1,1,1,1,0,0,1,0,0,1,1,1,1,0,0,1,0,0,1,1,1,1,1,1,1,1,1,1,0,1,0,0,1,1,1,1,1,1,1,1,1,1,1,1,0
"PTHR22800_SF134",1,1,1,2,1,1,1,0,0,1,1,1,1,1,0,1,0,1,1,1,1,1,0,1,0,1,0,1,1,1,0,0,0,1,0,0,1,1,1,0,1,0,0,0,1
"PTHR22800_SF136",1,1,1,1,1,1,1,1,1,1,1,1,1,1,0,1,1,0,1,1,1,1,1,1,1,1,1,1,1,1,1,0,1,1,0,1,1,1,1,1,1,1,0,0,1
"PTHR22800_SF137",1,1,1,1,1,1,1,0,0,1,1,1,1,1,0,1,0,0,1,0,1,1,0,1,0,1,0,1,1,1,0,0,1,1,0,0,1,1,1,0,2,1,0,0,1
"PTHR22800_SF14",1,1,1,1,1,1,1,1,2,1,1,1,1,1,0,1,1,0,1,1,1,1,1,1,1,1,1,1,1,1,1,1,1,1,1,1,1,1,1,1,1,1,0,1,1
"PTHR22800_SF140",1,5,0,1,0,4,2,0,0,0,2,2,1,1,0,0,1,0,0,0,0,1,1,1,2,1,3,0,0,4,1,0,4,1,0,6,1,0,0,2,1,1,0,0,0
"PTHR22800_SF143",1,2,1,2,1,2,1,0,0,1,2,2,2,1,0,1,0,0,1,1,1,1,6,1,4,2,6,1,2,1,1,0,2,1,0,6,1,2,1,3,1,1,1,0,2
"PTHR22800_SF145",1,1,1,1,1,1,2,0,0,0,0,0,1,1,0,1,0,0,1,0,1,0,0,1,0,1,0,1,0,1,0,0,0,1,0,0,1,0,1,0,1,0,0,0,0
"PTHR22800_SF146",1,1,1,1,1,1,2,1,1,1,1,1,1,1,1,1,1,1,1,1,1,1,1,1,1,1,1,1,1,1,1,0,1,1,0,1,1,1,1,1,1,1,1,0,1
"PTHR22800_SF15",1,2,1,1,1,2,1,1,1,5,1,1,1,1,1,1,1,2,1,1,1,1,1,1,1,1,1,1,1,2,1,1,3,1,0,0,1,1,1,1,1,1,1,0,1
"PTHR22800_SF150",1,1,1,1,1,1,1,1,1,1,1,1,1,1,1,1,1,1,1,1,1,1,1,1,1,1,1,1,1,1,1,1,1,1,1,1,1,1,2,1,1,1,0,1,1
"PTHR22800_SF151",1,1,1,1,1,1,1,1,0,1,0,0,1,1,0,1,1,1,1,1,1,1,1,1,1,1,1,0,1,1,1,1,1,1,0,1,1,1,1,1,1,1,0,0,1
"PTHR22800_SF154",1,1,1,1,1,1,1,1,1,1,1,1,1,1,1,1,1,1,1,1,1,1,1,1,1,1,1,1,1,1,1,1,1,1,1,1,1,1,1,1,1,1,1,1,1
"PTHR22800_SF155",1,1,1,1,1,1,1,1,1,1,1,1,1,1,1,1,1,1,1,2,1,1,1,1,1,1,1,1,1,1,1,1,1,1,1,1,1,1,1,1,1,1,0,1,1
"PTHR22800_SF156",1,1,1,1,1,1,1,1,1,1,1,1,1,1,1,1,0,1,1,1,1,1,1,1,1,1,1,1,1,1,1,1,1,1,1,1,1,1,1,1,1,1,1,1,1
"PTHR22800_SF164",2,2,0,0,1,2,0,0,0,0,0,3,2,0,0,0,0,0,0,0,0,0,1,0,1,1,0,0,1,3,9,0,0,0,0,1,0,0,0,1,0,2,0,0,0
"PTHR22800_SF2",1,1,1,0,1,1,0,1,3,1,5,4,1,1,0,0,0,0,1,1,1,1,11,1,3,0,5,1,1,1,3,0,1,1,0,7,1,1,1,23,0,1,0,0,1
"PTHR22800_SF20",1,0,1,1,1,0,0,0,0,1,1,1,1,1,0,1,0,0,1,0,1,0,5,1,4,1,3,1,1,0,0,0,0,1,0,4,1,1,1,7,1,0,0,0,1
"PTHR22800_SF4",1,1,1,1,1,1,1,1,1,1,1,1,1,1,1,1,1,1,1,1,1,1,1,1,1,1,1,1,1,1,1,1,1,1,0,1,1,1,1,1,1,1,1,0,1
"PTHR22800_SF8",1,1,1,1,1,1,1,1,1,3,1,1,1,1,1,1,1,0,1,0,1,1,1,1,1,1,1,1,1,1,1,1,0,1,0,1,1,1,1,2,1,1,0,0,1
"PTHR22800_SF9",1,1,1,1,1,1,1,1,1,1,1,1,1,1,1,1,1,1,1,1,1,1,1,1,1,1,1,1,1,1,1,1,1,1,1,1,1,1,1,1,1,1,1,1,1
"PTHR22801_SF26",1,1,1,1,3,1,1,1,1,1,0,1,1,1,1,1,1,0,1,1,1,1,1,1,0,1,1,1,1,1,1,1,0,1,1,1,1,1,1,1,1,1,1,0,2
"PTHR22801_SF29",2,0,2,2,2,0,1,0,0,3,0,0,1,2,0,2,0,1,2,0,2,2,0,2,0,0,0,2,0,0,0,0,1,2,0,0,2,0,2,0,2,0,1,0,2
"PTHR22802_SF10",1,1,1,1,0,1,1,0,0,1,1,1,1,1,1,1,0,0,1,1,1,1,1,1,1,0,1,0,0,1,0,0,1,1,0,1,1,1,1,1,1,0,0,0,0
"PTHR22802_SF11",1,1,1,1,1,1,1,1,1,1,1,1,1,1,1,1,1,1,1,1,1,1,1,1,1,1,1,1,1,1,1,0,1,1,0,1,1,1,1,1,1,2,1,0,1
"PTHR22802_SF14",1,1,1,1,0,1,1,1,1,1,1,1,1,1,1,1,1,1,1,1,1,1,1,1,1,1,1,1,1,1,1,1,1,1,3,1,1,1,1,1,1,1,1,3,1
"PTHR22802_SF17",1,1,0,0,3,1,0,1,1,4,1,1,2,0,0,0,1,1,0,1,0,0,2,0,1,3,0,0,1,2,0,1,0,0,0,2,0,2,0,2,0,1,0,1,3
"PTHR22802_SF195",1,1,1,1,1,1,1,1,1,12,1,1,1,1,1,1,1,1,1,1,1,0,1,1,1,1,1,0,1,1,0,0,0,1,4,1,1,1,1,1,1,1,1,2,0
"PTHR22802_SF201",1,1,1,1,1,1,1,1,1,1,1,1,1,1,1,1,1,1,0,2,1,1,1,1,1,1,1,1,1,1,1,1,1,1,0,1,1,1,1,1,1,1,1,0,1
"PTHR22802_SF203",1,1,1,1,0,1,1,4,3,0,0,1,1,1,2,1,1,3,1,1,1,1,1,1,1,0,1,1,0,1,1,2,0,1,0,5,1,1,1,1,1,2,0,0,0
"PTHR22802_SF206",1,1,1,1,1,1,1,1,1,1,4,1,1,1,1,1,1,1,1,0,2,1,1,1,1,1,0,1,1,1,1,1,1,1,1,1,1,1,1,1,1,1,1,1,1
"PTHR22802_SF208",1,1,1,1,1,1,1,1,1,1,1,1,1,1,1,1,1,1,1,2,1,1,2,1,1,1,2,0,0,1,1,1,1,1,1,2,1,0,1,1,1,1,1,1,1
"PTHR22802_SF214",1,1,1,1,0,0,0,0,0,1,0,1,1,1,0,1,0,1,1,1,1,1,0,1,0,1,0,1,1,1,0,0,1,1,1,0,1,1,1,0,1,1,1,1,0
"PTHR22802_SF217",1,1,1,1,1,1,1,1,1,1,1,1,1,1,1,1,1,1,1,1,1,1,1,1,1,1,1,1,1,1,1,1,1,1,2,1,1,1,1,1,1,2,1,2,1
"PTHR22802_SF224",1,1,1,1,1,0,1,1,1,1,1,2,1,1,0,1,0,2,1,4,1,1,2,1,2,1,0,1,1,1,0,1,1,1,0,2,1,1,1,1,1,0,1,0,1
"PTHR22802_SF24",1,1,1,1,1,1,1,1,1,1,1,1,1,1,1,1,1,1,1,0,1,1,1,1,1,1,0,1,0,1,1,1,1,1,1,1,1,1,1,1,1,1,0,1,1
"PTHR22803",5,5,5,5,5,5,5,5,5,5,5,5,5,5,5,6,5,6,5,5,4,5,5,5,5,5,5,5,5,4,6,4,5,5,5,5,5,5,5,5,5,5,5,7,5
"PTHR22804_SF10",1,1,1,1,1,1,1,1,1,1,1,1,1,1,1,1,1,1,1,1,1,1,1,1,1,1,1,1,1,1,1,1,1,1,1,1,1,1,1,1,1,1,1,1,1
"PTHR22804_SF11",1,1,1,1,1,1,0,1,1,0,1,1,1,1,1,1,1,1,1,1,1,1,1,1,1,1,1,1,1,1,0,1,1,1,1,1,1,1,1,1,1,1,1,1,1
"PTHR22804_SF24",1,1,1,1,1,1,1,1,0,1,1,1,1,1,0,1,1,1,1,1,1,1,1,1,1,1,1,1,1,1,1,1,1,1,1,1,1,0,1,1,1,1,1,1,1
"PTHR22804_SF40",1,1,1,1,1,1,1,1,1,1,1,1,1,1,1,1,1,1,1,1,1,1,1,1,1,1,1,1,1,1,0,1,1,1,1,1,1,1,1,1,1,1,1,1,1
"PTHR22804_SF41",1,1,1,1,1,1,1,1,1,1,1,1,1,1,1,1,1,1,1,1,1,1,1,1,1,1,1,1,1,1,1,1,1,1,1,1,1,1,1,1,1,1,1,1,1
"PTHR22804_SF42",1,1,1,1,1,1,1,1,1,1,2,1,1,1,1,1,1,1,1,1,1,1,1,1,1,1,1,1,2,1,1,1,1,1,0,1,1,1,1,1,1,1,1,1,1
"PTHR22804_SF6",1,1,1,1,1,1,1,1,1,1,1,1,1,1,1,1,1,1,1,1,1,1,1,1,1,1,1,1,1,1,1,1,1,1,1,1,1,1,1,1,1,1,1,1,1
"PTHR22804_SF8",1,1,1,1,1,1,1,1,1,0,1,1,1,0,1,1,0,1,1,1,1,1,1,1,1,1,1,0,1,1,0,1,1,1,1,1,1,1,1,1,1,1,1,1,1
"PTHR22805",1,1,1,2,1,1,1,1,1,1,1,1,1,1,1,1,1,1,1,1,1,1,1,1,1,1,1,1,1,1,2,1,1,1,1,1,1,1,1,1,1,1,1,1,1
"PTHR22806",1,1,1,1,1,1,1,1,1,0,1,1,1,1,1,1,1,1,1,1,1,1,1,1,1,1,0,1,1,1,1,1,1,1,1,1,1,1,1,1,1,1,1,1,1
"PTHR22807_SF30",1,1,1,1,1,1,1,1,1,1,1,1,1,1,0,1,0,1,1,1,1,1,1,1,1,1,1,1,1,1,1,0,0,1,1,1,1,1,1,1,1,1,1,1,1
"PTHR22807_SF31",1,1,1,2,1,1,1,1,2,1,1,1,1,1,1,2,1,1,1,1,2,1,1,2,1,1,1,1,1,1,1,1,2,1,1,1,2,1,2,1,1,1,1,1,1
"PTHR22807_SF4",1,2,1,1,1,1,1,1,1,1,1,1,1,2,1,1,1,1,1,1,1,1,1,1,1,1,1,2,1,1,1,1,1,1,1,1,1,1,4,1,1,1,0,1,1
"PTHR22808",3,3,3,4,3,3,3,3,3,3,3,3,3,4,3,3,3,3,3,3,3,3,3,3,3,3,4,3,3,3,3,3,3,3,2,3,3,3,3,4,3,3,3,3,3
"PTHR22809_SF3",1,1,1,1,1,1,1,1,1,1,1,1,1,1,1,1,1,1,1,1,1,1,1,1,1,1,1,1,1,1,1,1,1,1,1,1,1,1,1,1,1,1,1,1,1
"PTHR22809_SF4",1,1,1,1,1,1,1,1,1,1,1,1,1,2,1,2,1,1,1,1,1,1,1,1,1,1,1,2,2,1,1,2,1,1,1,1,1,1,3,1,1,1,1,1,1
"PTHR22809_SF6",1,1,1,1,2,1,1,1,1,1,1,1,1,1,1,1,1,1,1,1,1,0,1,1,1,1,1,1,1,1,1,1,1,1,1,1,1,1,1,1,1,1,1,1,2
"PTHR22811_SF3",1,1,1,1,1,1,1,1,1,1,1,1,1,1,1,0,1,1,1,1,0,1,1,1,0,1,1,1,1,1,1,1,1,1,1,0,1,1,1,1,1,1,1,1,1
"PTHR22811_SF37",2,1,0,1,1,3,1,1,1,1,1,1,1,1,1,1,1,1,1,1,1,1,1,1,1,1,1,1,1,2,1,1,1,1,1,1,1,1,1,1,1,1,1,1,1
"PTHR22811_SF38",1,1,1,1,1,1,1,1,1,1,1,1,1,1,1,1,1,1,1,1,1,1,1,1,1,1,1,1,1,1,1,1,1,1,2,1,1,1,1,1,1,1,1,1,1
"PTHR22811_SF40",1,1,1,1,1,1,1,1,1,1,1,1,1,1,1,1,1,1,1,1,1,1,1,1,1,1,1,1,1,1,1,1,1,1,1,1,1,1,1,1,1,1,1,2,1
"PTHR22811_SF41",1,1,1,1,1,1,1,1,2,1,1,1,1,1,4,1,2,1,1,1,1,1,1,1,1,1,1,1,1,1,1,1,1,1,1,1,1,1,1,1,1,1,1,1,1
"PTHR22811_SF45",1,1,1,1,1,1,1,1,1,1,1,1,1,1,1,2,1,1,1,1,1,1,1,1,1,1,1,1,1,1,1,1,1,1,1,1,1,1,1,1,1,1,1,1,1
"PTHR22811_SF48",1,1,0,0,0,1,0,0,1,0,0,0,1,0,0,0,0,0,0,0,0,1,1,0,1,0,0,0,0,1,0,0,1,0,0,1,0,1,0,1,0,1,0,0,0
"PTHR22811_SF49",1,1,1,1,1,1,1,1,1,1,1,1,1,1,2,2,1,1,1,2,1,1,1,1,1,1,1,1,1,2,1,1,1,1,1,1,1,1,1,1,1,1,0,1,1
"PTHR22811_SF55",1,2,2,1,2,2,1,1,1,1,1,1,1,1,3,1,1,1,2,1,1,1,1,2,1,1,2,2,1,1,2,2,1,2,2,3,3,1,3,1,1,2,1,2,2
"PTHR22811_SF57",1,1,0,0,1,0,0,0,0,0,1,1,1,0,0,0,0,0,0,0,0,0,0,0,0,1,0,0,1,1,1,0,0,0,0,0,0,2,0,0,0,1,0,0,1
"PTHR22811_SF58",1,1,2,1,1,1,1,2,1,1,1,1,1,2,1,1,2,1,2,3,1,1,1,2,1,1,1,2,1,1,2,1,1,2,1,2,2,1,2,1,1,1,1,1,1
"PTHR22811_SF60",1,1,1,1,1,1,1,1,1,1,1,1,1,1,1,1,1,1,1,0,1,2,1,1,1,1,1,1,1,1,1,1,1,1,1,1,1,1,1,1,1,1,1,1,1
"PTHR22812_SF10",1,1,1,1,1,1,1,1,1,1,2,1,1,1,1,1,1,1,1,1,1,1,1,1,1,1,1,0,1,1,1,1,1,1,1,1,1,1,1,1,1,1,1,1,1
"PTHR22812_SF26",1,1,1,1,1,1,1,1,1,1,1,1,1,1,1,1,1,1,1,1,1,1,1,1,1,1,1,1,1,1,1,1,1,1,1,1,1,1,1,1,1,0,1,1,1
"PTHR22812_SF8",1,2,2,2,2,2,2,2,2,2,2,2,2,2,2,2,2,1,2,1,2,2,3,2,1,1,1,2,2,1,1,2,1,2,2,2,2,2,2,2,2,2,2,1,2
"PTHR22812_SF81",1,1,1,1,1,1,1,1,1,1,1,1,1,1,1,1,1,1,1,1,1,1,1,1,2,2,1,1,1,1,1,1,1,1,1,1,1,1,1,1,1,1,1,1,1
"PTHR22812_SF82",1,1,1,1,1,1,1,1,1,0,1,1,1,1,1,1,1,1,1,1,1,1,1,1,1,1,1,1,1,1,0,1,1,1,1,1,1,1,1,1,2,1,1,1,1
"PTHR22812_SF85",1,1,1,1,1,1,1,1,1,1,1,1,1,1,1,1,1,1,1,1,1,1,1,1,2,1,1,1,1,1,1,2,1,1,1,1,1,1,1,1,1,1,1,1,2
"PTHR22812_SF86",2,4,3,3,6,6,2,5,4,7,1,1,3,4,5,1,1,2,2,1,2,4,1,3,1,4,2,5,3,3,5,8,6,1,1,3,4,4,3,5,3,2,1,2,6
"PTHR22812_SF88",2,5,1,1,1,5,5,1,1,1,1,1,2,2,1,1,3,1,2,1,2,3,1,2,1,1,2,3,1,4,4,2,1,2,2,1,3,2,5,1,2,1,0,1,3
"PTHR22820_SF11",1,1,1,2,1,1,2,2,1,1,1,1,1,1,5,1,1,1,1,1,1,2,1,1,1,1,1,1,1,1,1,1,2,1,1,1,1,1,1,1,1,1,1,1,1
"PTHR22820_SF14",1,1,1,1,1,1,1,1,1,1,1,1,1,1,1,1,1,1,1,1,1,1,1,1,1,1,1,1,1,1,1,1,1,1,1,1,1,1,1,1,1,1,1,1,1
"PTHR22820_SF24",1,1,1,1,1,1,1,1,1,1,1,1,1,1,1,1,1,1,1,1,1,1,1,1,1,1,1,1,1,1,1,1,1,1,1,1,1,1,1,1,1,1,1,1,1
"PTHR22820_SF26",1,1,1,1,1,1,1,1,1,1,1,1,1,2,1,2,1,1,1,1,1,1,1,1,1,1,0,1,1,1,1,1,1,1,1,1,2,1,2,1,1,1,1,1,1
"PTHR22820_SF27",1,1,1,1,1,1,1,1,1,2,1,1,1,1,1,1,1,1,1,1,1,1,1,1,1,1,1,1,1,1,1,2,1,1,1,1,1,1,1,2,1,1,1,1,1
"PTHR22820_SF28",1,1,1,1,1,1,1,1,1,1,1,1,1,1,1,1,1,1,1,1,1,1,1,1,1,1,1,1,1,1,1,2,1,1,1,1,1,1,1,1,1,1,1,1,1
"PTHR22820_SF29",1,1,1,1,1,1,1,1,1,1,1,1,1,1,2,1,1,1,1,2,1,1,1,1,1,1,1,1,1,1,1,1,1,1,1,1,1,2,1,1,1,1,1,2,1
"PTHR22820_SF30",1,1,1,1,1,1,1,1,1,1,1,1,1,1,1,1,1,1,1,1,1,1,1,1,1,1,2,1,1,1,1,1,1,1,1,1,1,1,1,1,1,1,1,1,1
"PTHR22820_SF4",1,1,1,1,1,1,1,1,1,1,1,1,1,1,1,1,1,1,1,1,1,1,1,1,1,1,1,1,1,1,1,1,1,1,1,1,1,1,1,1,1,1,0,1,1
"PTHR22825_SF12",1,1,1,1,1,2,1,1,1,1,1,1,1,1,1,1,1,1,1,1,1,1,1,1,1,1,1,1,1,1,1,1,1,1,1,1,1,1,1,1,1,1,1,1,1
"PTHR22825_SF13",1,1,1,1,1,1,1,1,1,1,1,1,1,1,1,1,1,1,1,1,1,1,1,1,1,1,1,1,1,1,1,1,1,1,1,1,1,1,1,1,1,1,1,1,1
"PTHR22825_SF14",1,1,1,1,1,1,1,1,1,1,1,1,1,1,1,1,1,1,1,1,1,1,1,1,2,1,1,1,1,1,1,1,1,1,1,1,1,1,1,1,1,1,1,1,1
"PTHR22825_SF3",1,1,1,1,1,1,1,1,1,1,1,1,1,1,1,1,1,2,1,1,1,1,1,1,0,1,1,1,1,1,1,1,1,1,1,1,1,1,1,1,1,1,1,1,1
"PTHR22825_SF4",1,1,1,1,1,1,1,1,1,1,1,1,1,1,1,1,1,1,1,1,1,1,1,1,1,1,1,1,1,1,1,1,1,1,1,1,1,1,1,1,1,1,2,1,1
"PTHR22825_SF5",1,1,1,1,1,1,1,1,1,1,1,1,1,1,1,1,1,1,1,1,1,1,1,1,1,1,1,1,1,1,1,1,1,1,1,1,1,1,1,1,1,1,1,1,1
"PTHR22825_SF6",1,1,1,1,2,1,1,1,2,1,1,1,1,1,1,1,1,1,1,1,1,1,1,1,1,1,1,1,1,1,1,1,1,1,1,1,1,1,1,1,1,1,1,1,1
"PTHR22825_SF8",1,1,1,1,1,1,1,1,1,1,1,1,1,1,1,1,1,1,1,1,1,1,1,1,1,1,1,1,1,1,1,1,1,1,1,1,1,1,1,1,1,1,1,1,1
"PTHR22825_SF9",1,1,1,1,1,1,1,1,1,1,1,1,1,1,1,2,1,1,1,1,1,1,1,1,1,1,0,1,1,1,0,1,1,1,2,1,1,1,1,1,1,1,1,1,1
"PTHR22826_SF103",2,2,2,2,2,2,2,2,2,1,1,2,2,2,2,3,4,2,2,2,2,2,2,2,2,2,2,2,2,2,2,2,2,2,2,2,2,2,2,1,2,2,2,2,2
"PTHR22826_SF104",1,1,1,1,1,1,1,1,1,1,1,1,2,1,1,1,1,1,1,1,1,1,1,1,1,1,1,1,1,1,1,1,1,1,2,1,1,1,1,1,1,1,1,1,1
"PTHR22826_SF108",1,1,1,1,1,1,1,1,1,1,1,1,1,1,1,1,1,1,1,1,1,1,1,1,1,1,1,1,1,1,1,1,1,1,1,1,1,1,1,1,1,1,1,1,1
"PTHR22826_SF109",1,2,1,1,1,1,1,1,1,1,1,1,1,1,1,1,1,1,1,1,1,1,1,1,1,1,0,1,1,1,1,1,1,1,1,1,1,1,1,1,1,1,1,1,1
"PTHR22826_SF110",1,1,1,1,1,1,1,1,1,1,1,1,1,1,1,1,1,1,1,1,0,1,1,1,1,1,1,1,1,1,1,1,1,1,3,1,1,1,1,1,1,1,1,2,1
"PTHR22826_SF111",1,1,1,1,1,1,1,1,1,1,1,1,1,1,1,1,1,0,1,1,1,1,1,1,1,1,1,1,1,1,1,1,1,1,1,1,1,1,1,1,1,1,1,1,1
"PTHR22826_SF112",2,1,1,2,1,1,1,1,0,1,1,1,1,1,1,1,1,1,1,1,1,1,1,1,1,1,1,1,1,1,1,1,1,1,1,1,1,1,1,1,1,1,1,1,1
"PTHR22826_SF114",1,1,1,1,1,1,1,1,1,1,1,1,1,1,1,1,1,1,1,1,1,1,1,1,1,1,1,1,1,1,1,1,1,1,1,1,1,1,1,1,1,1,1,1,1
"PTHR22826_SF115",1,1,1,1,1,1,2,1,1,1,1,1,1,1,1,1,1,1,1,1,1,1,1,1,1,1,1,1,1,1,0,1,1,1,2,1,1,1,2,1,1,1,1,2,1
"PTHR22826_SF116",1,1,2,1,2,1,2,2,1,2,2,4,1,1,1,2,1,2,2,0,2,2,2,1,2,1,2,1,1,1,2,1,1,2,1,2,1,2,1,1,2,1,1,1,2
"PTHR22826_SF117",1,1,1,1,1,1,1,1,1,1,1,1,1,1,1,2,1,1,1,1,1,1,1,1,1,1,1,2,1,1,1,1,1,1,1,1,1,1,1,1,1,1,1,1,1
"PTHR22826_SF118",1,1,1,1,1,1,1,1,1,1,2,1,1,1,1,1,1,1,1,1,1,1,1,1,1,1,1,1,1,1,1,1,1,1,1,1,1,1,1,1,1,1,1,2,1
"PTHR22826_SF119",1,0,1,1,1,0,1,0,0,0,1,1,1,1,0,1,0,2,1,1,1,0,0,1,0,1,0,1,0,0,1,0,0,1,1,0,1,1,1,0,1,1,1,1,1
"PTHR22826_SF19",1,1,1,2,1,1,1,1,2,1,1,1,1,1,1,1,1,1,1,1,1,1,1,1,1,1,1,1,1,1,1,1,1,1,1,1,1,1,1,1,1,1,1,1,1
"PTHR22826_SF49",1,2,1,1,1,1,1,1,1,1,2,1,1,1,1,1,1,1,1,1,1,2,1,1,1,1,4,1,1,1,1,1,1,1,2,1,1,2,1,1,1,2,1,1,2
"PTHR22826_SF88",2,2,1,1,1,1,1,1,1,1,2,1,1,1,1,1,1,1,1,0,1,1,1,1,1,1,2,1,1,1,1,1,1,1,1,1,1,1,1,1,1,1,1,1,1
"PTHR22826_SF89",1,1,1,1,1,1,1,1,0,1,1,1,1,1,1,2,1,1,1,1,1,1,0,1,0,1,0,1,1,1,1,0,1,1,1,0,1,1,1,0,1,1,1,1,1
"PTHR22826_SF90",1,1,1,1,1,1,1,1,1,1,1,1,1,1,1,1,1,1,1,1,1,1,1,1,1,1,1,1,1,1,1,1,1,1,1,1,1,1,1,1,1,1,1,1,1
"PTHR22826_SF92",1,2,1,1,1,1,1,1,1,1,1,1,1,1,1,1,1,1,1,1,1,1,1,1,1,1,1,1,1,1,1,1,1,1,1,1,1,1,1,1,1,1,1,1,1
"PTHR22826_SF94",1,1,1,1,1,2,1,1,1,1,1,1,1,1,1,1,1,1,1,1,1,1,1,1,1,1,1,1,1,1,0,1,1,1,1,1,1,1,1,1,1,1,1,2,1
"PTHR22826_SF95",1,1,1,1,1,1,1,1,1,1,1,1,1,1,1,1,1,1,1,0,1,1,1,1,1,1,1,1,1,1,0,1,1,1,1,1,1,1,1,1,1,1,1,2,1
"PTHR22826_SF96",1,1,1,1,1,1,0,1,1,1,1,1,1,1,1,1,0,1,1,0,1,1,1,1,1,1,1,1,1,1,0,1,1,1,1,1,1,1,2,1,1,1,1,1,1
"PTHR22826_SF97",1,1,1,1,1,1,1,1,1,1,1,1,1,1,1,1,1,1,1,2,1,1,1,1,1,1,2,1,1,1,1,1,1,1,1,1,1,1,1,1,1,1,1,1,1
"PTHR22829_SF1",1,1,1,1,1,1,1,1,1,1,1,1,1,1,1,1,1,1,1,1,1,1,1,1,2,5,1,1,1,1,1,1,1,1,1,1,1,1,1,1,1,1,1,2,1
"PTHR22829_SF18",1,1,1,1,1,1,1,1,1,1,1,1,1,1,1,1,1,1,1,1,1,1,1,1,0,1,1,1,1,1,1,1,1,1,1,1,1,1,1,1,1,1,1,1,1
"PTHR22829_SF5",1,1,1,1,1,1,1,1,1,1,1,1,1,1,1,1,1,1,1,1,1,1,1,1,1,1,2,1,1,1,1,1,1,1,1,1,1,1,1,1,1,1,1,1,1
"PTHR22829_SF6",1,1,1,1,1,1,1,1,1,1,1,1,1,1,1,1,1,1,1,1,1,1,1,1,1,1,1,1,1,1,1,1,1,1,1,0,1,1,1,1,1,1,1,2,1
"PTHR22834",4,3,4,4,3,3,3,3,4,3,3,3,4,4,4,3,3,4,3,4,3,4,3,3,3,3,3,4,4,3,3,4,3,3,3,3,4,4,4,4,4,3,3,4,3
"PTHR22835_SF104",1,1,1,2,1,1,1,1,1,1,1,1,1,1,2,1,1,1,1,1,1,1,1,1,1,1,1,2,1,1,1,1,1,1,2,1,1,1,1,2,1,1,1,1,1
"PTHR22835_SF106",1,1,1,1,1,1,1,1,1,1,1,1,1,1,1,1,1,1,1,1,1,1,1,1,1,1,1,1,1,1,1,1,1,1,1,1,1,1,1,1,1,1,0,1,1
"PTHR22835_SF107",1,1,1,1,1,1,1,1,1,1,1,1,1,1,1,1,1,1,1,0,1,1,1,1,1,1,1,1,1,1,0,2,1,1,1,1,1,1,1,1,1,1,1,1,1
"PTHR22835_SF115",1,1,1,1,1,1,1,1,1,1,1,1,1,1,1,1,1,2,1,1,1,1,1,1,1,1,2,1,1,1,1,1,1,1,1,1,1,1,1,1,1,1,1,1,1
"PTHR22835_SF124",1,1,1,1,1,1,1,1,1,1,1,1,1,1,1,1,1,1,1,1,1,1,1,1,1,0,0,1,1,1,1,1,1,1,1,1,1,1,1,1,1,1,1,1,1
"PTHR22835_SF132",1,1,1,1,1,1,1,1,1,1,1,1,1,1,1,1,1,1,1,1,1,1,1,1,1,1,1,1,1,1,1,1,1,1,1,1,1,1,1,1,1,1,1,1,1
"PTHR22835_SF136",1,1,1,1,0,1,1,1,1,1,1,1,1,1,3,1,1,1,1,1,1,1,1,1,1,1,1,1,1,1,0,2,1,1,1,1,1,1,1,1,1,1,1,0,1
"PTHR22835_SF140",1,1,1,2,1,1,1,1,1,1,1,1,1,1,1,1,1,1,2,0,1,1,1,1,1,1,1,1,2,2,1,1,1,1,1,1,1,1,1,1,1,1,1,1,1
"PTHR22835_SF151",1,1,1,1,1,1,1,1,1,1,1,1,1,1,1,1,1,1,1,1,1,1,1,1,1,1,1,1,1,1,1,1,1,1,1,1,1,1,1,1,1,1,1,1,1
"PTHR22835_SF37",1,2,2,1,1,1,1,1,1,1,1,1,1,2,1,1,1,2,1,1,1,2,1,1,1,1,1,1,1,1,1,1,1,2,1,1,2,1,2,1,1,1,1,1,1
"PTHR22835_SF38",1,1,1,1,1,1,1,1,1,1,1,1,1,1,1,1,1,1,1,1,1,1,1,1,1,1,1,1,1,1,1,1,1,1,1,1,1,1,1,1,1,1,1,1,1
"PTHR22835_SF55",1,1,1,1,1,1,1,1,1,1,1,1,1,1,1,1,1,1,1,1,1,1,1,1,1,1,1,0,1,1,1,1,0,1,1,1,1,1,1,1,1,1,1,1,1
"PTHR22835_SF84",1,1,1,1,1,1,1,1,1,1,1,1,1,1,1,2,1,1,1,1,1,1,1,1,1,1,1,1,1,2,1,1,1,1,1,1,1,1,1,1,1,1,1,1,1
"PTHR22836",1,1,1,1,1,1,1,1,1,1,1,1,1,1,2,1,1,1,1,1,2,1,1,1,1,1,2,1,1,1,1,1,1,1,1,1,1,1,1,1,1,1,1,1,1
"PTHR22837",2,1,1,2,1,1,2,1,1,2,1,1,1,1,4,1,1,1,1,1,1,1,1,1,2,1,1,1,1,1,1,2,1,1,1,1,1,1,1,1,3,1,1,2,1
"PTHR22838",2,2,2,2,2,2,2,2,2,2,2,2,2,2,2,2,2,2,2,2,2,2,2,2,2,2,2,2,2,2,2,2,2,2,2,2,2,2,2,2,2,2,2,3,2
"PTHR22840_SF2",1,2,3,2,2,2,2,2,2,3,2,5,2,3,6,2,2,2,2,1,2,2,2,2,2,1,2,3,2,1,2,3,2,2,2,3,3,2,3,1,2,2,2,2,1
"PTHR22840_SF8",1,1,1,1,1,1,1,1,1,1,1,1,1,1,1,1,1,1,1,3,1,1,1,1,1,1,1,1,1,1,0,1,1,1,1,1,1,1,1,1,1,1,1,1,1
"PTHR22841",2,2,2,2,5,4,2,2,2,3,2,2,2,2,2,3,2,2,2,2,2,2,2,2,2,2,2,2,3,3,2,3,2,2,2,2,2,2,2,2,2,2,2,2,5
"PTHR22842",1,1,1,1,1,1,2,1,1,2,1,1,1,1,1,1,1,1,1,1,1,1,1,1,1,1,1,1,1,1,1,1,1,1,1,1,1,1,1,1,1,1,1,1,1
"PTHR22844_SF113",1,0,1,2,1,0,3,0,0,1,0,0,1,1,0,1,0,1,1,1,1,1,14,1,0,1,1,1,1,0,1,0,1,1,0,1,1,1,1,1,1,0,0,0,1
"PTHR22844_SF115",1,1,1,1,1,1,1,1,1,1,1,1,1,2,1,1,1,0,1,1,1,1,1,1,1,1,1,1,1,1,1,0,1,1,1,1,1,1,1,1,1,1,1,1,1
"PTHR22844_SF116",1,1,1,1,1,1,1,1,1,1,1,1,1,1,1,1,1,1,1,1,1,1,1,1,1,1,1,1,1,1,1,1,1,1,1,2,1,1,1,1,1,1,1,1,1
"PTHR22844_SF123",1,1,1,2,1,1,1,1,1,1,1,1,1,1,2,1,1,1,1,1,1,2,1,2,1,1,1,1,1,1,1,1,1,1,1,1,1,1,1,1,1,1,1,1,1
"PTHR22844_SF132",1,1,1,1,1,1,1,1,0,1,0,1,1,1,1,1,1,2,1,1,1,1,1,1,1,1,1,1,1,1,1,1,1,2,1,1,1,1,1,1,1,1,1,1,1
"PTHR22844_SF138",1,1,1,1,1,1,1,1,1,1,1,1,1,1,1,1,1,1,1,1,1,1,1,1,1,1,2,1,1,1,2,1,1,1,1,1,1,1,1,1,1,1,1,2,1
"PTHR22844_SF143",1,1,1,1,1,1,1,1,1,1,1,1,1,1,1,1,1,1,1,1,1,1,1,1,1,1,1,1,2,1,1,1,1,1,1,1,1,1,1,1,1,1,1,1,1
"PTHR22844_SF150",1,1,1,1,1,1,1,1,1,1,1,1,1,1,1,1,1,1,1,1,1,1,1,1,1,1,2,1,1,1,1,1,1,1,1,1,1,1,1,2,1,1,1,1,1
"PTHR22844_SF157",1,1,1,1,1,1,1,1,1,1,1,1,1,1,1,1,1,1,1,1,1,1,1,1,1,1,1,1,1,1,1,1,1,1,1,1,1,1,1,1,1,1,1,1,1
"PTHR22844_SF164",1,1,1,1,1,1,1,1,1,1,1,1,1,1,1,1,3,1,1,1,1,1,1,1,1,1,1,1,1,1,0,1,1,1,1,1,1,1,1,1,1,1,1,1,1
"PTHR22844_SF166",1,1,1,1,1,1,1,1,1,1,1,1,1,1,1,1,1,1,1,1,1,1,1,1,1,1,1,1,1,1,1,1,1,1,1,1,1,1,2,1,1,1,1,1,1
"PTHR22844_SF168",1,3,1,0,2,3,1,1,1,1,1,1,1,1,1,1,1,1,1,1,1,1,1,1,1,1,0,1,1,2,1,1,1,1,1,1,1,1,1,1,1,1,1,1,1
"PTHR22844_SF169",1,1,0,0,1,1,0,0,1,1,0,0,1,0,1,0,1,1,0,1,0,1,1,0,0,1,1,0,1,1,0,1,1,0,1,1,0,1,0,1,0,1,0,1,1
"PTHR22844_SF170",1,1,0,0,1,0,0,1,0,1,1,1,1,0,0,0,1,0,0,0,0,0,1,0,1,2,0,0,1,1,0,1,0,0,1,1,0,1,0,1,0,1,0,1,1
"PTHR22844_SF175",1,1,1,1,1,1,1,1,1,1,1,1,1,1,1,1,1,1,1,1,1,1,0,1,0,1,0,1,1,1,1,1,1,1,1,0,1,1,1,0,1,1,1,1,1
"PTHR22844_SF3",1,1,1,1,1,1,1,1,1,0,1,1,1,1,1,1,1,1,1,1,1,1,1,1,1,1,1,1,1,1,0,1,1,1,1,1,1,1,1,1,1,1,1,1,1
"PTHR22845_SF1",1,1,1,1,1,1,1,1,1,1,1,1,1,1,1,1,1,1,1,1,1,2,1,1,1,1,2,1,1,1,1,1,1,1,1,1,1,1,1,1,1,1,1,1,1
"PTHR22846",2,2,2,2,2,2,2,2,2,3,3,2,2,2,6,3,2,2,2,3,3,2,2,2,2,2,2,2,2,2,1,2,2,3,2,3,2,2,3,2,2,3,2,2,2
"PTHR22847_SF273",1,1,1,1,1,1,1,1,1,2,1,1,1,1,1,1,1,1,1,1,1,1,1,1,1,1,1,1,1,1,0,1,1,1,1,1,1,1,2,1,1,1,1,1,1
"PTHR22847_SF308",2,2,2,2,2,2,2,2,3,2,2,1,2,3,2,2,2,2,3,2,2,2,2,3,1,2,2,2,2,2,1,3,2,3,2,2,3,2,3,2,2,1,2,6,1
"PTHR22847_SF313",1,2,1,1,1,1,2,1,1,1,1,1,1,1,0,2,1,1,1,1,1,1,1,1,1,1,2,1,2,1,1,1,1,1,1,1,1,1,1,1,1,1,1,2,2
"PTHR22847_SF314",1,1,1,1,1,1,1,1,1,1,1,1,1,1,1,2,1,1,1,1,1,1,1,1,1,1,1,1,1,1,1,1,1,1,1,1,1,1,1,1,1,1,1,1,1
"PTHR22847_SF318",1,1,1,1,1,1,1,1,1,1,1,1,1,1,1,1,1,1,1,1,1,1,1,1,1,1,1,1,1,1,1,1,1,1,1,1,1,1,1,1,1,1,1,1,2
"PTHR22847_SF319",1,1,1,1,1,1,1,1,1,1,1,1,1,1,1,1,1,1,1,1,1,1,1,1,1,1,1,1,1,1,1,1,1,1,1,1,1,1,1,1,1,1,1,1,1
"PTHR22847_SF326",1,1,1,1,1,1,1,1,1,1,0,1,1,2,1,1,1,1,1,1,1,1,1,1,1,1,1,1,1,1,1,1,1,1,1,1,0,1,1,1,1,1,1,1,1
"PTHR22847_SF330",1,1,1,2,1,1,2,1,1,1,1,1,1,2,2,1,1,1,1,2,1,1,2,2,1,1,1,2,1,1,1,1,2,2,1,1,1,1,1,1,1,1,1,1,1
"PTHR22847_SF333",1,1,1,1,1,1,1,1,1,1,1,1,1,1,1,1,0,1,1,1,1,1,1,1,1,1,1,1,1,1,1,1,1,1,1,1,1,1,1,1,1,1,1,1,1
"PTHR22847_SF334",1,1,2,1,1,1,1,0,0,1,1,1,1,1,0,1,1,1,1,1,1,1,1,1,1,1,1,1,1,1,1,0,1,1,0,1,1,1,1,2,1,1,1,2,1
"PTHR22847_SF344",1,1,1,1,1,1,1,1,1,1,1,1,1,1,1,1,1,1,1,1,1,1,1,1,1,1,1,1,1,1,1,1,1,1,1,1,1,1,1,1,1,1,1,1,1
"PTHR22847_SF345",1,1,1,1,1,1,2,1,1,1,1,1,1,1,1,2,1,1,1,1,1,1,1,1,1,1,1,1,1,1,1,1,3,1,1,1,1,1,1,1,1,1,1,1,1
"PTHR22847_SF359",1,1,1,1,1,1,1,1,1,1,1,1,1,1,1,1,1,1,1,1,1,1,1,1,1,1,1,1,1,1,1,1,1,1,1,1,1,1,1,1,1,1,1,1,1
"PTHR22847_SF362",1,0,1,1,1,1,1,1,1,1,1,1,1,1,1,1,1,1,1,1,1,1,1,1,1,1,1,1,1,1,1,1,1,1,0,1,1,1,1,2,1,1,1,1,1
"PTHR22847_SF365",1,1,1,2,1,1,1,1,1,1,1,1,1,1,1,1,1,1,1,1,1,1,1,1,1,1,1,1,1,1,1,1,1,1,1,1,1,1,1,1,1,1,1,1,1
"PTHR22847_SF368",1,1,2,1,1,1,2,1,1,1,1,1,1,1,1,2,1,1,2,1,2,1,1,2,1,1,1,2,1,1,1,0,1,2,0,1,1,1,1,1,1,1,1,0,1
"PTHR22847_SF380",1,1,1,1,1,1,1,1,1,1,1,1,1,1,2,1,1,1,1,1,1,1,1,1,1,1,1,1,1,1,1,1,1,1,1,1,1,1,1,1,1,1,1,1,1
"PTHR22847_SF390",1,1,2,1,1,1,1,1,1,1,1,1,1,1,2,1,1,1,1,1,1,1,1,2,1,1,1,1,1,1,1,1,1,1,1,1,1,1,1,1,2,1,1,1,1
"PTHR22847_SF391",1,1,1,1,1,0,1,0,0,1,1,1,1,1,0,1,0,1,1,1,0,1,1,1,0,1,0,1,1,1,1,0,1,1,1,0,1,1,1,1,1,1,1,2,1
"PTHR22847_SF399",1,0,1,1,1,1,1,1,1,1,0,1,1,1,1,1,1,1,1,1,1,1,1,0,1,1,1,0,1,1,0,1,1,1,2,1,1,1,1,1,0,1,1,3,1
"PTHR22847_SF402",1,1,1,1,1,1,1,1,1,1,1,1,1,1,1,1,1,1,1,1,1,1,1,1,1,1,1,1,1,1,1,1,1,1,1,1,1,1,1,1,1,1,1,1,1
"PTHR22847_SF406",1,1,1,1,1,1,1,1,1,1,1,1,1,1,1,1,1,1,1,1,1,1,1,1,1,1,1,1,1,1,1,1,1,1,1,1,1,1,1,1,1,1,1,1,1
"PTHR22847_SF48",1,1,1,2,1,1,1,1,1,1,1,1,1,1,1,1,1,1,1,1,1,1,1,1,1,1,3,1,1,1,1,1,1,1,1,1,1,1,1,1,1,1,1,1,1
"PTHR22847_SF50",1,1,1,1,1,1,1,1,1,1,1,1,1,1,1,1,1,1,1,1,1,1,1,1,1,1,3,1,1,1,1,0,1,1,1,2,1,1,1,2,1,1,1,1,1
"PTHR22848",2,1,1,1,1,1,1,1,1,1,1,1,1,2,1,1,1,1,1,3,1,1,1,1,1,1,0,2,1,1,1,2,1,1,1,1,2,1,2,1,1,1,1,1,1
"PTHR22849_SF0",1,1,1,1,1,1,1,1,1,1,1,1,1,1,1,1,1,1,1,1,1,1,1,1,1,1,1,1,1,1,1,1,1,1,1,1,1,1,1,1,1,1,1,2,1
"PTHR22850_SF102",1,1,1,1,1,1,1,1,1,1,1,1,1,1,2,1,1,1,1,1,1,1,1,1,1,1,1,1,1,1,1,1,1,1,1,1,1,1,1,1,1,1,1,1,1
"PTHR22850_SF6",1,1,1,1,1,1,1,1,0,1,1,1,1,1,1,1,1,1,1,1,1,1,1,1,0,1,1,1,1,1,1,1,1,1,1,1,2,1,1,1,1,1,1,1,1
"PTHR22850_SF65",1,1,1,1,1,1,1,1,1,1,1,1,1,1,1,1,1,1,1,1,1,1,1,1,1,1,1,1,1,1,0,1,1,1,1,1,1,1,1,1,1,1,1,1,1
"PTHR22850_SF82",1,1,1,3,1,1,1,2,1,1,1,1,1,1,1,2,1,1,2,1,1,3,1,4,1,1,1,1,2,1,2,1,1,3,1,2,2,1,1,1,2,2,1,1,1
"PTHR22850_SF89",1,1,1,1,1,1,1,1,1,1,1,1,1,1,1,1,1,1,1,1,1,1,1,1,1,1,1,1,1,1,1,1,1,1,1,1,1,1,1,1,1,1,1,1,1
"PTHR22850_SF90",2,2,4,5,2,4,1,2,4,6,2,1,1,5,9,1,1,1,7,1,3,2,1,6,4,2,2,6,2,3,2,6,1,6,2,3,6,1,6,2,5,1,1,2,1
"PTHR22850_SF95",1,1,1,1,1,1,1,1,1,2,1,1,1,1,1,1,1,1,1,1,1,1,1,1,1,1,1,1,1,1,1,1,1,1,2,1,1,1,1,2,2,1,1,1,1
"PTHR22850_SF96",1,1,0,1,1,1,1,1,1,1,1,1,1,1,1,1,1,1,1,1,1,1,1,1,1,1,1,1,1,1,1,1,1,1,1,1,1,1,1,1,1,1,1,1,1
"PTHR22850_SF98",1,1,1,1,1,1,1,1,1,1,1,1,1,1,1,1,1,1,1,1,1,1,1,1,1,1,1,1,1,1,1,2,1,1,1,1,1,1,1,1,1,1,1,1,1
"PTHR22850_SF99",1,1,1,1,1,1,1,1,1,1,1,1,1,1,1,1,1,1,1,2,1,1,1,1,1,1,1,1,1,1,1,1,1,1,1,1,1,1,1,1,1,1,1,1,1
"PTHR22851",1,1,2,1,1,1,1,1,1,1,1,1,1,1,1,1,1,1,2,1,2,1,2,3,1,3,1,2,2,1,1,1,1,3,1,1,1,1,1,1,1,1,1,1,1
"PTHR22852",1,1,1,1,1,1,1,1,1,1,1,1,1,1,1,1,1,1,1,1,1,1,1,1,1,1,1,1,1,1,1,1,1,1,1,1,1,1,1,1,1,1,1,1,1
"PTHR22855_SF13",1,1,1,1,1,1,1,1,1,1,1,1,2,1,1,3,1,1,1,1,1,1,1,1,1,1,2,1,1,1,1,1,1,1,1,1,1,2,1,1,1,1,1,1,1
"PTHR22855_SF14",1,1,1,2,1,1,1,1,1,1,1,1,1,1,1,1,1,1,1,1,1,1,1,1,1,1,1,1,1,1,1,1,1,1,1,1,1,1,1,1,1,1,1,1,1
"PTHR22870_SF11",1,1,1,1,1,1,1,1,1,1,1,1,1,1,1,1,1,1,1,1,1,1,1,1,1,1,1,1,1,1,1,1,1,1,1,1,1,1,2,1,1,1,1,1,1
"PTHR22870_SF12",1,1,1,1,1,1,1,1,1,1,1,1,1,1,1,1,1,1,1,1,1,1,1,1,1,1,1,1,1,1,1,1,1,1,1,1,1,1,1,1,1,1,1,1,1
"PTHR22870_SF122",1,1,1,1,1,1,1,1,1,1,1,1,1,1,1,1,1,1,1,1,1,1,1,1,1,1,1,1,1,1,1,1,1,1,1,2,1,1,1,1,1,1,1,1,1
"PTHR22870_SF123",1,1,1,2,1,1,1,1,1,1,1,1,1,1,1,1,1,1,2,1,1,1,1,2,1,1,1,1,1,1,2,1,1,2,1,1,1,1,1,1,3,1,1,1,1
"PTHR22870_SF129",1,1,2,1,1,1,1,1,1,1,1,1,1,1,1,1,1,1,1,1,2,1,1,1,1,1,2,1,1,1,1,0,1,0,2,1,1,1,2,1,1,1,1,1,1
"PTHR22870_SF133",2,1,1,1,1,1,1,1,1,1,1,1,1,1,3,1,1,1,1,1,1,1,1,1,1,1,1,1,1,1,1,1,1,1,1,1,1,1,1,1,1,1,1,1,1
"PTHR22870_SF146",1,1,1,1,1,1,1,1,1,1,2,1,1,1,1,2,1,1,1,1,1,2,1,1,1,1,1,2,1,1,1,2,1,1,1,1,1,1,1,1,1,1,1,1,1
"PTHR22870_SF153",1,1,1,1,0,1,2,1,1,1,1,1,1,1,1,1,1,1,1,0,1,1,1,1,1,1,2,1,1,1,1,1,1,1,1,1,1,1,1,1,1,1,1,1,1
"PTHR22870_SF156",1,2,1,1,1,1,1,1,1,1,1,1,1,1,1,1,1,1,1,1,1,1,1,1,1,1,2,1,1,1,1,1,1,1,1,1,1,1,1,1,2,1,1,1,1
"PTHR22872",1,1,1,1,1,1,1,1,1,1,1,1,1,1,1,2,1,1,1,1,1,1,1,1,1,1,1,1,1,1,1,1,1,1,1,1,1,1,1,1,1,1,1,1,1
"PTHR22874",2,1,1,1,1,1,2,1,1,1,1,1,1,1,1,1,1,2,1,1,1,1,1,1,1,1,1,1,1,1,1,1,1,1,1,1,1,1,1,1,1,1,1,1,1
"PTHR22875_SF4",1,4,1,1,1,4,1,1,0,1,1,1,1,1,0,1,1,1,1,1,1,0,1,1,1,1,1,1,1,2,1,1,1,1,1,1,1,1,1,1,1,1,0,0,1
"PTHR22875_SF7",1,1,1,1,1,1,1,1,1,1,1,1,1,1,1,1,1,1,1,1,1,1,1,1,1,1,1,1,1,1,1,1,1,1,1,3,1,1,1,1,1,1,1,2,1
"PTHR22875_SF9",1,1,1,1,1,1,1,1,1,1,1,1,1,1,1,1,1,1,1,1,1,1,1,1,1,1,1,2,1,1,1,1,1,1,1,1,1,1,1,1,1,1,1,1,1
"PTHR22876_SF5",1,2,1,1,1,1,1,1,1,1,1,1,1,1,5,1,1,1,1,1,1,2,1,1,2,1,2,1,1,1,1,4,1,1,1,2,1,1,1,1,1,1,1,1,1
"PTHR22879",1,2,2,4,2,1,12,3,1,23,2,2,3,6,1,7,1,8,3,11,4,2,2,3,1,1,2,6,1,2,6,1,3,4,1,2,2,1,6,2,3,2,4,1,2
"PTHR22880_SF116",1,1,1,1,1,1,1,1,2,1,1,1,1,1,5,1,1,1,1,1,1,1,1,1,1,2,1,2,1,1,2,2,1,1,1,0,1,1,1,1,1,1,1,1,1
"PTHR22880_SF123",1,1,1,1,1,1,1,1,1,1,1,1,1,1,1,1,1,1,1,1,1,1,1,1,1,1,1,1,1,1,1,1,1,1,1,1,1,1,1,1,1,1,1,1,1
"PTHR22880_SF124",1,1,1,1,1,1,1,1,1,1,1,1,1,1,1,1,1,1,1,1,1,1,1,1,1,1,1,1,1,1,1,1,1,1,1,1,1,1,1,1,1,1,1,1,1
"PTHR22880_SF126",2,2,4,4,3,2,5,3,3,1,4,3,4,3,3,9,3,3,4,3,3,3,3,3,2,2,3,3,3,2,2,3,3,3,3,2,3,4,3,2,4,3,2,3,3
"PTHR22880_SF133",1,2,1,2,2,1,2,2,2,1,2,2,2,2,2,2,2,1,2,2,2,1,2,2,2,2,1,2,1,2,1,2,1,2,1,1,2,1,2,1,2,2,2,1,2
"PTHR22880_SF141",1,1,1,1,1,1,1,1,1,1,1,1,1,1,2,2,1,1,1,2,1,1,1,1,1,1,1,1,2,1,1,1,1,1,1,1,1,1,1,1,1,1,1,1,1
"PTHR22880_SF143",1,2,1,1,1,1,1,0,0,2,1,1,1,1,1,1,0,0,1,0,2,1,1,1,0,0,1,1,1,0,1,0,0,1,1,1,1,2,1,1,1,1,0,1,1
"PTHR22880_SF144",1,1,1,1,1,2,1,1,1,1,1,1,1,1,1,1,1,1,1,1,1,1,1,1,1,1,1,1,1,1,1,1,1,1,1,1,1,1,1,1,1,1,1,2,1
"PTHR22880_SF145",1,1,1,1,1,1,1,1,1,1,1,1,1,1,1,1,1,1,1,1,1,1,1,1,1,1,1,1,1,1,1,1,1,1,1,1,1,1,1,1,1,1,1,1,1
"PTHR22880_SF5",1,1,1,1,1,1,1,1,1,2,1,1,1,1,1,1,1,1,1,1,1,1,1,1,3,1,1,1,1,1,1,1,1,1,1,1,1,1,2,1,1,1,1,1,1
"PTHR22880_SF60",1,1,1,1,1,1,1,1,1,1,1,1,1,1,1,1,1,2,1,1,1,1,1,1,1,1,1,1,1,1,1,1,1,1,1,1,1,1,1,1,1,1,1,1,1
"PTHR22881",3,3,4,6,3,3,2,3,3,3,3,3,3,4,4,3,3,4,3,6,3,3,3,3,3,2,4,3,3,3,3,4,3,3,3,3,3,3,5,3,4,3,3,4,3
"PTHR22882",1,1,1,1,1,1,1,1,1,1,1,1,1,1,1,1,1,1,1,1,1,1,1,1,1,1,1,1,1,1,1,1,1,1,1,1,1,1,1,1,1,0,1,1,1
"PTHR22883_SF11",1,1,1,1,1,1,1,1,1,1,1,1,1,1,2,1,1,1,1,1,1,1,1,1,1,1,1,1,1,1,1,1,1,1,1,1,1,1,1,1,1,1,1,1,1
"PTHR22883_SF12",1,1,1,1,1,1,1,1,1,1,1,1,1,1,1,1,1,1,1,1,1,1,1,1,1,1,1,1,1,1,1,1,1,1,1,1,1,1,1,1,1,1,1,3,1
"PTHR22883_SF14",2,2,3,2,4,2,2,2,2,2,2,3,2,3,3,2,2,2,2,2,2,2,2,2,2,2,2,2,2,2,2,2,2,2,1,2,2,2,2,2,2,2,2,1,2
"PTHR22883_SF17",1,1,1,1,1,1,1,1,1,1,1,1,1,1,1,1,1,1,1,1,1,1,1,1,1,1,2,1,1,1,1,1,1,1,1,1,1,1,1,1,1,1,1,1,1
"PTHR22883_SF22",1,1,1,1,1,0,0,1,1,0,1,1,3,2,1,3,1,3,1,1,0,0,1,2,1,1,1,1,1,1,1,1,1,2,1,1,1,1,2,1,1,1,0,1,1
"PTHR22883_SF24",1,1,1,1,1,1,1,1,1,1,1,1,1,1,1,1,1,1,1,1,1,1,1,1,1,1,1,1,1,1,1,1,1,1,1,1,1,1,1,1,1,1,1,1,1
"PTHR22883_SF28",1,1,1,1,1,1,1,1,1,1,1,1,1,1,1,1,1,1,1,1,1,1,1,1,1,1,0,1,1,1,1,1,1,1,1,1,1,1,1,1,1,1,1,2,1
"PTHR22883_SF31",1,1,0,0,1,0,0,0,0,0,0,0,0,0,0,0,1,1,0,0,0,0,1,0,0,0,0,0,0,0,0,0,0,0,0,1,0,0,0,1,0,1,0,0,0
"PTHR22883_SF33",1,1,1,1,1,1,1,1,1,1,1,1,1,1,1,1,1,1,1,1,1,1,1,1,1,1,1,1,1,1,0,1,1,1,0,1,1,1,1,1,1,1,1,1,1
"PTHR22883_SF35",1,1,1,2,2,1,2,1,1,1,1,1,1,1,1,1,1,1,1,1,1,1,1,1,1,1,1,1,1,1,1,1,1,1,1,1,1,1,1,1,2,1,1,1,1
"PTHR22883_SF37",1,1,1,1,1,1,2,1,1,1,1,1,1,1,2,1,1,1,1,1,1,1,1,1,1,1,1,1,0,1,1,1,1,1,1,1,1,1,1,1,1,1,1,1,1
"PTHR22883_SF47",1,1,1,1,1,1,1,1,1,1,1,1,1,1,1,1,1,1,1,2,1,1,1,1,1,1,1,1,1,1,1,1,1,1,1,2,1,1,1,1,1,1,1,1,1
"PTHR22883_SF49",1,1,1,1,1,1,1,1,1,1,1,1,1,1,1,1,1,1,1,1,1,1,1,1,1,1,1,1,1,1,0,1,1,2,1,1,1,1,1,1,2,1,1,1,1
"PTHR22883_SF52",1,2,1,1,1,1,1,1,1,1,1,1,1,1,1,1,1,1,1,1,1,2,1,1,1,1,1,1,1,1,1,1,1,1,1,1,1,1,1,1,1,1,1,1,1
"PTHR22883_SF6",1,1,1,1,1,1,1,1,1,1,0,1,1,1,1,1,1,1,1,1,1,1,1,1,1,1,1,1,1,1,1,1,1,1,2,1,1,1,1,1,1,1,1,2,1
"PTHR22883_SF7",1,1,1,1,1,1,0,1,1,1,1,4,1,1,1,1,0,1,1,1,1,1,1,1,1,1,2,1,1,1,1,1,1,1,1,1,1,1,1,1,1,1,1,1,1
"PTHR22883_SF8",1,1,1,1,1,1,1,1,1,1,1,1,1,1,1,1,1,1,1,1,1,1,1,1,1,1,1,1,1,1,1,1,1,1,1,1,1,1,1,1,1,1,1,1,1
"PTHR22884_SF280",1,1,1,1,1,1,1,1,1,1,1,1,1,1,1,1,1,1,1,1,1,1,1,1,1,1,0,1,1,1,1,1,1,1,0,1,1,1,1,1,1,1,1,0,0
"PTHR22884_SF284",1,1,2,1,1,2,1,1,1,2,1,1,1,1,1,1,1,1,2,1,1,2,1,2,1,1,1,1,1,1,1,1,1,1,1,1,1,1,1,1,1,1,1,1,1
"PTHR22884_SF287",1,1,1,1,1,1,2,1,1,1,1,1,1,1,1,1,1,1,1,1,1,1,1,1,2,1,1,1,1,2,1,0,1,1,1,1,1,1,2,1,1,1,1,1,1
"PTHR22884_SF290",1,1,1,1,1,1,1,1,2,1,2,1,1,1,1,1,1,1,1,1,1,1,1,1,1,1,3,1,1,1,1,2,1,1,1,1,1,1,1,1,1,1,1,1,1
"PTHR22884_SF292",1,1,1,1,1,1,1,1,1,1,1,1,1,1,1,1,1,1,1,1,1,1,1,1,1,1,1,1,1,1,1,1,1,1,1,1,1,1,1,1,1,1,1,1,1
"PTHR22884_SF293",1,1,1,1,1,1,1,1,1,1,2,1,1,1,1,1,1,1,1,1,1,1,1,1,1,1,1,1,1,1,2,1,1,1,1,1,1,2,1,1,1,1,1,1,1
"PTHR22884_SF294",1,1,1,1,1,1,1,1,1,1,1,1,1,1,1,1,1,1,1,1,1,1,1,1,1,1,1,1,1,1,1,1,1,1,2,1,1,1,1,1,1,1,1,1,1
"PTHR22884_SF295",1,0,1,0,0,0,0,1,0,1,1,0,0,1,1,0,0,1,0,1,1,0,2,1,0,1,0,1,1,1,0,1,1,0,1,0,1,0,0,0,0,0,0,1,1
"PTHR22884_SF296",1,2,1,2,2,2,2,2,2,1,1,2,3,1,1,2,2,2,2,0,2,2,1,1,2,1,3,1,1,1,1,1,2,2,1,2,1,2,2,2,2,2,2,1,2
"PTHR22884_SF301",2,1,1,1,1,1,1,1,1,1,2,1,1,1,2,1,1,1,2,2,1,1,1,1,2,1,1,1,1,1,1,1,1,2,1,2,1,1,1,1,1,1,1,1,1
"PTHR22884_SF302",1,1,1,1,1,1,1,1,1,1,1,1,1,1,1,2,1,1,1,1,1,1,1,1,1,1,1,1,1,1,0,1,1,1,1,1,1,1,1,1,1,1,1,1,1
"PTHR22884_SF305",1,1,1,1,1,1,1,1,1,1,1,1,1,1,1,1,1,2,1,1,1,1,1,1,1,1,2,1,1,1,1,1,2,1,1,1,1,1,2,1,1,1,1,1,1
"PTHR22884_SF306",1,1,1,1,1,1,1,1,1,2,1,1,1,1,1,7,1,1,1,1,1,1,1,1,1,1,1,1,1,1,3,1,2,1,1,1,1,1,1,1,1,1,1,2,1
"PTHR22884_SF311",1,1,1,1,1,1,1,1,1,2,1,1,1,1,1,1,1,1,1,1,1,1,1,1,1,1,1,1,1,1,1,1,1,1,1,1,1,1,1,1,1,1,1,1,1
"PTHR22884_SF312",1,1,1,1,1,1,1,1,1,1,1,1,1,1,1,1,1,1,1,1,1,1,1,1,1,1,1,1,1,1,1,2,2,1,1,1,1,1,1,1,1,1,1,1,2
"PTHR22884_SF314",1,1,1,2,1,1,1,1,1,1,1,1,1,1,3,1,1,1,1,1,1,1,1,1,1,1,1,1,1,1,1,2,1,1,1,1,1,1,1,1,1,1,1,1,1
"PTHR22884_SF316",1,1,1,1,1,1,1,1,1,1,0,1,1,1,1,1,1,1,1,1,1,1,1,1,1,1,1,1,1,1,1,1,1,1,1,1,1,1,2,1,1,1,1,1,1
"PTHR22884_SF323",1,1,1,1,1,1,1,1,1,1,1,1,1,1,1,1,1,1,1,1,1,1,1,1,1,1,1,1,1,1,1,1,1,1,0,1,1,1,1,1,1,1,1,2,1
"PTHR22884_SF324",1,1,1,1,1,1,2,1,1,1,2,1,1,1,1,1,1,1,1,1,1,1,1,1,2,1,0,1,1,1,1,2,1,1,0,2,1,0,1,1,1,1,1,5,0
"PTHR22884_SF325",1,1,0,0,1,1,0,1,1,1,1,1,1,1,1,1,1,1,0,1,0,1,1,0,1,1,1,1,1,1,1,1,1,0,1,1,1,1,1,1,0,1,0,1,1
"PTHR22888",1,1,0,0,1,1,0,1,1,1,0,1,1,1,1,1,1,1,1,0,0,1,1,0,1,0,1,0,1,1,1,0,0,0,1,0,1,1,1,1,1,1,1,1,0
"PTHR22889",1,1,0,0,1,1,1,1,1,1,1,1,1,1,1,1,1,1,1,2,1,0,1,1,1,1,1,2,1,1,2,0,1,1,1,1,1,1,1,1,0,1,1,1,1
"PTHR22890",1,1,1,3,1,1,2,1,1,1,1,1,1,1,1,1,1,0,1,4,1,1,1,1,1,0,1,0,1,1,0,3,0,1,1,1,1,1,1,1,1,1,0,1,1
"PTHR22891_SF17",1,1,1,1,1,2,1,1,1,1,1,1,1,1,1,1,1,1,1,1,1,1,1,1,1,1,2,1,1,1,1,1,1,1,1,1,1,1,1,1,1,1,1,1,1
"PTHR22891_SF18",1,1,1,1,1,1,1,1,1,1,1,1,1,1,1,1,1,1,1,2,1,1,1,1,1,1,1,1,1,1,1,1,1,1,1,1,1,1,1,1,1,1,1,1,1
"PTHR22891_SF26",1,1,1,1,1,1,1,1,1,1,1,1,1,1,1,1,1,1,1,1,1,1,1,1,1,1,3,1,1,1,1,1,2,1,1,2,1,1,1,1,1,1,1,1,2
"PTHR22891_SF3",1,1,1,1,1,1,1,1,1,1,1,1,1,1,1,1,1,1,2,1,1,1,1,2,1,1,4,1,2,1,1,1,1,2,1,1,1,1,1,1,1,1,1,1,1
"PTHR22892",4,4,4,4,4,4,4,3,4,3,4,4,5,4,3,5,3,3,4,2,4,4,3,4,3,4,3,4,4,4,4,3,3,4,4,3,4,4,4,3,4,4,3,3,3
"PTHR22894",1,1,1,1,1,1,1,1,1,1,1,1,1,1,1,1,1,1,1,1,1,1,2,1,1,0,1,1,1,1,1,1,1,1,3,1,1,1,1,1,1,1,1,2,1
"PTHR22895_SF0",1,1,1,1,1,1,1,1,1,1,1,1,1,1,1,1,1,1,1,2,1,1,1,1,1,0,1,1,1,1,1,1,1,1,1,1,1,1,1,1,2,1,1,1,1
"PTHR22896",2,2,2,2,2,2,2,2,2,2,2,2,2,2,3,2,2,2,2,3,2,3,2,2,2,2,2,2,2,2,1,2,2,2,2,2,2,2,2,2,2,2,2,3,2
"PTHR22897_SF6",1,1,1,1,1,1,1,1,1,1,1,1,1,1,1,1,1,1,1,1,1,1,1,1,1,1,1,1,1,1,1,1,1,1,1,1,1,1,1,1,1,1,1,1,1
"PTHR22897_SF7",1,1,1,1,1,1,1,1,1,1,1,1,1,1,1,1,1,1,1,1,1,1,1,1,1,1,1,1,1,2,0,1,1,1,1,1,1,1,1,1,1,1,1,1,1
"PTHR22901",1,1,1,1,1,1,1,1,1,1,1,1,1,1,1,1,1,1,1,1,1,1,1,1,1,1,1,1,1,1,1,1,1,1,1,1,1,1,1,1,1,1,1,1,1
"PTHR22902_SF12",1,1,0,0,0,1,1,1,1,1,1,1,1,1,1,1,0,1,0,1,1,0,1,0,1,1,1,1,1,0,1,1,1,0,1,1,1,1,1,1,0,1,1,0,1
"PTHR22902_SF13",1,0,0,0,1,0,0,0,0,1,0,0,0,0,0,0,0,0,0,0,0,0,0,0,0,0,0,0,0,1,0,0,0,0,0,0,0,0,0,0,0,0,0,0,0
"PTHR22902_SF14",1,0,1,1,0,1,1,0,1,0,1,1,1,1,1,1,0,1,1,1,0,0,1,1,1,0,1,0,0,0,0,0,1,1,1,1,1,1,1,1,1,1,0,0,1
"PTHR22903_SF3",1,1,1,1,1,1,1,1,1,1,1,1,1,1,1,1,1,1,1,1,1,1,1,1,1,1,1,1,1,1,1,1,1,1,1,1,1,1,1,1,1,1,1,1,1
"PTHR22903_SF4",1,1,1,1,1,1,1,1,1,1,1,1,1,1,1,1,1,1,1,1,1,1,1,1,1,1,1,1,1,1,1,1,1,1,1,1,1,1,1,1,1,1,1,1,1
"PTHR22904_SF178",1,1,1,1,1,1,1,1,1,1,1,1,1,1,1,1,1,1,1,1,1,1,1,1,1,1,2,1,1,1,1,1,1,1,1,1,1,1,1,1,1,1,1,1,1
"PTHR22904_SF275",1,1,1,1,1,1,1,1,1,1,1,1,1,1,1,1,1,1,1,2,1,1,1,1,1,1,2,1,1,1,1,1,1,1,1,1,1,1,1,1,1,1,1,1,1
"PTHR22904_SF277",1,1,1,1,1,1,1,1,1,1,1,1,1,1,1,1,1,1,1,1,1,2,2,1,1,1,1,1,1,1,1,1,1,1,1,1,1,1,1,1,1,1,1,1,1
"PTHR22904_SF281",1,1,1,1,1,1,3,1,1,1,1,1,1,1,6,1,1,1,2,1,1,1,1,1,1,1,1,1,1,1,1,3,2,2,1,3,2,1,2,1,1,1,0,1,2
"PTHR22904_SF283",1,1,1,1,1,1,1,1,1,1,1,1,1,1,1,1,1,1,1,1,1,1,1,1,1,1,0,1,1,1,1,1,1,1,1,1,1,1,1,1,1,1,1,1,1
"PTHR22904_SF286",1,1,1,1,1,1,1,1,1,5,1,1,1,1,1,1,1,1,1,1,1,2,1,1,1,1,1,1,1,1,1,1,1,1,1,1,1,1,1,1,1,1,1,1,1
"PTHR22904_SF290",1,1,1,1,1,1,1,2,1,1,1,1,1,1,1,1,1,1,1,1,1,1,1,1,1,1,1,1,1,1,1,2,1,1,1,1,1,1,1,1,1,1,1,1,1
"PTHR22904_SF292",1,1,1,1,1,1,1,1,1,1,1,1,1,1,1,1,1,1,1,2,1,1,1,1,1,1,1,1,1,1,1,1,1,1,1,1,1,1,1,1,1,1,1,1,1
"PTHR22904_SF296",1,3,2,3,1,3,1,1,1,1,1,1,1,2,2,1,1,1,2,1,1,3,1,2,1,1,1,2,1,2,1,1,1,2,2,1,2,1,2,1,2,1,1,1,1
"PTHR22904_SF299",1,1,1,1,1,1,1,1,1,1,1,1,1,1,1,1,1,1,1,1,1,1,1,1,1,1,1,1,1,1,1,1,1,1,1,1,1,1,1,1,1,1,1,2,1
"PTHR22904_SF305",1,1,1,1,1,1,1,1,1,1,1,1,1,1,1,1,1,1,1,1,1,1,1,1,1,1,1,1,1,1,0,2,1,1,1,1,1,1,1,1,1,1,1,1,1
"PTHR22904_SF306",1,1,2,1,1,1,1,1,1,1,1,1,1,2,1,1,1,1,2,1,1,1,1,2,1,1,1,1,1,1,1,1,1,2,1,1,2,1,2,1,2,1,1,1,1
"PTHR22904_SF31",1,1,1,1,1,1,1,1,1,1,1,1,2,1,1,1,1,1,1,1,1,1,1,1,1,1,1,1,1,1,1,1,1,1,1,1,1,1,1,1,1,1,1,1,1
"PTHR22904_SF310",1,2,1,1,1,1,1,1,1,2,1,1,1,1,1,1,1,1,1,1,1,1,1,1,1,1,1,1,1,1,1,1,2,1,1,1,1,1,1,1,1,1,1,1,1
"PTHR22904_SF314",1,0,1,1,1,0,1,1,1,1,1,1,1,1,0,1,1,1,1,1,1,1,0,1,0,1,0,1,1,0,0,0,1,1,1,0,1,1,1,0,1,1,1,1,1
"PTHR22904_SF316",1,1,1,1,1,1,1,1,1,1,1,1,1,1,1,1,1,1,1,1,1,1,1,1,1,1,1,1,1,1,0,1,1,1,2,1,1,1,1,1,1,1,1,2,1
"PTHR22904_SF319",1,1,1,1,1,1,1,1,1,1,1,1,1,1,1,1,1,1,1,1,1,1,1,1,1,1,3,1,1,1,1,1,1,1,0,1,1,1,1,1,1,1,1,1,1
"PTHR22904_SF321",1,1,1,1,1,1,1,1,1,1,1,1,1,1,1,1,1,2,1,1,1,1,1,1,1,1,1,1,1,1,1,1,1,1,1,1,1,1,1,1,1,1,1,1,1
"PTHR22904_SF34",2,2,5,6,6,5,5,1,3,2,1,1,1,8,6,1,4,1,4,1,2,3,1,4,1,1,1,5,4,1,5,6,2,5,2,1,8,3,8,1,6,1,1,2,1
"PTHR22906_SF0",1,1,1,1,1,1,1,1,1,1,1,1,1,1,1,1,1,1,1,1,1,1,1,1,1,1,1,1,1,1,1,1,1,1,1,1,1,1,1,1,1,1,1,1,1
"PTHR22908_SF53",1,1,1,1,1,1,1,0,0,1,1,1,1,1,0,1,0,1,1,1,1,0,1,1,1,1,2,1,1,1,1,0,0,1,0,1,1,0,1,1,1,1,0,0,1
"PTHR22908_SF55",1,1,1,1,1,1,1,1,0,1,2,1,2,1,1,1,1,1,1,1,1,0,1,1,1,1,1,1,2,1,1,0,1,1,1,1,1,1,1,0,1,1,1,1,1
"PTHR22908_SF56",1,1,1,1,1,1,1,1,1,1,1,1,1,1,1,1,1,1,1,1,1,1,1,1,1,1,1,1,1,1,1,1,1,1,1,1,1,1,1,1,1,1,1,1,1
"PTHR22908_SF58",2,1,1,1,1,1,1,1,1,1,1,1,1,1,1,2,1,1,1,1,1,1,1,1,1,2,2,1,1,1,1,1,1,1,1,1,1,1,1,1,1,1,1,1,2
"PTHR22909_SF22",1,1,1,1,1,1,1,1,1,1,1,1,1,1,1,1,1,1,0,1,1,1,1,1,1,1,1,1,1,1,1,1,1,1,1,1,1,1,1,1,1,1,1,1,1
"PTHR22910",1,1,1,1,1,1,1,0,0,1,1,1,1,0,0,1,1,2,1,1,1,1,1,1,1,1,1,1,1,1,1,0,1,1,1,1,1,1,1,1,1,1,1,1,1
"PTHR22911",3,2,3,3,2,3,3,3,3,3,3,3,3,4,3,8,2,3,3,3,3,3,3,3,3,3,3,3,3,2,3,3,3,3,3,3,2,3,3,3,3,3,1,3,3
"PTHR22912_SF101",1,1,2,1,1,1,1,1,1,1,1,1,1,1,1,1,1,1,1,1,1,1,2,1,1,1,1,1,1,1,1,1,1,1,1,1,1,1,1,1,1,1,1,1,1
"PTHR22912_SF106",1,1,1,1,1,1,1,1,1,1,1,1,1,1,1,1,1,0,1,1,1,1,1,1,1,1,1,1,0,2,1,1,2,1,1,1,1,1,1,1,1,1,1,1,1
"PTHR22912_SF108",1,1,1,1,1,1,1,1,1,1,1,1,1,1,0,1,1,1,1,1,1,0,1,1,1,1,1,1,1,1,1,1,1,1,1,1,1,1,1,1,1,1,1,1,1
"PTHR22912_SF119",1,1,1,1,1,1,1,1,1,1,1,1,1,1,1,1,1,1,1,1,1,1,1,1,1,1,1,1,1,2,1,1,1,1,1,1,1,1,2,1,1,1,1,1,1
"PTHR22912_SF129",1,1,1,1,1,1,1,1,1,1,1,1,1,1,1,1,1,1,1,1,1,1,1,1,1,1,1,1,1,1,1,1,1,1,1,1,1,1,1,1,1,1,1,1,1
"PTHR22912_SF20",1,1,1,1,1,1,1,1,2,2,1,1,1,1,2,1,1,1,1,1,1,1,1,1,1,1,1,1,1,1,3,1,1,1,1,1,1,2,1,1,1,1,1,1,1
"PTHR22912_SF33",1,1,1,1,1,1,1,1,1,1,1,1,1,1,1,1,1,1,1,2,1,3,1,1,1,1,1,1,1,1,1,1,1,1,1,1,1,1,1,1,1,1,1,1,1
"PTHR22912_SF98",1,1,1,1,1,1,1,1,1,1,1,1,1,1,1,1,1,1,1,1,1,1,1,1,1,1,2,1,0,1,1,1,1,1,1,1,1,1,1,1,1,1,1,1,1
"PTHR22913",3,3,3,3,3,4,3,3,3,3,4,4,3,3,4,3,3,3,3,2,3,3,3,3,3,3,3,3,3,3,2,3,2,3,3,3,3,3,3,3,3,3,3,3,3
"PTHR22915_SF5",1,1,1,1,1,1,1,1,1,1,1,1,1,1,1,1,1,1,1,1,1,1,1,1,1,1,1,1,1,1,1,1,1,1,1,1,1,2,1,1,1,1,1,1,1
"PTHR22916",1,1,0,1,1,1,1,1,1,0,1,1,1,1,1,2,1,0,1,0,1,1,1,1,1,0,1,1,0,1,1,1,1,1,1,1,1,1,1,1,1,1,1,1,1
"PTHR22917",2,2,2,2,2,2,2,2,2,2,2,2,2,2,2,3,2,2,2,2,2,2,2,2,2,2,3,2,2,2,2,2,2,2,2,2,2,2,2,2,2,2,2,2,2
"PTHR22918_SF2",1,1,0,0,1,0,0,1,1,1,0,1,1,0,1,0,1,1,0,0,0,1,1,0,1,1,1,0,1,1,1,0,1,0,1,0,0,1,0,1,0,0,0,1,1
"PTHR22918_SF4",1,0,1,0,0,1,1,0,0,0,1,1,1,1,0,1,1,1,1,2,1,0,1,1,1,0,1,1,1,1,1,0,0,1,0,1,1,1,2,1,0,1,0,0,1
"PTHR22918_SF5",1,1,1,1,1,1,0,1,1,1,2,1,1,1,1,1,0,1,1,2,1,1,0,1,0,1,0,1,1,1,0,1,1,1,0,0,1,1,1,0,1,1,0,0,1
"PTHR22922",2,2,2,4,2,2,2,3,2,3,2,2,2,2,6,2,2,2,2,2,2,2,2,2,2,3,3,2,2,2,2,2,2,2,2,2,2,2,2,2,2,2,2,2,2
"PTHR22923_SF2",1,1,1,1,1,1,1,1,1,1,1,1,1,1,1,1,1,1,1,1,1,1,1,1,1,1,1,1,1,1,1,1,1,1,1,1,1,1,1,1,1,1,1,1,1
"PTHR22923_SF3",1,1,1,1,1,1,1,1,1,1,1,1,1,1,1,1,0,1,1,1,1,1,1,1,1,1,1,1,1,1,1,1,1,1,1,1,1,1,1,1,1,1,1,1,1
"PTHR22923_SF5",1,1,1,1,1,1,1,1,1,1,1,1,1,1,1,1,1,1,1,1,1,1,1,1,1,1,1,1,1,1,1,1,1,1,1,1,1,1,1,1,1,1,1,1,1
"PTHR22923_SF50",1,1,1,1,1,1,1,1,1,1,1,1,1,1,1,1,1,1,1,1,1,1,1,1,1,1,1,1,1,1,1,1,1,1,1,1,1,1,1,1,1,1,1,1,1
"PTHR22928",1,1,1,1,1,1,1,1,1,1,1,1,1,1,0,1,1,1,1,1,1,1,1,1,1,1,2,1,1,1,1,1,1,1,1,1,1,1,1,1,1,1,1,1,1
"PTHR22929",1,1,1,1,1,1,1,1,1,1,1,1,1,1,1,3,1,2,1,1,1,1,1,1,1,1,1,1,1,1,1,0,1,1,2,1,1,1,1,1,1,1,1,1,1
"PTHR22930_SF8",1,1,1,1,1,1,1,1,1,1,1,1,1,1,2,1,1,1,1,1,1,1,1,1,0,1,1,1,1,1,1,0,1,1,1,1,1,1,1,1,1,1,1,1,1
"PTHR22932_SF3",1,2,4,3,1,3,2,3,1,2,1,1,1,3,1,1,2,1,3,1,2,1,1,4,3,1,1,3,1,1,8,5,1,2,1,2,2,2,5,2,2,1,1,1,2
"PTHR22935_SF59",1,1,0,1,1,1,1,1,1,0,1,1,1,1,1,1,1,1,1,1,1,1,1,1,1,1,1,1,1,1,1,1,1,1,1,1,1,1,1,0,1,1,1,1,1
"PTHR22935_SF64",1,1,1,1,1,1,1,1,1,1,1,1,1,1,1,1,1,1,1,2,1,1,1,1,1,1,1,1,1,1,1,1,1,1,1,1,1,1,1,1,1,1,1,1,1
"PTHR22936_SF10",1,1,1,1,1,1,1,1,1,1,1,1,1,1,1,1,1,1,1,1,1,1,1,1,1,1,1,1,1,1,1,1,1,1,1,1,1,1,1,1,1,1,1,1,1
"PTHR22936_SF13",1,1,2,1,1,1,1,1,1,1,1,1,2,1,1,2,1,1,2,1,1,1,1,2,1,1,1,1,1,1,2,1,1,2,1,1,1,1,1,1,1,1,1,1,1
"PTHR22936_SF14",1,1,1,1,1,1,1,1,1,1,1,1,1,1,1,1,1,1,1,1,1,1,1,1,1,1,1,1,1,1,1,1,1,1,1,1,1,1,1,1,1,1,1,1,1
"PTHR22936_SF3",1,1,1,1,1,1,1,1,1,1,1,1,1,1,1,1,1,1,1,1,1,1,1,1,1,1,1,1,1,1,1,1,1,1,1,1,1,2,1,1,1,1,1,1,1
"PTHR22936_SF6",1,1,1,1,1,1,1,1,1,1,1,1,1,2,1,1,1,1,1,1,1,1,1,1,1,1,1,1,1,1,1,1,1,1,1,1,1,0,1,1,1,1,1,2,1
"PTHR22936_SF7",1,1,1,1,1,1,1,1,1,1,1,0,1,1,1,1,1,1,1,1,1,1,1,1,1,1,1,1,0,2,0,1,1,1,1,1,1,1,1,1,1,1,1,1,1
"PTHR22937_SF6",1,1,1,1,1,1,1,1,1,1,1,1,1,1,1,1,2,1,1,1,1,1,1,1,1,1,1,1,1,1,1,1,1,1,1,1,1,1,1,1,1,1,1,1,1
"PTHR22938_SF0",1,1,1,1,1,1,1,1,1,1,1,1,1,1,1,1,1,1,1,1,1,1,1,1,1,1,1,1,1,1,0,1,1,1,1,1,1,1,1,1,1,1,1,1,1
"PTHR22939_SF13",1,1,1,1,1,1,1,1,1,1,1,1,1,1,1,1,1,1,1,0,1,1,1,1,1,1,1,1,1,1,1,1,1,1,1,1,1,1,1,1,1,1,1,1,1
"PTHR22939_SF14",1,1,1,1,1,1,0,1,1,1,1,1,1,1,1,1,1,1,1,0,1,1,1,1,1,1,1,1,1,1,0,1,1,1,1,1,1,1,1,1,1,1,1,1,1
"PTHR22939_SF16",1,1,1,1,1,1,1,1,1,1,1,1,1,1,1,1,1,0,1,1,1,1,1,1,1,1,1,1,1,1,1,1,1,1,2,1,1,1,1,1,1,1,1,1,1
"PTHR22939_SF69",1,1,1,1,1,1,1,1,1,1,1,1,1,1,1,1,1,1,1,1,1,1,1,1,1,1,2,1,1,1,1,1,1,1,1,1,1,1,1,1,1,1,1,1,1
"PTHR22940",1,1,1,1,1,1,1,1,1,1,1,1,1,1,1,1,1,1,1,1,1,1,1,1,1,0,1,1,1,1,1,1,1,1,1,1,1,0,1,1,1,1,1,1,1
"PTHR22942_SF15",1,1,1,1,1,1,1,1,1,1,1,1,1,1,2,1,1,1,1,1,1,1,1,1,1,1,2,1,1,1,1,1,0,1,1,1,1,1,1,1,1,1,1,1,1
"PTHR22942_SF24",1,1,1,1,1,1,1,1,1,1,1,1,1,1,1,1,1,1,1,0,1,1,1,1,1,1,1,1,1,1,1,1,1,1,1,1,1,1,1,1,1,1,1,1,1
"PTHR22942_SF29",1,1,1,2,1,1,1,1,1,1,1,1,1,1,1,1,1,1,1,1,0,1,1,1,1,1,0,1,1,1,1,1,1,1,1,1,1,1,1,1,1,1,1,1,1
"PTHR22942_SF30",2,1,1,1,2,1,2,1,1,1,1,1,1,1,1,1,1,1,1,2,1,1,1,1,1,1,1,1,1,1,1,1,1,1,1,1,1,1,1,1,1,1,1,1,1
"PTHR22942_SF5",1,1,1,1,1,1,1,1,1,1,1,1,1,1,1,1,1,1,1,1,1,1,1,1,0,1,1,1,1,1,0,0,1,1,1,1,1,1,2,1,1,1,1,1,1
"PTHR22942_SF8",1,1,1,1,1,2,1,1,1,1,1,1,1,1,1,2,1,1,1,1,1,1,1,1,1,1,1,1,1,1,1,1,1,1,1,1,1,1,1,1,1,1,1,2,1
"PTHR22948_SF13",1,1,1,1,1,1,1,1,1,1,1,1,1,1,1,1,1,1,1,1,1,2,1,1,2,1,1,1,1,1,2,2,3,1,1,1,1,1,1,1,1,1,1,2,1
"PTHR22948_SF14",1,1,1,1,1,1,1,1,1,1,1,1,1,1,1,1,1,1,1,1,1,1,1,1,1,1,1,1,1,1,1,1,1,1,1,1,1,1,1,1,1,0,1,1,1
"PTHR22948_SF2",1,1,1,0,1,1,1,0,0,1,1,1,1,1,0,1,1,1,1,1,1,1,0,1,0,1,1,1,1,1,1,0,1,1,1,1,1,1,1,1,0,0,1,2,1
"PTHR22948_SF3",1,0,1,0,0,0,1,0,1,0,0,0,1,1,1,1,1,0,1,0,1,1,1,1,0,0,1,0,1,0,1,1,0,1,0,1,1,1,1,0,1,0,0,0,0
"PTHR22948_SF4",1,1,1,1,1,1,1,1,1,1,1,1,1,1,1,1,1,1,1,0,1,1,1,1,1,1,1,1,1,2,1,1,1,1,1,1,1,1,1,1,1,1,1,1,1
"PTHR22948_SF7",1,1,1,1,1,1,1,1,1,1,0,1,1,1,1,1,1,1,1,1,1,1,1,1,1,1,1,1,1,1,1,1,1,1,1,1,1,1,1,1,1,1,1,1,1
"PTHR22948_SF9",1,1,1,1,1,1,1,1,1,1,1,1,1,1,1,1,1,1,1,1,1,1,1,1,1,1,1,1,1,1,1,1,1,1,1,1,1,1,1,1,1,1,1,1,1
"PTHR22950_SF118",1,1,1,1,1,1,1,1,1,1,1,1,1,1,1,1,1,1,1,1,1,1,1,1,1,1,1,1,1,1,1,2,1,1,1,1,1,1,1,1,1,1,1,1,1
"PTHR22950_SF184",1,1,1,1,1,1,1,1,1,1,1,1,1,1,1,1,1,1,1,1,1,1,1,1,1,1,1,1,1,1,1,1,1,1,0,2,1,1,1,1,1,0,1,0,1
"PTHR22950_SF185",1,1,1,1,1,1,1,1,1,1,1,1,1,1,1,1,1,2,1,1,1,1,1,1,1,1,1,1,1,1,1,1,1,1,0,1,1,1,1,1,1,1,1,0,1
"PTHR22950_SF188",1,1,1,1,1,1,1,1,1,1,1,3,1,1,1,1,1,1,1,1,1,1,1,1,1,1,1,1,1,1,1,1,1,1,3,1,1,1,1,1,1,1,1,3,1
"PTHR22950_SF190",1,1,1,1,1,1,1,1,1,1,1,1,1,1,1,1,1,1,1,1,1,1,1,1,1,1,1,1,1,1,1,1,1,1,1,1,1,1,1,1,1,1,1,1,1
"PTHR22950_SF192",1,1,1,1,1,1,1,1,1,1,1,1,1,1,1,1,1,1,1,1,1,1,1,1,1,1,1,1,1,1,1,1,1,1,1,1,1,1,1,1,1,1,1,1,1
"PTHR22950_SF199",1,1,1,1,1,1,0,1,1,1,1,1,1,1,1,1,1,1,1,1,1,1,1,1,1,1,1,1,1,1,0,1,1,1,1,1,1,1,1,1,1,1,1,1,1
"PTHR22950_SF203",1,1,1,1,1,1,1,1,1,1,1,1,1,1,0,1,1,0,1,1,1,1,1,1,1,1,1,1,1,1,1,1,1,1,0,1,1,1,1,1,1,1,1,0,1
"PTHR22950_SF207",1,1,1,1,1,1,1,1,1,1,1,1,1,1,1,1,1,1,1,1,1,1,1,1,1,1,1,1,1,1,1,2,1,1,1,1,1,1,1,1,1,1,1,1,1
"PTHR22950_SF210",1,1,1,1,1,1,1,1,1,1,1,1,1,1,1,1,1,1,1,1,1,1,1,1,1,1,2,1,1,1,1,1,1,1,1,1,1,2,1,1,1,1,1,1,1
"PTHR22950_SF22",1,1,1,1,1,1,1,1,1,1,1,1,1,1,1,1,1,1,1,0,1,1,1,1,1,1,1,1,1,1,1,1,1,1,1,1,1,1,1,1,1,1,1,2,1
"PTHR22950_SF221",1,1,1,1,1,1,1,1,1,1,1,1,1,1,1,1,1,1,1,1,1,1,1,1,1,1,1,1,1,1,1,1,1,1,1,1,1,1,1,1,1,1,1,1,1
"PTHR22950_SF222",1,1,1,1,1,1,1,1,1,1,1,1,1,1,1,1,1,1,1,1,1,1,1,1,1,1,1,1,1,1,1,0,1,1,1,1,1,1,1,1,1,1,1,1,1
"PTHR22950_SF226",1,1,1,1,1,1,1,1,1,1,1,1,1,1,1,1,1,1,1,1,1,1,1,1,1,1,1,1,1,1,1,1,1,1,1,1,1,1,1,1,1,1,1,1,1
"PTHR22950_SF54",1,1,1,1,1,1,1,1,1,1,1,1,1,1,1,1,1,1,1,1,1,1,1,1,1,1,2,1,1,1,1,1,1,1,1,1,1,1,1,1,1,1,1,1,1
"PTHR22950_SF74",1,1,1,1,1,1,1,1,0,1,1,1,1,1,1,1,1,1,1,1,1,1,1,1,1,1,1,1,1,1,1,0,1,1,1,1,1,1,1,1,1,1,0,1,1
"PTHR22951",3,3,2,2,2,3,2,3,2,3,2,2,3,2,2,2,2,2,2,2,3,2,2,2,2,3,2,2,3,3,3,2,3,2,3,2,2,2,2,2,2,3,2,3,3
"PTHR22952_SF10",1,1,1,1,1,1,1,1,1,1,1,1,1,1,1,1,0,1,1,1,1,1,1,1,1,1,2,1,1,1,1,1,1,1,1,1,1,1,1,1,1,1,1,1,1
"PTHR22952_SF100",1,1,1,1,1,1,1,1,1,1,1,1,1,1,1,1,1,1,1,1,1,1,1,1,1,1,1,1,1,1,1,1,0,1,1,1,1,1,1,1,1,1,1,0,1
"PTHR22952_SF104",1,1,1,1,1,1,1,1,1,1,1,1,1,1,2,1,1,1,1,1,1,1,1,1,1,1,1,1,1,1,1,1,1,1,1,1,1,1,1,1,1,1,1,1,1
"PTHR22952_SF105",1,1,1,1,1,1,1,1,1,1,1,1,1,1,1,1,1,1,1,1,1,1,1,1,1,1,1,1,1,1,1,1,1,1,1,1,1,1,1,1,1,1,1,2,1
"PTHR22952_SF107",1,1,1,1,1,1,1,1,1,1,1,1,1,1,1,4,1,1,1,1,1,1,1,1,0,1,1,1,1,1,1,1,1,1,1,1,1,1,2,1,1,1,1,1,1
"PTHR22952_SF24",1,1,1,1,1,1,1,1,1,1,1,1,1,1,1,1,1,1,1,1,1,1,1,1,1,1,1,1,1,1,1,1,1,1,1,1,1,1,1,1,1,1,1,1,1
"PTHR22952_SF96",1,1,1,1,1,1,1,1,1,1,1,1,1,1,1,1,1,1,1,1,1,1,1,1,1,1,1,1,1,1,1,1,1,1,1,1,1,1,1,1,1,1,1,1,1
"PTHR22952_SF97",1,1,1,1,1,1,1,1,1,1,1,1,1,1,1,1,2,1,1,1,1,4,1,1,1,1,1,1,1,1,2,2,1,1,2,1,1,2,1,1,1,1,1,1,1
"PTHR22952_SF98",1,1,1,1,1,1,1,1,1,1,1,1,1,1,0,1,1,1,1,1,1,1,1,1,1,1,1,1,1,1,0,0,1,1,1,1,1,1,1,1,1,1,1,1,1
"PTHR22952_SF99",1,1,1,1,1,1,1,1,1,1,1,1,1,1,2,1,1,2,1,2,1,1,1,1,1,1,1,1,1,1,1,3,1,1,1,1,1,2,1,1,1,1,1,2,1
"PTHR22953_SF9",1,1,1,1,1,1,2,1,1,1,1,1,1,1,1,1,1,1,1,1,1,1,1,1,1,1,1,1,1,1,1,1,1,1,1,1,1,1,1,1,1,1,1,1,1
"PTHR22957_SF189",1,1,1,1,1,1,2,1,1,1,1,1,1,1,2,1,1,1,1,2,1,1,1,1,1,1,1,1,1,1,1,1,1,1,1,1,1,1,1,1,1,1,1,1,1
"PTHR22957_SF190",1,1,1,1,1,1,1,1,1,1,1,1,1,1,1,1,1,1,1,1,1,1,1,1,1,1,1,1,1,1,1,1,1,1,1,1,1,1,1,1,1,1,1,1,1
"PTHR22957_SF191",1,1,1,1,1,1,1,1,1,1,1,1,1,1,1,1,1,1,1,0,1,1,1,1,1,1,1,1,1,1,1,1,1,1,1,1,1,1,1,1,1,1,1,1,1
"PTHR22957_SF193",1,1,1,1,1,1,1,1,1,1,1,1,1,1,1,1,1,1,1,1,1,1,1,1,1,1,1,2,1,1,1,1,1,1,1,1,1,1,1,1,1,1,1,1,1
"PTHR22957_SF194",1,1,1,1,1,1,1,1,1,1,1,1,1,1,1,1,1,1,1,1,1,1,1,1,1,1,1,1,1,1,1,1,1,1,1,1,1,1,1,1,1,1,1,1,1
"PTHR22957_SF195",1,1,1,1,1,1,1,1,1,1,1,1,1,1,1,1,1,1,1,1,1,1,1,1,1,1,1,1,1,1,1,1,1,1,1,1,1,1,1,1,1,1,1,1,1
"PTHR22957_SF197",2,2,2,2,2,2,2,2,2,2,2,2,2,2,3,2,2,2,2,2,2,2,2,2,2,3,2,2,2,2,2,2,2,2,2,2,2,2,2,2,2,2,2,2,2
"PTHR22957_SF201",1,1,1,1,1,1,1,1,1,1,1,1,1,1,2,1,1,1,1,1,1,1,1,1,1,1,2,1,1,1,1,2,1,1,1,1,1,1,1,3,1,1,1,2,1
"PTHR22957_SF203",1,1,1,1,0,1,1,1,1,2,1,1,1,1,1,1,1,1,1,1,1,3,1,1,1,1,1,1,1,1,1,1,1,1,1,1,1,1,1,1,1,2,1,1,1
"PTHR22957_SF204",1,1,1,1,1,2,1,1,1,1,1,1,1,2,1,1,2,1,1,1,1,1,1,1,1,1,1,1,1,1,1,1,1,1,1,1,1,1,1,1,1,1,1,1,1
"PTHR22957_SF205",2,2,1,1,1,1,1,1,1,4,1,1,1,1,1,1,1,1,1,2,1,1,1,1,2,2,2,1,1,1,1,2,2,1,2,1,1,2,1,1,1,1,1,1,1
"PTHR22957_SF207",1,1,1,1,1,1,1,1,0,1,1,1,1,1,1,1,1,1,1,1,1,1,1,1,1,1,1,1,1,1,1,1,1,1,1,2,1,1,1,1,1,1,1,1,1
"PTHR22957_SF208",1,1,1,1,1,1,1,1,1,1,1,1,1,1,1,1,1,1,1,1,1,1,1,1,1,1,3,1,1,1,1,1,1,1,1,1,1,1,1,1,1,1,1,2,1
"PTHR22957_SF209",1,1,1,1,1,1,1,1,1,1,1,1,1,1,1,1,1,1,1,1,1,1,1,1,1,1,1,1,1,1,1,1,1,1,1,1,1,1,1,1,1,1,1,1,1
"PTHR22957_SF218",1,1,1,1,1,1,1,1,1,1,1,1,1,1,1,1,1,1,1,1,1,1,1,1,1,1,2,1,1,1,1,1,1,1,1,1,1,1,1,1,1,1,1,1,1
"PTHR22957_SF22",1,1,1,0,1,1,1,1,1,1,1,1,1,1,1,1,1,1,1,1,1,1,1,1,1,1,1,1,1,1,1,0,1,1,1,1,1,1,1,1,1,1,1,1,1
"PTHR22957_SF220",1,1,1,1,1,1,1,1,1,1,1,1,1,1,1,1,1,2,1,1,1,1,1,1,1,1,2,1,1,1,1,2,1,1,1,1,1,1,1,1,1,1,1,1,1
"PTHR22957_SF225",1,1,1,1,1,1,1,1,1,1,1,1,1,1,1,2,1,1,1,1,1,1,1,1,1,1,1,1,1,1,1,1,1,1,1,1,1,1,1,1,1,1,1,1,1
"PTHR22957_SF228",1,1,1,1,1,1,1,1,1,1,1,1,1,1,1,1,1,1,1,1,1,1,1,1,1,1,2,1,1,1,0,1,1,1,1,1,1,1,1,1,1,1,1,1,2
"PTHR22957_SF231",1,1,2,1,1,1,1,1,1,1,1,1,1,2,1,1,1,1,1,0,1,1,1,1,1,1,1,1,1,1,1,1,1,1,1,1,2,1,1,1,1,1,1,1,1
"PTHR22957_SF232",2,1,2,1,2,1,2,1,1,1,2,2,2,1,1,2,1,1,2,1,1,2,1,2,1,1,1,2,2,1,1,1,1,1,1,1,1,2,1,2,1,2,1,4,1
"PTHR22957_SF239",1,1,1,1,1,1,1,1,1,2,1,1,1,1,1,1,1,1,1,1,1,1,1,1,1,1,1,1,1,1,1,1,1,1,1,1,1,1,1,1,1,1,1,1,1
"PTHR22957_SF249",1,1,1,1,1,1,1,1,1,1,1,1,1,1,1,1,1,1,1,1,1,1,1,1,1,1,1,1,1,1,1,1,1,1,1,1,1,1,1,1,1,1,1,2,1
"PTHR22957_SF250",1,1,1,1,1,1,1,1,1,1,1,1,1,1,4,1,1,1,1,1,1,1,1,1,1,1,1,1,1,1,1,1,1,1,1,1,1,1,1,1,1,1,1,1,1
"PTHR22957_SF251",3,0,0,0,5,0,0,0,0,0,0,5,0,0,0,0,0,0,0,0,0,0,0,0,0,4,0,0,0,1,18,0,0,0,1,0,0,0,0,0,0,3,0,1,2
"PTHR22957_SF252",1,1,1,1,1,1,1,1,1,1,1,1,1,1,1,1,1,1,1,1,1,1,1,1,1,1,1,1,1,1,1,1,1,1,1,1,1,1,1,1,1,1,1,1,1
"PTHR22957_SF253",1,1,1,1,1,1,1,1,1,1,1,1,1,1,1,1,1,1,1,1,1,1,1,1,1,1,1,1,1,1,1,1,1,1,1,1,1,1,1,1,1,1,1,1,1
"PTHR22957_SF255",1,1,1,2,1,1,1,1,1,1,1,1,1,1,1,1,1,1,1,1,1,1,1,1,1,1,2,1,1,1,1,1,1,1,1,1,1,1,1,1,1,1,1,1,1
"PTHR22957_SF257",1,1,1,1,1,1,1,1,1,1,1,1,1,1,1,2,1,1,1,1,1,1,1,1,1,1,1,1,1,1,1,1,1,1,1,1,1,1,1,1,1,1,1,1,1
"PTHR22957_SF258",1,1,1,1,1,1,1,1,1,1,1,1,1,1,1,1,1,1,1,1,1,1,1,1,1,1,1,1,1,1,0,1,1,1,1,1,1,1,1,1,1,1,1,1,1
"PTHR22957_SF260",1,1,1,1,1,1,1,1,1,1,0,1,1,1,1,1,1,1,1,1,1,1,1,1,1,1,0,1,1,1,1,1,1,1,1,1,1,1,1,1,1,1,1,1,1
"PTHR22957_SF264",1,1,1,1,1,0,1,1,1,1,1,1,1,1,1,1,1,1,1,1,1,1,2,1,1,1,1,1,1,1,1,1,1,1,1,1,1,1,1,1,1,1,1,1,1
"PTHR22958_SF1",1,1,1,1,1,1,1,1,1,1,1,1,1,1,2,1,1,1,1,1,1,1,1,1,1,1,1,1,1,1,1,2,1,1,1,1,1,1,3,1,1,1,1,1,1
"PTHR22959",1,1,2,1,1,1,1,1,1,1,1,1,1,1,1,1,1,1,1,1,1,1,1,1,1,1,2,1,1,1,1,1,1,1,1,1,1,1,1,4,1,1,1,1,1
"PTHR22960",1,1,1,1,1,1,1,1,1,1,1,1,1,2,1,1,1,1,1,1,1,1,1,1,1,2,1,2,1,1,1,1,1,1,1,1,2,1,2,1,1,1,1,2,1
"PTHR22961",4,4,4,4,4,4,4,4,4,4,4,4,4,4,4,4,5,4,4,5,4,4,4,4,4,4,5,4,4,4,4,5,4,4,4,4,4,4,4,4,4,4,4,6,4
"PTHR22962_SF1",1,1,1,1,1,1,1,1,1,1,1,1,1,1,1,1,1,1,1,1,1,1,1,1,1,1,1,1,1,1,1,1,1,1,1,1,1,1,1,1,1,1,1,1,1
"PTHR22962_SF12",1,2,2,2,2,2,2,1,2,2,1,2,2,2,2,2,2,2,2,1,1,2,1,2,2,2,3,2,2,1,1,1,2,2,2,1,2,2,2,1,2,2,2,4,1
"PTHR22962_SF121",2,0,0,0,0,0,0,0,0,0,0,0,1,0,0,0,0,0,0,1,0,0,1,0,0,1,0,0,0,0,0,0,0,0,0,0,0,0,0,2,0,0,0,0,0
"PTHR22962_SF129",1,1,1,1,1,0,1,1,0,0,1,1,1,1,0,1,0,0,1,0,1,0,1,1,1,0,2,1,0,1,1,1,0,1,0,1,1,0,1,1,1,1,0,0,1
"PTHR22962_SF131",1,1,1,1,1,1,1,1,1,1,1,1,1,1,1,1,1,1,1,1,1,1,1,1,1,1,1,1,1,1,1,1,1,1,1,1,1,1,1,1,1,1,1,1,1
"PTHR22962_SF134",1,0,0,0,0,1,0,1,0,0,1,0,0,1,0,1,1,0,0,0,0,0,1,0,1,0,0,0,0,1,0,0,0,0,1,0,1,0,1,1,0,1,1,1,0
"PTHR22962_SF135",1,1,1,1,1,1,1,1,1,1,1,1,1,1,1,1,1,1,1,1,1,1,1,1,1,1,1,1,1,1,0,1,1,1,0,1,1,1,1,1,1,1,1,0,1
"PTHR22962_SF8",1,1,1,1,1,1,1,1,1,1,1,1,1,1,1,1,1,1,1,1,1,1,1,1,1,1,1,1,1,1,1,1,1,1,1,1,1,1,1,1,1,1,1,1,1
"PTHR22964_SF44",1,1,1,2,1,1,1,1,1,1,1,1,1,1,1,2,1,1,1,1,1,2,1,1,1,1,2,1,1,1,1,1,1,1,1,2,1,1,1,1,1,1,1,1,1
"PTHR22964_SF50",1,1,1,1,1,1,1,1,1,1,1,1,1,1,1,1,1,2,1,1,1,1,1,1,1,1,2,1,1,1,0,1,1,1,1,1,1,1,2,1,1,1,1,1,1
"PTHR22964_SF54",3,2,2,2,2,2,2,2,2,2,2,2,2,2,3,3,2,2,2,2,3,2,3,2,2,2,2,2,2,2,2,2,2,2,2,3,2,2,2,2,2,2,2,2,2
"PTHR22964_SF56",1,2,1,1,1,1,1,1,1,1,1,1,1,1,1,1,1,1,1,1,1,1,1,1,1,1,1,1,1,1,1,1,1,1,1,1,1,1,1,1,1,1,1,1,1
"PTHR22967_SF10",1,1,1,1,1,1,1,1,1,1,1,1,1,1,1,1,1,1,2,1,1,1,1,2,1,1,1,1,1,1,1,1,1,2,1,1,1,1,1,1,1,1,1,1,1
"PTHR22967_SF55",1,1,2,1,1,1,1,1,1,1,1,1,1,1,1,1,1,1,1,1,1,1,1,1,1,1,1,1,1,1,1,1,1,1,1,1,1,1,1,1,1,1,1,1,1
"PTHR22967_SF56",1,1,0,0,0,0,0,0,0,1,1,1,1,0,1,1,0,1,0,1,1,0,1,0,0,0,1,0,0,1,0,0,1,0,1,0,0,0,0,0,0,0,1,0,1
"PTHR22967_SF9",1,1,1,1,1,1,1,1,1,1,1,1,1,1,1,2,1,1,1,1,1,1,2,1,1,1,1,1,1,2,1,1,1,1,1,1,1,1,1,1,1,1,1,1,1
"PTHR22968",3,3,3,3,3,3,4,3,3,4,3,3,3,3,5,3,3,3,3,2,3,3,3,3,3,3,3,3,3,3,3,3,3,3,3,3,3,3,3,3,3,3,3,4,3
"PTHR22969",4,4,4,4,4,4,4,4,4,4,4,4,4,4,4,4,4,4,4,5,4,5,4,4,4,4,5,4,4,4,3,4,4,4,4,4,4,4,4,4,4,4,4,4,4
"PTHR22970_SF14",1,1,1,1,1,1,1,1,1,1,1,1,1,1,1,1,1,1,1,1,1,2,1,1,2,1,1,1,1,1,1,1,1,1,1,1,1,1,1,1,1,1,1,1,1
"PTHR22971_SF2",1,1,1,1,1,1,0,1,1,1,1,1,1,1,1,1,0,1,1,1,1,1,1,1,1,1,1,1,1,1,1,1,1,1,1,1,1,1,1,1,1,1,1,1,1
"PTHR22972_SF0",1,1,1,1,1,1,1,1,1,1,1,1,1,1,1,1,1,1,1,1,1,1,1,1,1,1,1,2,1,1,1,1,1,1,1,1,1,1,1,1,1,1,1,1,1
"PTHR22972_SF3",1,1,1,1,1,1,1,1,1,1,1,1,1,1,1,1,1,1,1,1,1,1,1,1,1,1,1,1,1,2,1,1,1,1,1,1,1,1,1,1,1,0,1,1,1
"PTHR22972_SF5",1,1,1,1,1,1,1,1,1,1,1,1,1,1,1,1,1,1,1,1,1,1,1,1,1,1,2,1,1,1,1,1,1,1,1,1,1,1,1,1,1,1,1,1,1
"PTHR22972_SF6",1,1,0,1,1,1,1,0,0,0,0,1,1,1,0,1,0,1,1,0,1,1,0,1,0,1,0,1,1,1,0,0,1,1,1,0,1,1,1,0,1,1,1,1,0
"PTHR22973",2,2,2,2,2,2,2,2,2,1,2,2,2,2,2,2,2,2,2,2,2,2,2,2,2,2,2,2,2,2,2,2,2,2,2,2,2,2,2,2,2,2,2,3,2
"PTHR22974",3,3,4,3,3,3,3,3,4,3,3,3,3,4,10,3,3,3,4,3,3,3,3,4,3,3,3,3,3,3,3,3,3,5,3,3,5,3,4,4,3,3,3,3,3
"PTHR22975_SF5",1,1,1,1,1,1,1,1,1,1,1,1,1,1,1,1,1,1,1,1,1,1,1,1,1,1,1,1,1,1,1,1,1,1,1,1,1,1,1,1,1,1,1,1,1
"PTHR22975_SF6",1,1,1,1,1,1,1,1,1,1,1,1,1,1,1,1,1,1,1,2,1,2,1,1,1,1,1,1,1,1,1,1,1,1,1,1,1,1,1,2,1,1,1,1,1
"PTHR22977_SF1",1,1,1,1,2,1,1,1,1,2,1,1,1,1,1,1,1,1,1,1,0,1,1,1,1,1,1,1,1,1,1,1,0,1,1,1,1,1,1,1,1,1,1,1,2
"PTHR22978",4,4,5,4,4,4,6,4,4,6,4,4,4,4,6,5,6,4,5,4,5,4,6,4,4,5,7,4,4,4,4,3,5,5,4,5,4,4,4,5,4,3,4,4,5
"PTHR22979_SF18",1,1,0,1,1,1,1,1,1,1,1,1,1,1,1,1,1,1,1,0,0,1,1,1,1,1,1,0,1,1,0,1,1,1,0,1,1,1,2,1,1,1,0,0,1
"PTHR22979_SF2",1,1,1,1,1,2,1,1,1,1,1,1,1,1,1,1,1,1,1,1,1,1,1,1,1,1,1,1,1,1,1,2,1,1,1,1,1,1,1,1,1,1,1,1,1
"PTHR22979_SF3",1,1,1,1,1,1,1,1,1,1,1,1,1,1,1,1,1,1,1,1,1,1,1,1,1,1,2,1,1,1,1,1,1,1,1,1,1,1,1,1,1,1,1,1,1
"PTHR22980_SF2",1,1,1,1,0,1,1,1,0,0,1,1,0,1,1,1,0,1,1,1,0,1,1,1,0,1,1,1,1,1,1,0,0,1,1,1,1,0,1,0,1,1,0,1,0
"PTHR22981_SF51",1,1,1,1,2,3,1,1,1,2,1,1,1,1,1,1,2,1,1,1,1,1,1,1,1,1,1,1,1,2,1,1,1,1,1,1,1,1,2,1,1,1,1,2,1
"PTHR22981_SF56",1,1,2,1,1,1,1,1,1,1,1,1,1,1,1,1,1,1,2,1,1,1,1,2,1,1,1,2,1,1,2,2,1,2,1,1,1,1,1,1,1,1,1,1,1
"PTHR22983_SF14",1,1,1,1,1,1,1,1,1,1,1,1,1,1,1,1,1,0,1,1,1,1,1,1,1,1,1,1,2,1,1,1,1,1,1,1,1,1,1,1,1,1,1,1,1
"PTHR22983_SF6",1,1,1,1,1,1,1,1,1,1,1,1,1,2,1,1,1,1,1,1,1,1,1,1,1,1,1,1,1,1,1,1,1,1,1,1,1,1,1,1,1,1,1,1,1
"PTHR22984_SF2",1,1,1,1,1,1,1,1,1,1,1,1,1,1,1,1,1,1,1,1,1,1,1,1,1,1,0,1,1,1,2,1,1,1,1,1,1,1,1,1,1,1,1,1,1
"PTHR22984_SF4",2,2,2,2,1,2,2,2,2,3,2,2,2,2,2,2,2,2,2,1,3,2,2,2,2,1,2,1,1,3,1,2,2,2,2,2,2,2,2,2,2,2,2,2,2
"PTHR22988",7,7,6,6,7,8,6,6,6,9,8,7,6,7,7,6,6,6,6,6,6,6,7,6,6,7,9,6,6,7,6,7,6,6,6,6,6,6,6,6,7,7,6,8,7
"PTHR22990",2,2,2,2,2,2,3,2,2,2,2,2,2,2,2,2,2,2,2,2,2,2,2,2,2,2,2,2,2,2,2,2,2,2,2,2,2,2,2,2,2,2,2,2,2
"PTHR22992_SF14",1,1,1,1,0,1,1,1,1,1,1,1,1,1,1,1,1,1,1,1,1,1,1,1,1,1,1,1,1,1,1,1,1,1,1,1,1,1,1,1,1,1,1,1,1
"PTHR22992_SF15",1,1,1,1,1,1,1,1,1,1,1,1,1,1,1,1,1,1,1,1,1,1,1,1,1,1,2,1,1,1,1,1,1,1,1,1,1,1,1,1,1,1,1,0,1
"PTHR22992_SF16",1,1,1,1,1,1,1,1,1,1,1,1,1,1,1,1,1,1,2,1,1,1,1,1,1,1,1,1,1,1,1,1,1,1,1,1,1,1,1,1,1,1,1,1,1
"PTHR22992_SF17",1,1,1,1,1,1,1,1,1,1,1,1,1,1,1,1,1,1,1,1,1,1,1,1,1,1,1,1,1,1,1,1,1,1,1,1,1,1,1,1,1,1,1,1,1
"PTHR22992_SF23",1,1,1,1,1,1,1,2,2,1,1,1,1,2,1,1,1,1,1,1,1,1,1,2,1,1,1,1,1,2,1,1,1,2,2,1,1,1,1,1,1,1,1,1,2
"PTHR22992_SF3",1,1,1,1,1,1,1,1,1,1,1,1,1,1,1,1,1,1,1,1,1,1,1,1,1,1,3,1,1,1,1,1,1,1,2,1,1,1,1,1,1,1,1,1,1
"PTHR22992_SF7",1,1,1,1,1,1,1,1,1,1,1,1,1,0,1,1,1,1,1,0,1,1,1,1,1,1,1,1,0,1,0,1,1,1,1,1,1,1,1,1,1,1,1,1,1
"PTHR22992_SF83",1,1,1,1,1,1,1,1,1,1,1,1,1,1,1,1,1,1,1,1,1,2,1,1,1,1,1,1,1,1,2,1,1,1,1,1,1,1,1,0,1,1,1,1,2
"PTHR22992_SF84",1,1,1,1,1,1,1,1,1,1,1,1,1,1,1,1,1,1,1,1,1,1,1,1,1,1,1,1,1,1,1,1,1,1,1,1,1,1,1,1,1,1,1,1,1
"PTHR22992_SF86",1,1,1,1,1,1,1,1,1,1,1,1,1,1,1,1,1,1,1,1,1,1,1,1,1,2,1,1,1,1,1,1,1,1,1,1,1,1,1,1,1,1,1,1,1
"PTHR22992_SF87",1,0,0,0,1,0,1,0,0,0,1,1,0,0,0,0,1,1,0,1,1,1,1,1,1,3,1,0,1,1,0,0,1,0,1,1,0,1,0,1,0,1,0,1,1
"PTHR22992_SF89",2,3,1,1,2,3,1,3,3,2,3,1,2,1,4,1,1,3,1,2,1,1,2,1,2,3,3,1,2,1,1,3,1,1,3,2,3,3,2,2,1,3,1,3,2
"PTHR22992_SF9",1,1,1,1,1,1,1,1,1,1,1,1,1,1,1,1,1,1,1,0,1,1,1,1,1,1,1,1,1,1,1,1,1,1,1,1,1,1,1,1,1,1,1,1,1
"PTHR22992_SF93",1,1,1,1,1,1,1,0,1,1,1,1,1,1,0,1,0,1,1,1,1,0,1,1,1,1,1,1,1,1,1,1,1,1,1,1,1,1,1,1,1,1,0,1,1
"PTHR22993",3,3,3,3,3,3,3,3,3,3,3,3,3,3,3,4,2,3,3,3,3,3,3,3,2,3,3,3,3,3,2,1,3,3,4,3,4,3,4,3,3,3,3,3,3
"PTHR22996",2,2,2,2,2,2,2,2,2,2,2,2,2,2,2,2,2,2,2,2,2,2,2,2,2,2,2,2,2,2,2,2,2,2,2,2,2,2,2,2,2,2,2,2,2
"PTHR22997_SF0",1,1,1,1,1,1,1,1,1,1,1,1,1,1,1,1,1,1,1,1,1,1,1,1,1,1,2,1,1,1,1,1,1,1,1,1,1,1,1,1,1,1,1,0,1
"PTHR22997_SF2",1,1,1,1,1,1,1,1,1,1,1,1,1,1,1,1,1,1,1,1,1,1,1,1,1,2,1,1,1,1,1,1,1,1,1,1,1,1,1,1,1,1,3,1,1
"PTHR22997_SF3",1,1,1,1,0,1,1,1,1,1,1,1,1,1,1,1,1,1,1,1,1,1,2,1,1,0,1,1,1,1,2,1,1,1,1,1,1,1,1,1,1,1,1,0,1
"PTHR22998",1,1,1,1,1,1,1,1,1,1,2,1,1,1,1,1,1,1,1,1,1,1,1,1,1,1,1,1,1,1,1,1,1,1,2,1,1,1,1,1,1,1,1,1,1
"PTHR22999_SF18",1,1,1,1,1,1,1,1,1,1,1,1,1,1,1,1,1,1,1,1,1,1,1,1,1,1,1,1,1,1,1,1,1,1,1,1,1,1,1,1,1,1,1,1,1
"PTHR22999_SF7",1,1,1,2,1,1,1,1,1,1,1,1,1,1,1,1,1,1,1,1,1,1,1,1,1,1,1,1,1,1,1,1,1,1,2,1,1,1,1,1,1,1,1,2,1
"PTHR23001_SF7",1,1,2,2,1,1,2,2,2,3,1,1,1,2,5,1,1,2,1,2,1,1,1,2,2,1,2,1,1,1,2,6,1,2,1,4,2,1,2,1,2,2,1,1,1
"PTHR23002",4,4,4,4,4,4,4,3,3,4,4,4,4,4,3,4,4,3,4,4,4,5,4,4,3,3,3,3,4,4,4,4,6,4,3,4,4,3,3,4,5,4,3,3,5
"PTHR23003_SF15",1,1,1,1,1,1,1,1,1,1,1,2,1,1,1,1,1,1,1,1,1,1,2,1,2,1,1,1,1,1,1,1,1,1,1,1,1,1,1,1,1,1,1,1,1
"PTHR23003_SF6",1,2,3,3,1,1,1,2,1,1,1,1,1,1,2,1,1,1,1,2,1,2,1,1,1,1,1,1,1,1,4,7,2,1,1,1,1,1,1,3,2,1,1,1,1
"PTHR23004_SF3",1,1,1,1,1,1,0,1,1,1,1,1,1,1,1,1,1,0,1,0,1,1,1,1,1,1,1,1,1,1,1,0,1,1,1,1,1,1,1,1,1,1,1,0,1
"PTHR23004_SF5",1,1,1,1,1,1,1,1,1,3,1,1,1,1,1,1,1,1,1,1,1,1,1,1,1,1,1,1,1,1,1,1,1,1,1,1,1,1,1,1,1,1,1,1,1
"PTHR23004_SF6",1,1,1,1,1,1,1,1,1,1,1,1,1,1,1,1,1,0,1,1,1,1,1,1,1,1,1,1,1,1,1,1,0,1,1,1,1,1,1,1,1,1,0,1,1
"PTHR23005",1,2,2,2,2,2,1,1,1,1,2,2,1,2,1,2,2,2,2,2,2,1,2,2,2,2,2,3,2,1,2,1,1,2,1,2,2,1,2,2,2,2,2,2,2
"PTHR23006",1,1,1,1,0,1,1,1,0,1,1,0,0,1,1,1,1,1,1,2,1,1,1,1,1,1,1,1,0,1,0,0,1,1,0,1,1,0,1,1,1,0,1,0,1
"PTHR23007_SF1",1,1,1,1,1,1,1,1,1,1,1,1,1,1,1,1,0,1,1,1,1,1,1,1,1,1,0,1,1,1,0,1,1,1,1,1,1,1,1,1,1,1,1,1,1
"PTHR23007_SF3",1,1,1,1,1,1,1,1,1,1,1,1,1,1,1,1,1,1,1,1,1,1,1,1,1,1,2,1,1,1,1,1,1,1,1,1,1,1,1,1,1,1,1,2,1
"PTHR23007_SF5",1,1,1,1,1,1,1,1,1,1,1,1,1,1,1,1,1,1,1,1,1,1,1,1,1,1,1,1,1,1,1,1,1,1,1,1,1,1,1,1,1,1,1,1,1
"PTHR23010",1,1,1,1,1,1,1,0,1,0,1,1,1,1,1,1,1,0,1,1,1,1,1,1,1,1,1,1,1,1,0,1,1,1,1,1,1,1,1,1,1,1,1,2,1
"PTHR23011",1,1,1,1,1,1,1,1,1,1,0,1,1,1,1,1,1,1,1,1,1,1,1,1,1,1,1,1,1,1,2,1,1,1,1,1,1,1,1,1,1,1,1,1,1
"PTHR23012_SF51",1,1,1,1,1,1,1,1,1,1,1,1,1,1,1,1,1,1,1,1,1,1,1,1,1,1,1,1,1,1,1,1,1,1,1,1,1,1,1,1,1,1,1,1,1
"PTHR23012_SF52",1,1,1,1,1,1,1,1,1,1,1,1,1,1,2,1,1,1,1,1,1,1,1,1,1,1,1,1,1,1,0,1,1,1,1,1,1,1,1,1,1,1,1,1,0
"PTHR23012_SF53",1,1,1,1,1,1,1,1,1,1,1,1,1,1,1,1,1,1,1,1,1,1,1,1,1,1,2,1,1,1,1,1,1,1,1,1,1,1,1,1,1,1,1,1,1
"PTHR23012_SF56",1,1,1,1,1,2,1,1,1,1,1,1,1,1,1,1,1,1,0,1,1,1,1,0,2,1,1,0,1,1,1,2,1,1,1,1,1,1,1,1,1,1,1,1,1
"PTHR23012_SF60",1,1,1,1,1,1,1,1,1,1,1,1,1,1,1,2,1,1,1,1,1,1,1,1,1,1,2,1,1,1,1,1,1,1,1,1,1,1,1,1,1,1,1,1,1
"PTHR23012_SF62",1,1,1,1,1,1,1,1,1,1,1,1,1,1,1,1,1,1,1,1,1,1,1,1,1,1,2,1,1,1,1,1,1,1,0,1,1,1,1,1,1,1,1,0,1
"PTHR23012_SF67",1,1,1,1,1,1,1,1,1,1,1,1,1,1,1,1,1,1,1,1,1,1,1,1,1,1,0,1,1,1,1,1,1,1,1,1,1,1,1,1,1,1,1,1,0
"PTHR23016",1,5,2,2,1,3,2,0,0,0,1,1,1,2,0,2,0,0,2,3,2,0,0,2,0,0,0,2,1,3,0,0,1,2,0,0,2,1,2,0,2,1,0,0,1
"PTHR23019",2,2,2,2,2,2,2,2,2,2,2,2,2,2,1,2,2,2,2,2,2,2,2,2,2,2,2,2,2,2,2,2,2,2,2,2,2,2,2,2,2,2,2,5,2
"PTHR23023_SF48",1,1,1,1,1,1,1,1,1,2,1,1,1,1,1,1,2,1,1,2,1,1,1,1,1,1,1,1,1,1,1,1,1,1,1,1,1,1,1,1,0,1,2,1,1
"PTHR23023_SF53",1,1,1,1,1,1,1,1,1,1,1,1,1,1,1,1,1,1,1,1,1,1,1,1,1,1,1,1,1,1,1,1,1,1,1,1,1,1,1,1,1,1,1,1,1
"PTHR23023_SF57",1,1,1,1,1,1,1,1,1,1,1,1,1,1,1,1,1,1,1,2,1,1,1,1,1,1,1,1,1,1,1,1,1,2,1,1,1,1,1,1,1,1,1,3,1
"PTHR23023_SF70",1,1,0,0,1,1,0,1,2,1,1,1,1,0,1,0,1,1,0,0,0,0,2,0,2,1,2,0,1,1,1,2,1,0,2,2,0,1,0,2,0,1,0,3,1
"PTHR23023_SF74",1,1,1,1,1,1,1,1,1,1,1,1,1,1,2,1,1,1,1,0,1,1,1,1,1,1,1,1,1,1,1,1,1,0,2,1,1,1,1,1,1,1,1,1,1
"PTHR23023_SF81",1,1,1,1,1,1,1,0,0,1,0,0,1,1,1,0,1,1,1,1,1,0,1,1,1,1,1,1,1,1,1,0,0,0,1,1,1,1,1,1,1,1,0,1,1
"PTHR23023_SF84",1,1,1,1,1,1,1,1,1,1,1,1,1,1,1,1,1,1,1,1,1,1,1,1,1,1,1,1,1,1,1,1,1,0,1,1,1,1,1,1,1,1,1,1,1
"PTHR23024_SF104",1,2,1,1,1,1,1,1,1,0,1,1,2,1,1,2,0,2,1,1,2,1,1,1,1,1,1,1,1,1,0,1,0,1,1,1,1,2,1,2,2,1,0,2,1
"PTHR23024_SF107",1,1,1,1,1,1,1,1,1,1,1,1,1,1,1,1,1,1,1,1,1,0,1,1,1,1,1,1,1,1,1,1,1,1,0,1,0,1,1,1,1,1,1,1,1
"PTHR23024_SF108",2,1,1,1,1,1,1,1,1,1,1,1,1,2,1,1,1,1,1,1,1,1,1,1,1,1,1,1,1,1,1,1,1,1,1,1,1,1,1,1,1,1,1,2,1
"PTHR23024_SF118",1,1,0,1,1,1,1,1,1,1,1,1,1,1,1,1,1,1,1,1,1,1,1,1,1,1,1,1,0,1,0,0,1,1,1,1,1,1,1,1,1,1,1,1,1
"PTHR23024_SF95",1,1,1,1,1,0,1,3,3,0,0,0,0,1,2,1,1,0,0,0,1,1,5,1,5,1,2,0,1,0,2,2,1,1,0,5,0,1,1,4,0,1,1,0,1
"PTHR23024_SF97",1,3,1,1,1,2,2,2,1,2,3,2,0,1,2,1,0,1,1,2,1,1,1,1,1,0,1,1,0,2,1,0,3,1,2,2,1,1,1,1,1,1,0,1,1
"PTHR23025",1,1,1,1,1,1,1,1,1,1,1,1,1,1,1,1,1,1,1,1,1,1,1,1,1,1,1,1,1,1,1,1,1,1,1,1,1,1,1,1,1,1,1,1,1
"PTHR23026",1,1,1,1,1,1,1,1,2,1,1,1,1,1,1,1,1,1,1,1,1,1,1,1,1,1,0,1,1,1,1,1,1,1,1,1,1,1,1,1,1,1,1,1,1
"PTHR23027_SF2",1,2,1,1,1,1,2,1,1,1,1,1,1,1,1,1,1,0,1,0,1,1,1,1,1,0,1,1,1,1,1,1,0,1,1,1,1,1,1,1,1,1,0,2,1
"PTHR23031",2,2,2,2,2,2,2,2,2,2,2,2,2,3,2,2,2,2,2,1,2,2,2,2,2,2,2,2,2,2,1,2,2,2,2,2,2,2,3,2,2,2,2,3,2
"PTHR23032",1,1,1,1,1,1,1,1,1,1,1,1,1,1,1,1,1,1,1,1,1,1,1,1,1,1,1,1,1,1,1,1,1,1,1,1,1,1,1,1,1,1,1,2,1
"PTHR23033_SF13",2,1,2,1,1,1,1,1,2,2,1,1,1,2,5,1,1,1,1,1,1,1,1,1,1,1,1,2,1,1,2,1,2,1,1,1,2,1,2,1,1,2,1,1,1
"PTHR23033_SF2",1,2,2,1,1,2,2,1,1,2,2,1,1,1,1,3,1,2,2,1,2,1,1,2,2,1,2,2,1,2,1,1,2,2,1,2,1,1,2,1,1,2,0,1,1
"PTHR23034",1,1,1,1,1,1,1,1,1,1,1,1,1,1,1,1,1,1,1,1,1,1,1,1,1,1,1,1,1,1,1,1,1,1,1,1,1,1,1,1,1,1,1,0,0
"PTHR23035",1,1,1,1,1,1,1,1,1,1,1,1,1,1,1,1,1,1,1,1,1,1,1,1,1,1,1,1,1,1,1,1,2,1,1,1,1,1,1,1,1,1,1,1,1
"PTHR23036_SF11",1,1,1,1,1,1,1,1,1,1,1,1,1,1,1,1,1,1,1,1,1,1,1,1,1,1,1,1,1,1,1,1,1,1,1,1,1,1,1,1,1,1,1,1,1
"PTHR23036_SF17",1,1,1,1,1,1,1,1,1,1,1,1,1,1,1,1,1,1,1,1,1,1,1,1,1,1,1,1,1,1,1,1,1,1,1,1,1,1,1,1,1,1,1,1,1
"PTHR23036_SF21",1,1,1,1,1,1,1,1,1,0,1,1,1,1,1,1,1,1,1,1,1,1,1,1,1,1,1,1,1,1,0,1,1,0,1,1,1,1,1,1,1,1,1,1,1
"PTHR23036_SF25",1,1,1,1,1,1,1,1,1,1,1,1,1,2,1,1,1,1,1,2,1,1,1,1,1,1,1,1,1,1,1,1,1,1,1,1,1,1,1,1,1,1,1,1,1
"PTHR23036_SF26",1,1,1,1,1,1,1,1,1,0,1,1,1,1,1,1,1,1,1,1,1,1,1,1,1,1,1,0,1,1,0,1,1,1,1,1,1,1,1,1,1,1,1,1,1
"PTHR23036_SF29",1,1,1,1,1,1,1,1,1,1,1,1,1,1,1,2,1,1,1,1,1,1,5,1,1,1,1,1,1,1,1,1,1,1,1,1,1,1,1,1,1,1,1,1,1
"PTHR23036_SF5",1,1,1,1,1,1,0,1,0,1,0,1,1,1,0,1,0,1,0,0,1,1,1,1,0,1,0,1,1,1,0,0,1,1,1,1,0,1,1,2,0,2,1,1,1
"PTHR23036_SF51",1,1,1,1,1,1,1,0,1,1,1,1,1,1,0,1,0,1,1,1,1,0,2,1,1,1,1,1,1,1,0,1,1,1,1,1,1,1,1,1,1,1,1,1,1
"PTHR23036_SF6",1,1,1,1,1,1,1,1,1,1,1,1,1,1,1,2,1,1,1,1,1,1,1,1,1,1,1,1,1,1,1,1,1,1,1,1,1,1,1,1,1,1,1,1,1
"PTHR23036_SF74",1,1,1,1,1,1,1,1,1,1,1,1,1,1,1,1,1,1,1,2,1,1,1,1,1,1,1,1,1,1,1,1,1,1,1,1,1,1,1,1,1,1,1,1,1
"PTHR23036_SF75",1,1,1,1,1,1,1,1,1,1,1,1,1,1,1,1,1,1,1,1,1,1,1,1,1,1,1,1,1,1,1,1,1,1,1,1,1,1,1,1,1,1,1,1,1
"PTHR23036_SF77",1,1,1,1,1,1,0,0,0,0,1,1,0,1,0,1,0,1,0,0,2,1,0,1,0,1,1,0,0,1,1,0,1,0,0,0,0,0,1,1,1,0,1,0,1
"PTHR23036_SF79",1,1,1,1,1,1,1,1,0,1,1,1,1,1,1,1,1,1,1,1,1,1,1,1,1,1,2,1,1,1,1,0,1,1,1,1,1,1,1,1,1,1,1,1,1
"PTHR23036_SF80",1,1,1,1,1,1,1,1,1,1,1,1,1,1,1,1,1,1,1,1,1,1,1,1,1,1,0,1,1,1,1,1,1,1,1,1,1,1,1,1,1,1,1,1,1
"PTHR23036_SF81",1,1,1,1,1,1,1,1,1,1,1,1,1,1,1,1,1,1,1,2,1,1,1,1,1,1,1,1,1,1,1,0,1,1,1,1,1,1,1,1,1,1,1,2,1
"PTHR23036_SF83",1,1,1,1,1,1,1,1,1,0,1,1,1,1,1,1,1,1,1,1,1,1,1,1,1,1,1,1,1,1,1,1,1,1,1,1,1,1,1,1,1,1,1,1,1
"PTHR23036_SF84",1,3,1,1,2,2,0,1,0,2,0,2,1,1,0,1,0,2,2,0,0,1,1,1,0,2,1,1,1,2,1,0,1,1,2,0,1,0,1,1,1,3,1,2,1
"PTHR23036_SF85",1,1,1,1,1,1,1,1,1,1,1,1,1,1,1,1,1,1,1,1,1,1,1,1,1,1,1,1,1,1,1,1,1,1,1,1,1,1,1,2,1,1,1,1,1
"PTHR23036_SF86",1,1,1,1,1,1,1,1,1,1,1,1,1,1,1,1,1,1,1,1,1,1,2,1,1,1,1,1,1,1,1,1,1,1,1,1,1,1,1,1,1,1,1,1,1
"PTHR23036_SF88",1,1,1,1,1,1,1,1,0,1,1,1,1,1,1,1,1,1,1,1,1,1,1,1,1,1,1,1,1,1,1,0,1,1,1,1,1,1,1,1,1,1,1,1,1
"PTHR23036_SF89",1,1,1,1,1,1,1,1,1,1,1,1,1,1,1,1,1,1,1,1,1,1,1,1,1,1,1,1,1,1,1,1,1,1,1,2,1,1,2,1,1,1,1,1,1
"PTHR23036_SF91",1,1,1,1,1,1,1,1,1,1,1,1,1,1,1,1,1,1,1,1,1,1,1,1,1,1,1,1,1,2,1,1,1,1,1,1,1,1,1,1,1,1,1,1,1
"PTHR23036_SF92",1,1,1,1,1,1,1,1,1,1,1,1,1,1,2,2,1,1,1,1,1,1,2,1,1,1,1,1,1,1,1,1,1,1,1,1,1,1,1,1,1,1,1,1,1
"PTHR23036_SF93",1,2,1,1,1,1,1,1,1,1,1,1,1,1,1,1,1,1,1,1,1,1,1,1,1,1,1,1,1,1,1,1,1,1,1,1,1,1,1,1,1,1,1,1,1
"PTHR23037_SF21",1,1,1,1,1,1,1,1,1,1,1,3,1,1,1,1,0,1,1,1,1,1,1,1,1,1,1,1,1,1,1,1,0,1,1,2,1,1,1,1,1,1,1,2,1
"PTHR23037_SF22",1,1,1,1,1,1,1,1,1,1,2,2,1,1,2,1,0,2,1,0,1,1,2,1,1,1,1,1,1,1,1,1,1,1,1,1,1,1,1,1,1,1,1,1,1
"PTHR23037_SF23",1,1,1,1,1,1,1,1,1,1,1,1,1,1,1,1,1,1,1,1,1,1,1,1,1,1,1,1,1,1,0,1,1,1,1,1,1,1,1,1,1,1,1,1,1
"PTHR23037_SF24",1,1,1,1,1,1,1,1,1,1,1,1,1,1,1,1,1,1,1,3,1,1,1,1,1,1,1,1,1,1,1,1,1,1,1,1,1,1,1,1,1,1,1,1,1
"PTHR23037_SF25",1,1,1,1,1,1,1,1,1,1,1,1,1,1,1,1,1,1,1,1,1,1,1,1,1,1,1,1,1,1,1,1,1,1,1,1,1,1,1,1,1,1,1,1,1
"PTHR23037_SF26",1,1,2,1,1,0,1,1,1,1,1,1,1,3,1,1,1,1,1,1,1,1,1,1,1,1,1,2,1,0,1,1,1,1,1,1,2,1,2,1,1,1,0,0,1
"PTHR23037_SF7",1,1,1,1,1,1,1,1,1,1,1,1,1,1,1,1,1,1,1,1,1,1,1,1,1,1,1,1,1,1,1,1,1,1,1,1,1,1,1,1,1,1,1,1,1
"PTHR23037_SF8",1,1,1,1,1,1,1,1,1,1,1,1,1,1,1,1,1,1,1,1,1,1,1,1,1,1,1,1,1,1,1,1,1,1,0,1,1,1,1,1,1,1,1,1,1
"PTHR23038",3,2,3,3,3,3,3,3,3,3,3,3,3,3,3,3,3,3,3,4,3,3,3,3,3,3,2,3,3,3,3,3,3,3,3,3,3,3,3,3,3,3,3,3,3
"PTHR23039",4,4,4,6,4,4,4,4,4,4,4,4,4,4,4,4,4,5,4,4,4,4,4,4,3,4,4,4,4,4,4,4,4,4,4,4,4,4,4,3,4,4,3,4,4
"PTHR23040_SF1",1,1,1,1,1,1,1,1,1,1,1,1,1,1,1,1,1,1,1,1,1,1,1,1,1,1,1,1,1,1,1,1,1,1,2,1,1,0,1,1,1,1,1,1,1
"PTHR23041_SF57",2,1,1,2,1,1,1,1,1,1,2,1,2,1,1,1,2,2,1,1,1,1,1,1,1,1,1,3,1,1,2,1,1,1,1,1,1,1,2,1,1,1,1,1,2
"PTHR23042_SF2",1,1,1,1,1,1,1,1,1,1,1,1,1,1,1,1,1,1,1,1,1,1,1,1,1,1,1,1,1,1,1,1,1,1,1,1,1,1,1,1,1,1,1,1,1
"PTHR23042_SF48",1,1,1,1,1,1,1,0,0,1,1,1,1,1,0,1,1,1,1,1,1,1,1,1,1,1,0,1,1,1,1,0,1,1,1,1,1,1,1,1,1,1,1,1,1
"PTHR23042_SF50",1,1,1,1,1,1,1,1,1,1,1,1,2,1,1,1,1,1,1,1,1,1,1,1,1,1,1,1,1,1,1,1,1,1,1,1,1,1,1,1,1,1,1,2,1
"PTHR23042_SF52",1,1,1,2,1,1,1,1,1,1,1,1,1,1,1,1,1,1,1,1,1,2,1,1,1,1,2,1,1,1,1,1,1,1,1,1,1,1,1,1,1,1,1,1,1
"PTHR23042_SF55",1,0,1,1,1,1,1,0,0,0,0,1,1,1,0,1,0,0,1,0,1,1,1,1,0,1,0,1,0,1,1,0,1,1,0,0,1,0,2,0,1,0,1,0,1
"PTHR23042_SF6",1,1,1,1,1,1,1,1,1,1,1,1,1,1,1,1,1,1,1,0,1,1,1,1,1,1,1,1,1,1,1,1,1,1,1,1,1,1,1,1,1,1,1,1,1
"PTHR23043_SF13",1,1,1,1,1,1,1,1,1,1,1,1,1,1,1,1,1,1,1,1,1,1,1,1,1,1,1,1,1,1,1,1,1,1,1,1,1,1,1,1,1,1,1,1,1
"PTHR23043_SF18",1,1,1,1,1,1,1,1,1,1,1,1,1,1,1,1,1,1,1,1,1,1,1,1,1,1,1,1,1,1,1,1,1,1,1,1,1,1,1,1,1,1,1,2,1
"PTHR23043_SF19",1,1,1,1,1,1,1,1,1,1,1,1,1,1,1,1,0,1,1,1,1,1,1,1,1,1,0,1,1,1,1,1,1,1,1,1,1,1,1,1,1,1,1,1,1
"PTHR23043_SF21",1,1,1,1,1,1,1,1,1,1,1,1,1,1,1,1,1,1,1,1,1,1,1,1,1,1,0,1,1,1,1,1,1,1,1,1,1,1,1,0,1,1,1,1,1
"PTHR23043_SF22",1,1,1,1,1,1,1,1,1,1,1,1,1,1,1,1,1,1,1,1,1,1,1,1,1,1,1,1,1,1,1,1,1,1,1,1,1,1,1,1,1,1,1,1,1
"PTHR23043_SF23",1,0,0,0,1,0,0,0,0,0,0,0,0,0,0,0,0,0,0,0,0,0,0,0,0,1,1,0,0,0,0,0,0,0,0,0,0,0,0,0,0,0,0,0,0
"PTHR23043_SF7",1,1,1,2,1,1,1,1,1,1,1,1,1,1,1,1,1,1,1,1,1,1,1,1,1,1,1,1,1,1,1,1,1,1,1,1,1,1,1,1,1,1,1,1,1
"PTHR23043_SF8",1,1,1,1,1,1,1,1,1,1,1,1,1,1,1,1,1,1,1,1,1,1,1,1,1,1,1,1,1,1,1,1,1,1,1,1,1,1,1,1,1,1,1,1,1
"PTHR23044",3,4,3,3,3,3,3,3,3,3,2,4,3,3,3,3,3,3,3,3,3,4,3,3,3,3,2,3,3,3,3,4,3,3,3,3,4,4,3,3,3,3,3,4,3
"PTHR23045",1,3,2,1,9,1,2,0,2,17,3,1,6,6,0,8,0,9,6,4,6,3,2,4,0,3,2,5,2,1,6,0,1,3,0,2,4,0,7,2,1,7,5,0,3
"PTHR23048",4,5,10,10,6,5,9,6,5,5,4,5,5,8,5,5,6,4,9,5,8,5,5,8,6,4,5,8,5,4,5,11,7,8,11,6,7,5,7,6,7,4,5,6,6
"PTHR23049_SF10",1,1,1,1,1,1,1,1,1,1,1,1,1,1,1,1,1,1,1,1,1,1,1,1,1,1,1,1,1,1,1,1,1,1,1,1,1,2,1,1,1,1,1,1,1
"PTHR23049_SF33",2,3,2,4,5,2,4,2,1,2,3,1,2,3,2,2,4,2,2,1,1,2,3,1,2,2,3,3,2,2,2,3,2,2,1,2,4,3,3,2,4,1,2,2,4
"PTHR23049_SF36",1,1,1,1,1,1,1,1,1,1,1,1,1,1,1,1,1,1,1,1,1,1,1,1,1,1,1,1,1,1,1,1,1,1,1,1,1,1,2,1,1,1,1,1,1
"PTHR23049_SF37",1,1,1,1,2,1,1,1,1,1,4,2,1,1,1,1,1,1,1,2,1,3,1,2,2,1,1,1,1,1,1,2,1,1,1,1,1,1,1,1,1,1,1,1,1
"PTHR23049_SF38",1,0,1,1,1,0,1,0,0,0,1,1,1,1,0,1,1,0,1,0,1,1,0,1,0,1,0,1,1,0,0,0,1,1,1,0,1,1,1,0,1,1,1,2,1
"PTHR23049_SF39",1,1,1,1,1,1,1,1,0,1,1,1,1,1,1,1,1,1,1,1,1,1,1,1,1,1,1,1,1,1,0,1,1,1,1,1,1,1,1,1,1,1,1,1,1
"PTHR23049_SF9",1,1,1,1,1,1,1,2,1,1,1,1,1,1,1,1,1,1,1,1,1,1,2,1,1,1,1,1,1,1,1,1,1,1,1,1,1,1,1,1,1,1,1,1,2
"PTHR23050_SF118",1,1,1,1,1,1,1,1,1,1,1,1,1,2,1,1,1,1,1,1,1,1,1,1,1,1,1,1,1,1,1,1,1,1,1,1,1,1,1,1,1,1,1,1,1
"PTHR23050_SF121",1,1,1,1,1,1,1,1,1,1,1,1,1,1,1,1,1,1,1,1,1,1,1,2,1,1,1,1,1,2,1,1,1,1,1,1,1,2,1,1,1,1,0,1,1
"PTHR23050_SF123",1,2,1,0,1,1,0,1,1,0,1,1,1,0,1,0,1,1,1,1,0,1,1,1,1,1,1,0,1,1,1,1,1,1,1,1,0,1,0,1,0,1,0,1,1
"PTHR23050_SF125",1,0,1,0,0,0,0,1,0,0,0,0,1,0,0,0,0,0,1,0,0,1,0,0,0,0,0,0,0,0,0,0,0,1,1,0,0,1,0,0,1,0,0,0,0
"PTHR23050_SF126",1,0,0,0,1,0,0,0,0,0,0,0,1,0,0,0,0,0,0,1,0,0,0,0,0,1,0,0,1,1,0,0,0,0,0,0,0,1,0,0,0,0,0,0,0
"PTHR23050_SF127",1,0,1,1,1,1,1,0,0,0,0,0,1,1,0,1,1,1,1,0,1,1,0,1,0,1,0,1,1,0,0,0,1,1,1,0,1,1,1,0,1,0,1,1,0
"PTHR23050_SF129",1,1,1,1,1,1,1,1,1,1,1,1,1,1,1,1,1,1,1,1,1,1,2,1,1,1,1,1,1,1,0,1,1,1,1,1,1,1,1,1,1,1,1,1,1
"PTHR23050_SF134",1,1,1,1,1,0,1,1,1,1,1,1,1,1,1,1,1,1,1,1,1,1,1,1,1,1,1,1,1,1,1,1,1,1,1,1,1,1,1,1,1,1,1,1,1
"PTHR23050_SF135",1,1,1,1,2,1,3,1,3,1,1,1,1,1,2,1,1,1,1,4,2,2,1,1,2,1,2,1,3,1,1,4,4,2,0,1,1,1,2,1,1,2,1,0,2
"PTHR23050_SF138",1,1,1,1,1,1,1,1,1,1,1,1,1,1,1,1,1,1,1,1,1,1,2,1,1,1,0,1,1,1,1,1,1,1,1,1,1,1,1,1,1,1,1,1,1
"PTHR23050_SF140",1,1,0,0,1,1,0,0,0,0,1,1,1,0,0,0,1,1,0,0,0,0,1,0,1,1,1,0,0,1,1,0,1,0,1,1,0,1,0,1,0,1,0,0,1
"PTHR23050_SF141",1,1,0,0,1,1,1,1,1,1,1,1,1,1,1,1,0,1,1,1,1,0,1,1,1,0,1,1,1,1,1,1,1,1,2,1,1,1,1,1,0,1,1,2,1
"PTHR23050_SF152",1,1,1,1,1,1,1,0,0,1,1,1,1,1,1,1,0,1,1,1,1,1,1,1,1,1,1,1,1,1,1,0,1,1,1,1,1,1,1,1,1,1,1,1,1
"PTHR23050_SF155",4,4,5,3,6,4,5,4,5,4,4,4,4,7,5,4,4,5,6,3,4,7,4,5,4,3,6,4,2,4,2,4,4,5,5,4,3,4,5,4,3,4,3,7,3
"PTHR23050_SF158",1,1,1,1,1,1,1,1,1,0,1,1,1,1,1,1,1,1,1,2,1,1,1,1,1,1,1,1,0,1,1,1,1,1,1,0,0,1,3,1,1,1,1,1,1
"PTHR23050_SF18",1,1,0,0,1,1,1,0,0,1,1,1,1,0,0,1,0,1,0,1,1,0,2,0,0,1,1,0,1,1,1,0,1,0,0,1,1,1,1,1,0,1,1,0,1
"PTHR23050_SF21",1,1,1,1,1,1,1,1,1,1,1,1,1,1,1,1,1,1,1,1,1,1,2,1,1,1,1,1,1,1,0,1,1,1,1,1,1,1,1,1,1,1,1,1,1
"PTHR23050_SF22",1,1,1,1,1,1,1,1,1,1,1,1,1,1,1,1,1,1,1,1,1,1,1,1,1,1,1,1,1,1,1,1,1,1,1,1,1,1,1,1,1,1,0,1,1
"PTHR23050_SF51",1,1,1,1,1,1,0,1,1,1,1,1,1,1,1,1,1,1,0,1,1,1,1,1,1,1,1,1,1,1,1,1,1,1,1,1,1,1,1,1,0,1,1,1,1
"PTHR23050_SF6",1,1,1,1,1,1,1,1,1,1,1,1,1,1,1,1,2,1,1,1,1,1,1,1,1,1,1,1,1,1,1,1,0,1,1,2,1,1,1,1,1,1,1,2,1
"PTHR23050_SF60",1,1,1,1,1,0,1,1,1,0,1,1,1,1,1,1,1,1,1,0,1,1,1,1,1,1,1,1,1,1,1,1,1,1,1,1,1,1,1,1,1,1,1,1,1
"PTHR23050_SF90",1,1,1,1,1,1,1,1,1,1,1,1,1,1,1,1,1,1,1,1,1,2,1,1,1,1,1,1,1,1,1,3,1,1,1,1,1,1,1,2,1,1,1,1,1
"PTHR23051",1,1,1,1,1,1,1,1,1,1,1,1,1,1,1,1,1,1,1,1,1,1,1,1,1,1,1,1,1,1,1,2,1,1,1,1,1,1,1,1,1,1,1,2,1
"PTHR23052",1,1,1,1,1,1,1,1,1,1,1,1,1,1,0,1,1,1,1,1,1,1,1,1,1,1,1,1,0,1,1,0,1,1,1,1,1,1,1,1,1,1,1,0,1
"PTHR23053_SF3",1,0,1,1,1,0,1,0,1,1,0,1,1,0,1,1,1,1,1,1,1,1,1,1,1,1,0,2,1,1,1,1,1,1,0,1,0,1,0,0,1,1,0,0,1
"PTHR23053_SF4",1,1,1,1,0,0,0,1,1,1,0,0,0,1,0,1,0,0,1,1,0,1,1,1,0,0,0,1,0,1,0,1,1,1,1,0,1,0,1,0,1,1,0,0,0
"PTHR23053_SF5",2,1,1,2,1,1,1,1,1,2,1,1,1,1,1,2,1,1,1,1,1,1,1,1,1,1,1,1,1,1,1,1,3,1,1,1,1,1,1,1,1,1,1,1,1
"PTHR23053_SF7",2,0,0,0,0,0,0,1,1,2,0,1,0,1,0,1,0,0,1,1,0,0,1,0,0,1,0,0,0,2,0,0,1,0,0,1,1,0,1,1,0,0,2,0,0
"PTHR23053_SF8",1,1,1,1,1,1,1,1,1,1,1,1,1,1,1,1,0,1,1,1,1,1,1,1,1,2,1,1,1,1,2,1,1,1,1,1,1,1,1,1,1,1,1,1,1
"PTHR23053_SF9",1,1,1,1,1,1,1,0,1,1,1,1,1,1,1,1,1,0,1,0,0,1,1,1,0,0,0,1,1,0,0,1,0,1,0,0,1,1,1,0,1,0,0,0,0
"PTHR23055_SF11",1,1,1,1,1,1,1,1,1,1,1,1,1,1,1,1,1,1,1,2,2,1,2,1,1,1,1,1,1,1,1,1,1,1,0,1,1,1,1,1,1,1,1,0,1
"PTHR23055_SF13",1,1,1,1,1,1,1,1,1,1,1,1,1,1,1,2,1,1,1,1,1,1,2,1,1,1,1,1,1,1,1,1,1,1,1,1,1,1,1,1,1,1,1,0,1
"PTHR23055_SF20",1,1,1,1,1,1,1,1,1,0,1,1,1,1,1,1,1,1,1,1,0,1,1,1,1,1,1,1,1,1,1,1,1,1,1,1,1,1,1,1,1,1,1,1,1
"PTHR23055_SF27",1,1,1,1,1,1,1,1,1,1,1,1,1,1,1,1,1,1,1,1,1,1,1,1,1,1,1,1,1,1,1,1,1,1,1,1,1,1,1,1,1,1,1,1,1
"PTHR23055_SF30",1,1,1,1,1,1,1,1,1,1,1,1,1,2,1,1,1,1,1,1,1,1,1,1,1,1,1,1,1,1,1,1,1,1,1,1,1,1,1,1,1,1,1,1,1
"PTHR23055_SF57",1,1,1,1,1,1,1,1,1,1,1,1,1,1,1,1,1,1,1,1,1,1,1,1,1,1,1,1,2,1,1,1,1,1,1,1,1,1,1,1,1,1,1,1,1
"PTHR23055_SF61",1,1,1,1,1,1,1,1,1,1,1,1,1,1,1,1,1,1,1,1,2,1,1,1,1,1,1,1,1,1,1,1,1,1,1,1,1,1,1,1,1,1,1,1,1
"PTHR23055_SF64",1,0,1,1,0,1,1,1,1,1,0,0,1,1,1,1,1,0,1,1,1,1,0,1,0,1,0,1,1,0,0,1,1,1,1,0,0,1,1,0,1,1,0,0,1
"PTHR23055_SF65",1,1,1,1,1,1,1,1,1,1,1,1,1,1,1,1,1,1,1,1,1,1,1,1,1,1,1,1,1,1,1,1,1,1,1,1,1,1,1,2,1,1,1,1,1
"PTHR23055_SF67",1,1,0,0,0,1,1,1,1,1,1,0,1,0,0,0,1,1,0,1,0,1,1,0,1,1,1,0,1,0,0,1,0,0,1,1,0,1,0,1,0,1,0,1,1
"PTHR23055_SF72",1,1,1,1,1,1,2,1,1,1,1,1,1,1,1,1,1,1,1,1,1,1,1,1,1,1,1,1,1,1,1,1,1,1,1,1,1,1,1,1,1,1,1,1,1
"PTHR23055_SF75",1,1,1,1,1,1,1,1,1,1,1,1,1,1,1,1,1,1,1,1,1,1,1,1,1,1,1,1,1,1,1,1,1,1,1,1,1,1,1,1,1,1,1,2,1
"PTHR23055_SF79",1,2,1,2,2,2,2,1,1,1,1,2,2,1,2,2,1,2,1,0,1,2,2,1,2,1,2,1,0,1,1,3,1,2,1,2,2,2,1,2,1,2,1,2,1
"PTHR23055_SF80",1,0,1,1,1,0,2,0,0,0,1,1,1,1,0,1,1,0,1,1,1,1,0,1,0,1,0,1,1,0,0,0,1,1,1,0,1,1,1,0,1,0,1,1,0
"PTHR23055_SF84",1,1,1,1,1,1,1,1,1,0,1,1,1,1,1,1,1,1,1,1,1,1,1,1,1,1,1,1,1,1,1,1,1,1,1,1,1,1,1,1,1,1,1,2,1
"PTHR23055_SF87",1,1,1,1,1,1,1,1,1,1,2,1,1,1,1,2,1,1,1,1,2,1,1,1,1,1,1,1,1,1,2,1,1,1,1,1,1,1,1,1,1,1,1,1,1
"PTHR23056_SF17",1,2,4,1,1,1,1,1,1,1,1,1,1,2,4,1,1,1,3,1,1,1,1,2,2,1,1,3,1,1,2,1,1,2,2,1,2,1,2,1,1,1,1,2,1
"PTHR23056_SF2",1,1,1,3,1,1,2,1,1,1,1,1,1,1,1,1,1,1,1,1,1,1,2,1,1,1,2,1,1,2,1,1,1,1,1,2,1,1,1,2,1,1,1,1,1
"PTHR23056_SF22",1,1,1,2,1,1,1,1,1,1,1,1,2,1,1,1,1,1,1,0,1,1,1,1,1,1,1,1,1,1,1,2,1,1,1,0,1,1,1,1,1,1,1,1,1
"PTHR23056_SF30",1,1,1,1,0,1,1,1,1,1,1,1,1,1,1,1,1,1,1,1,1,1,1,1,1,0,1,1,1,1,1,1,1,1,1,1,1,1,1,1,1,1,0,1,1
"PTHR23056_SF32",1,1,1,1,1,1,1,1,1,1,1,1,1,1,1,1,1,1,1,1,1,1,1,1,1,1,2,1,1,1,3,1,1,1,1,1,1,1,1,1,1,1,1,1,1
"PTHR23056_SF34",1,1,1,1,1,1,1,1,1,1,1,1,1,1,1,1,1,1,1,1,1,1,1,1,1,1,1,1,1,1,1,1,1,1,1,1,1,1,1,1,0,1,1,1,1
"PTHR23056_SF35",1,1,1,1,1,1,1,1,1,1,1,1,1,1,1,1,1,1,1,1,1,1,1,1,1,1,1,1,1,1,1,1,1,1,1,1,1,1,1,1,1,1,1,1,1
"PTHR23057",1,1,1,1,1,1,1,1,1,1,1,1,1,1,1,1,1,1,1,1,1,1,1,1,1,1,1,1,1,1,1,1,1,1,1,1,1,1,1,1,1,1,1,2,1
"PTHR23058",1,1,1,2,1,1,1,1,1,1,1,1,1,1,1,1,1,1,1,1,1,1,1,1,1,1,1,1,1,1,1,1,1,1,1,1,1,1,1,1,2,1,1,1,1
"PTHR23059",1,1,1,1,1,1,1,1,1,1,1,1,1,1,2,1,1,1,1,1,1,1,1,1,1,1,1,1,1,1,1,1,1,1,1,1,1,1,2,1,1,1,1,1,1
"PTHR23061",1,1,1,1,1,1,1,1,1,1,1,1,1,1,1,2,1,1,1,1,1,1,1,1,1,1,1,1,2,1,1,1,1,1,1,1,1,1,1,1,1,1,1,1,1
"PTHR23063",6,6,5,5,5,6,6,6,5,4,6,6,5,5,6,6,5,8,7,6,5,6,6,6,6,5,6,5,5,6,5,5,6,6,6,6,6,5,6,6,5,5,5,6,5
"PTHR23064",2,3,2,2,2,2,2,2,2,2,2,2,2,2,2,2,2,2,2,3,2,2,2,2,2,2,2,2,2,2,1,3,2,2,2,1,2,2,2,2,2,2,2,2,2
"PTHR23065_SF10",1,1,1,1,1,1,1,1,1,1,1,1,1,1,1,1,3,1,1,1,1,1,1,1,1,1,2,1,1,1,1,1,1,1,1,1,1,1,1,1,1,1,1,1,1
"PTHR23065_SF3",1,1,1,1,1,1,1,1,1,1,1,1,1,1,1,1,1,1,1,1,1,1,1,1,1,1,1,1,1,1,0,1,1,1,1,1,1,1,1,1,1,1,1,1,1
"PTHR23065_SF5",1,1,1,1,1,1,1,1,1,1,1,1,1,1,1,1,1,1,1,1,1,1,1,1,1,1,2,1,1,1,1,1,1,1,1,1,1,1,1,1,1,1,1,1,1
"PTHR23065_SF6",1,1,1,1,1,1,1,1,1,1,1,1,1,1,1,1,1,1,1,1,1,1,1,1,1,1,1,1,1,1,0,1,1,1,1,1,1,1,1,1,1,1,1,1,1
"PTHR23065_SF8",1,2,1,1,1,1,1,1,1,1,2,1,1,1,1,1,1,1,1,1,1,1,1,1,1,1,4,1,1,1,1,1,1,1,1,1,1,1,1,1,1,1,1,1,1
"PTHR23065_SF9",1,1,1,1,1,1,1,1,1,1,1,1,1,1,1,1,1,1,1,1,1,1,2,1,1,1,1,1,1,1,1,1,1,1,1,1,1,1,1,1,1,0,1,1,1
"PTHR23067_SF12",1,1,1,1,1,1,1,1,1,1,1,1,1,1,1,1,1,0,1,1,1,1,0,1,1,1,0,1,1,1,1,1,1,1,1,1,1,1,1,1,1,1,1,1,1
"PTHR23067_SF13",1,1,1,1,1,1,1,1,1,1,1,1,1,1,1,1,1,1,1,1,1,1,1,1,1,1,1,1,2,1,1,1,1,1,1,1,1,1,1,1,1,1,1,1,1
"PTHR23067_SF14",1,1,1,1,1,1,1,1,1,6,1,1,1,1,1,1,1,1,1,1,1,1,1,1,1,1,1,1,1,1,1,0,1,0,1,1,1,1,1,1,1,1,1,1,1
"PTHR23067_SF19",1,1,1,1,1,1,0,1,1,1,1,1,1,1,1,1,1,1,1,1,1,1,1,1,1,1,1,1,2,1,1,1,1,1,1,1,1,1,1,1,1,1,1,1,1
"PTHR23067_SF36",1,1,1,1,0,1,1,1,1,4,1,1,1,1,1,1,1,1,1,1,1,0,1,0,1,1,1,1,1,1,1,0,1,1,0,1,0,1,1,1,1,1,1,0,1
"PTHR23067_SF39",1,1,1,1,1,1,3,1,1,1,1,1,1,1,2,1,1,1,1,1,1,1,1,1,1,1,1,1,1,1,1,1,1,1,1,1,1,1,1,1,1,1,1,1,1
"PTHR23067_SF5",1,1,1,1,1,1,1,1,1,1,1,1,1,1,1,1,1,1,1,1,1,1,1,1,1,1,1,1,1,1,1,1,1,1,1,1,1,1,1,1,1,1,1,0,1
"PTHR23067_SF6",1,1,1,1,1,1,1,1,1,1,1,1,1,1,1,1,1,1,1,1,1,1,1,1,1,1,1,1,1,1,1,1,1,1,1,1,1,1,1,1,1,1,1,1,1
"PTHR23067_SF7",1,1,1,1,1,1,1,1,1,1,1,1,1,1,1,1,1,1,1,1,1,1,1,1,1,1,1,1,1,1,1,1,1,1,1,1,1,1,1,1,1,1,1,1,1
"PTHR23067_SF8",1,1,1,1,1,1,1,2,1,2,1,1,1,1,1,2,1,1,1,1,1,1,1,1,1,1,1,1,1,1,1,1,1,1,1,1,1,1,1,1,1,1,1,2,1
"PTHR23068_SF10",1,2,1,1,1,1,2,1,1,1,1,1,1,1,1,1,1,1,1,1,1,3,1,1,2,1,1,1,1,1,1,1,1,1,1,2,1,1,1,1,1,1,0,1,1
"PTHR23068_SF4",1,1,1,1,1,1,1,1,1,1,0,1,1,1,1,1,3,1,1,1,1,1,1,1,1,1,1,1,1,1,1,0,1,1,1,1,1,1,1,1,1,1,1,1,1
"PTHR23068_SF5",1,1,1,1,1,1,0,1,1,0,1,1,1,1,1,2,1,1,1,1,1,1,1,1,1,1,1,1,1,1,0,0,1,1,1,1,1,1,1,1,1,1,1,0,1
"PTHR23068_SF6",1,1,0,1,1,1,1,1,1,1,1,1,1,1,1,1,1,1,1,1,1,1,2,1,1,1,1,0,1,1,1,1,1,1,1,1,1,1,1,1,1,1,1,1,1
"PTHR23068_SF9",1,1,1,3,1,1,1,1,1,1,0,1,1,1,1,1,2,1,1,1,1,1,2,1,1,1,2,1,1,1,1,1,1,1,1,2,1,1,1,1,1,1,1,1,1
"PTHR23069",2,3,2,2,2,2,2,2,1,2,2,2,2,2,2,2,2,2,2,1,2,2,3,2,2,2,2,2,2,2,2,2,2,2,2,2,2,2,2,1,2,2,2,2,2
"PTHR23070_SF17",1,1,1,1,1,1,1,1,1,1,1,1,1,1,1,1,1,1,1,1,1,2,1,1,1,1,1,1,1,1,1,1,1,1,1,1,1,1,1,1,1,1,1,1,1
"PTHR23071",1,1,1,1,1,1,1,1,1,1,1,1,1,1,1,1,1,1,1,1,1,1,1,1,1,1,1,1,1,1,1,1,1,1,1,1,1,1,1,1,1,1,1,1,1
"PTHR23073",7,6,16,11,9,7,10,7,6,7,6,6,8,14,13,7,8,6,13,6,8,7,6,14,8,6,7,14,11,7,9,16,9,14,6,7,13,12,14,6,13,6,6,7,7
"PTHR23074_SF14",1,1,1,1,1,1,1,1,1,1,1,1,1,1,1,1,1,1,1,1,1,1,1,1,1,1,2,1,1,1,1,1,1,1,1,1,1,1,1,1,1,1,1,1,1
"PTHR23074_SF33",1,1,1,1,1,0,1,0,1,1,0,1,1,1,1,1,1,1,1,0,0,1,1,1,1,1,1,0,1,1,0,0,1,1,0,0,1,1,1,0,1,0,1,1,0
"PTHR23074_SF65",1,1,1,1,1,1,1,1,1,1,1,1,1,1,1,1,1,1,1,1,1,1,2,1,1,1,0,1,1,1,1,1,1,1,1,1,1,1,2,2,1,1,1,1,1
"PTHR23074_SF66",1,1,1,1,1,1,1,1,1,1,1,1,1,1,2,1,1,1,1,1,1,1,1,1,1,1,1,1,1,1,1,1,1,1,1,1,1,1,1,1,1,1,1,1,1
"PTHR23074_SF71",1,1,1,1,1,2,1,1,1,3,1,1,1,1,1,1,1,1,1,1,1,1,2,1,1,1,3,1,1,1,1,1,1,1,1,1,1,1,1,1,1,1,1,1,1
"PTHR23074_SF72",1,1,1,1,1,1,1,1,1,2,1,1,1,1,2,1,1,1,1,1,1,1,1,1,1,1,1,1,1,1,1,1,1,1,1,1,1,1,1,1,1,1,1,1,1
"PTHR23074_SF73",1,1,2,1,1,2,1,1,1,1,1,1,1,2,1,2,1,1,2,1,1,1,1,2,1,1,1,1,1,1,1,1,1,1,1,1,2,1,1,1,2,1,1,1,1
"PTHR23074_SF75",1,1,1,0,1,1,0,1,1,1,1,1,1,1,1,1,1,1,0,1,1,1,1,1,1,1,1,1,1,1,1,0,1,0,1,1,0,0,0,1,0,1,0,1,1
"PTHR23074_SF78",1,1,1,1,1,1,1,1,1,1,1,1,1,1,1,1,1,1,1,1,1,1,1,1,1,1,1,1,1,1,1,1,1,1,1,1,1,1,1,1,1,1,1,1,1
"PTHR23074_SF82",1,1,1,1,1,1,1,1,1,1,1,1,1,1,1,2,1,1,1,1,1,1,1,1,1,1,1,1,1,3,2,1,1,1,1,1,1,1,1,1,1,2,1,1,1
"PTHR23075_SF4",1,1,1,1,1,1,1,1,1,1,1,1,1,1,1,1,1,1,2,1,3,1,1,1,1,1,1,1,1,1,0,1,1,1,1,1,1,1,1,1,1,1,1,1,1
"PTHR23076_SF37",1,1,1,1,1,1,1,1,2,1,1,1,1,2,1,1,1,1,1,1,1,1,1,1,1,3,1,1,2,1,1,1,1,1,1,1,2,1,2,2,1,1,1,1,1
"PTHR23076_SF45",1,1,1,1,1,1,1,1,1,1,1,1,1,1,1,1,1,1,1,1,1,1,1,1,1,1,1,1,1,1,1,1,2,1,1,1,1,1,1,1,1,0,1,3,1
"PTHR23076_SF47",1,1,1,1,1,1,1,1,1,1,1,1,1,1,1,1,1,1,1,2,1,1,1,1,1,1,1,1,1,2,1,1,1,1,1,1,1,1,1,1,1,1,1,1,1
"PTHR23077_SF12",1,1,1,1,1,1,1,1,1,1,1,1,1,1,1,1,1,1,1,1,1,1,1,1,1,1,2,1,1,1,1,1,1,1,1,1,1,1,2,1,1,1,1,1,1
"PTHR23077_SF27",1,1,1,1,1,1,1,1,1,1,1,1,1,1,1,1,1,0,1,2,1,1,1,1,1,1,1,1,1,1,1,1,1,1,1,1,1,1,1,1,1,1,1,1,1
"PTHR23077_SF53",1,1,1,1,1,1,1,1,1,1,1,1,1,1,0,1,1,1,1,1,1,1,1,1,1,1,1,1,1,1,1,0,1,1,1,2,1,1,1,1,1,1,1,1,1
"PTHR23077_SF55",1,1,1,1,1,1,1,1,1,1,1,1,1,1,1,1,1,1,1,2,1,1,1,1,1,1,1,1,1,1,2,1,1,2,1,1,1,1,1,1,1,1,1,2,1
"PTHR23077_SF69",1,1,1,1,1,1,1,1,1,1,1,1,1,1,1,1,1,1,1,1,1,1,1,1,1,1,1,1,1,1,1,1,1,1,1,2,1,1,1,1,1,1,1,1,1
"PTHR23077_SF9",1,1,1,1,1,1,1,1,1,1,1,1,1,1,1,1,1,1,1,1,1,1,1,1,1,1,1,1,1,1,1,1,1,1,1,1,1,1,1,1,1,1,1,1,1
"PTHR23078",1,1,1,1,1,1,1,1,2,1,1,1,1,2,1,3,1,1,1,2,1,1,1,1,1,1,1,1,1,1,1,2,1,1,1,1,1,1,2,1,1,1,1,1,1
"PTHR23080_SF10",1,1,1,2,1,1,1,1,1,1,1,1,1,1,1,2,1,0,1,1,1,1,1,1,1,2,1,1,1,1,2,1,1,1,1,1,1,1,1,1,1,1,1,2,1
"PTHR23080_SF11",1,1,1,2,1,1,1,1,1,1,1,1,1,1,1,1,1,1,1,1,1,1,1,1,1,1,1,1,1,1,1,2,1,1,1,1,1,2,1,1,0,1,1,1,1
"PTHR23080_SF13",1,1,1,1,1,1,1,0,0,1,1,1,1,1,0,1,0,0,1,0,1,1,0,1,0,1,0,1,1,1,0,0,1,1,0,0,1,1,1,0,1,0,1,0,1
"PTHR23080_SF14",1,1,1,1,1,1,1,1,1,1,1,1,1,1,1,1,0,1,1,1,1,1,1,1,1,1,1,1,1,0,0,1,1,1,1,1,1,1,2,1,1,1,1,1,1
"PTHR23080_SF32",1,1,1,1,1,1,1,1,0,1,1,1,1,1,1,1,1,1,1,1,1,1,0,1,0,1,0,1,1,1,1,0,1,1,0,0,1,1,1,1,1,1,1,0,1
"PTHR23080_SF46",1,1,1,1,1,1,1,0,1,1,1,1,1,1,1,1,1,1,1,1,1,1,1,1,1,0,1,1,1,1,1,1,1,1,1,1,1,1,1,1,1,1,1,1,1
"PTHR23080_SF59",1,4,1,1,1,9,1,1,1,1,1,1,1,1,1,1,1,1,1,1,1,1,1,1,1,1,1,1,1,3,1,1,0,1,9,1,1,1,1,1,1,1,0,1,1
"PTHR23080_SF72",1,1,1,1,1,1,2,1,1,1,1,1,1,1,1,1,1,1,1,1,1,1,1,1,1,1,1,1,1,1,1,2,1,1,1,1,2,1,1,1,1,1,1,1,1
"PTHR23081_SF0",1,2,1,1,1,1,1,1,1,1,1,1,1,1,2,2,1,1,1,1,1,1,1,1,1,1,1,1,1,1,2,1,1,1,1,1,1,1,1,1,1,1,1,1,1
"PTHR23082",1,1,1,1,1,1,1,1,1,1,1,1,1,1,1,1,1,1,1,1,1,1,1,1,1,1,1,1,1,1,1,2,1,1,1,1,1,1,1,1,1,1,1,1,1
"PTHR23083_SF341",1,1,1,1,1,1,1,1,1,1,1,1,1,1,1,2,0,1,1,0,1,1,1,1,1,1,1,1,1,1,3,1,1,1,1,1,1,1,1,1,1,1,2,2,1
"PTHR23083_SF342",1,1,1,1,1,1,1,1,1,1,1,1,1,1,1,1,1,1,1,1,1,1,1,1,1,1,1,1,1,1,1,1,1,1,1,1,1,1,1,1,1,1,1,1,1
"PTHR23083_SF351",1,1,1,1,1,1,1,1,1,1,1,1,1,0,1,1,0,1,1,1,1,1,1,1,0,1,0,1,1,1,1,1,1,1,1,1,1,1,1,0,1,1,1,1,1
"PTHR23083_SF353",1,1,1,2,1,1,1,1,1,1,1,1,1,1,1,1,1,1,1,0,1,1,1,1,1,1,1,1,1,1,1,1,1,1,1,1,1,1,1,1,1,1,1,1,1
"PTHR23083_SF361",1,1,1,1,1,1,1,1,1,1,1,1,1,1,1,1,1,0,1,1,1,1,1,1,1,1,1,1,1,1,1,1,1,1,1,1,1,1,1,1,1,1,1,1,1
"PTHR23083_SF363",1,1,1,1,1,1,1,1,1,1,1,1,1,1,1,1,1,1,1,2,1,1,1,1,1,1,1,1,1,1,1,1,1,1,1,1,1,1,1,1,1,1,1,0,1
"PTHR23083_SF365",1,1,1,1,1,1,1,1,1,1,1,1,1,1,1,1,1,2,1,1,1,1,1,1,1,1,1,1,1,1,2,1,1,1,1,1,1,1,1,1,1,1,1,1,1
"PTHR23083_SF369",1,1,1,2,1,1,1,1,1,1,1,1,1,1,1,1,1,1,1,1,1,1,1,1,1,1,1,1,1,1,1,1,1,1,1,2,1,1,1,1,1,1,11,1,1
"PTHR23083_SF374",1,1,1,1,1,1,1,1,1,1,1,1,1,1,1,1,1,0,1,1,1,1,1,1,1,1,1,1,1,1,1,1,1,1,1,1,1,1,1,1,1,1,1,1,1
"PTHR23083_SF384",1,1,1,1,1,1,1,1,1,1,1,1,1,1,1,1,1,1,1,1,1,1,1,1,1,1,2,1,1,1,1,1,1,1,1,1,1,1,1,1,1,1,1,1,1
"PTHR23083_SF389",1,1,1,1,1,1,1,1,1,1,1,1,1,1,1,1,1,1,1,1,1,1,1,1,1,1,1,2,1,1,1,2,1,1,1,1,1,1,1,1,1,1,1,1,2
"PTHR23083_SF39",1,1,1,1,1,1,1,1,1,1,1,1,1,1,1,1,1,1,1,2,1,1,1,1,1,1,1,1,1,1,1,1,1,1,1,1,1,1,1,1,1,1,1,1,1
"PTHR23083_SF390",1,1,1,1,1,1,1,1,1,1,1,1,1,1,1,1,1,1,1,1,1,1,1,1,1,1,1,1,1,1,1,1,1,1,1,1,1,1,1,1,1,1,1,1,1
"PTHR23083_SF395",1,1,1,1,1,1,1,1,1,0,1,1,1,1,0,1,1,1,1,1,1,1,1,1,1,1,1,1,1,1,1,1,1,1,0,1,1,1,1,1,1,1,1,2,1
"PTHR23083_SF6",1,1,1,1,1,1,1,1,1,1,1,1,1,1,1,1,1,1,1,1,1,1,1,1,1,1,1,1,1,1,1,1,1,1,1,1,1,1,1,1,1,1,1,1,1
"PTHR23084_SF113",1,1,1,1,1,1,1,1,1,1,1,1,1,1,1,2,1,1,1,0,1,1,1,1,1,1,1,1,1,1,1,1,1,1,1,1,1,1,1,1,1,1,1,1,1
"PTHR23084_SF114",1,1,1,1,1,1,1,1,1,1,1,1,1,1,0,1,1,1,1,1,1,1,1,1,1,1,1,1,1,1,1,1,1,1,1,1,1,1,1,1,1,1,1,1,1
"PTHR23084_SF121",1,1,1,1,1,1,1,0,1,1,1,1,1,1,1,1,0,1,1,1,1,1,1,1,1,1,1,1,1,1,2,1,1,1,1,1,2,1,1,1,1,1,0,1,1
"PTHR23084_SF123",1,1,1,1,1,1,1,1,1,1,1,1,1,1,1,1,0,1,1,1,1,1,1,1,1,1,1,1,2,1,0,1,1,1,1,1,1,1,1,1,1,1,1,1,1
"PTHR23084_SF129",1,1,1,1,1,1,1,1,1,1,1,1,1,1,1,1,1,1,1,1,1,1,1,1,1,1,1,1,1,1,1,1,1,1,1,1,1,1,1,1,1,1,1,1,1
"PTHR23084_SF130",1,1,1,1,1,1,1,1,1,1,0,1,1,1,1,1,1,1,1,1,1,1,1,1,1,1,1,1,1,1,1,1,1,1,2,1,1,1,1,1,1,1,1,0,1
"PTHR23084_SF131",1,1,2,1,1,1,1,1,1,1,1,1,1,2,1,2,1,1,1,1,1,1,1,1,1,1,1,1,1,1,1,0,1,2,1,1,1,1,2,1,1,1,1,2,1
"PTHR23085_SF14",1,1,1,1,1,1,1,1,1,1,1,1,1,1,1,1,1,1,1,1,1,1,1,1,1,1,1,1,1,1,1,1,1,1,1,1,1,1,1,1,1,1,1,1,1
"PTHR23085_SF5",1,2,1,1,2,1,1,1,1,1,1,1,1,1,1,1,0,1,1,1,1,1,1,1,1,1,1,1,1,1,1,1,1,1,1,2,1,1,1,1,1,2,1,4,1
"PTHR23085_SF6",1,1,1,1,1,1,1,1,1,1,1,1,1,1,1,1,0,1,1,1,1,2,1,1,1,1,1,1,1,1,1,1,2,1,1,1,1,1,1,1,1,2,1,2,1
"PTHR23085_SF7",1,1,1,1,1,1,1,1,1,1,1,1,1,1,1,1,1,1,1,1,1,0,1,1,1,1,1,1,1,1,1,1,0,1,1,1,1,1,1,1,1,0,1,1,1
"PTHR23086_SF16",1,1,3,1,1,1,1,1,1,0,1,1,1,3,2,1,1,1,2,1,2,1,1,2,1,1,1,3,1,1,1,1,1,2,1,1,3,1,4,1,1,1,1,2,1
"PTHR23086_SF21",1,1,1,1,1,1,1,1,1,1,1,1,1,1,1,3,1,1,1,1,1,1,1,1,1,1,1,1,1,1,1,1,1,1,1,1,1,1,1,2,1,1,1,1,2
"PTHR23086_SF22",1,1,1,1,1,1,1,1,1,1,1,1,1,1,1,2,1,1,1,1,1,1,1,1,1,1,1,1,1,1,1,1,1,1,1,1,1,1,1,1,1,1,1,1,1
"PTHR23086_SF26",1,1,1,1,1,1,1,1,1,1,1,1,1,1,2,1,1,1,1,1,1,1,1,1,1,1,1,1,1,1,0,1,1,1,1,1,1,1,1,1,1,1,1,1,1
"PTHR23086_SF32",1,1,1,1,1,1,1,1,1,1,1,2,1,1,1,1,1,1,1,1,1,1,1,1,1,1,1,1,1,1,1,1,1,1,1,1,1,1,1,1,1,1,1,1,1
"PTHR23086_SF34",1,1,1,1,1,1,1,1,1,1,1,1,1,1,1,1,1,1,1,1,1,1,1,1,1,1,1,1,1,1,1,1,1,1,1,1,1,1,1,1,1,1,1,1,1
"PTHR23086_SF35",1,1,1,2,1,1,1,1,1,0,1,1,1,1,2,1,1,1,1,2,1,1,1,1,1,1,1,1,1,1,1,1,1,1,1,1,1,1,1,1,1,1,1,1,1
"PTHR23087",5,6,14,8,16,9,14,4,3,32,4,7,8,10,6,4,10,3,20,7,6,11,5,13,5,5,13,10,12,10,12,30,12,17,7,19,9,10,9,7,12,6,4,5,16
"PTHR23088_SF20",1,1,2,1,1,1,1,1,1,2,1,1,1,1,1,1,1,1,2,2,1,1,1,1,1,1,2,1,2,1,1,2,1,1,1,1,1,1,1,1,1,1,1,1,1
"PTHR23088_SF5",1,1,1,1,1,1,1,1,1,1,1,1,1,1,1,1,1,1,1,1,1,1,1,1,1,1,1,1,1,1,1,1,1,1,1,1,1,1,1,1,1,1,1,1,1
"PTHR23088_SF9",1,1,1,1,1,1,1,1,1,1,1,1,1,1,1,1,1,1,1,1,1,1,1,1,1,1,1,1,1,1,1,1,1,1,1,1,1,1,1,1,1,1,1,1,1
"PTHR23089_SF3",1,3,3,2,4,3,6,1,1,1,1,1,2,2,1,1,3,1,2,2,1,1,1,2,1,4,1,2,1,2,3,4,1,2,5,1,2,2,3,2,6,1,1,5,4
"PTHR23089_SF4",1,1,1,1,1,1,1,2,1,1,1,1,1,1,1,1,1,1,1,1,1,1,1,1,1,1,1,1,1,1,2,1,1,1,1,1,1,1,1,1,1,1,1,1,1
"PTHR23090_SF9",1,1,1,1,1,1,1,1,1,1,1,1,1,1,1,1,1,1,1,1,1,1,1,1,1,2,1,1,3,1,0,1,1,1,2,1,1,1,1,1,1,1,1,2,1
"PTHR23091_SF179",1,1,1,1,1,1,2,5,1,1,1,1,1,1,4,1,1,1,1,1,1,1,1,1,1,1,2,1,1,1,1,2,2,1,1,1,1,1,1,2,1,1,1,1,1
"PTHR23091_SF201",1,1,1,3,1,1,1,1,1,1,1,1,2,1,1,1,1,1,1,2,1,2,1,1,1,1,1,1,1,1,1,3,1,1,1,1,1,1,1,1,3,1,1,1,2
"PTHR23091_SF209",1,1,1,1,1,1,1,1,0,1,1,1,1,1,1,1,1,1,1,1,1,1,1,1,1,1,1,1,1,1,1,1,1,1,1,1,1,2,1,1,1,1,1,1,1
"PTHR23091_SF71",1,1,1,1,2,1,1,1,1,1,1,1,1,1,2,1,1,1,1,1,1,2,1,1,2,1,2,1,1,1,1,1,1,1,1,1,1,2,1,1,1,1,1,1,1
"PTHR23092_SF24",1,1,1,1,1,1,1,1,1,1,1,1,1,1,1,1,1,1,1,1,1,1,1,1,1,1,1,1,1,1,1,1,1,1,1,1,1,1,1,1,1,1,1,1,1
"PTHR23092_SF26",1,1,1,1,1,1,1,1,1,1,1,1,1,1,1,1,1,2,1,1,1,1,1,1,1,1,1,1,1,1,1,1,1,1,1,1,1,1,1,1,1,1,1,1,1
"PTHR23093",3,2,3,3,3,3,2,2,2,3,1,3,4,3,2,3,2,3,3,2,3,0,3,3,1,3,1,3,2,4,4,0,3,3,1,2,3,2,3,2,2,2,3,1,4
"PTHR23095",5,6,10,7,8,4,14,1,4,8,9,13,11,15,6,15,10,5,12,6,11,5,13,11,8,7,7,13,11,4,4,1,10,13,1,13,13,10,14,9,5,7,7,0,14
"PTHR23097_SF103",1,1,1,1,1,1,1,1,1,1,1,1,1,1,1,1,1,1,1,1,1,1,1,1,1,1,1,1,1,1,1,1,1,1,1,0,1,1,1,1,1,1,1,1,1
"PTHR23097_SF104",1,1,1,1,1,1,1,1,1,1,1,1,1,1,1,1,1,1,1,0,1,1,1,1,1,1,1,1,1,1,1,1,1,1,1,1,1,1,1,1,1,1,1,1,1
"PTHR23097_SF108",1,1,1,1,1,1,1,1,1,1,1,1,1,1,1,1,1,1,1,1,1,1,1,1,1,1,1,1,2,1,1,1,1,1,1,1,1,1,1,1,1,1,1,1,1
"PTHR23097_SF110",1,1,1,1,1,1,1,1,1,1,1,1,1,1,1,1,1,1,1,1,1,1,1,1,1,1,1,1,1,1,1,1,1,1,1,1,1,1,1,1,1,1,1,1,1
"PTHR23097_SF12",1,1,1,1,1,1,1,1,1,0,1,1,1,1,1,1,0,1,1,1,1,1,1,1,1,1,1,1,1,1,0,1,1,1,1,1,1,1,1,1,1,1,1,1,1
"PTHR23097_SF13",1,1,1,1,1,1,1,1,1,1,1,1,1,1,1,1,1,1,1,1,1,1,1,1,1,1,1,1,1,1,1,1,1,1,1,1,1,1,1,1,1,1,1,1,1
"PTHR23097_SF23",1,1,1,1,1,1,1,1,1,1,1,1,1,1,0,1,1,1,1,1,1,1,1,1,1,1,1,1,1,1,1,1,1,1,1,1,1,1,1,1,1,1,1,1,1
"PTHR23097_SF27",1,0,1,1,1,0,1,1,1,1,1,1,1,1,0,2,0,1,1,3,1,1,2,1,1,1,1,1,1,0,0,1,1,1,3,2,1,1,1,2,1,0,0,2,1
"PTHR23097_SF28",1,1,1,1,1,1,1,1,1,1,1,1,1,1,1,1,1,1,1,1,1,1,1,1,1,1,1,1,1,1,1,1,1,1,0,1,1,1,1,1,1,1,1,1,1
"PTHR23097_SF29",1,1,1,1,1,1,1,1,1,1,1,1,1,1,1,1,1,1,1,1,1,1,1,1,1,1,1,1,1,1,1,0,1,1,1,1,1,1,1,1,1,1,1,1,1
"PTHR23097_SF37",1,1,1,1,1,1,1,1,1,1,1,1,1,1,1,1,1,1,1,1,1,1,1,1,1,1,1,1,1,1,1,1,1,1,1,1,1,1,1,1,1,1,1,4,1
"PTHR23097_SF4",1,1,1,1,1,1,1,1,1,1,1,1,1,1,1,1,0,1,1,0,1,1,1,1,1,1,1,1,1,1,0,1,1,1,0,1,1,1,1,1,1,1,0,0,1
"PTHR23097_SF85",1,1,1,1,1,0,2,1,1,1,1,1,1,1,0,1,0,1,1,1,1,1,1,1,1,1,1,1,1,1,1,0,1,1,1,1,1,1,1,1,1,0,1,0,1
"PTHR23097_SF87",1,1,0,0,1,1,0,1,1,0,1,1,1,0,1,0,0,1,0,1,1,0,1,0,1,1,1,0,1,1,1,1,0,0,1,1,0,1,0,1,0,1,0,1,1
"PTHR23097_SF90",1,1,1,1,1,1,1,1,1,1,1,1,1,2,1,1,1,1,1,1,1,1,1,1,1,1,1,1,1,1,1,1,1,1,1,1,1,1,1,1,1,0,1,1,1
"PTHR23097_SF93",1,1,1,1,1,1,1,1,1,1,1,1,1,1,1,1,0,1,1,1,1,1,1,1,1,1,1,1,1,1,1,0,1,1,1,1,1,1,1,1,1,1,1,1,1
"PTHR23097_SF94",1,5,1,1,1,4,1,0,0,0,0,1,0,1,0,1,0,1,1,1,1,1,0,1,0,0,0,1,1,1,0,0,0,1,1,0,1,1,2,0,1,1,0,1,1
"PTHR23097_SF97",1,1,1,0,1,1,1,1,1,0,1,1,1,1,1,1,1,1,1,1,1,1,1,1,1,1,1,1,1,1,1,1,1,1,1,1,1,1,1,1,1,1,1,1,1
"PTHR23097_SF99",1,1,1,2,2,1,2,1,1,1,1,1,1,1,1,1,1,1,1,1,1,1,1,1,1,1,1,1,1,1,1,1,1,1,1,1,1,1,1,1,2,1,1,1,1
"PTHR23098",1,1,1,1,1,1,1,1,1,1,1,1,1,1,1,1,1,1,1,1,1,1,1,1,1,1,1,1,1,1,1,1,1,1,1,1,1,1,2,1,1,0,1,2,1
"PTHR23099",1,0,1,1,1,1,0,0,0,1,0,1,1,1,0,1,0,0,1,0,1,0,0,1,0,1,0,0,0,1,0,0,0,1,0,0,1,0,1,0,1,0,1,1,1
"PTHR23101_SF25",1,1,1,1,1,1,1,1,1,0,1,1,1,1,1,1,1,1,1,1,1,1,1,1,1,1,1,1,1,2,1,1,1,1,1,2,1,0,1,1,1,1,1,1,1
"PTHR23101_SF44",1,1,1,1,1,1,1,1,1,1,1,1,1,1,1,2,1,1,1,1,1,1,1,1,1,1,1,1,1,1,0,1,1,1,1,1,1,1,1,1,1,1,1,1,1
"PTHR23101_SF49",1,1,3,1,1,1,1,1,1,1,1,1,1,3,1,2,1,1,2,1,1,2,1,2,1,1,1,2,1,1,1,1,1,2,1,1,4,1,4,1,1,1,1,1,1
"PTHR23101_SF51",1,1,1,1,1,1,2,1,1,1,1,1,1,1,1,1,1,1,1,1,1,1,1,1,1,1,2,1,1,1,1,1,1,1,1,1,1,1,1,1,1,1,1,1,1
"PTHR23101_SF54",1,1,1,1,1,1,1,1,1,1,1,1,1,1,1,1,1,1,1,1,1,1,1,1,1,1,1,1,1,1,0,1,1,1,1,1,1,1,1,2,1,0,1,0,1
"PTHR23101_SF55",1,1,1,1,1,1,1,1,1,1,1,1,1,1,1,1,1,1,1,1,1,1,1,1,1,1,1,1,1,1,1,1,2,1,1,1,1,1,1,1,1,1,1,2,1
"PTHR23101_SF58",1,1,1,1,1,1,1,1,2,1,1,1,1,1,1,1,1,1,1,1,1,1,1,1,2,1,1,1,1,1,1,1,1,1,2,1,1,1,1,1,1,1,1,1,1
"PTHR23102_SF13",1,1,1,1,1,1,1,1,1,1,1,1,1,1,1,2,1,0,1,0,1,1,1,1,1,1,1,1,1,1,0,1,1,1,0,1,1,1,1,1,1,1,1,1,1
"PTHR23102_SF18",1,1,1,1,1,1,1,1,1,1,1,1,1,1,2,1,1,1,1,1,1,1,1,1,1,1,0,1,1,1,1,3,1,1,1,1,1,1,1,1,1,1,1,2,1
"PTHR23102_SF19",1,0,1,1,0,1,1,0,0,1,1,1,2,1,0,1,1,1,1,1,1,1,1,1,1,1,1,1,1,0,1,0,0,1,1,1,1,1,1,1,1,1,1,1,1
"PTHR23103",3,3,3,3,3,3,3,3,3,3,3,4,3,3,3,3,3,3,3,3,3,3,3,3,3,3,3,3,3,3,3,3,2,3,3,3,3,3,3,3,3,3,3,3,3
"PTHR23104",2,3,2,2,2,2,2,2,2,2,2,1,3,2,2,2,2,2,2,2,2,2,2,2,2,2,2,2,2,2,2,2,2,2,2,2,2,3,2,2,2,2,2,2,2
"PTHR23105_SF12",1,1,2,3,1,1,3,1,1,1,1,1,1,3,2,1,1,1,1,1,1,1,1,1,1,1,1,1,1,1,1,1,1,1,2,1,2,1,3,2,1,2,0,1,1
"PTHR23105_SF29",4,1,7,10,2,3,5,2,1,3,1,3,1,5,1,2,2,2,9,1,6,3,2,5,6,2,1,6,0,0,1,8,2,6,3,5,3,5,3,6,11,2,1,2,4
"PTHR23105_SF33",1,0,2,0,0,1,0,1,0,0,0,0,0,0,0,0,0,0,1,0,0,1,0,0,0,1,0,1,0,0,1,2,1,1,0,0,1,3,2,2,1,0,0,0,1
"PTHR23105_SF36",3,3,6,7,3,8,3,1,1,1,1,1,2,7,1,1,3,2,4,1,3,2,1,3,7,1,1,5,1,10,3,5,0,5,2,1,4,2,5,3,3,1,2,2,4
"PTHR23105_SF5",1,1,1,3,2,2,3,1,1,3,1,1,1,1,1,1,1,1,1,1,1,1,1,1,1,1,1,2,1,1,1,0,1,1,1,1,1,1,1,3,3,1,1,1,2
"PTHR23106_SF11",1,1,1,1,1,1,1,1,1,1,1,1,1,1,1,2,1,1,1,1,1,1,1,1,1,1,1,1,1,1,1,1,1,1,1,1,1,1,1,1,1,1,1,1,1
"PTHR23107_SF1",1,2,1,2,1,1,1,1,1,1,1,1,1,1,1,1,1,2,1,2,0,1,1,1,1,0,1,2,1,1,3,1,1,1,1,1,1,1,2,1,1,1,1,2,1
"PTHR23107_SF2",1,1,1,1,1,3,1,1,1,1,1,1,1,2,2,1,1,1,1,1,1,1,1,1,1,1,1,1,1,1,2,1,1,1,1,1,1,1,1,1,1,1,1,2,1
"PTHR23107_SF4",1,2,1,1,1,1,1,1,1,1,1,1,1,1,1,1,1,1,1,1,1,1,1,1,1,1,1,1,1,1,1,1,1,1,1,1,1,1,1,1,1,1,1,1,1
"PTHR23108",1,1,1,1,1,1,1,1,1,1,1,1,1,1,1,1,1,1,1,1,1,1,1,1,1,1,1,1,1,1,1,1,1,1,1,1,1,1,1,1,1,1,1,1,1
"PTHR23109_SF2",1,1,1,1,1,1,2,1,1,0,1,1,1,8,1,6,1,1,1,1,1,1,1,1,1,1,1,3,1,1,1,1,1,1,1,1,7,1,12,1,1,1,1,2,1
"PTHR23111_SF25",2,2,1,1,2,2,0,2,1,1,1,2,2,0,0,1,2,1,0,1,1,2,3,1,2,0,2,1,2,2,2,1,2,1,0,2,1,0,2,1,1,2,1,0,2
"PTHR23111_SF28",3,1,0,0,1,0,2,0,0,2,0,3,2,0,1,2,1,2,0,1,2,2,3,1,3,2,3,0,3,3,2,0,1,1,0,2,0,0,1,2,1,1,0,0,2
"PTHR23112_SF12",1,1,1,1,1,1,1,1,1,1,1,1,1,1,1,1,1,1,1,0,1,1,1,1,1,1,1,1,1,1,1,1,1,1,1,1,1,1,1,1,1,1,1,1,1
"PTHR23112_SF7",1,1,1,1,1,1,1,1,1,0,1,1,1,1,1,1,1,1,1,1,1,0,1,1,1,1,1,1,1,1,1,0,0,1,1,1,1,1,1,1,1,1,1,1,1
"PTHR23113_SF150",1,1,1,1,1,1,1,1,1,1,1,1,1,1,1,1,0,1,1,1,1,1,1,1,1,1,1,1,1,1,1,2,1,1,1,1,1,1,1,1,1,1,1,1,1
"PTHR23113_SF157",1,1,1,1,1,1,1,1,1,1,1,1,1,1,1,1,1,1,1,1,1,1,1,1,1,1,1,1,1,1,1,1,1,1,1,1,1,1,2,1,1,1,1,1,1
"PTHR23113_SF159",1,1,1,1,2,1,1,1,1,1,1,1,2,1,1,5,1,1,1,1,1,1,1,1,1,1,1,1,1,1,1,1,1,1,1,1,1,1,1,1,1,1,1,1,1
"PTHR23113_SF16",1,1,1,2,1,1,1,1,1,1,1,1,1,1,1,1,1,1,1,1,1,1,2,1,1,1,1,1,1,1,2,1,1,1,1,1,1,1,1,1,2,1,1,1,1
"PTHR23113_SF168",1,1,1,1,1,1,1,1,1,1,1,1,1,1,1,1,1,1,1,1,1,2,12,1,1,1,1,1,1,1,1,1,1,1,1,1,1,1,1,1,1,1,1,1,1
"PTHR23113_SF171",1,1,1,1,1,1,1,1,1,1,1,1,1,1,1,2,1,1,1,1,1,1,1,1,1,1,2,1,1,1,1,1,1,1,1,1,1,1,1,1,1,1,1,1,1
"PTHR23113_SF172",1,1,1,1,1,1,1,1,1,1,1,1,1,1,1,1,1,1,1,1,1,1,1,1,1,1,2,1,1,1,0,1,1,1,1,1,1,1,1,1,1,1,1,1,1
"PTHR23113_SF174",1,1,1,1,1,1,1,1,1,1,1,1,1,1,1,1,1,1,1,1,1,1,1,1,1,2,1,1,1,1,1,1,1,1,1,1,1,1,1,1,1,1,1,1,1
"PTHR23113_SF175",1,1,1,1,2,1,1,1,1,1,1,1,1,1,1,1,1,1,1,2,1,1,1,1,1,1,2,1,1,1,1,1,1,1,1,1,1,1,1,1,1,1,1,2,2
"PTHR23113_SF178",1,1,1,1,1,1,1,1,1,1,1,1,1,0,1,1,1,1,1,1,1,1,1,1,1,1,1,1,1,1,1,1,1,1,1,1,1,1,1,1,1,1,1,1,1
"PTHR23113_SF180",2,2,2,1,2,2,2,2,2,1,2,2,2,2,4,2,2,1,2,2,2,2,2,2,2,2,2,2,2,2,3,2,2,2,2,2,2,2,2,2,2,2,2,3,2
"PTHR23113_SF181",1,1,1,1,0,1,1,1,1,1,1,0,1,1,1,1,1,1,1,1,1,1,1,1,1,1,1,1,1,1,0,1,1,1,1,1,1,1,1,1,1,1,1,0,0
"PTHR23113_SF186",1,1,1,1,1,1,1,1,0,1,1,1,1,1,1,1,1,1,1,1,1,0,1,1,1,1,1,1,1,1,1,0,1,1,1,1,1,1,1,1,1,1,1,1,1
"PTHR23113_SF187",1,1,1,1,1,1,1,1,1,1,1,1,1,1,1,1,1,1,1,1,1,1,1,1,1,1,1,1,1,1,1,1,1,1,1,1,1,1,1,1,1,1,1,1,1
"PTHR23113_SF190",1,1,1,1,1,1,1,1,1,1,1,1,1,1,1,1,1,1,1,1,1,1,1,1,1,1,1,1,1,1,1,1,1,1,1,1,1,1,1,0,1,1,1,1,1
"PTHR23113_SF193",1,1,1,2,1,1,1,1,1,1,1,1,1,1,1,1,1,1,1,0,1,1,1,1,1,1,1,1,1,1,1,1,1,1,1,1,1,1,1,1,1,1,1,1,1
"PTHR23113_SF197",1,1,1,1,1,1,1,1,2,1,1,1,1,1,1,1,1,1,1,1,1,1,1,1,1,1,1,1,1,1,1,1,1,1,1,1,1,1,1,1,1,1,1,1,1
"PTHR23113_SF199",1,1,1,1,1,1,1,1,1,1,1,1,1,2,1,1,1,2,1,1,1,1,3,1,1,1,2,1,1,1,0,1,1,1,1,1,1,1,1,1,1,1,1,1,1
"PTHR23113_SF202",1,1,1,1,1,1,1,1,4,1,1,1,1,1,1,1,1,1,1,1,1,1,1,1,1,1,2,1,1,1,1,1,1,1,1,1,1,1,1,1,1,1,1,1,1
"PTHR23113_SF24",1,1,1,1,1,1,1,1,1,1,1,1,1,1,1,1,1,1,1,1,1,1,1,1,1,1,1,1,1,1,3,1,1,1,1,1,1,1,1,1,1,1,1,1,2
"PTHR23113_SF26",1,1,1,1,1,1,1,1,1,1,1,1,1,1,1,1,1,1,1,2,1,1,1,1,1,1,1,1,1,2,1,1,1,1,1,1,1,2,1,1,1,1,1,2,1
"PTHR23113_SF35",4,1,1,1,1,1,1,2,2,103,1,12,1,1,1,2,1,2,1,4,1,1,3,1,2,4,5,1,1,1,8,0,2,1,1,4,1,1,1,25,1,1,1,1,1
"PTHR23113_SF40",1,1,1,1,1,1,1,1,1,1,1,1,1,1,1,1,1,1,1,1,1,1,1,1,1,1,1,1,1,1,1,1,1,1,1,1,1,1,1,1,1,1,1,1,1
"PTHR23114",1,1,1,1,1,1,1,1,1,1,1,1,1,1,1,1,1,1,1,1,1,1,1,1,1,1,1,1,1,1,1,1,1,1,1,1,1,1,1,4,1,1,1,1,1
"PTHR23115_SF103",3,2,2,1,1,2,1,1,1,1,1,1,1,1,1,1,1,1,2,2,1,1,1,1,3,1,1,1,1,1,0,5,1,1,1,1,1,1,1,1,2,1,1,1,2
"PTHR23115_SF104",4,6,6,10,22,8,5,1,4,3,3,5,2,6,4,2,3,5,8,4,5,10,2,3,5,3,3,5,3,9,3,8,4,6,2,3,8,5,6,4,7,2,2,3,18
"PTHR23115_SF106",1,1,1,1,1,1,1,1,1,1,1,1,1,1,1,2,1,1,1,1,1,0,1,1,1,1,1,1,1,1,1,1,1,1,1,1,1,2,1,1,1,1,1,1,1
"PTHR23115_SF107",7,0,2,0,11,1,3,4,2,11,0,0,0,7,5,0,2,4,1,4,1,3,0,2,2,10,0,3,2,5,2,0,1,2,0,0,5,0,2,1,5,1,0,0,8
"PTHR23115_SF112",1,1,1,1,1,1,1,1,1,1,1,1,1,1,1,1,1,1,1,1,1,1,1,1,1,1,1,1,1,1,1,1,1,1,1,1,1,1,1,1,1,1,2,1,1
"PTHR23115_SF113",1,1,1,1,1,1,1,1,1,1,1,1,1,1,2,1,1,1,1,2,1,1,1,1,1,1,1,1,1,1,1,1,1,1,1,1,1,1,1,1,1,1,1,1,1
"PTHR23115_SF116",5,0,0,0,0,0,0,0,0,9,0,0,0,0,0,0,0,0,0,1,0,0,0,0,0,4,0,0,0,1,0,0,1,0,0,0,0,0,0,1,0,0,0,0,0
"PTHR23115_SF119",1,1,0,1,1,0,1,0,1,1,0,1,0,0,1,1,1,1,1,1,1,0,1,0,1,1,1,0,1,1,1,0,1,0,0,1,0,1,0,1,1,1,1,0,1
"PTHR23115_SF124",3,2,3,2,4,1,2,0,1,1,3,2,5,3,2,1,1,2,2,0,0,1,0,5,0,0,0,3,3,1,1,0,0,3,1,0,2,3,2,0,1,2,0,3,5
"PTHR23115_SF125",1,1,1,2,1,1,1,1,1,1,1,1,1,1,2,1,1,1,1,1,1,1,1,1,1,1,1,1,1,1,1,2,1,1,3,1,1,1,1,1,1,1,1,3,1
"PTHR23115_SF13",1,1,1,1,1,1,1,1,1,1,1,1,1,1,1,1,1,1,1,1,1,1,1,1,2,1,1,1,1,1,1,1,1,1,1,1,1,1,1,1,1,1,1,1,1
"PTHR23115_SF24",1,1,1,1,1,1,1,1,1,1,1,1,1,1,1,1,1,1,1,1,1,1,1,1,1,1,1,1,1,1,1,1,1,1,1,1,1,1,1,1,1,1,1,1,1
"PTHR23115_SF3",1,1,1,1,1,1,1,1,1,1,1,1,1,2,1,1,2,1,2,1,1,1,1,2,1,1,1,2,1,1,1,1,1,2,1,1,2,1,2,1,1,1,1,1,1
"PTHR23115_SF38",1,1,1,1,1,1,1,1,1,0,1,1,1,1,1,1,1,1,1,1,1,2,1,1,1,1,1,1,1,2,1,1,1,1,1,1,1,1,1,1,2,1,1,1,1
"PTHR23115_SF41",1,1,1,1,1,1,0,1,0,1,1,1,1,1,1,1,1,1,1,1,1,1,1,1,0,1,1,1,1,1,1,0,1,1,1,0,1,1,1,2,1,1,1,1,1
"PTHR23115_SF5",1,1,1,1,1,1,2,1,1,1,1,1,1,1,1,1,1,1,1,1,1,1,1,1,2,1,1,1,1,1,1,2,1,1,1,1,1,1,1,1,1,1,1,1,1
"PTHR23115_SF66",1,1,1,1,1,1,1,1,1,1,0,0,1,1,1,1,1,1,1,1,1,1,1,1,1,1,1,1,1,1,1,1,1,1,1,1,1,1,1,1,1,1,1,1,1
"PTHR23115_SF94",1,3,4,5,1,2,4,1,1,1,4,3,1,2,3,2,2,1,5,1,2,1,2,5,1,1,2,3,1,1,1,3,2,5,1,3,2,1,3,2,3,3,1,2,3
"PTHR23115_SF96",1,1,1,1,1,1,1,1,1,1,1,1,1,1,1,1,1,1,1,1,1,1,1,1,1,1,1,1,1,1,1,1,1,1,1,1,1,1,1,1,1,1,1,1,1
"PTHR23115_SF97",1,1,1,1,1,1,2,1,1,1,1,1,1,1,2,1,1,1,1,1,1,1,1,1,1,1,1,1,1,1,1,1,1,1,1,1,1,1,1,1,1,1,1,1,1
"PTHR23116",4,4,3,3,3,3,3,3,3,3,3,3,3,3,3,3,3,4,3,4,3,3,3,3,4,4,3,3,3,3,4,4,3,3,3,3,3,4,3,3,3,3,3,4,3
"PTHR23117",1,1,1,1,1,1,1,1,1,1,1,1,1,1,1,1,1,1,1,1,1,1,1,1,1,1,1,1,1,1,2,1,1,1,1,1,1,1,1,1,1,1,1,1,2
"PTHR23118",1,1,1,1,1,1,1,1,1,1,1,1,1,1,1,1,1,1,1,1,1,1,1,1,1,1,1,1,1,1,1,1,1,1,1,1,1,1,1,1,1,1,1,1,1
"PTHR23119_SF4",1,1,1,2,1,1,1,1,1,1,1,1,1,1,1,1,1,1,1,1,1,1,1,1,1,1,1,1,1,1,1,1,1,1,1,1,1,1,1,1,2,1,1,1,1
"PTHR23119_SF5",2,1,1,1,1,1,1,1,1,1,1,1,1,1,1,1,1,1,1,1,1,1,1,1,1,1,1,1,1,1,1,1,1,1,1,1,1,1,1,1,1,1,1,1,1
"PTHR23119_SF6",2,1,1,1,1,1,1,1,1,2,1,1,1,1,1,1,1,2,1,2,1,2,1,1,1,2,1,1,1,2,1,1,1,1,2,1,1,2,1,1,1,1,1,2,1
"PTHR23119_SF7",1,1,1,1,2,1,1,1,1,1,1,1,1,1,1,1,1,1,1,1,1,1,1,1,1,1,1,1,1,1,1,1,1,1,1,1,1,1,1,1,1,1,1,2,1
"PTHR23120_SF11",1,1,0,0,1,1,0,1,1,1,1,1,1,0,0,0,0,1,0,0,0,0,1,0,1,2,1,0,1,1,0,1,1,0,1,1,0,1,0,0,0,1,0,0,1
"PTHR23120_SF12",1,0,0,0,0,0,0,0,0,2,0,0,1,0,0,0,0,0,0,1,0,0,0,0,0,8,0,0,0,0,0,0,0,0,0,0,0,0,0,0,0,0,0,0,0
"PTHR23120_SF13",1,1,1,1,1,1,1,1,1,1,1,1,1,1,1,1,1,1,1,1,1,1,1,1,1,1,1,1,1,2,2,1,1,2,2,1,1,0,1,1,1,1,1,1,1
"PTHR23120_SF14",1,1,1,1,1,1,1,1,1,1,1,1,1,1,1,1,1,2,1,1,1,1,1,1,1,6,1,0,1,2,1,1,1,1,1,1,1,1,1,1,1,1,1,1,1
"PTHR23120_SF15",1,1,1,1,1,2,1,1,1,1,1,1,1,1,1,1,1,2,1,1,1,1,1,1,1,1,1,1,1,1,1,1,1,1,1,1,2,1,1,1,1,1,1,1,1
"PTHR23120_SF2",1,1,1,1,1,2,1,1,1,1,1,1,1,1,1,1,1,1,1,1,1,1,1,1,1,1,1,1,1,1,1,1,1,1,1,1,1,1,1,1,1,1,1,1,1
"PTHR23120_SF4",1,1,1,1,1,1,1,1,1,0,1,1,1,1,1,1,1,1,1,1,1,1,1,1,1,1,1,1,1,1,1,1,1,1,1,1,1,1,1,1,1,1,0,1,1
"PTHR23120_SF5",1,1,1,1,1,0,1,1,0,1,1,1,1,1,1,1,1,1,1,1,1,1,1,1,1,1,1,1,1,1,1,0,1,1,0,1,1,1,1,1,1,1,1,1,1
"PTHR23120_SF6",1,1,1,0,1,1,0,1,1,2,0,1,1,0,1,2,1,1,1,0,1,1,1,1,1,1,0,1,1,1,1,1,1,1,1,1,1,1,1,1,1,1,0,1,2
"PTHR23120_SF7",1,1,1,1,1,1,1,1,1,1,1,1,1,1,1,2,0,1,1,0,1,1,1,1,1,0,1,1,0,1,0,1,1,1,1,1,0,0,0,1,1,1,1,1,1
"PTHR23120_SF8",1,1,0,0,2,1,1,1,1,0,1,2,1,0,1,0,1,1,0,0,1,0,1,0,1,1,1,0,1,1,1,1,1,0,0,1,0,0,0,1,0,1,0,0,1
"PTHR23120_SF9",1,1,1,1,1,1,1,1,1,1,1,1,1,1,0,2,1,1,1,1,1,1,1,1,1,1,1,1,1,1,1,1,1,1,1,1,1,1,1,1,1,1,1,1,1
"PTHR23121",2,2,2,2,2,2,2,5,6,2,2,1,2,2,5,2,4,2,2,2,1,2,4,2,6,2,7,2,2,2,3,5,2,2,4,6,2,2,2,6,2,2,2,3,2
"PTHR23122_SF32",1,1,1,1,1,1,1,1,1,1,1,1,1,1,1,1,1,1,1,1,1,1,1,1,1,1,1,1,1,1,1,1,1,1,1,1,1,1,1,1,1,1,1,1,1
"PTHR23122_SF33",1,1,1,1,1,1,2,1,1,1,1,1,1,1,1,1,1,1,1,1,1,1,1,1,1,1,1,1,1,1,1,1,1,1,1,1,1,1,1,1,1,1,1,1,1
"PTHR23122_SF34",1,1,1,1,1,1,1,1,1,1,1,1,1,1,0,1,1,1,1,1,1,1,1,1,1,1,1,1,1,1,1,1,1,1,1,1,1,1,1,1,1,1,1,1,1
"PTHR23122_SF36",1,1,1,1,1,1,1,1,1,1,1,1,1,1,1,1,1,1,1,1,1,1,1,1,1,1,1,1,1,1,1,1,1,1,2,1,1,1,1,1,1,1,1,2,1
"PTHR23122_SF37",1,1,1,1,1,1,1,1,1,1,1,1,2,1,1,1,1,1,1,1,1,1,1,1,1,1,1,1,1,1,1,1,1,1,1,1,1,2,2,0,1,1,1,1,1
"PTHR23122_SF38",1,1,1,1,1,1,1,1,1,1,1,1,1,1,1,1,1,1,1,1,1,1,1,1,1,1,1,1,1,1,1,1,1,1,1,1,1,1,1,1,1,1,1,1,1
"PTHR23122_SF39",1,1,1,1,1,2,1,1,1,2,1,1,1,1,1,1,1,1,1,1,1,1,1,1,1,1,1,1,1,2,1,1,1,1,1,1,1,1,1,1,1,1,1,1,1
"PTHR23122_SF40",1,1,1,2,1,1,1,1,1,1,2,1,1,1,1,1,1,1,1,1,2,1,1,1,1,1,2,1,1,1,1,1,1,1,1,1,1,1,1,2,1,1,1,1,1
"PTHR23123_SF10",1,1,1,1,1,1,1,1,1,1,1,1,1,2,2,2,1,1,1,1,1,1,2,1,2,1,1,1,1,1,1,2,2,1,2,1,1,1,1,1,1,1,1,1,1
"PTHR23123_SF11",2,1,1,1,1,1,2,1,1,1,1,1,1,1,2,1,1,1,1,1,1,1,1,1,1,1,2,1,1,1,1,1,1,1,1,1,1,1,1,2,1,1,1,1,1
"PTHR23123_SF14",1,1,1,1,1,1,1,1,1,1,1,1,1,2,1,1,1,1,1,1,1,1,1,1,1,1,1,1,1,1,1,1,1,1,1,1,2,1,3,1,1,1,1,1,1
"PTHR23123_SF15",1,1,1,1,1,1,1,1,1,1,1,1,1,1,1,1,1,1,1,1,1,1,1,1,1,1,1,1,1,1,1,1,1,1,1,1,1,1,1,1,1,1,1,1,1
"PTHR23123_SF3",1,1,1,1,1,1,1,1,1,1,1,1,1,1,1,1,1,1,1,1,1,1,1,1,1,1,1,1,1,1,1,1,1,1,2,1,1,1,2,1,1,1,1,2,1
"PTHR23125_SF10",1,1,1,1,1,1,1,1,1,1,1,1,1,1,1,2,1,1,1,0,1,1,1,1,1,1,1,1,1,1,0,1,1,1,2,0,1,0,2,1,1,1,1,2,1
"PTHR23125_SF11",1,1,1,1,1,1,1,1,0,1,1,1,1,1,1,1,1,1,1,1,1,1,1,1,1,1,1,1,1,0,1,1,1,1,1,1,1,1,1,1,1,1,1,1,1
"PTHR23125_SF209",2,2,2,2,2,2,2,3,2,2,2,2,2,2,4,2,2,2,2,2,2,2,2,2,2,2,2,2,2,2,2,2,2,2,1,2,2,2,2,2,2,2,2,1,2
"PTHR23125_SF211",1,1,1,1,1,1,1,1,2,1,1,1,1,1,1,1,1,1,1,1,1,1,1,1,1,1,2,1,1,1,1,1,1,1,1,1,1,1,1,1,1,1,1,1,1
"PTHR23125_SF219",1,1,1,1,1,1,1,1,1,1,1,1,1,1,1,1,1,1,1,1,1,1,1,1,1,1,0,1,1,1,1,1,1,1,0,1,1,1,1,1,1,1,1,0,1
"PTHR23125_SF233",1,1,1,1,1,1,1,1,1,1,1,1,1,1,1,1,1,1,1,1,1,1,1,1,1,1,1,1,1,1,0,1,1,1,1,1,1,1,1,1,1,1,1,1,1
"PTHR23125_SF244",1,1,1,1,1,1,1,1,1,1,1,1,1,1,1,1,1,1,1,1,1,1,1,1,1,1,1,1,1,1,1,1,1,1,1,1,1,1,1,1,1,1,1,1,1
"PTHR23125_SF250",1,1,1,1,1,1,1,1,1,1,1,1,1,1,2,1,1,1,1,2,1,1,1,1,1,1,2,1,1,1,1,1,1,1,1,1,1,1,1,1,1,1,1,1,1
"PTHR23125_SF254",1,1,1,1,1,1,1,1,1,1,1,1,1,1,2,1,1,1,1,1,1,1,1,1,1,1,2,1,1,1,1,1,1,1,1,1,1,1,1,1,1,1,1,1,1
"PTHR23125_SF274",1,0,1,1,1,1,1,1,1,1,1,1,1,1,1,1,1,1,1,1,1,1,1,1,1,1,1,1,1,1,1,1,1,1,1,1,1,1,1,1,1,1,1,1,1
"PTHR23125_SF276",1,1,1,1,1,2,1,1,1,1,1,1,1,1,1,1,1,0,1,1,1,1,1,1,1,1,1,1,1,0,1,1,1,1,1,1,1,0,1,0,1,1,0,1,1
"PTHR23125_SF280",1,1,1,1,1,1,1,1,1,1,1,1,1,1,1,1,1,1,1,1,1,1,1,1,1,1,1,1,1,1,1,1,1,1,1,1,1,1,1,1,1,1,1,1,1
"PTHR23125_SF34",1,3,1,2,1,3,1,1,2,1,1,1,1,1,1,1,1,1,1,1,1,1,2,1,1,1,1,1,1,2,2,1,2,1,1,1,1,1,1,1,2,1,1,3,1
"PTHR23125_SF50",1,1,1,1,1,1,1,1,1,1,1,1,1,1,1,1,1,1,1,1,1,1,1,1,1,1,1,1,1,1,1,1,1,1,1,1,1,1,1,1,1,1,1,1,1
"PTHR23125_SF52",2,1,1,1,1,1,1,1,1,1,1,0,1,1,1,1,1,1,1,1,1,1,1,1,1,1,1,1,1,1,1,1,1,1,1,1,1,1,1,1,1,1,1,1,1
"PTHR23125_SF70",1,1,1,1,1,1,1,1,1,1,1,1,1,1,1,1,1,1,1,1,1,1,1,1,1,1,1,1,1,1,1,1,1,1,1,1,1,1,1,1,1,1,1,1,0
"PTHR23127",1,1,1,1,1,1,1,1,1,1,1,1,1,1,1,1,3,1,1,1,1,2,1,1,1,1,1,1,1,1,1,2,1,1,1,1,1,1,2,1,1,1,1,1,2
"PTHR23129",2,2,2,2,2,2,2,2,2,1,2,2,2,2,2,3,2,2,2,2,2,2,2,2,2,2,2,2,2,2,2,2,2,2,2,2,2,2,2,2,2,2,2,2,2
"PTHR23130_SF6",1,1,1,1,1,1,1,1,1,1,1,1,1,1,1,1,1,1,1,1,1,1,1,1,1,1,1,1,1,1,1,1,1,1,1,1,1,1,1,1,1,1,1,1,1
"PTHR23130_SF65",1,1,1,1,1,1,1,1,1,1,1,1,1,1,1,1,1,1,1,1,1,1,1,1,1,1,1,1,1,1,1,1,1,1,1,1,1,1,1,1,1,1,1,2,0
"PTHR23131",1,1,1,1,1,1,1,1,1,2,1,1,1,1,2,1,1,1,1,1,1,1,1,1,1,1,1,1,1,1,1,1,1,1,1,1,1,1,1,1,1,1,1,4,1
"PTHR23134",1,1,1,1,1,1,1,1,1,1,1,1,1,1,1,1,1,1,1,1,1,1,1,1,1,1,1,1,1,1,1,1,1,1,1,1,1,1,1,1,1,1,1,1,1
"PTHR23136_SF7",1,1,1,1,1,1,1,1,1,1,1,1,1,1,1,1,2,1,1,2,1,1,1,1,1,1,1,1,1,1,1,3,1,1,1,1,1,1,1,1,1,1,1,1,1
"PTHR23137",3,5,2,2,2,6,4,2,2,3,3,3,3,3,3,3,2,1,3,2,2,2,4,2,3,2,4,2,3,3,2,2,3,2,2,2,2,3,3,3,2,3,3,3,1
"PTHR23138_SF8",1,1,2,2,1,2,1,1,2,1,1,1,1,3,2,2,2,2,1,1,1,1,1,1,2,2,1,2,1,1,3,4,1,1,5,1,3,2,4,1,1,1,2,2,1
"PTHR23138_SF86",1,0,1,1,1,1,1,0,0,0,1,1,1,2,0,7,0,0,1,0,0,1,0,1,1,0,0,1,1,0,1,1,0,1,0,1,1,2,6,0,1,1,0,0,1
"PTHR23138_SF87",1,1,1,2,1,1,1,1,1,1,1,1,1,2,1,1,1,1,1,1,1,1,2,1,1,2,2,2,1,1,1,4,1,1,1,1,2,1,3,1,2,1,0,1,1
"PTHR23138_SF88",1,1,1,1,1,1,1,1,1,1,1,1,1,1,1,1,1,1,1,1,1,1,2,1,1,1,1,1,1,1,1,1,1,1,1,1,1,1,1,1,1,1,1,2,1
"PTHR23138_SF91",1,1,1,1,1,1,1,1,1,1,1,1,1,1,1,1,2,1,1,2,1,1,1,1,1,1,1,1,1,1,1,1,1,1,2,1,1,1,1,1,1,1,1,1,1
"PTHR23139_SF14",1,1,1,1,1,1,1,2,1,1,1,1,1,1,2,1,1,1,1,1,1,3,1,1,1,1,1,1,1,1,1,1,1,1,1,1,1,1,1,2,1,1,1,1,1
"PTHR23139_SF34",1,3,2,3,1,3,2,1,1,1,1,1,0,3,1,1,1,2,2,3,2,1,1,3,1,1,1,2,1,2,1,1,1,2,1,1,3,1,2,1,2,1,1,0,1
"PTHR23139_SF52",1,2,1,3,1,2,2,1,1,5,1,1,1,2,5,1,2,1,3,3,1,2,1,3,1,3,0,2,1,3,5,5,3,2,1,1,2,2,2,1,2,1,1,0,1
"PTHR23139_SF53",1,1,2,1,1,1,1,1,1,1,1,1,1,2,1,1,1,2,1,1,1,1,1,1,3,1,1,1,1,1,0,2,2,1,1,1,1,1,1,1,1,1,1,1,1
"PTHR23139_SF55",1,1,1,1,1,1,2,1,1,1,1,1,1,2,1,1,1,1,1,2,1,2,1,1,1,1,1,1,1,2,2,1,1,1,0,1,1,1,1,1,1,1,1,0,1
"PTHR23139_SF57",1,1,1,1,1,1,1,1,1,1,1,1,1,1,2,1,1,1,1,1,1,1,1,1,1,1,1,1,1,1,1,1,1,1,1,1,1,1,1,1,1,1,1,1,1
"PTHR23140",1,1,1,1,1,1,1,2,1,1,1,1,1,1,2,1,1,1,1,2,1,1,1,1,1,1,1,1,1,1,1,1,1,1,1,1,1,1,1,1,1,1,1,1,1
"PTHR23142",1,2,2,2,2,2,1,2,2,2,1,1,2,3,3,2,1,2,2,0,2,3,2,3,2,1,2,4,1,2,2,2,2,2,1,4,3,2,2,2,2,2,2,2,1
"PTHR23145",1,1,1,1,1,1,1,0,0,0,0,0,1,1,0,1,1,1,1,1,1,0,1,1,1,0,0,1,1,1,1,0,0,1,0,0,0,0,1,2,0,0,0,0,1
"PTHR23146",1,1,1,1,1,1,1,1,1,1,1,1,1,1,1,1,1,1,1,1,1,1,1,1,1,2,1,1,1,1,1,1,1,1,1,1,1,1,1,1,1,1,1,1,1
"PTHR23147_SF3",1,3,2,2,2,4,3,1,1,1,1,1,1,2,1,2,1,1,2,1,1,2,1,1,1,1,1,1,1,1,4,4,1,1,2,2,2,1,1,1,1,2,1,2,1
"PTHR23147_SF4",1,3,3,2,1,1,2,1,0,2,1,1,1,2,1,2,1,1,3,1,2,1,1,3,0,1,2,2,1,2,0,1,2,3,1,0,1,0,4,2,2,2,0,1,0
"PTHR23147_SF5",1,2,5,3,1,2,4,2,1,3,1,1,1,3,3,1,1,1,1,2,1,3,1,1,1,1,3,1,2,4,1,6,1,1,1,1,2,2,2,1,2,1,1,1,1
"PTHR23148_SF0",1,1,2,1,2,2,1,1,1,1,1,1,2,1,2,1,1,1,2,1,1,1,1,1,0,3,1,2,1,1,2,4,1,2,1,2,1,1,1,1,1,1,1,1,1
"PTHR23149_SF8",1,1,1,2,2,1,1,1,1,1,1,1,1,1,1,1,1,1,1,1,1,4,1,1,1,1,1,1,2,1,1,3,2,1,1,1,1,1,1,1,1,1,1,1,2
"PTHR23149_SF9",1,1,1,3,2,1,2,1,1,0,1,1,1,1,1,1,1,0,1,1,1,1,1,1,1,0,1,1,1,1,1,1,2,1,1,1,1,1,1,1,1,1,1,0,2
"PTHR23150_SF17",1,1,2,2,1,1,2,2,1,1,1,1,1,2,1,2,1,1,2,1,2,1,1,2,1,1,1,1,1,1,1,2,1,2,2,1,2,1,3,1,1,1,2,2,1
"PTHR23150_SF19",1,1,1,1,1,1,0,0,1,1,1,1,1,1,1,1,1,1,1,1,0,1,1,0,1,1,1,1,1,1,1,0,1,1,1,1,1,1,2,1,1,1,0,0,1
"PTHR23151_SF46",1,1,1,1,1,2,1,1,1,2,1,1,1,1,1,1,1,1,1,1,1,2,1,1,0,1,1,1,1,1,2,1,1,1,1,1,1,1,1,1,1,1,1,1,1
"PTHR23151_SF52",1,1,1,2,1,1,2,1,1,1,1,1,1,1,2,1,1,1,1,1,1,1,1,1,1,1,1,1,1,1,1,1,1,1,1,1,1,1,1,1,2,1,1,1,1
"PTHR23151_SF8",1,1,1,3,1,1,2,1,2,1,1,1,1,2,1,1,1,1,1,1,1,1,1,1,1,1,1,1,1,1,1,2,1,1,1,1,2,1,2,1,1,1,1,1,1
"PTHR23151_SF9",1,1,2,1,1,2,1,1,1,2,1,1,1,1,1,1,1,1,2,1,2,1,1,2,1,1,1,2,1,2,1,2,1,2,1,1,1,1,1,1,1,1,1,1,1
"PTHR23152",3,3,3,3,4,3,3,3,3,3,3,3,3,3,3,3,3,3,3,3,3,3,3,3,2,3,4,3,3,3,3,3,3,3,3,3,3,3,4,4,3,3,3,3,3
"PTHR23153_SF33",1,1,1,1,1,1,1,1,1,3,1,1,1,1,1,1,1,1,1,1,1,1,1,1,1,1,1,1,1,1,1,1,1,1,1,1,1,1,1,1,1,1,1,1,1
"PTHR23153_SF35",1,1,1,1,1,1,1,1,1,1,1,1,1,1,1,1,1,1,1,1,1,1,1,1,1,1,1,1,1,1,0,1,2,1,1,1,1,1,1,1,1,1,1,1,1
"PTHR23155_SF11",1,1,1,1,1,1,1,1,1,0,1,1,1,1,1,1,1,1,1,0,1,1,1,1,1,1,1,1,1,1,0,1,1,1,1,1,1,1,1,2,1,1,1,1,1
"PTHR23155_SF16",1,1,1,1,1,1,1,1,1,1,1,1,1,1,1,1,1,1,1,1,1,1,1,1,1,1,1,1,1,1,1,1,1,1,1,1,1,1,1,1,1,1,1,1,1
"PTHR23155_SF22",1,1,1,1,1,1,1,1,1,1,1,1,1,1,1,1,1,1,1,1,1,0,1,1,1,1,1,1,1,1,1,1,1,1,1,1,1,1,1,1,1,1,1,1,1
"PTHR23155_SF239",1,1,1,1,1,1,1,1,1,1,1,1,1,1,1,1,1,1,1,1,1,1,1,1,1,2,1,1,1,1,1,1,0,1,1,1,1,1,1,1,1,1,1,1,1
"PTHR23155_SF250",1,1,1,1,1,1,1,1,1,1,1,1,1,1,1,1,1,1,1,1,1,1,1,1,1,1,0,1,1,1,1,1,1,1,1,1,1,1,1,1,1,1,1,1,1
"PTHR23155_SF252",1,1,1,1,1,1,1,1,1,1,1,1,1,1,1,1,1,1,1,1,1,1,1,1,1,2,0,1,1,1,1,0,1,1,1,1,1,1,1,1,1,1,1,1,1
"PTHR23155_SF255",1,1,1,1,1,1,1,1,1,1,1,1,1,1,0,1,1,1,1,1,1,1,2,1,1,1,1,1,0,1,0,1,1,1,1,1,1,1,1,1,1,1,1,1,1
"PTHR23155_SF39",2,2,0,1,2,2,2,2,2,2,2,2,2,2,2,2,2,2,1,2,2,1,3,2,2,2,2,1,2,2,2,2,2,1,2,2,1,2,1,2,1,2,2,2,2
"PTHR23155_SF408",1,1,1,1,1,1,1,1,1,1,2,1,1,1,3,1,1,1,1,1,1,1,1,1,1,1,1,1,1,1,1,1,1,1,1,2,1,1,1,1,1,1,1,1,1
"PTHR23155_SF409",1,1,1,1,1,1,1,1,1,1,1,1,1,1,1,1,1,1,1,1,1,1,1,1,1,1,0,1,1,1,1,1,1,1,1,1,1,1,2,1,1,1,1,1,1
"PTHR23155_SF412",2,2,2,2,2,2,2,2,2,1,2,2,2,2,3,3,2,1,2,1,2,2,2,2,2,2,1,2,2,2,1,2,2,2,2,2,2,2,3,2,2,2,2,2,2
"PTHR23155_SF413",1,0,0,0,1,1,0,0,1,2,0,0,0,0,1,0,0,0,0,0,0,0,0,0,0,1,0,0,1,0,0,0,0,0,0,0,0,0,0,0,0,1,1,0,1
"PTHR23155_SF415",1,1,1,1,1,1,1,1,1,1,1,1,1,1,1,1,1,1,1,1,1,1,1,1,1,1,1,1,1,1,1,1,1,1,1,1,1,1,1,1,1,1,1,1,1
"PTHR23155_SF416",1,0,1,1,1,0,1,1,0,0,1,1,1,1,1,1,1,1,1,1,1,0,1,1,2,1,1,1,1,1,2,0,1,1,2,0,1,1,1,1,1,0,0,2,1
"PTHR23155_SF421",1,1,1,1,1,1,1,1,1,1,1,1,1,1,1,1,1,1,1,1,1,1,1,1,1,1,1,1,1,1,1,1,1,1,1,1,1,1,1,0,1,1,1,1,1
"PTHR23155_SF422",1,1,1,1,1,1,1,1,1,1,1,1,1,1,1,1,1,1,1,1,1,1,1,1,1,1,1,1,1,1,1,1,1,1,1,1,1,1,1,1,1,1,1,1,1
"PTHR23155_SF423",1,1,1,1,1,1,1,1,1,1,1,1,1,1,1,1,1,1,1,1,1,1,1,1,1,1,1,1,1,1,1,1,1,1,1,1,1,1,1,1,1,1,1,1,1
"PTHR23155_SF424",1,1,1,1,1,1,1,1,1,1,1,1,1,1,1,1,1,1,1,1,1,1,1,1,1,1,2,1,1,1,1,1,1,1,1,1,1,1,1,1,1,2,1,1,1
"PTHR23155_SF433",1,1,1,1,1,2,2,1,1,1,2,1,1,1,1,1,1,1,1,1,1,1,1,1,1,1,2,1,1,1,1,1,1,1,1,1,1,1,1,1,1,1,1,1,1
"PTHR23155_SF434",1,1,1,1,1,1,1,1,1,1,1,1,1,1,1,1,1,1,1,1,1,1,1,1,1,1,1,1,1,1,1,1,1,1,1,1,1,1,1,1,1,1,1,1,1
"PTHR23155_SF437",1,1,1,1,1,1,1,1,1,1,1,1,1,1,6,1,2,1,1,1,1,1,1,1,1,1,1,1,1,1,1,1,1,1,1,1,1,1,1,1,1,1,1,1,1
"PTHR23155_SF451",1,1,1,1,1,1,1,1,1,1,1,1,1,1,1,1,1,1,1,1,1,1,2,1,1,1,1,1,1,1,1,1,1,1,1,1,1,1,2,1,1,1,1,1,1
"PTHR23155_SF452",1,1,1,1,1,1,1,1,1,1,1,1,2,1,1,1,0,1,1,0,1,1,1,1,1,1,2,1,1,1,1,0,1,1,0,1,1,1,2,1,1,1,1,1,1
"PTHR23155_SF453",1,0,0,0,0,0,0,0,1,0,0,0,0,0,0,0,0,0,0,0,0,0,0,0,0,0,1,0,0,0,0,1,0,0,0,1,0,0,0,2,0,0,0,0,0
"PTHR23155_SF459",2,1,1,1,1,1,1,1,1,1,2,1,1,1,1,2,1,2,1,2,1,1,1,1,1,1,0,1,1,1,1,1,2,1,1,1,1,1,1,1,1,1,1,1,2
"PTHR23155_SF465",1,1,2,1,1,1,1,1,1,1,1,1,1,1,1,1,0,1,2,2,1,1,1,2,1,1,1,1,1,1,1,1,1,1,1,1,1,1,1,1,1,1,1,1,1
"PTHR23155_SF467",1,1,2,2,1,1,2,2,1,2,1,1,1,1,1,1,2,2,2,2,1,1,1,2,1,1,2,2,1,1,1,1,1,2,2,2,1,1,1,2,2,1,1,2,1
"PTHR23155_SF468",1,2,1,2,1,2,2,2,1,1,1,1,2,1,1,2,2,1,2,1,2,1,2,2,1,1,1,1,1,2,0,1,2,2,1,2,2,2,2,1,0,2,1,2,1
"PTHR23155_SF478",1,0,0,0,1,1,0,0,1,1,1,1,1,1,0,1,0,0,0,0,0,1,1,0,1,1,0,0,1,1,1,1,0,0,0,0,1,1,1,1,0,1,0,0,1
"PTHR23155_SF481",1,0,1,1,1,1,1,1,1,1,1,1,1,1,0,1,1,1,1,1,1,1,1,1,1,1,1,1,1,1,1,1,1,1,1,1,1,1,1,1,1,1,1,1,1
"PTHR23155_SF9",1,1,1,1,1,1,1,1,1,1,1,1,1,1,1,2,2,1,1,0,1,1,1,1,1,1,1,1,1,1,1,1,1,1,1,1,1,1,1,1,1,1,1,1,1
"PTHR23157",2,2,2,2,2,2,2,2,2,2,2,2,2,2,2,2,2,2,2,2,2,2,2,2,2,2,2,2,2,2,2,2,2,2,2,2,2,2,2,2,2,2,2,3,2
"PTHR23158",6,5,10,9,5,5,9,5,5,31,6,9,5,11,5,18,3,6,16,6,13,4,6,15,2,4,5,9,5,6,5,4,6,13,5,6,12,6,12,6,6,7,6,7,5
"PTHR23159_SF1",1,1,1,1,1,1,1,1,1,1,1,1,1,1,1,1,1,1,1,1,2,1,1,1,1,1,1,1,1,1,1,1,1,1,2,1,1,1,1,1,1,1,1,1,1
"PTHR23159_SF10",1,1,1,1,1,1,1,1,1,1,1,1,1,1,1,1,1,2,1,1,1,1,1,1,1,1,1,1,1,1,1,1,1,1,1,1,1,1,1,1,1,1,1,1,1
"PTHR23159_SF11",1,1,1,1,1,1,1,1,1,1,1,1,1,1,1,1,1,1,1,1,1,1,1,2,1,1,1,1,1,1,0,1,1,1,1,1,1,1,1,1,1,1,1,1,1
"PTHR23159_SF12",1,1,1,1,1,0,0,1,1,1,1,0,1,1,1,1,0,1,1,1,1,0,1,1,1,1,1,1,1,1,0,1,1,1,1,1,1,1,1,0,1,1,0,0,0
"PTHR23159_SF9",1,1,1,1,1,1,1,1,1,1,1,1,2,1,2,1,2,1,1,3,1,1,1,1,1,1,2,1,1,1,1,1,2,1,1,1,1,1,1,1,1,1,1,1,1
"PTHR23161",3,3,3,3,3,3,3,3,3,2,4,3,3,3,4,8,3,3,3,3,3,4,3,3,3,3,3,3,3,3,2,3,3,3,2,3,3,3,3,3,3,3,3,3,3
"PTHR23162",2,2,2,2,2,2,2,2,2,2,2,2,2,3,3,2,2,2,2,2,2,2,2,2,2,2,2,2,2,2,2,2,2,2,2,2,2,2,2,2,3,2,2,2,2
"PTHR23163",2,2,2,2,2,2,2,2,2,2,2,2,2,2,2,2,2,2,2,3,2,2,2,2,2,2,2,2,2,2,2,3,2,2,2,1,2,2,2,2,2,2,2,2,2
"PTHR23164",1,1,1,1,1,1,1,1,1,1,1,1,1,1,1,1,1,1,1,1,1,1,1,1,1,1,1,1,1,1,1,1,1,1,1,1,1,1,1,1,1,1,1,1,1
"PTHR23165",1,2,1,1,1,1,1,1,1,1,1,1,1,1,1,1,1,1,1,1,1,1,1,1,1,1,2,1,1,1,1,1,1,1,1,1,1,1,1,1,1,1,1,1,1
"PTHR23166",4,4,4,4,4,4,4,4,4,4,4,4,4,5,5,4,4,4,4,4,4,4,4,4,4,4,4,4,4,4,4,4,4,4,4,4,4,4,4,4,4,4,4,4,4
"PTHR23167",2,2,2,2,2,2,2,2,2,2,2,2,2,2,3,3,2,2,2,2,2,2,2,2,2,2,2,2,1,2,2,3,2,2,2,3,2,2,2,2,2,2,2,2,2
"PTHR23168",1,1,1,1,1,1,1,1,1,1,1,1,1,1,1,1,0,1,1,1,1,1,1,1,1,1,2,2,1,1,2,1,1,1,1,1,1,1,1,1,1,1,1,1,1
"PTHR23169",2,2,2,2,2,2,2,2,2,2,2,2,2,3,2,4,2,2,2,2,2,2,2,2,2,2,2,2,2,3,2,2,2,2,2,2,2,2,2,2,2,2,2,2,2
"PTHR23170",2,2,2,2,2,2,2,2,2,2,2,2,2,2,2,2,2,1,2,1,2,2,2,2,2,2,2,2,2,2,1,2,2,2,2,2,2,2,2,2,2,2,2,3,2
"PTHR23171",3,4,3,4,3,4,4,4,4,5,4,10,4,3,5,5,4,4,3,4,3,4,4,3,4,4,4,3,4,3,4,3,4,3,4,4,4,4,4,4,4,4,3,5,4
"PTHR23172_SF34",1,1,1,1,1,1,2,1,1,1,2,1,1,1,1,1,1,1,1,1,1,1,1,1,1,1,1,1,1,1,1,1,1,1,1,1,1,1,1,1,1,1,1,1,1
"PTHR23172_SF4",2,1,1,1,1,1,1,1,1,1,1,1,1,1,1,1,1,1,1,1,1,1,1,1,1,1,1,1,1,1,1,1,1,1,1,1,1,1,1,1,1,1,1,1,1
"PTHR23174",1,1,1,1,1,1,1,1,1,1,1,1,1,1,1,1,2,1,1,1,1,1,1,1,1,1,1,1,1,1,1,1,1,1,1,1,2,1,2,1,2,1,1,1,1
"PTHR23175_SF16",1,1,1,1,1,1,1,2,1,1,1,1,1,2,1,1,1,1,1,2,1,1,1,1,1,1,1,1,1,1,1,1,1,1,1,1,2,1,2,1,1,1,1,1,1
"PTHR23175_SF5",1,1,1,1,1,1,1,1,1,1,1,1,1,1,1,2,1,1,1,0,1,1,1,1,1,1,1,1,1,1,1,1,1,1,1,1,1,1,1,1,1,1,1,1,1
"PTHR23176_SF3",1,1,1,1,1,1,1,1,1,1,1,1,1,1,1,2,0,1,1,0,1,1,1,1,1,1,1,1,1,1,0,1,1,1,1,1,1,1,1,1,1,1,0,1,1
"PTHR23176_SF7",1,1,1,1,1,1,1,1,1,1,1,1,1,1,1,1,1,1,1,1,1,1,1,1,1,1,1,1,1,1,1,1,1,1,1,1,1,1,1,1,1,1,1,1,1
"PTHR23177_SF9",1,1,1,1,1,1,1,1,1,1,1,1,1,1,1,1,1,1,1,1,1,1,1,1,1,1,1,1,1,1,1,1,1,1,1,1,1,1,1,1,1,1,1,1,1
"PTHR23178",4,5,5,5,6,5,5,5,6,5,5,5,5,5,6,6,5,5,5,6,5,5,5,5,6,5,6,5,5,5,6,5,5,5,5,5,5,5,5,5,5,6,5,7,6
"PTHR23179_SF24",1,1,1,1,1,1,1,1,1,1,1,2,2,1,1,1,1,6,1,4,1,1,1,1,1,2,1,1,1,1,2,1,1,1,1,1,1,2,1,1,1,1,1,1,1
"PTHR23179_SF25",1,0,0,0,8,1,0,0,0,1,0,2,0,0,0,0,0,1,0,0,0,0,2,0,0,0,2,0,1,1,5,0,0,0,0,4,0,0,0,9,0,1,0,0,1
"PTHR23179_SF26",1,1,1,1,1,1,1,1,1,1,1,1,1,1,1,1,1,1,1,1,1,1,2,1,1,1,1,1,1,1,1,1,1,1,1,1,1,1,1,1,1,1,1,2,1
"PTHR23180_SF192",1,1,1,1,1,1,1,1,1,1,1,1,1,1,1,1,1,1,1,1,1,1,1,1,1,1,1,1,1,1,1,1,1,1,1,1,1,1,1,1,1,1,1,2,1
"PTHR23180_SF193",1,1,1,1,1,1,1,1,1,1,1,1,1,1,1,1,1,1,1,1,1,1,1,1,1,1,1,1,1,1,1,1,1,1,1,1,1,1,1,1,1,1,1,1,1
"PTHR23180_SF194",1,1,1,2,1,1,2,1,1,2,1,1,1,1,1,1,1,1,1,1,1,2,1,1,1,1,1,1,1,1,5,1,1,1,1,1,1,1,1,1,2,1,1,1,1
"PTHR23180_SF195",1,1,1,1,1,1,1,1,1,1,1,1,1,1,1,1,1,1,1,2,1,1,1,1,1,1,1,1,1,1,1,1,1,1,1,1,1,1,1,1,1,1,1,2,1
"PTHR23180_SF196",1,1,1,1,1,1,1,1,1,1,1,1,1,1,1,1,1,1,1,2,1,1,1,1,1,1,1,1,1,1,1,1,1,1,1,1,1,1,1,1,1,1,1,2,1
"PTHR23180_SF197",1,1,1,1,1,1,1,1,1,1,1,1,1,2,1,2,1,1,1,1,1,1,1,1,1,1,1,1,1,1,1,1,1,1,1,1,1,1,1,1,1,1,1,1,1
"PTHR23180_SF198",1,2,1,1,1,1,1,1,1,1,1,1,1,1,1,1,1,1,1,1,2,1,1,1,1,1,1,1,1,1,1,1,1,1,1,1,1,1,1,1,1,1,0,1,1
"PTHR23180_SF207",1,1,1,1,1,1,1,1,1,2,1,1,1,1,1,1,1,1,1,1,1,1,1,1,1,1,1,1,1,1,1,1,1,1,1,1,1,1,1,1,1,1,1,1,1
"PTHR23180_SF208",1,1,2,1,1,1,1,1,1,0,1,1,1,1,1,1,1,1,1,1,1,1,1,1,1,1,1,1,1,1,0,1,1,1,1,1,1,1,1,1,1,1,1,1,1
"PTHR23180_SF211",2,1,1,1,1,1,1,1,1,1,1,1,1,1,1,2,1,1,1,1,1,1,1,1,1,1,1,1,1,1,1,1,1,1,1,1,1,2,1,1,1,1,1,1,1
"PTHR23180_SF214",1,1,1,1,1,1,1,1,1,1,1,1,1,1,1,1,1,1,1,1,1,1,1,1,1,1,1,1,1,1,1,1,1,1,2,2,1,1,1,1,1,1,1,1,1
"PTHR23180_SF215",1,1,1,1,1,1,1,1,1,1,1,1,1,1,1,1,1,1,1,1,1,1,1,1,1,1,2,1,1,1,1,1,1,1,1,1,1,1,1,1,1,1,1,1,1
"PTHR23180_SF218",1,1,1,1,1,1,1,1,1,1,1,1,1,1,1,1,1,1,1,1,1,1,1,1,1,1,1,1,1,1,1,1,1,1,1,1,1,1,1,1,1,1,1,1,1
"PTHR23180_SF219",1,1,1,1,1,1,1,1,1,1,1,1,1,1,1,1,1,1,1,0,1,1,1,1,1,1,1,1,1,1,0,1,1,1,1,1,1,1,2,1,1,1,1,2,1
"PTHR23180_SF226",1,1,1,1,1,1,1,1,1,2,1,1,1,1,1,1,1,2,1,1,1,1,1,1,1,1,1,2,1,1,1,1,1,2,1,1,2,1,2,1,1,1,1,2,1
"PTHR23180_SF228",1,1,1,1,1,1,1,1,1,1,1,1,1,1,1,1,1,1,1,2,1,1,1,1,1,1,1,1,1,1,1,1,1,1,1,1,1,1,1,1,1,1,1,1,1
"PTHR23180_SF230",1,1,1,1,1,1,1,1,1,1,1,1,1,1,1,1,1,1,1,0,1,1,1,1,1,1,1,1,1,1,0,1,1,1,1,0,1,1,1,1,1,1,1,1,1
"PTHR23180_SF232",1,1,1,1,1,1,2,1,1,1,1,1,1,1,1,1,1,1,1,1,1,1,1,1,1,1,1,1,1,1,1,2,1,1,1,1,1,1,1,1,1,1,1,1,1
"PTHR23180_SF233",1,1,1,1,1,1,1,1,1,1,1,1,1,1,1,1,1,1,1,1,1,1,1,1,1,1,1,1,1,1,1,1,1,1,1,1,1,1,2,1,1,1,1,1,1
"PTHR23180_SF235",1,1,1,1,1,1,1,1,1,1,1,1,1,1,1,1,1,1,1,1,1,1,1,1,1,1,1,1,1,1,1,1,1,1,1,1,1,1,1,1,1,1,1,1,1
"PTHR23180_SF238",1,1,1,1,1,1,1,1,1,1,1,1,1,1,1,1,1,1,1,0,1,1,1,1,1,1,1,1,1,1,1,1,1,1,1,1,1,1,1,1,1,1,1,1,1
"PTHR23180_SF241",1,2,1,1,1,1,1,1,1,1,1,1,1,1,1,1,1,1,1,1,1,1,1,1,1,1,1,1,1,1,1,1,1,1,1,1,1,1,1,1,1,1,1,1,1
"PTHR23180_SF29",1,1,1,1,1,1,1,1,1,1,1,1,1,1,1,1,1,1,1,1,1,1,1,1,1,1,1,1,1,1,1,1,1,1,1,1,1,1,1,1,1,1,1,1,1
"PTHR23180_SF35",1,1,1,1,1,1,1,1,1,1,1,1,1,1,1,1,1,1,1,1,1,1,1,1,1,1,2,1,1,1,1,1,1,1,1,2,1,1,1,1,1,1,1,2,1
"PTHR23180_SF9",1,1,1,1,1,1,1,1,1,1,1,1,1,1,1,1,1,1,1,1,1,1,1,1,1,1,1,1,1,1,1,1,1,1,1,1,1,1,1,1,1,1,1,3,1
"PTHR23181",4,5,4,4,7,5,4,4,4,4,5,4,4,4,5,6,4,4,5,4,4,4,4,5,4,4,4,3,5,5,4,5,4,5,4,4,4,3,4,4,4,4,4,5,4
"PTHR23182",2,2,2,2,2,2,2,2,2,2,3,2,2,2,2,4,2,2,2,2,2,2,2,2,2,2,2,2,2,2,2,2,2,2,2,2,2,2,2,2,2,2,2,2,2
"PTHR23183",1,1,1,1,1,1,1,1,1,2,1,1,1,1,1,1,1,1,1,1,1,1,1,1,1,1,1,1,1,1,1,1,1,1,1,1,1,1,1,1,1,1,1,1,1
"PTHR23184",1,1,1,1,1,1,1,1,1,1,1,1,1,1,1,1,1,1,1,1,1,1,1,1,2,1,1,1,1,1,1,1,1,1,1,1,1,1,1,1,1,1,1,2,2
"PTHR23185",1,1,1,1,1,1,1,1,1,1,1,1,1,1,1,1,1,1,1,1,1,1,1,1,1,1,1,1,1,1,1,1,1,1,1,1,1,1,1,1,1,1,1,1,1
"PTHR23186",2,2,1,1,1,2,1,2,2,2,2,2,1,1,2,2,2,2,1,2,2,1,2,1,2,2,2,1,1,2,3,2,2,1,2,2,1,2,1,2,1,2,2,2,2
"PTHR23187",3,3,2,1,3,3,3,2,3,3,2,3,3,3,3,4,3,3,3,2,3,2,3,2,3,3,3,2,3,2,2,2,3,1,4,3,1,2,2,3,2,3,2,4,3
"PTHR23188",1,1,1,1,1,0,1,0,0,1,0,1,1,1,1,1,1,1,1,1,1,1,1,1,0,1,1,1,0,1,1,0,0,1,2,0,1,1,1,1,1,1,1,2,1
"PTHR23189_SF14",1,1,1,1,1,1,1,1,1,1,1,1,1,1,1,1,1,1,1,1,1,1,1,1,1,1,1,1,1,1,1,2,1,1,1,1,1,1,1,1,1,1,1,1,1
"PTHR23189_SF15",1,3,1,1,2,3,3,1,5,4,1,1,3,3,1,1,1,1,1,1,1,1,1,1,6,1,2,2,1,1,2,5,1,2,1,1,2,3,2,1,6,1,1,1,5
"PTHR23189_SF40",1,3,1,1,1,2,1,1,1,1,1,1,1,1,2,1,1,1,1,0,1,0,1,1,1,1,1,1,1,1,1,2,1,1,1,1,1,0,1,1,1,1,1,0,1
"PTHR23189_SF42",1,1,1,2,1,1,2,1,1,1,1,1,1,1,1,1,1,1,1,1,1,1,1,1,1,1,1,1,1,1,1,1,1,1,1,1,1,1,1,1,2,1,1,1,2
"PTHR23189_SF43",1,1,1,1,1,1,1,1,1,1,1,1,1,1,1,1,1,1,1,1,1,1,1,1,1,1,1,1,1,1,1,1,1,1,1,1,1,1,1,1,1,1,1,1,1
"PTHR23189_SF46",1,1,1,1,1,1,1,1,1,1,1,1,1,1,1,2,1,1,1,1,1,1,2,1,1,1,1,1,1,1,1,1,1,1,1,1,1,1,1,1,1,1,1,1,1
"PTHR23189_SF6",1,1,1,1,1,1,1,1,1,1,1,1,1,1,1,1,1,1,1,1,1,1,1,1,1,1,1,1,1,1,1,1,1,1,1,1,1,1,1,1,1,1,1,0,1
"PTHR23189_SF9",1,1,1,1,0,1,1,1,1,1,1,1,1,1,1,1,1,1,1,1,1,1,1,1,1,1,1,1,1,1,1,1,1,1,1,1,1,0,1,1,1,1,1,1,1
"PTHR23192_SF11",1,1,1,1,1,1,1,1,1,1,1,1,1,1,1,1,1,1,1,0,1,1,1,1,1,0,2,1,0,1,1,1,1,1,1,1,1,1,1,1,1,1,1,1,1
"PTHR23192_SF13",1,1,1,1,1,1,1,1,1,1,1,1,1,1,1,1,1,1,1,1,1,1,1,1,1,1,1,1,1,1,0,1,1,1,1,1,1,1,1,1,1,1,1,2,1
"PTHR23192_SF27",1,1,1,1,1,1,1,1,1,1,1,1,1,1,1,1,1,1,1,1,1,1,1,1,1,1,1,1,1,1,1,1,1,1,1,1,1,2,1,1,1,1,1,1,1
"PTHR23192_SF29",1,1,1,1,1,1,1,1,1,1,1,1,1,1,1,1,1,1,1,1,1,1,1,1,1,1,1,1,1,1,1,1,1,1,1,1,1,1,1,1,1,1,1,2,1
"PTHR23192_SF32",1,0,0,0,1,0,1,0,0,0,0,0,1,0,1,0,1,1,0,1,0,0,1,0,1,1,1,0,1,0,1,1,1,0,0,1,0,1,0,1,0,0,0,0,1
"PTHR23192_SF34",1,2,1,1,1,1,2,1,1,1,1,1,1,1,2,1,1,1,1,1,1,1,1,1,1,1,1,1,1,1,1,1,1,1,1,2,1,1,1,1,1,1,1,1,1
"PTHR23192_SF36",1,1,1,1,1,1,1,1,1,1,1,1,1,1,1,1,1,1,1,1,1,1,1,1,1,1,1,1,1,1,1,1,1,1,1,1,1,1,1,1,1,1,1,1,1
"PTHR23192_SF37",1,1,1,1,1,1,1,1,1,1,1,1,2,1,1,1,1,1,1,1,1,1,1,1,1,1,1,1,1,1,1,1,1,1,1,1,1,1,1,1,1,1,1,1,1
"PTHR23192_SF5",1,1,1,1,1,1,1,1,1,1,1,1,1,1,1,1,1,1,1,1,1,1,1,1,1,1,1,1,1,1,1,1,1,1,1,1,1,1,1,1,1,1,1,0,1
"PTHR23192_SF7",1,1,1,1,1,1,1,1,1,3,1,1,1,1,1,1,1,1,1,1,1,1,1,1,1,1,1,1,1,1,0,1,1,1,1,1,1,1,1,1,1,1,1,0,1
"PTHR23192_SF8",1,1,1,1,1,1,1,1,1,1,1,1,1,1,1,1,1,1,1,1,1,1,1,1,1,1,1,1,1,1,0,1,1,1,1,1,1,1,1,1,1,1,1,1,1
"PTHR23193",4,5,3,3,4,4,4,3,2,9,4,5,4,5,3,9,3,4,3,3,4,3,5,3,5,3,4,5,4,4,8,3,5,3,3,4,6,3,10,5,3,5,5,3,4
"PTHR23194",2,1,2,2,2,2,2,2,2,2,2,2,2,2,2,2,2,2,2,2,2,2,2,2,3,2,2,2,2,1,2,2,2,2,2,2,2,2,2,2,2,1,2,3,2
"PTHR23195_SF14",1,1,1,1,1,1,1,1,1,1,1,1,1,1,1,1,1,1,1,1,1,1,1,1,1,1,1,1,1,1,1,1,1,1,1,1,1,1,1,1,1,1,1,1,1
"PTHR23195_SF25",1,1,1,1,1,1,1,2,1,2,1,1,1,1,2,1,1,1,1,1,1,1,1,1,1,1,1,1,2,1,1,1,1,1,2,2,1,1,1,1,1,1,1,1,1
"PTHR23195_SF7",1,1,1,1,1,1,1,1,1,1,1,1,1,1,1,1,1,1,1,1,1,1,1,1,1,1,1,1,1,1,1,1,1,1,1,1,1,1,1,1,1,1,1,1,1
"PTHR23196_SF1",1,1,1,1,1,1,1,1,1,1,1,1,1,1,1,1,1,1,1,2,1,1,1,1,1,1,1,1,1,2,1,1,1,2,1,1,1,1,2,1,1,1,1,1,1
"PTHR23196_SF10",1,1,1,1,1,1,1,0,0,1,1,1,1,1,0,8,1,1,1,1,1,1,1,1,1,1,1,1,1,1,1,0,1,1,1,1,1,1,1,1,1,1,1,2,1
"PTHR23197",3,2,3,2,2,2,2,2,2,2,2,2,2,2,2,2,2,3,2,2,2,2,2,2,2,2,2,2,2,2,2,2,2,2,2,2,2,1,2,2,2,2,2,3,2
"PTHR23198_SF0",1,1,1,1,1,1,2,1,1,1,1,1,1,1,1,1,1,1,1,1,1,1,1,1,1,1,1,1,1,1,1,1,1,1,1,1,1,1,1,1,1,1,1,1,1
"PTHR23200_SF37",1,0,1,1,1,1,1,1,1,1,1,0,1,1,1,1,1,0,0,1,1,1,1,0,1,1,1,1,1,1,0,1,2,0,1,1,1,1,1,1,0,1,1,1,1
"PTHR23202_SF3",1,2,2,1,1,2,1,1,1,2,2,2,1,1,1,2,1,1,1,1,1,2,1,1,2,2,1,1,2,1,3,1,2,1,1,1,1,1,2,1,1,2,1,3,1
"PTHR23202_SF30",1,0,1,1,1,0,1,1,1,0,0,0,1,1,1,1,1,1,1,1,1,1,1,1,0,0,2,1,1,1,1,2,1,1,1,1,1,1,1,1,1,0,1,1,1
"PTHR23202_SF31",1,1,1,1,1,1,1,1,1,1,1,1,1,1,1,1,1,1,1,1,1,1,1,1,1,1,1,1,1,1,1,1,1,1,1,1,1,1,1,1,1,1,1,2,1
"PTHR23204",2,2,2,2,2,2,2,2,2,2,2,2,2,4,3,2,2,2,2,4,2,3,2,2,2,2,2,2,2,2,2,5,2,2,2,2,2,2,2,2,2,2,2,2,4
"PTHR23205",1,1,1,1,1,1,1,1,1,0,1,1,1,1,1,1,1,1,1,2,1,1,1,1,1,1,1,1,1,1,0,1,1,1,1,1,1,1,1,1,1,1,2,1,1
"PTHR23206",2,3,3,2,2,2,2,2,2,2,2,2,2,2,2,3,2,2,2,2,2,2,3,2,2,2,2,2,2,2,2,2,2,2,2,2,2,3,2,2,2,2,2,2,2
"PTHR23207",1,1,1,1,1,1,1,1,1,1,1,1,1,1,1,6,1,1,1,0,1,1,1,1,1,1,1,1,1,1,1,1,1,1,1,1,1,1,1,0,1,1,1,2,1
"PTHR23209",1,1,1,1,1,1,1,1,1,1,1,1,1,1,1,1,1,1,1,1,1,1,1,1,1,1,1,1,1,1,1,0,1,1,1,1,1,1,1,1,1,1,1,0,1
"PTHR23210",2,2,3,2,2,2,2,2,2,3,2,2,2,3,2,2,2,2,2,2,2,2,2,2,2,2,2,3,2,2,2,1,3,2,2,2,2,3,2,2,2,2,2,2,3
"PTHR23211",1,1,1,1,1,1,1,0,1,1,1,1,1,1,1,1,1,1,1,1,1,1,1,1,1,1,2,1,1,1,1,0,1,1,1,1,1,1,1,1,1,1,0,1,1
"PTHR23213_SF15",1,1,1,1,1,1,1,1,1,1,1,1,1,1,1,1,1,1,1,0,1,1,1,1,1,1,1,1,1,1,1,1,1,1,1,1,1,1,1,1,1,1,1,1,1
"PTHR23213_SF17",1,1,1,1,1,1,1,1,1,0,1,1,1,1,1,1,1,1,1,1,1,1,1,1,1,1,1,1,1,1,0,1,1,1,1,1,1,1,1,1,1,1,1,3,1
"PTHR23213_SF171",1,1,1,1,1,1,1,1,1,1,1,1,1,1,1,1,1,1,1,1,1,1,1,1,1,1,1,1,1,1,1,1,1,1,1,1,1,1,1,1,1,1,1,2,1
"PTHR23213_SF174",2,3,1,1,1,2,1,1,0,2,1,2,1,1,0,1,1,1,1,1,1,1,1,1,1,2,0,1,2,1,1,0,1,1,2,1,1,1,1,1,0,1,1,1,1
"PTHR23213_SF179",1,1,1,1,1,1,1,1,1,1,1,1,1,1,5,1,1,1,1,1,1,1,1,1,1,1,1,1,1,1,1,2,1,1,1,1,1,1,1,1,1,1,1,1,1
"PTHR23213_SF180",1,1,1,1,1,1,1,1,1,1,1,1,1,1,1,1,1,1,1,1,1,1,1,1,1,1,1,1,1,1,1,2,2,1,1,1,2,1,1,1,1,1,1,2,1
"PTHR23213_SF181",1,1,1,1,1,1,1,1,1,1,1,1,1,1,1,1,1,1,1,1,1,2,1,1,1,1,1,1,1,1,1,1,1,1,1,1,1,1,1,1,1,1,1,1,1
"PTHR23213_SF186",1,1,1,1,1,1,1,1,1,1,1,1,1,1,1,2,1,1,1,1,1,1,1,1,1,1,1,1,1,1,1,1,1,1,0,1,1,1,1,1,1,1,1,1,1
"PTHR23213_SF188",1,1,1,1,1,1,1,1,1,1,1,1,1,1,1,1,1,1,1,1,1,1,1,1,1,1,1,1,1,1,1,1,1,1,1,1,1,1,1,1,1,1,1,1,1
"PTHR23213_SF189",1,1,1,1,1,1,1,1,1,1,1,1,1,1,1,1,1,1,1,1,1,1,1,1,1,1,1,1,2,1,1,1,1,1,2,1,1,0,1,1,1,1,1,1,0
"PTHR23213_SF194",1,1,1,1,1,1,1,1,1,1,1,1,1,1,1,1,1,1,1,1,1,1,1,1,1,1,1,1,1,1,1,1,1,1,1,1,1,0,1,1,1,1,1,2,1
"PTHR23213_SF198",1,1,1,1,1,1,1,1,1,1,1,1,1,1,1,1,1,1,1,1,1,1,1,1,1,1,1,1,1,1,1,1,1,1,1,1,1,1,1,1,1,1,1,1,1
"PTHR23213_SF213",1,1,1,1,1,2,1,1,1,1,1,1,1,1,1,1,1,1,1,1,1,1,1,1,1,1,1,1,1,1,1,1,1,1,1,1,1,1,1,1,1,1,1,1,1
"PTHR23213_SF29",1,1,1,1,1,1,1,1,1,1,1,1,1,1,1,1,1,1,1,1,1,1,1,1,1,1,1,1,1,1,1,1,0,1,1,1,1,1,1,1,1,1,1,1,1
"PTHR23213_SF5",1,2,1,1,2,2,2,1,1,1,1,2,2,1,1,1,1,1,1,0,1,1,1,1,1,1,1,1,2,1,0,1,1,1,2,1,1,2,1,1,1,1,1,2,1
"PTHR23214",1,0,1,1,0,0,1,1,0,0,1,1,1,1,1,1,1,1,1,1,1,1,1,1,1,1,1,1,1,1,1,1,1,1,0,1,2,0,2,0,1,1,1,0,0
"PTHR23215_SF0",1,1,2,2,2,1,1,1,1,0,1,1,1,2,1,1,2,1,2,2,1,1,1,2,1,1,1,2,1,1,1,1,2,2,1,1,2,1,2,1,2,1,1,1,1
"PTHR23216",1,1,1,1,1,1,1,1,1,1,1,1,1,1,1,1,1,1,1,1,1,1,1,1,1,1,1,1,1,1,2,1,1,1,1,0,1,1,1,1,1,1,1,1,1
"PTHR23220_SF19",3,2,1,1,1,2,1,1,2,1,1,1,3,1,1,1,1,0,1,1,1,1,1,1,1,2,1,1,2,2,1,1,1,1,3,2,1,1,1,1,1,1,1,1,3
"PTHR23220_SF21",1,1,1,1,1,1,1,1,1,1,1,1,1,1,1,1,1,1,1,2,1,1,1,1,1,1,1,1,1,1,1,1,1,1,1,1,1,1,1,1,1,1,1,1,1
"PTHR23220_SF22",1,1,1,1,1,1,1,1,1,1,1,1,1,1,1,1,1,1,1,1,1,1,1,1,1,1,2,1,1,1,1,1,1,1,1,1,1,1,1,1,1,1,1,1,1
"PTHR23220_SF23",1,1,1,1,1,1,1,1,1,1,1,1,1,1,1,1,1,1,1,1,1,1,1,1,1,1,1,1,1,1,1,1,1,1,1,1,1,1,1,1,1,1,1,1,1
"PTHR23220_SF26",1,1,1,1,1,1,1,1,1,1,1,1,1,1,1,1,1,1,1,1,1,1,2,1,1,1,1,1,1,1,1,1,1,1,1,1,1,1,1,1,1,1,1,2,1
"PTHR23220_SF3",1,1,1,1,1,1,1,1,1,1,1,1,1,1,1,1,1,1,1,1,1,1,1,1,1,1,1,1,1,1,1,1,1,1,1,1,1,1,1,1,1,1,1,1,1
"PTHR23220_SF4",2,1,1,1,1,1,1,1,1,1,1,1,1,1,1,1,1,1,1,1,1,1,1,1,1,1,1,1,1,1,1,1,1,1,1,1,1,1,1,1,1,1,1,1,1
"PTHR23220_SF5",1,1,1,1,1,1,1,1,1,1,1,1,1,1,1,1,1,1,1,1,1,1,1,1,1,1,1,1,1,1,1,1,1,1,1,1,1,1,1,1,1,1,1,1,1
"PTHR23220_SF69",1,1,1,1,1,1,1,1,1,1,1,1,1,1,1,1,1,2,1,1,1,1,1,1,1,1,1,1,1,1,1,1,1,1,1,1,1,1,1,1,1,1,1,1,1
"PTHR23220_SF70",1,1,1,1,1,1,1,1,1,1,1,1,1,1,1,1,1,1,1,1,1,1,1,1,1,1,1,1,1,1,1,1,1,1,1,1,1,1,1,1,1,1,1,1,1
"PTHR23220_SF72",1,1,1,1,1,1,1,1,1,1,1,1,1,1,1,1,1,1,1,1,1,1,1,1,1,1,1,1,1,1,1,1,1,1,1,1,1,1,1,1,1,1,1,1,1
"PTHR23220_SF73",1,1,1,1,1,1,1,1,1,1,1,1,1,1,1,1,1,1,1,1,1,1,1,1,1,1,1,1,1,1,1,1,1,1,1,1,1,1,1,1,1,1,1,1,1
"PTHR23220_SF74",1,1,1,1,1,1,0,1,1,0,1,1,1,1,1,1,1,1,1,0,1,1,1,1,1,1,1,1,1,1,1,1,1,1,1,1,1,1,1,1,1,1,1,1,1
"PTHR23220_SF75",1,1,1,1,1,1,1,1,1,1,1,1,1,1,1,1,1,1,1,1,1,1,1,1,1,1,1,1,1,1,1,1,1,1,1,1,1,1,1,2,1,1,1,1,1
"PTHR23220_SF76",1,1,2,1,1,1,2,1,1,1,1,1,1,1,1,2,1,1,2,1,1,1,2,1,1,1,1,1,1,1,1,1,1,2,1,1,1,2,1,1,1,1,1,1,1
"PTHR23220_SF78",1,1,1,1,1,1,1,1,1,1,1,1,1,1,1,1,1,1,1,1,1,1,1,1,1,1,1,1,1,1,1,1,1,1,1,1,1,1,1,1,1,1,1,1,1
"PTHR23220_SF9",1,1,1,1,1,1,1,1,1,1,1,1,1,1,1,1,1,1,1,1,1,1,1,1,1,1,2,1,1,1,1,1,1,1,1,1,1,1,1,1,1,1,1,1,1
"PTHR23221",1,1,1,1,1,1,1,1,1,1,1,1,1,1,1,1,1,1,1,0,1,1,1,1,1,1,1,1,1,1,1,1,1,1,1,1,1,1,1,1,1,1,1,1,1
"PTHR23222",2,2,9,9,4,3,4,2,2,2,2,3,2,6,2,2,4,2,11,3,3,4,2,14,4,2,3,10,2,3,3,7,4,14,2,4,6,2,6,3,9,2,2,3,4
"PTHR23223_SF12",1,1,1,1,1,1,1,1,1,1,1,1,1,1,1,1,1,1,1,0,1,1,1,1,1,1,1,1,1,0,1,1,1,1,1,1,1,1,1,1,1,1,1,1,1
"PTHR23223_SF126",1,2,1,1,1,2,1,1,1,3,1,1,1,1,2,1,1,1,1,1,1,2,1,1,1,1,1,1,1,1,1,5,1,1,1,1,1,1,1,1,1,1,2,1,1
"PTHR23223_SF131",1,1,1,1,1,1,1,1,1,1,1,1,1,1,1,1,1,1,1,1,1,1,1,1,1,1,1,1,1,1,1,1,1,1,1,1,1,1,1,1,1,1,1,1,1
"PTHR23223_SF135",1,1,1,1,1,1,1,1,1,0,1,1,1,1,1,1,1,1,1,1,1,1,1,1,1,1,1,1,1,1,1,1,1,1,1,1,1,1,1,2,1,1,1,2,1
"PTHR23223_SF136",1,1,1,1,1,1,1,1,1,1,1,1,1,1,1,1,1,1,1,1,1,1,2,1,1,1,0,1,1,1,1,2,1,1,1,1,1,1,1,1,1,1,1,1,1
"PTHR23223_SF138",1,1,1,1,1,1,1,1,1,1,1,1,1,1,1,1,1,1,1,0,1,1,1,1,1,1,1,1,1,0,1,1,1,1,1,1,1,1,1,1,1,1,1,1,1
"PTHR23223_SF139",1,1,2,1,1,1,1,1,1,1,1,1,1,1,1,1,1,1,1,1,1,1,1,1,1,1,1,1,1,1,1,1,1,1,1,1,1,1,1,1,1,1,1,1,1
"PTHR23223_SF142",1,1,1,1,1,1,1,1,1,1,1,1,1,1,1,2,1,1,1,0,1,1,1,1,1,0,2,1,1,1,2,1,1,1,1,1,1,1,1,1,1,1,0,1,1
"PTHR23223_SF144",1,1,1,1,1,2,1,1,1,1,1,1,1,1,1,1,1,1,1,1,1,1,1,1,1,1,1,2,1,1,1,1,1,1,1,1,1,1,2,1,2,1,1,1,0
"PTHR23223_SF146",1,1,1,1,1,1,1,1,1,1,1,1,1,1,1,1,0,1,1,1,1,0,1,1,1,1,1,1,1,1,1,1,1,1,1,1,1,1,1,1,1,1,1,1,1
"PTHR23223_SF149",1,1,0,0,1,1,1,0,0,1,1,1,1,1,1,1,1,1,1,0,1,0,1,1,0,1,1,1,1,0,1,0,1,1,0,1,0,1,1,1,1,1,0,0,1
"PTHR23223_SF15",1,1,0,1,1,1,1,1,1,1,1,1,1,1,1,1,2,1,1,1,1,1,1,1,1,1,1,1,1,1,0,1,0,1,1,1,1,1,1,1,1,1,1,1,1
"PTHR23223_SF150",1,1,1,1,1,1,1,1,1,0,1,1,1,1,1,1,1,0,1,1,1,1,1,1,1,1,1,1,1,1,1,1,1,1,1,1,1,1,1,1,1,1,1,1,1
"PTHR23223_SF152",1,1,1,1,1,1,1,1,1,1,1,1,1,1,1,1,0,1,1,0,1,1,1,1,1,1,1,0,1,1,0,1,1,1,1,1,0,1,1,1,0,1,0,1,1
"PTHR23223_SF2",1,1,1,1,1,1,1,1,1,1,1,1,1,2,1,1,1,1,1,1,2,1,1,1,1,1,1,2,1,1,1,1,1,2,1,1,2,1,2,1,1,1,1,1,1
"PTHR23223_SF21",1,1,1,1,1,1,1,1,1,1,1,1,1,1,1,1,1,1,1,1,1,1,1,1,1,1,1,1,1,1,1,1,1,1,1,1,1,1,1,1,1,1,1,1,1
"PTHR23223_SF3",1,1,1,1,1,1,1,1,1,1,1,1,1,1,2,1,1,1,2,1,1,1,1,2,1,1,1,1,1,1,1,1,1,1,1,1,1,1,1,1,1,1,1,1,1
"PTHR23223_SF5",1,1,1,1,1,1,1,0,0,3,1,3,1,1,1,1,0,1,1,3,1,1,1,1,1,2,1,1,1,1,1,0,1,1,0,1,1,1,1,1,1,2,1,0,2
"PTHR23223_SF6",1,1,1,1,0,1,1,0,1,0,1,1,1,0,1,1,0,0,1,0,1,1,1,1,1,0,1,2,1,1,0,0,1,1,1,1,0,1,1,1,1,1,1,1,1
"PTHR23223_SF8",1,1,1,1,1,1,1,1,1,1,1,1,1,1,1,1,1,1,1,1,1,1,1,1,1,1,1,1,1,1,1,1,1,1,1,1,1,1,1,1,1,1,1,1,1
"PTHR23226_SF1",1,1,1,1,1,1,1,1,1,1,1,1,1,1,1,1,1,1,1,1,1,1,1,1,1,1,0,1,1,1,1,1,1,1,0,1,1,1,1,1,1,1,1,0,1
"PTHR23226_SF10",1,0,1,1,1,1,0,1,1,1,1,1,1,1,1,1,1,1,1,1,1,1,1,1,2,1,1,1,1,1,1,1,1,1,0,2,1,1,1,1,1,2,1,0,1
"PTHR23226_SF11",2,3,1,1,2,2,2,1,0,2,3,1,3,1,0,1,0,2,1,1,1,1,0,1,0,1,0,1,1,1,2,1,1,2,0,0,1,2,1,0,1,1,1,0,2
"PTHR23226_SF15",1,1,1,1,0,0,1,1,1,1,1,1,1,1,0,1,0,0,1,0,1,1,0,1,0,0,0,1,1,0,0,0,0,1,1,0,1,1,1,0,1,1,1,1,0
"PTHR23226_SF19",1,1,1,1,1,1,0,0,0,1,1,1,1,1,0,1,1,1,1,0,1,0,1,1,0,1,1,1,1,1,1,0,1,1,1,1,1,1,1,1,1,1,1,1,1
"PTHR23226_SF20",1,1,1,1,1,1,1,1,1,3,1,1,1,1,1,1,1,1,1,1,1,1,1,1,1,2,1,1,1,1,1,1,1,1,2,1,1,1,1,1,1,1,1,2,1
"PTHR23226_SF21",1,1,1,1,1,1,1,1,1,1,1,1,1,1,1,1,1,3,1,2,1,1,1,1,1,1,1,1,1,1,1,1,1,1,0,1,1,1,1,1,1,1,1,0,1
"PTHR23226_SF26",1,0,0,0,1,0,0,1,0,1,1,1,1,1,1,1,1,1,1,1,0,1,0,1,0,1,0,1,1,0,1,0,0,0,1,0,1,1,1,0,1,1,1,1,1
"PTHR23226_SF3",1,1,1,1,1,1,1,1,1,1,1,1,1,1,1,1,1,1,1,1,1,1,1,1,0,1,0,1,1,1,1,0,1,1,0,1,1,1,1,1,1,1,1,0,1
"PTHR23226_SF4",2,2,1,1,1,1,1,1,1,4,0,3,2,1,1,1,1,5,1,3,1,1,1,1,1,1,1,1,1,1,1,1,1,1,0,1,1,1,1,1,1,1,1,0,1
"PTHR23226_SF43",1,6,1,1,1,1,1,0,0,0,1,2,1,2,0,1,1,2,1,1,1,1,0,1,0,1,0,2,1,1,1,0,1,1,3,1,1,1,1,0,1,1,1,3,1
"PTHR23226_SF46",1,1,1,1,1,1,1,1,1,1,1,1,1,1,1,1,1,1,1,2,1,1,1,1,1,1,1,1,1,1,1,1,1,1,1,1,1,1,2,1,1,1,1,1,1
"PTHR23226_SF47",2,1,1,1,1,2,0,2,0,1,3,1,1,1,1,1,1,2,1,0,1,1,0,1,0,1,0,1,1,1,1,0,0,1,7,1,1,1,1,0,1,1,1,6,1
"PTHR23226_SF48",1,1,1,1,1,1,1,0,0,1,1,1,1,1,0,1,0,0,1,0,1,0,0,1,0,1,0,1,1,1,0,0,0,1,0,0,1,1,1,0,1,1,1,0,1
"PTHR23226_SF49",1,0,0,0,1,0,0,1,1,0,0,1,1,0,1,1,1,0,0,0,0,0,1,0,1,0,1,0,0,1,1,0,0,0,0,1,1,0,1,0,0,0,0,0,2
"PTHR23226_SF50",1,1,1,1,1,1,1,1,2,2,2,2,1,1,1,1,1,1,1,1,1,1,2,1,1,1,1,1,1,1,1,1,1,1,2,1,1,1,1,2,1,1,1,1,1
"PTHR23226_SF51",1,0,0,0,0,0,0,0,0,0,0,0,0,0,0,0,0,0,0,0,0,0,0,1,0,0,0,0,0,0,0,0,0,0,1,0,1,0,0,0,1,0,0,2,0
"PTHR23226_SF52",1,1,1,1,1,1,1,0,0,1,1,1,1,1,0,1,0,0,1,1,1,1,0,1,0,1,0,1,1,1,1,0,0,1,4,0,1,1,1,0,1,1,1,2,1
"PTHR23226_SF53",3,3,3,2,4,4,1,0,1,1,1,1,2,4,1,5,0,6,3,4,3,2,3,1,0,4,0,5,2,5,1,0,1,3,9,1,4,2,4,1,2,3,1,7,2
"PTHR23226_SF56",1,1,1,1,1,1,1,1,1,1,1,1,1,1,1,1,1,0,1,0,1,1,1,1,1,1,1,1,1,1,1,1,0,1,0,1,1,3,1,1,1,1,1,0,1
"PTHR23226_SF57",2,1,1,1,2,1,1,1,0,1,1,1,2,1,2,1,1,1,1,0,1,2,2,1,2,1,2,1,2,1,1,2,1,1,0,2,1,3,1,2,1,1,2,0,3
"PTHR23226_SF59",1,0,1,1,1,0,1,0,0,2,1,1,1,1,0,1,0,1,1,0,1,0,1,1,1,0,0,1,1,0,1,0,1,1,0,1,1,1,1,1,1,0,1,0,1
"PTHR23226_SF61",1,1,1,1,1,1,1,0,0,0,1,1,1,1,0,1,0,0,1,1,1,1,0,1,0,1,0,1,1,1,0,0,2,1,0,0,1,1,1,0,1,1,1,0,2
"PTHR23226_SF62",1,2,1,1,1,1,1,0,0,1,1,2,1,1,1,1,1,3,1,0,1,1,0,1,0,2,0,1,1,1,1,0,1,1,2,0,1,1,1,0,1,1,1,2,1
"PTHR23226_SF63",1,2,1,1,1,1,1,1,1,1,1,1,1,1,1,1,1,1,1,1,1,1,1,1,1,1,1,1,1,2,1,1,1,1,3,1,1,1,1,1,1,1,1,4,1
"PTHR23226_SF64",1,2,1,1,1,2,1,1,1,2,1,1,2,1,1,1,1,1,1,1,1,1,1,1,1,1,1,1,2,1,1,1,0,1,2,1,1,1,1,1,1,1,1,1,1
"PTHR23226_SF9",1,1,1,1,1,1,1,0,1,0,1,1,0,1,0,1,1,1,1,0,1,1,1,1,0,1,1,1,2,1,1,1,1,1,0,0,1,0,1,0,1,1,1,1,0
"PTHR23227_SF41",1,33,1,2,1,4,1,1,1,3,1,1,1,1,1,1,1,1,1,1,1,1,1,1,1,1,0,1,1,3,1,2,1,1,1,3,1,1,1,1,2,1,1,1,2
"PTHR23228_SF104",1,1,1,1,1,1,1,1,1,1,1,1,1,1,1,1,1,1,1,1,1,1,1,1,1,1,1,1,1,1,1,1,1,1,3,1,1,1,1,1,1,1,1,1,1
"PTHR23228_SF105",1,1,1,1,1,1,1,1,1,1,1,1,1,1,1,1,1,1,1,1,1,1,1,1,1,1,1,1,1,1,1,1,1,1,1,1,1,1,1,1,1,1,1,1,1
"PTHR23228_SF106",1,2,1,1,1,1,1,1,1,1,1,1,1,1,1,1,1,1,1,1,1,1,1,1,1,1,1,1,1,1,1,1,1,1,1,1,1,1,1,1,1,1,1,1,1
"PTHR23228_SF108",1,2,1,0,1,10,1,1,1,2,1,1,1,1,1,2,1,1,0,1,1,0,1,0,1,1,1,1,1,1,1,1,1,1,0,1,1,1,2,4,0,2,1,0,1
"PTHR23228_SF110",1,1,1,0,1,1,0,0,0,1,1,1,0,1,0,1,0,1,1,0,1,0,0,1,0,1,0,1,1,0,0,0,1,1,1,0,1,1,1,0,0,1,1,0,0
"PTHR23228_SF111",1,1,1,0,0,1,0,1,1,1,1,1,0,1,0,1,1,1,1,0,1,1,2,1,1,0,1,0,1,1,0,1,1,1,2,1,0,1,1,1,0,1,0,1,1
"PTHR23228_SF112",1,0,1,1,0,0,1,1,1,1,1,1,1,1,0,1,0,1,1,1,1,1,0,1,0,0,0,1,0,0,1,1,1,1,0,0,1,1,1,0,1,1,1,0,0
"PTHR23228_SF114",2,1,1,1,1,1,1,1,1,1,1,1,1,1,3,2,1,1,1,1,1,1,1,1,1,1,3,1,1,1,1,1,1,1,1,2,1,1,1,1,1,1,1,2,1
"PTHR23228_SF118",1,1,1,1,1,1,1,1,1,1,1,1,1,1,1,1,1,1,1,1,1,1,1,1,1,1,2,1,1,1,1,1,1,1,1,1,1,1,1,1,1,1,1,1,1
"PTHR23228_SF119",1,1,1,1,0,1,1,1,0,1,1,1,1,1,1,1,1,1,1,1,1,1,1,1,1,1,1,1,1,1,1,1,1,1,0,1,1,1,1,1,1,1,1,1,0
"PTHR23228_SF120",1,1,1,1,1,1,1,1,1,1,1,1,1,1,1,1,1,1,1,0,1,1,1,1,1,2,0,1,1,1,1,1,1,1,0,1,1,1,1,1,1,1,1,0,1
"PTHR23228_SF122",1,1,1,1,1,0,1,1,1,1,1,1,0,1,1,1,1,1,1,0,0,1,1,1,1,0,1,0,1,0,0,1,1,1,1,1,0,1,1,1,1,1,1,0,1
"PTHR23228_SF124",1,1,1,1,0,1,1,1,1,1,1,1,1,0,1,1,1,1,1,1,1,1,1,1,1,1,2,1,1,1,1,1,1,1,1,1,1,1,1,1,1,1,1,1,1
"PTHR23228_SF125",1,1,1,1,0,1,1,1,1,1,1,1,1,1,1,1,1,1,1,1,1,1,1,1,1,1,2,1,1,1,1,1,1,1,1,2,1,1,1,1,1,1,1,2,1
"PTHR23228_SF126",1,1,1,1,1,1,1,1,1,1,1,1,1,1,1,1,1,1,1,1,1,1,1,1,1,1,1,1,1,1,1,1,1,1,1,1,1,1,1,1,1,1,1,1,1
"PTHR23228_SF128",1,1,1,1,1,1,1,1,1,1,1,1,1,1,1,1,1,1,1,2,1,1,1,1,1,1,1,1,1,1,0,1,1,1,1,1,1,1,1,1,1,1,1,1,1
"PTHR23228_SF129",1,1,1,1,1,1,1,1,1,1,1,1,1,1,1,1,1,0,1,0,1,1,1,1,1,1,1,1,1,1,0,1,1,1,1,1,1,1,1,1,1,1,1,2,1
"PTHR23228_SF23",1,1,1,1,1,1,1,1,1,2,1,1,1,1,1,1,1,0,1,1,1,1,1,1,1,1,1,1,1,1,1,1,1,1,1,1,1,1,1,1,1,1,1,0,0
"PTHR23228_SF41",1,1,0,1,1,1,1,1,1,1,1,1,1,1,1,1,1,1,1,1,1,1,1,1,1,1,1,0,0,0,1,1,1,1,1,1,0,1,2,1,0,1,0,1,1
"PTHR23228_SF45",1,1,1,1,1,1,1,1,0,0,1,1,1,2,1,5,1,1,1,0,1,1,1,1,1,1,1,2,0,0,0,1,1,1,0,1,2,1,1,1,0,1,0,1,1
"PTHR23228_SF46",1,1,1,0,1,1,0,1,1,1,1,1,1,1,1,1,1,1,1,2,1,2,1,1,1,1,1,1,1,1,1,1,1,1,1,1,1,1,1,2,1,1,1,1,1
"PTHR23228_SF47",1,1,1,2,1,1,1,1,1,0,1,1,1,1,1,1,1,1,1,1,1,1,1,1,1,1,1,1,1,0,1,1,1,1,1,1,1,1,1,1,1,1,0,2,1
"PTHR23228_SF56",1,1,1,1,1,1,1,1,1,1,1,1,1,1,1,1,1,1,1,1,1,2,1,1,2,1,1,2,1,1,1,1,1,1,1,1,1,1,1,1,1,1,1,1,1
"PTHR23228_SF6",1,1,1,1,1,1,1,1,1,1,1,1,1,1,1,1,1,1,1,1,1,1,1,1,1,1,1,1,1,1,1,1,1,1,1,1,1,1,1,1,1,1,1,1,1
"PTHR23228_SF7",1,1,1,1,1,1,1,1,1,1,1,1,1,1,1,1,1,1,1,0,1,1,1,1,1,1,1,1,1,1,0,1,1,1,1,1,1,1,1,1,1,1,1,1,1
"PTHR23228_SF88",1,1,1,1,1,1,1,1,1,1,1,1,1,1,1,1,1,1,1,1,1,1,1,1,1,1,1,1,1,1,1,1,1,1,1,1,1,1,1,1,1,1,1,1,1
"PTHR23229_SF122",1,2,0,0,2,1,0,0,0,9,1,3,1,0,0,0,0,2,0,4,0,1,8,0,0,0,0,0,2,2,2,0,0,0,0,2,0,2,0,4,0,1,1,0,2
"PTHR23229_SF124",1,1,1,1,1,1,1,1,1,1,1,1,1,1,1,1,1,1,1,1,1,1,1,1,1,1,1,1,1,1,0,1,1,1,1,1,1,1,1,1,1,1,1,1,1
"PTHR23229_SF13",1,1,2,2,1,1,1,2,2,1,1,1,1,2,2,2,2,1,2,1,1,2,2,2,2,1,3,1,1,1,1,2,1,2,0,1,2,2,2,1,2,2,1,2,1
"PTHR23229_SF68",1,1,1,1,1,1,1,1,0,1,1,1,1,1,1,1,1,1,1,1,1,1,1,1,1,1,1,1,1,0,1,1,1,1,0,1,1,1,1,1,1,1,1,1,1
"PTHR23229_SF69",1,1,0,1,1,1,1,1,1,1,1,1,1,1,1,1,1,0,1,1,1,1,1,1,1,1,1,0,1,1,0,1,1,1,1,1,1,1,1,1,1,1,1,1,0
"PTHR23229_SF93",1,2,1,1,1,1,1,1,1,1,1,1,1,1,1,1,1,1,1,1,1,1,1,1,1,1,1,1,1,1,1,1,1,1,1,1,1,1,1,1,1,1,1,1,1
"PTHR23231_SF11",1,1,4,1,1,1,1,1,1,1,2,2,1,2,1,2,1,1,2,1,2,1,1,1,1,1,1,1,1,1,1,2,1,1,1,1,2,1,1,1,1,1,1,1,1
"PTHR23231_SF13",1,1,1,1,1,1,1,1,1,1,1,1,1,1,1,1,1,1,1,0,1,1,1,1,1,1,1,1,1,1,1,1,1,1,1,1,1,1,1,1,1,1,1,1,1
"PTHR23231_SF14",1,1,1,1,1,1,1,1,0,1,1,1,1,1,0,1,0,1,1,0,1,1,1,1,1,1,1,1,1,1,1,0,1,1,1,1,1,1,1,1,1,1,1,0,1
"PTHR23232_SF31",1,1,1,1,0,0,0,0,0,0,0,0,0,1,0,1,0,0,1,0,0,0,3,1,1,0,0,1,0,0,0,0,0,1,0,0,1,0,1,0,1,0,0,0,0
"PTHR23232_SF43",1,1,1,1,1,1,1,1,1,1,1,1,1,1,1,1,1,1,1,1,1,1,0,1,0,1,0,1,0,1,1,0,1,1,1,1,1,1,2,1,1,1,1,1,1
"PTHR23232_SF46",1,0,1,3,0,0,2,0,0,0,0,0,0,1,0,5,0,0,1,0,0,1,0,2,0,0,0,1,0,0,0,0,0,2,0,0,2,0,1,0,1,0,0,0,0
"PTHR23232_SF47",2,1,1,1,1,1,1,1,1,0,1,1,1,1,1,2,1,0,1,1,1,1,1,1,1,1,0,1,1,0,1,1,0,1,0,1,1,2,1,0,1,1,0,0,0
"PTHR23233_SF15",1,1,1,1,1,1,1,1,1,1,1,1,1,1,1,1,1,1,1,1,1,1,1,1,1,1,1,1,1,1,1,1,1,1,1,1,1,1,1,1,1,1,1,1,0
"PTHR23233_SF19",2,1,1,2,1,1,2,1,2,1,1,1,1,1,1,1,1,1,1,3,1,1,1,1,1,1,1,1,1,1,1,1,1,1,1,1,1,1,1,1,1,1,1,1,2
"PTHR23233_SF3",1,1,1,1,1,1,1,1,1,0,1,1,1,1,1,1,1,2,1,1,1,1,1,1,1,1,1,1,0,1,1,1,1,1,1,1,1,1,1,1,1,1,1,1,1
"PTHR23233_SF42",1,1,1,1,1,1,1,1,1,1,1,1,1,1,1,1,1,1,1,1,1,1,1,1,0,1,1,1,1,1,1,1,1,1,1,1,1,1,1,1,1,1,1,1,1
"PTHR23233_SF43",1,1,1,1,1,1,1,1,1,1,1,1,1,1,1,1,1,1,1,1,1,1,1,1,1,1,1,1,1,1,1,1,1,1,1,1,1,1,1,1,1,1,1,1,1
"PTHR23233_SF45",1,1,1,1,1,1,1,1,1,1,1,1,1,1,1,1,1,1,1,1,1,1,1,1,1,1,1,1,2,1,0,1,1,1,1,1,1,1,1,1,1,1,1,1,1
"PTHR23233_SF46",1,1,1,1,1,1,2,1,1,1,1,1,1,1,1,3,1,1,1,1,1,1,1,1,1,1,1,1,1,1,2,1,1,1,2,1,1,0,1,1,1,1,1,1,1
"PTHR23233_SF47",1,1,1,1,0,1,1,1,1,1,1,1,1,1,1,1,1,1,1,1,1,1,1,1,1,1,1,1,1,1,1,1,1,1,1,1,1,1,1,1,1,1,1,1,0
"PTHR23233_SF48",1,1,1,1,1,1,1,1,1,1,1,1,1,1,1,1,1,1,1,1,1,1,1,1,1,1,1,1,1,1,1,1,1,1,1,1,1,1,1,1,1,1,1,1,1
"PTHR23233_SF5",1,1,1,1,1,1,1,1,1,1,1,1,1,1,1,2,1,1,1,0,1,1,2,1,1,1,1,1,1,1,1,1,1,1,1,1,1,1,1,1,1,1,1,1,1
"PTHR23233_SF50",1,1,1,1,1,1,1,1,1,1,1,1,1,1,1,1,1,1,1,1,1,1,1,1,1,1,1,1,1,1,1,1,1,1,1,1,1,1,1,1,1,1,1,3,1
"PTHR23233_SF51",1,1,1,1,1,1,1,1,1,1,1,1,1,1,2,1,1,1,1,1,1,1,1,1,1,1,1,1,1,1,0,1,1,1,1,1,2,1,2,1,1,1,1,1,2
"PTHR23233_SF52",1,1,1,1,1,1,1,1,1,1,1,1,1,1,1,1,1,1,1,1,1,1,1,1,1,1,1,1,1,1,1,1,1,1,0,1,1,0,1,1,1,1,1,0,1
"PTHR23233_SF53",1,1,1,1,1,1,1,1,1,1,1,1,1,1,1,1,1,1,1,1,1,1,1,1,1,1,1,1,1,1,1,1,1,1,1,1,1,1,1,1,1,1,1,1,1
"PTHR23233_SF6",1,1,1,2,1,1,1,1,1,1,1,1,1,1,1,1,1,1,1,2,1,1,1,1,1,1,1,1,1,1,1,1,1,1,1,1,1,1,1,1,1,1,1,1,1
"PTHR23235_SF1",1,1,1,1,1,1,1,1,1,1,1,1,1,1,1,1,1,1,1,1,1,1,1,1,1,1,1,1,1,1,1,1,1,1,1,1,1,1,1,1,1,1,1,1,1
"PTHR23235_SF3",1,1,1,2,1,1,1,1,1,1,1,1,1,2,2,1,1,1,1,1,1,1,1,1,1,1,1,2,1,1,1,1,1,1,1,1,2,1,2,1,1,1,1,1,1
"PTHR23235_SF4",1,1,1,1,1,1,1,1,1,1,1,1,1,1,2,1,1,1,1,1,1,2,1,1,1,1,1,1,1,1,1,1,1,1,1,1,1,1,1,1,1,1,1,1,1
"PTHR23235_SF5",1,1,1,1,1,1,1,1,1,1,1,1,1,1,2,1,1,1,1,1,1,1,1,1,1,1,1,1,1,1,1,1,1,1,1,1,1,1,1,1,1,1,1,2,1
"PTHR23236_SF2",1,1,2,1,1,1,1,1,1,1,1,1,1,1,2,1,1,1,2,1,1,1,1,2,1,1,1,1,1,1,1,5,1,2,1,1,1,1,2,1,1,1,1,1,1
"PTHR23236_SF8",1,1,6,4,2,2,1,1,3,2,1,1,1,8,7,1,2,2,6,1,2,3,1,7,5,1,2,4,1,1,1,2,1,8,1,4,7,1,8,1,3,1,1,2,4
"PTHR23237",1,1,1,1,1,2,1,1,1,1,1,1,2,2,1,1,1,0,2,1,1,1,1,1,1,1,1,2,1,1,1,1,1,2,1,1,1,1,2,1,1,1,1,1,1
"PTHR23238_SF25",1,0,2,1,1,2,3,1,2,2,1,1,1,1,3,2,1,1,1,1,1,1,1,1,1,1,1,1,1,2,1,4,1,1,1,1,1,1,1,2,2,1,1,2,1
"PTHR23238_SF3",3,1,1,5,10,2,7,1,1,2,1,1,1,2,3,1,4,2,1,2,1,5,1,1,2,4,1,1,3,1,4,6,1,1,1,1,2,2,2,2,6,1,1,1,9
"PTHR23238_SF5",1,2,1,1,1,1,1,1,1,2,1,2,1,1,2,1,1,1,1,2,1,1,1,1,2,2,1,1,2,2,1,5,0,1,2,1,1,1,1,1,1,1,1,1,2
"PTHR23239_SF101",1,1,1,1,1,1,1,1,1,1,1,1,1,1,1,1,1,1,1,2,1,1,1,1,1,1,1,1,1,1,0,1,1,1,2,1,1,1,1,1,1,1,1,2,1
"PTHR23239_SF104",6,1,6,7,1,1,22,0,5,9,1,1,2,7,4,1,1,1,2,3,2,2,1,6,1,2,1,10,2,1,2,6,9,4,1,1,5,2,6,1,7,1,1,1,2
"PTHR23239_SF105",2,2,2,2,1,2,2,1,1,2,2,1,1,3,2,2,1,1,2,2,1,2,2,2,2,2,4,3,2,1,1,2,2,2,2,2,3,2,3,3,1,1,2,1,2
"PTHR23239_SF106",1,1,1,1,1,1,1,1,1,1,1,1,2,1,1,2,1,1,1,1,1,1,1,1,1,0,0,1,1,1,1,1,1,1,0,1,1,1,1,1,1,1,0,0,1
"PTHR23239_SF107",1,1,1,3,0,1,4,1,1,1,0,2,2,1,1,1,1,1,1,2,1,1,1,2,1,1,1,2,1,0,1,1,1,3,1,1,1,1,1,1,1,1,1,0,1
"PTHR23239_SF108",1,1,0,0,1,1,0,2,0,1,1,1,1,0,1,0,1,1,0,1,0,0,1,0,1,0,1,0,1,1,0,1,0,0,1,1,0,2,0,1,0,1,0,0,1
"PTHR23239_SF109",1,1,1,1,1,1,1,1,1,1,1,1,0,1,1,1,1,1,1,1,1,1,1,1,1,1,1,1,1,1,1,1,1,1,1,1,1,1,1,1,1,1,1,0,1
"PTHR23239_SF110",2,2,1,0,3,2,0,0,0,0,2,2,1,1,0,0,0,1,1,3,0,1,0,1,0,3,0,1,3,1,3,0,2,1,2,0,1,3,1,0,0,1,0,1,3
"PTHR23239_SF111",2,1,1,1,0,1,2,1,1,1,1,1,0,1,1,1,1,1,1,2,1,1,1,1,1,0,1,1,1,1,0,1,0,1,1,1,1,1,1,1,1,1,1,0,1
"PTHR23239_SF113",3,7,0,0,3,5,0,5,4,3,2,3,1,0,6,0,3,2,0,4,0,4,4,0,4,3,1,0,3,5,4,2,4,0,3,4,0,4,0,4,0,5,2,2,3
"PTHR23239_SF115",1,1,1,1,1,1,1,1,1,1,1,1,1,1,1,2,1,1,1,1,1,1,1,1,1,1,1,1,1,1,1,1,1,1,1,1,1,1,1,1,1,1,1,1,1
"PTHR23239_SF116",1,1,1,1,0,1,1,1,1,1,1,1,1,1,1,1,1,1,1,1,1,1,1,1,1,0,1,1,1,1,1,1,1,1,1,1,1,1,1,1,1,1,1,0,1
"PTHR23239_SF120",1,1,1,1,1,1,1,1,1,1,0,1,1,1,1,1,1,1,1,0,1,1,1,1,1,0,0,1,1,1,1,1,1,1,2,1,1,1,1,1,1,1,0,0,1
"PTHR23239_SF122",1,1,1,1,0,2,0,1,1,0,0,1,0,1,1,1,1,1,1,1,1,1,1,1,1,1,1,1,1,1,1,1,1,1,1,1,1,1,1,1,1,1,0,1,1
"PTHR23239_SF127",1,1,1,1,0,1,1,1,1,0,1,1,1,1,1,1,1,1,1,1,1,1,1,1,1,1,1,1,1,1,1,0,1,1,1,1,1,1,1,1,1,1,1,1,1
"PTHR23239_SF129",1,1,1,1,1,1,1,1,1,1,1,1,1,1,1,1,1,1,1,1,1,1,1,1,1,1,1,1,1,1,1,1,1,1,1,1,1,1,1,1,1,1,1,1,1
"PTHR23239_SF131",1,1,1,1,1,1,1,1,1,1,1,1,1,1,1,1,1,1,1,1,1,1,1,1,1,1,1,1,1,1,1,1,1,1,1,1,1,1,1,1,1,1,1,1,1
"PTHR23239_SF132",1,1,1,4,3,2,4,1,3,2,2,2,2,2,1,2,2,1,3,1,2,1,1,3,3,1,1,2,1,2,1,2,1,3,1,1,2,2,2,3,2,1,1,1,3
"PTHR23239_SF133",2,1,2,1,1,1,3,1,1,0,1,1,1,1,1,1,1,1,1,1,1,1,1,1,1,2,1,1,1,1,1,1,1,2,1,1,1,1,1,1,2,1,1,1,1
"PTHR23239_SF137",1,1,1,1,1,1,1,1,2,0,1,2,1,1,1,1,1,1,1,1,1,1,1,1,1,1,1,1,1,1,1,1,1,1,2,1,1,1,1,1,1,1,0,2,1
"PTHR23239_SF138",1,1,1,1,0,1,1,1,1,1,1,1,1,1,1,1,1,1,1,1,1,1,1,1,1,1,1,1,1,1,0,1,1,1,1,1,1,1,1,1,1,1,0,1,1
"PTHR23239_SF140",1,2,1,1,1,1,1,1,1,0,2,1,1,1,1,1,1,1,1,1,1,1,0,1,0,1,0,1,2,2,1,0,1,1,1,0,1,1,1,0,1,2,0,1,2
"PTHR23239_SF141",2,3,2,1,1,2,0,3,2,1,1,1,0,1,1,3,2,2,2,3,2,2,4,1,2,2,1,3,1,2,1,3,0,1,0,3,3,3,3,1,1,1,2,0,2
"PTHR23239_SF143",1,0,4,4,0,0,1,0,0,0,0,0,0,3,0,3,1,0,4,0,2,0,0,4,0,0,0,4,0,0,0,0,0,2,0,0,4,0,4,0,1,0,0,0,0
"PTHR23239_SF144",1,1,1,1,1,1,1,0,1,1,1,1,1,1,1,1,1,1,1,1,1,1,1,1,1,1,1,1,1,1,0,1,1,1,2,1,1,1,1,1,1,1,1,2,1
"PTHR23239_SF145",1,1,1,1,1,1,1,1,1,0,1,1,1,1,1,1,1,1,1,0,1,1,1,1,1,1,1,1,1,1,1,1,1,1,0,1,1,1,1,1,1,1,0,0,1
"PTHR23239_SF147",1,0,0,0,1,1,1,1,1,0,1,1,1,0,0,0,1,1,0,1,0,0,1,0,1,0,1,0,1,0,1,1,1,0,0,1,0,1,0,1,0,1,0,0,1
"PTHR23239_SF149",1,1,1,1,1,1,1,0,0,1,1,1,1,1,0,2,0,0,1,1,1,1,1,1,1,1,1,1,1,1,1,0,1,1,1,1,1,1,1,1,1,1,0,1,1
"PTHR23239_SF150",1,1,1,1,1,1,1,1,1,1,1,1,1,1,1,1,1,1,1,1,1,1,1,1,1,1,1,1,1,1,1,1,1,1,1,1,1,1,1,1,1,1,1,1,1
"PTHR23239_SF151",1,1,1,1,1,1,1,1,1,1,1,1,1,1,1,1,1,1,1,1,1,1,1,1,1,1,1,1,1,1,1,1,1,1,1,1,1,1,1,1,1,1,1,1,1
"PTHR23239_SF152",1,1,1,1,1,1,0,1,1,1,1,1,1,1,1,1,1,1,1,1,1,1,1,1,1,1,1,1,1,1,0,1,1,1,1,1,1,2,1,1,1,1,1,1,1
"PTHR23239_SF155",1,1,1,1,1,1,1,0,0,1,1,0,1,1,1,1,1,1,1,1,1,1,1,1,1,1,1,1,1,1,1,1,1,1,1,1,1,1,1,1,1,1,1,0,1
"PTHR23239_SF156",1,1,0,0,1,1,1,1,0,1,1,1,1,0,1,0,1,1,0,1,0,0,0,0,0,1,0,0,1,1,1,0,0,0,1,1,0,1,0,0,0,1,0,1,1
"PTHR23239_SF157",1,1,1,1,1,1,1,1,1,1,1,1,1,1,2,1,1,1,1,1,1,1,1,1,1,1,2,1,1,1,1,1,1,1,1,1,1,1,2,1,1,1,1,1,1
"PTHR23239_SF158",1,1,1,1,1,1,1,1,1,1,1,1,1,1,1,1,1,1,1,1,1,1,1,1,1,1,1,1,1,1,1,1,1,1,1,1,1,1,1,1,1,1,1,1,1
"PTHR23239_SF159",1,1,1,1,1,2,1,1,1,2,1,1,0,1,1,1,1,2,1,1,1,1,2,1,1,1,1,1,1,2,1,1,2,1,2,1,1,1,1,1,1,1,2,2,1
"PTHR23239_SF160",1,1,1,1,1,1,1,1,1,1,1,1,1,1,1,1,1,1,1,2,1,1,1,1,1,1,1,1,1,1,1,1,1,1,1,1,1,1,1,1,1,1,0,1,1
"PTHR23239_SF162",1,1,1,1,1,1,1,1,1,0,1,1,1,1,1,1,1,0,1,0,1,1,1,1,1,1,1,1,1,1,1,1,1,1,1,1,1,1,1,1,1,1,0,0,1
"PTHR23239_SF163",1,1,1,1,1,1,1,1,1,1,1,1,1,1,1,2,1,1,1,1,1,1,1,1,1,1,1,1,1,1,1,1,1,1,1,1,1,1,1,1,1,1,0,1,1
"PTHR23239_SF164",2,2,2,2,1,2,2,2,2,1,2,1,2,1,2,2,2,2,2,2,2,2,2,2,2,2,2,2,4,2,1,2,2,2,2,2,1,2,1,2,3,2,2,0,2
"PTHR23239_SF19",1,2,1,1,1,1,1,1,1,1,0,0,0,1,1,1,0,1,1,1,0,2,1,1,1,1,1,1,1,0,1,1,1,1,2,1,1,0,1,0,1,1,1,1,0
"PTHR23239_SF22",1,1,1,1,1,1,1,1,1,1,1,1,1,1,1,1,1,1,1,1,1,1,1,1,1,1,1,1,1,1,1,1,1,1,1,1,1,2,1,1,2,1,1,1,1
"PTHR23239_SF27",2,1,1,1,2,1,1,1,1,1,1,1,1,1,1,1,1,1,1,1,1,1,1,1,1,1,1,1,1,1,1,2,2,1,1,1,1,1,1,1,1,1,1,1,1
"PTHR23239_SF28",1,2,1,1,1,1,1,1,1,4,1,1,1,1,1,1,1,1,1,1,1,1,1,1,1,1,1,1,1,2,1,1,1,1,1,1,1,1,1,1,1,1,1,1,1
"PTHR23239_SF29",1,1,1,1,1,1,1,1,1,1,1,1,1,1,1,1,1,1,1,1,1,1,1,1,1,1,1,1,1,0,1,1,1,1,1,1,1,1,1,1,1,1,1,1,1
"PTHR23239_SF32",1,1,1,1,1,1,1,1,1,1,1,1,1,1,1,1,1,1,1,1,1,1,1,1,1,1,1,1,1,1,1,1,1,1,1,1,1,1,1,1,1,1,1,1,0
"PTHR23239_SF35",3,1,7,5,2,2,3,1,2,7,1,3,1,5,1,1,1,1,8,9,5,2,1,6,3,2,1,7,3,2,2,2,19,6,1,1,5,1,4,1,9,1,1,1,1
"PTHR23239_SF41",1,1,1,1,1,1,1,1,1,1,1,1,1,1,1,1,1,1,1,1,1,1,1,1,1,1,1,1,1,1,1,1,1,1,1,1,1,1,1,1,1,1,1,1,1
"PTHR23239_SF44",1,1,1,1,1,1,1,1,1,1,1,1,1,1,1,2,1,1,1,1,1,1,1,1,1,1,1,1,1,1,1,1,1,1,1,1,1,1,1,1,1,1,1,1,1
"PTHR23239_SF66",1,1,1,1,1,1,1,0,0,0,1,1,1,1,1,1,1,1,1,1,1,1,1,1,1,1,0,1,1,1,1,1,1,1,1,1,1,1,1,1,1,1,1,0,1
"PTHR23239_SF88",1,0,1,1,1,1,1,1,0,1,1,1,1,1,1,1,1,1,1,1,1,1,1,1,1,0,1,1,1,0,1,1,1,1,2,1,1,1,1,1,1,0,0,2,2
"PTHR23239_SF89",1,1,0,0,0,0,0,1,0,0,1,0,1,0,1,0,1,0,0,0,0,0,1,0,1,1,1,0,1,1,0,1,0,0,1,1,0,1,0,1,0,1,0,0,1
"PTHR23239_SF90",1,1,1,1,1,1,1,1,1,0,1,1,2,1,1,2,0,1,1,1,1,1,1,1,1,1,1,1,1,1,1,1,1,1,1,1,1,1,1,1,1,1,0,1,1
"PTHR23239_SF91",1,1,1,1,1,1,1,1,1,1,2,0,1,3,1,1,1,1,1,1,1,1,1,1,1,0,1,6,1,2,1,1,1,1,1,1,2,1,3,1,1,1,1,0,2
"PTHR23239_SF92",1,1,1,1,1,1,1,1,1,2,1,1,0,1,1,1,1,1,1,1,1,1,0,1,1,1,1,1,1,1,1,1,1,1,1,1,1,1,1,1,1,1,1,1,1
"PTHR23239_SF93",1,1,1,1,1,1,1,1,1,1,1,1,1,1,1,1,1,1,1,1,1,1,1,1,1,1,1,1,2,1,1,1,1,1,1,1,1,1,1,1,1,1,1,2,2
"PTHR23239_SF94",1,1,1,1,0,1,1,0,1,0,0,1,1,1,1,1,1,1,1,1,1,1,0,1,0,0,0,1,1,1,0,1,1,1,1,1,1,1,1,0,1,1,0,1,1
"PTHR23239_SF95",1,1,1,1,0,1,1,1,1,1,2,2,0,1,1,1,1,1,1,1,1,1,1,1,1,1,1,1,1,1,1,1,1,1,0,1,1,1,1,1,1,1,0,0,1
"PTHR23239_SF98",4,3,2,1,4,3,1,0,4,2,3,2,1,0,1,2,4,1,2,3,2,4,3,2,3,4,3,1,4,4,1,4,3,2,4,3,1,4,1,1,1,3,2,1,4
"PTHR23240_SF5",1,1,1,1,1,1,1,1,1,1,1,1,1,1,1,1,1,1,1,1,1,1,1,1,1,1,1,1,1,1,1,1,1,1,1,1,1,1,1,1,1,1,1,1,1
"PTHR23240_SF6",1,1,1,2,1,1,1,1,1,1,1,1,1,1,1,1,1,1,1,1,1,1,1,1,1,1,1,1,1,1,1,0,1,1,1,1,1,1,1,1,2,1,1,1,1
"PTHR23240_SF8",1,1,1,1,1,1,1,1,1,1,1,1,1,1,1,1,1,1,1,1,1,1,1,1,1,1,1,1,1,1,1,1,1,1,1,1,1,1,1,1,1,1,1,1,1
"PTHR23241",1,1,1,1,1,1,1,1,1,1,1,1,1,1,1,1,1,1,1,1,1,1,1,1,1,1,1,1,1,1,1,1,2,1,2,1,1,1,1,1,1,1,1,2,1
"PTHR23243",1,1,1,1,1,1,1,1,1,1,1,1,1,1,1,1,1,1,1,1,1,1,1,1,1,1,1,1,1,1,1,1,1,1,1,1,1,1,1,1,1,1,1,1,1
"PTHR23244_SF15",1,1,1,1,1,1,1,1,1,1,1,1,1,1,1,1,1,1,1,1,1,1,1,1,1,1,1,1,1,1,1,1,1,1,1,1,1,1,2,1,1,1,1,1,1
"PTHR23244_SF250",1,1,1,1,1,1,1,1,1,1,1,1,1,1,1,1,1,1,1,1,1,1,1,1,1,1,1,1,1,1,1,2,1,1,1,1,1,1,1,1,1,1,1,1,1
"PTHR23244_SF257",1,1,1,1,1,1,1,1,1,1,1,1,1,1,1,1,1,1,1,2,1,1,1,1,1,1,1,1,1,1,1,1,1,1,1,1,1,1,1,1,1,1,1,2,1
"PTHR23244_SF261",1,1,1,1,1,1,1,1,1,1,1,1,1,1,4,1,1,1,1,1,1,1,1,1,1,1,1,1,1,1,1,1,1,1,1,1,1,1,1,1,1,1,1,0,1
"PTHR23244_SF266",1,1,1,1,1,1,1,1,0,1,1,1,1,1,1,1,1,1,1,1,1,1,1,1,1,1,1,1,1,3,1,1,1,1,1,1,1,1,2,1,1,0,1,2,1
"PTHR23244_SF270",1,1,1,1,1,1,1,1,1,1,1,1,1,1,1,1,1,1,1,1,1,1,1,1,1,1,1,1,1,1,1,1,1,1,1,1,1,1,1,1,1,1,1,1,1
"PTHR23244_SF272",1,1,1,1,1,1,1,1,1,1,1,1,1,1,1,1,1,1,1,1,1,1,1,1,1,1,1,1,1,1,1,1,1,1,1,1,1,1,1,1,1,1,1,1,1
"PTHR23244_SF283",1,1,1,1,1,1,1,1,1,1,1,1,1,1,1,1,1,1,1,1,1,1,1,1,1,1,1,1,1,1,1,1,1,1,1,1,1,1,2,1,1,1,1,1,1
"PTHR23244_SF286",1,1,1,1,1,1,1,1,1,1,1,1,1,1,1,1,1,1,1,1,1,1,1,1,1,1,1,1,1,1,1,1,1,1,1,1,1,1,1,1,1,1,1,0,1
"PTHR23244_SF287",1,1,1,1,1,1,1,1,1,1,1,1,1,1,1,1,1,1,1,1,1,1,1,1,1,1,1,1,1,1,1,1,1,1,1,1,1,1,1,1,1,1,1,1,1
"PTHR23244_SF288",1,1,1,1,1,1,1,1,1,1,1,1,1,1,1,1,1,1,1,1,1,1,1,1,1,1,1,1,1,1,1,1,1,1,1,1,1,1,1,1,1,1,1,1,1
"PTHR23245",3,3,2,2,2,3,4,2,2,2,3,2,2,2,3,3,3,3,2,3,3,2,3,2,2,3,3,2,3,2,3,3,4,2,3,3,2,2,2,3,2,3,2,3,3
"PTHR23247",2,1,1,1,1,1,1,1,1,1,2,1,1,1,1,1,1,1,1,1,1,1,1,1,1,1,1,1,1,1,1,1,3,1,1,1,1,1,1,1,1,1,1,0,0
"PTHR23248_SF25",1,1,1,1,1,1,1,1,1,1,1,1,1,1,1,1,1,1,1,1,1,1,1,1,1,1,1,1,1,1,1,1,1,1,1,1,1,1,1,1,1,1,0,1,1
"PTHR23248_SF26",1,2,1,1,1,1,1,3,3,0,1,1,3,1,4,1,2,1,1,1,1,1,3,1,3,1,3,1,1,1,2,2,1,1,1,3,1,2,1,2,1,1,2,1,1
"PTHR23248_SF28",2,1,1,1,1,1,1,1,1,1,1,1,1,1,1,1,1,1,1,1,1,1,1,1,1,1,1,1,1,1,1,1,2,1,1,1,1,1,1,1,1,1,1,1,1
"PTHR23248_SF8",1,1,1,1,1,1,1,1,1,1,1,1,1,1,1,2,1,1,1,1,1,1,1,1,1,1,1,1,1,1,1,1,1,1,1,1,1,1,1,1,1,1,1,1,1
"PTHR23249",2,2,2,3,3,2,2,2,2,3,2,2,2,2,3,3,3,2,2,2,2,2,2,2,2,2,2,2,2,2,3,6,2,2,3,2,2,2,2,2,3,1,1,2,2
"PTHR23250",2,1,1,1,1,1,1,1,1,1,1,1,1,1,1,1,1,1,1,1,1,1,1,1,1,1,1,1,1,2,1,1,1,1,1,1,1,1,2,1,1,1,1,2,1
"PTHR23251",2,2,2,2,2,2,2,2,2,2,2,2,2,2,2,2,2,2,2,2,2,3,2,2,2,2,2,2,2,2,2,2,2,2,2,2,2,2,2,2,2,2,2,1,2
"PTHR23252",2,2,2,4,2,2,2,2,2,2,2,2,2,2,2,2,2,2,2,2,2,2,2,2,2,2,3,2,2,2,2,2,2,2,2,2,2,2,2,2,2,2,2,2,2
"PTHR23253_SF10",1,1,1,1,1,1,1,1,1,2,1,1,1,1,7,1,1,1,1,1,1,1,1,1,2,1,1,1,1,1,1,2,1,1,1,1,1,1,1,2,1,1,1,1,1
"PTHR23253_SF23",1,1,1,1,1,1,1,1,1,1,1,1,1,1,1,1,1,1,1,1,1,1,1,1,1,1,1,1,1,1,1,2,1,1,1,1,1,1,1,1,1,1,1,1,1
"PTHR23253_SF28",1,1,1,1,1,1,1,1,1,1,1,1,1,1,3,1,1,1,1,1,1,1,1,1,1,1,1,1,1,1,1,4,1,1,1,1,1,1,1,1,1,1,1,1,1
"PTHR23254",3,4,3,4,4,3,3,3,5,3,3,3,3,3,6,4,3,2,3,4,3,5,3,3,3,3,3,3,3,3,4,4,3,3,3,3,3,3,3,3,4,3,2,3,3
"PTHR23255_SF22",1,1,1,1,1,1,1,1,1,1,1,1,1,1,1,1,1,1,1,1,1,1,1,1,1,1,1,1,1,1,1,1,1,1,1,1,1,1,1,1,1,1,1,1,1
"PTHR23255_SF49",1,1,1,1,1,1,1,1,1,1,1,1,1,1,1,1,1,1,1,1,1,1,1,1,1,1,1,1,1,1,1,1,1,1,1,1,1,1,1,1,1,1,1,1,1
"PTHR23255_SF50",1,1,1,1,1,1,1,1,1,1,1,1,1,1,3,1,1,1,1,1,1,1,1,1,1,1,1,1,1,1,1,1,1,2,1,1,1,1,2,1,1,1,1,1,1
"PTHR23255_SF55",1,1,1,1,1,1,1,1,1,1,1,1,1,1,1,1,1,1,1,1,1,1,1,1,1,1,1,1,1,1,1,1,1,1,1,1,1,1,1,1,1,1,1,1,1
"PTHR23255_SF56",1,1,1,1,1,1,1,1,1,1,1,1,1,1,1,1,1,1,1,1,1,1,1,1,1,1,1,1,1,1,1,1,1,1,1,1,1,1,1,1,1,1,1,2,1
"PTHR23255_SF57",1,1,1,1,1,1,1,1,1,1,1,1,1,1,1,1,1,1,1,1,1,1,1,1,1,1,1,1,1,1,0,1,1,1,1,1,1,1,1,1,1,1,1,1,1
"PTHR23255_SF58",1,1,1,1,1,1,1,1,1,1,1,1,1,1,1,1,1,1,1,1,1,1,1,1,1,1,1,1,1,1,1,1,1,1,1,1,1,1,1,1,1,1,1,2,1
"PTHR23255_SF59",1,1,1,1,1,1,1,1,1,1,1,1,1,1,1,1,1,1,1,1,1,1,1,1,1,1,1,1,1,1,1,1,1,1,1,1,1,1,1,1,1,1,1,1,1
"PTHR23255_SF61",1,1,1,1,1,1,1,1,1,1,1,1,1,1,1,1,1,1,1,1,1,1,1,1,1,1,1,1,1,1,1,1,1,1,1,1,1,1,1,2,1,1,1,2,1
"PTHR23255_SF62",1,1,1,1,1,1,1,1,1,1,1,1,1,1,1,1,1,1,1,1,1,1,1,1,1,1,1,1,1,1,1,1,1,1,3,1,1,1,1,1,1,1,1,2,1
"PTHR23255_SF63",1,1,1,1,1,1,1,1,1,1,1,1,1,1,1,1,1,1,1,1,1,1,1,1,1,1,1,1,1,1,1,1,1,1,1,1,1,1,1,1,1,1,1,1,1
"PTHR23255_SF64",1,1,1,1,1,1,1,1,1,1,1,1,1,1,1,1,1,1,1,1,1,1,1,1,1,1,1,1,1,1,1,1,1,1,1,1,1,1,1,1,1,1,1,1,1
"PTHR23257_SF30",1,1,1,1,1,1,1,1,1,1,1,1,2,1,1,1,1,1,1,1,1,1,1,1,1,1,1,1,1,1,1,1,1,1,1,1,1,2,1,1,1,1,1,1,1
"PTHR23257_SF323",1,1,1,1,1,1,1,1,1,1,1,1,1,1,1,1,1,1,1,1,1,1,1,1,1,1,1,1,1,1,1,1,1,1,1,1,1,1,1,1,1,1,1,1,1
"PTHR23257_SF329",1,1,1,1,1,1,1,1,1,1,1,1,1,1,1,1,1,1,1,1,1,1,1,1,1,1,1,1,1,1,1,1,1,1,1,1,1,0,1,1,1,1,1,1,1
"PTHR23257_SF336",1,1,1,1,1,1,1,1,1,1,1,1,1,1,1,1,1,1,1,1,1,1,1,1,1,1,1,1,1,1,1,1,1,1,1,1,1,1,1,1,1,1,1,1,1
"PTHR23257_SF346",1,1,1,1,1,1,1,1,1,1,1,1,1,1,0,2,1,0,1,1,1,1,1,1,1,0,1,1,0,1,0,0,1,1,0,1,1,1,1,1,1,1,1,0,1
"PTHR23257_SF357",1,0,0,0,1,0,0,1,0,0,1,1,1,1,1,0,0,1,0,1,0,0,0,1,0,1,0,0,1,0,0,0,0,0,1,0,0,1,0,0,0,0,0,0,1
"PTHR23257_SF360",1,1,2,1,1,1,1,2,1,1,1,1,1,2,1,1,1,1,1,1,1,1,1,2,1,1,1,1,1,1,1,1,1,1,1,1,2,1,3,1,1,1,1,1,1
"PTHR23257_SF362",1,1,1,1,0,1,1,0,1,1,1,1,1,1,1,1,1,1,1,1,1,0,1,1,0,1,1,1,1,1,1,0,1,1,1,1,1,1,1,1,0,1,0,2,1
"PTHR23257_SF370",1,1,1,1,2,1,1,1,1,1,1,1,1,1,1,1,1,1,1,1,1,1,1,1,1,1,1,1,1,1,1,1,1,1,1,1,1,1,1,1,1,1,1,1,1
"PTHR23257_SF372",1,1,1,1,1,1,1,1,1,1,1,1,1,1,1,1,1,1,1,1,1,1,1,1,1,1,1,1,1,1,1,1,1,1,1,1,1,1,1,1,1,1,1,1,1
"PTHR23257_SF375",1,1,1,1,1,1,1,1,1,0,1,1,1,1,1,1,1,1,1,1,1,1,1,1,1,1,1,1,1,1,1,1,1,1,1,1,1,1,1,1,1,1,1,1,1
"PTHR23257_SF376",1,1,1,1,1,1,1,1,1,1,1,1,1,1,1,1,1,1,1,1,1,1,1,1,1,1,1,1,1,1,1,1,1,1,1,1,1,1,1,1,1,1,1,1,1
"PTHR23257_SF379",1,1,1,1,1,1,1,1,1,1,1,1,1,1,1,1,1,1,1,1,1,1,1,1,1,1,1,1,1,1,1,1,1,1,1,1,1,1,2,1,1,1,1,1,1
"PTHR23257_SF383",1,1,1,1,1,1,1,1,1,1,1,1,1,1,1,1,1,1,1,1,1,1,1,1,1,1,1,1,1,1,1,1,1,1,1,1,1,1,1,1,1,1,1,1,1
"PTHR23257_SF397",1,1,1,1,1,1,1,1,1,1,1,1,1,1,1,1,1,1,1,1,1,1,1,1,1,1,1,1,1,1,1,1,1,1,1,1,1,1,1,1,1,1,1,1,1
"PTHR23257_SF398",1,1,1,1,1,1,1,1,1,1,1,1,1,2,1,1,1,1,1,1,1,1,1,1,1,1,1,1,1,1,1,1,1,1,1,1,1,1,1,1,1,1,1,1,1
"PTHR23257_SF401",1,1,1,1,1,1,1,1,1,1,1,1,1,1,1,1,1,1,1,1,1,1,1,1,1,1,1,1,1,1,1,1,1,1,1,1,1,1,1,1,1,1,1,2,1
"PTHR23257_SF413",1,1,1,2,1,1,1,1,1,1,1,1,1,1,1,1,1,1,1,1,1,1,1,1,1,1,1,1,1,2,1,2,1,1,1,1,1,1,1,1,1,1,1,1,1
"PTHR23257_SF417",1,1,1,1,1,1,1,1,1,1,1,1,1,1,1,1,1,1,1,1,1,1,1,1,1,1,3,1,1,1,1,1,1,1,1,1,1,1,1,1,1,1,1,1,1
"PTHR23257_SF418",1,1,1,1,1,1,1,1,1,1,1,1,1,1,1,1,1,1,1,1,1,1,1,1,1,1,0,1,1,1,1,1,1,1,1,1,1,1,1,1,1,1,1,2,1
"PTHR23257_SF42",1,1,1,1,1,1,2,1,1,1,2,3,1,1,2,1,1,1,1,1,1,1,1,1,1,1,1,1,1,1,1,1,1,2,1,1,1,1,1,1,1,1,0,1,1
"PTHR23257_SF43",1,1,1,1,1,1,1,1,1,1,1,1,1,1,1,1,1,1,1,1,1,1,1,1,0,1,1,1,1,1,1,1,1,1,1,1,1,1,1,1,1,1,1,1,1
"PTHR23257_SF63",1,1,1,1,1,1,1,0,0,1,1,1,1,1,1,2,1,1,1,1,1,1,1,1,1,1,0,1,1,1,1,0,1,1,1,1,1,1,1,1,1,1,1,1,1
"PTHR23260",4,5,1,0,5,5,4,2,3,3,6,6,5,4,3,7,3,3,2,3,1,0,5,1,3,2,5,2,5,5,5,3,3,1,4,5,3,5,4,4,1,2,0,4,5
"PTHR23262_SF14",1,10,1,1,1,6,1,0,1,1,2,3,2,1,1,6,0,2,1,1,3,0,7,0,0,0,0,3,1,3,3,1,2,1,2,5,1,3,3,3,1,2,0,2,1
"PTHR23262_SF16",1,0,0,0,0,0,0,0,0,1,0,0,0,1,0,2,0,0,0,0,0,1,0,0,0,0,0,2,0,0,0,2,1,0,0,0,1,0,3,0,0,0,0,0,0
"PTHR23262_SF2",1,7,0,0,7,12,0,0,0,0,2,2,5,0,0,0,0,0,0,3,0,1,0,0,0,0,0,0,2,4,0,0,0,0,4,0,0,0,0,0,0,8,0,0,8
"PTHR23262_SF21",1,2,0,0,1,0,1,1,1,1,1,1,0,1,1,2,0,1,0,0,1,0,1,0,1,0,1,0,1,1,1,1,0,0,0,1,1,0,1,2,0,1,0,0,1
"PTHR23262_SF24",1,0,0,1,1,0,0,1,2,1,0,0,0,2,0,4,0,0,0,0,0,0,3,2,0,0,0,0,0,0,0,2,1,1,0,0,1,0,1,1,0,0,0,0,0
"PTHR23262_SF3",4,3,0,0,4,2,0,0,0,1,3,4,2,0,0,0,0,1,0,0,0,0,5,0,3,0,6,0,1,1,0,0,0,0,0,1,0,0,0,6,0,2,0,0,4
"PTHR23262_SF31",1,0,0,0,0,0,0,0,1,0,1,3,1,0,0,0,0,2,0,2,0,0,0,0,0,0,1,0,0,0,1,1,1,2,6,0,0,0,0,0,1,1,0,4,0
"PTHR23262_SF45",1,3,3,3,0,2,2,1,1,1,3,3,0,3,2,8,1,3,3,0,3,0,1,2,1,0,1,2,0,1,1,0,0,3,1,0,3,0,4,1,3,1,0,1,3
"PTHR23262_SF47",1,0,1,1,1,0,1,4,5,0,2,2,0,1,0,5,2,1,2,1,0,1,5,1,0,0,0,3,3,1,1,2,1,0,0,1,1,0,0,3,1,1,0,0,0
"PTHR23262_SF7",2,4,0,0,4,0,1,2,3,1,4,5,0,0,0,0,4,3,0,2,0,0,4,0,4,0,1,0,2,0,0,1,1,0,0,4,0,6,0,4,0,2,0,1,3
"PTHR23263_SF11",1,1,0,0,1,1,1,1,0,0,0,0,1,1,0,1,0,0,0,1,0,0,1,0,0,0,0,0,1,0,0,0,1,0,0,0,0,1,0,0,0,0,0,0,0
"PTHR23263_SF18",2,0,2,2,0,0,2,4,8,1,2,5,0,3,3,5,4,0,3,0,3,0,2,4,2,0,0,1,1,0,3,0,1,3,0,1,4,2,1,0,1,1,0,0,0
"PTHR23263_SF26",1,0,0,0,1,0,1,1,0,0,0,1,1,1,0,1,0,0,1,1,1,0,1,1,1,0,1,1,1,1,1,0,0,1,0,1,0,1,1,1,0,1,1,0,0
"PTHR23263_SF33",1,0,0,0,0,0,0,0,1,0,0,0,0,0,0,0,1,1,0,0,0,0,0,0,0,0,0,0,0,0,0,1,0,0,0,0,0,1,0,0,0,0,0,0,0
"PTHR23263_SF49",1,0,0,1,1,1,2,0,1,1,1,1,1,1,1,2,1,0,0,0,0,1,0,1,0,0,1,2,1,0,0,1,2,0,1,1,1,1,0,0,0,1,0,0,2
"PTHR23264",3,3,3,3,3,3,3,3,3,4,3,3,3,3,3,3,3,2,3,3,3,3,3,3,3,3,3,3,3,3,2,3,3,3,3,3,3,3,3,3,3,3,3,3,3
"PTHR23266_SF68",1,1,2,1,1,2,1,1,1,0,2,2,1,2,2,6,0,0,2,1,1,0,1,2,0,1,1,0,1,1,3,0,1,3,1,2,4,2,3,1,1,1,0,1,1
"PTHR23266_SF72",2,3,0,1,1,2,2,1,0,2,4,3,1,1,0,8,0,6,1,0,2,0,0,0,0,1,0,0,1,2,0,0,0,0,1,0,2,1,1,0,0,2,0,1,4
"PTHR23266_SF75",1,4,8,4,4,3,6,1,5,3,3,6,2,9,2,6,1,3,9,4,8,5,4,8,0,2,2,4,2,0,1,1,1,10,6,2,8,10,7,2,2,2,0,0,7
"PTHR23266_SF83",1,3,1,1,1,1,1,1,0,2,1,1,1,2,0,2,0,1,1,1,1,0,1,1,1,1,1,0,1,1,1,0,1,2,2,1,2,0,0,1,1,2,0,1,1
"PTHR23266_SF86",1,13,7,4,1,8,10,6,10,61,8,12,2,7,1,31,0,39,13,74,5,1,25,12,9,1,10,4,1,2,0,1,0,14,7,26,7,1,10,38,3,0,0,1,1
"PTHR23266_SF89",1,1,1,1,1,1,0,1,1,1,1,1,1,1,1,1,0,0,0,0,1,0,1,1,0,1,1,1,1,1,1,0,1,0,2,1,1,0,1,1,1,1,0,1,1
"PTHR23266_SF91",4,0,21,27,23,0,30,4,19,47,6,5,8,23,3,48,3,6,32,96,23,29,26,30,2,15,26,13,8,0,57,7,10,25,42,26,15,14,27,43,13,4,0,7,36
"PTHR23267_SF11",1,1,1,1,1,1,2,1,1,1,2,2,1,1,1,1,1,4,1,1,1,1,2,0,2,1,2,1,1,1,3,1,1,1,0,2,1,1,1,2,1,1,1,0,1
"PTHR23267_SF110",10,2,2,1,5,1,1,0,0,3,0,3,4,2,0,2,0,3,2,4,2,2,15,2,0,8,2,1,2,5,0,0,2,1,0,0,1,1,2,12,1,0,0,0,9
"PTHR23267_SF115",2,1,0,0,1,0,1,0,0,0,0,0,1,1,0,2,0,2,0,2,2,0,3,0,0,1,2,1,1,1,1,0,1,0,0,1,0,0,0,5,0,2,0,0,1
"PTHR23267_SF118",1,0,6,3,1,1,2,2,0,0,1,1,0,3,2,14,0,0,8,0,5,0,1,11,0,1,0,4,1,0,1,0,0,12,1,1,3,0,4,0,2,0,0,4,0
"PTHR23267_SF120",1,0,4,2,0,0,1,0,0,1,1,1,0,2,0,3,0,0,4,9,3,0,0,3,0,1,0,0,2,0,0,0,1,2,3,0,2,0,0,0,2,0,0,3,0
"PTHR23267_SF122",1,1,9,8,0,1,3,5,8,0,0,0,0,16,3,29,3,0,20,0,22,2,3,22,0,0,0,9,0,2,2,4,4,24,0,15,11,1,19,5,7,6,0,0,0
"PTHR23267_SF125",18,19,0,0,43,8,0,0,1,25,2,9,11,0,0,0,1,1,4,29,2,5,0,1,0,4,0,2,7,7,0,3,1,1,0,0,2,13,0,0,2,2,0,0,28
"PTHR23267_SF133",1,1,1,1,1,1,1,1,1,1,1,1,0,1,1,1,1,1,1,1,1,1,1,1,1,1,1,1,1,1,1,1,1,1,1,1,1,1,1,2,1,1,1,1,1
"PTHR23267_SF134",2,5,1,3,1,3,7,5,1,3,2,3,1,1,0,3,1,10,4,0,4,10,12,4,0,6,1,1,5,3,5,0,7,4,49,17,1,1,3,14,4,11,0,31,1
"PTHR23267_SF136",1,2,0,0,0,0,0,0,0,0,2,5,0,0,0,1,0,0,0,0,0,0,9,0,0,1,5,0,0,1,2,0,1,0,0,6,0,0,0,11,0,0,0,0,0
"PTHR23267_SF138",5,2,6,5,1,5,3,1,0,6,5,2,1,5,2,7,0,0,7,7,2,0,0,7,0,0,0,1,2,3,3,1,2,8,1,0,6,2,6,0,1,1,0,1,1
"PTHR23267_SF139",1,0,1,0,2,0,1,3,1,121,10,7,1,1,1,1,0,68,1,0,1,1,21,1,3,9,47,1,3,0,0,0,1,1,1,16,1,2,1,12,2,0,0,0,0
"PTHR23267_SF140",2,0,0,0,3,0,0,2,4,3,1,1,2,1,0,2,2,0,0,0,0,0,0,0,0,7,0,0,12,0,0,0,1,0,3,0,1,4,1,0,1,2,0,10,8
"PTHR23267_SF141",1,2,0,0,1,0,0,0,0,0,1,0,1,0,0,0,0,0,0,1,0,0,1,0,0,0,0,0,1,1,0,0,0,0,0,0,0,0,0,0,0,1,0,0,1
"PTHR23267_SF143",1,0,0,0,1,0,0,0,0,0,0,1,0,1,0,1,0,1,1,1,1,0,1,1,0,1,0,1,0,1,1,0,0,1,0,0,1,0,1,1,0,1,0,0,0
"PTHR23267_SF146",1,0,0,0,0,0,0,0,0,0,1,1,1,1,0,4,0,0,1,0,2,1,5,1,0,0,0,0,0,1,0,0,0,2,0,10,1,1,0,2,0,2,0,0,0
"PTHR23267_SF147",7,3,4,2,7,2,1,3,0,14,2,2,7,2,0,7,1,0,5,26,5,13,0,6,0,5,0,4,3,4,4,1,6,4,0,2,4,5,2,0,1,2,0,0,5
"PTHR23267_SF148",1,1,2,3,26,3,1,0,0,0,3,3,2,1,0,0,5,4,1,0,0,3,10,2,1,9,0,1,9,1,0,0,1,2,0,18,2,2,2,32,2,0,0,0,7
"PTHR23267_SF151",2,2,1,0,0,0,0,0,0,3,1,2,1,1,0,1,0,0,1,1,1,0,0,2,0,2,0,0,0,0,0,0,0,1,0,0,1,1,1,0,0,0,0,0,0
"PTHR23267_SF155",3,0,3,8,0,0,4,0,0,0,1,1,1,4,0,8,0,1,14,0,12,3,1,12,0,1,0,10,4,0,0,0,5,12,0,0,5,3,3,4,5,0,0,0,1
"PTHR23267_SF157",1,1,0,0,1,0,0,0,0,1,0,0,0,0,0,0,0,0,0,1,0,0,1,0,0,0,0,0,0,1,0,0,0,0,0,0,0,0,0,0,0,0,0,0,1
"PTHR23267_SF46",1,0,0,0,1,0,0,0,0,1,0,1,1,0,0,0,0,0,0,0,0,1,0,0,0,0,0,0,0,0,0,0,0,0,7,0,0,0,0,2,0,0,0,0,1
"PTHR23267_SF51",4,4,8,12,2,5,6,4,8,9,8,9,2,8,1,10,1,2,11,3,8,7,0,10,0,5,0,7,5,3,6,0,6,12,4,3,8,6,10,1,5,5,0,1,4
"PTHR23267_SF6",1,0,0,0,0,1,0,0,0,3,3,9,1,0,0,0,0,0,0,1,0,0,0,0,0,3,0,0,3,2,2,0,2,0,3,0,0,0,0,0,0,2,0,3,0
"PTHR23267_SF9",2,0,1,2,5,0,1,1,4,5,1,0,0,2,0,4,1,0,2,3,3,9,1,1,0,3,3,2,4,1,3,0,13,3,1,5,3,0,4,0,2,0,0,0,5
"PTHR23268_SF11",2,2,0,0,0,1,0,0,0,4,1,3,1,0,0,5,0,0,0,4,1,0,2,0,0,0,0,1,0,2,1,0,1,0,0,1,1,0,1,0,0,0,0,0,0
"PTHR23268_SF13",1,1,0,0,1,1,0,0,0,1,2,2,1,0,0,2,0,3,0,2,1,1,1,0,0,1,0,0,0,1,0,0,1,0,1,0,0,0,0,0,0,1,0,1,1
"PTHR23268_SF15",2,2,2,1,1,2,1,0,0,2,2,2,2,2,2,4,0,1,2,2,2,2,2,2,2,1,2,2,2,2,1,0,0,2,2,2,2,2,2,2,2,2,0,2,2
"PTHR23268_SF16",1,0,1,0,1,0,0,0,0,0,1,0,1,2,0,2,0,1,1,0,1,0,0,1,0,1,0,1,0,1,0,0,0,0,0,0,1,0,1,0,1,1,0,0,1
"PTHR23268_SF18",2,7,1,0,1,5,5,1,1,4,7,4,2,2,0,22,0,6,3,5,7,0,3,3,0,0,4,1,1,10,4,0,2,2,1,5,2,1,3,2,1,1,0,0,2
"PTHR23268_SF19",1,3,0,0,1,0,2,0,0,2,2,5,4,2,0,2,0,1,0,4,1,0,0,1,0,1,1,1,2,3,3,0,0,1,2,1,2,0,1,0,1,1,0,1,2
"PTHR23268_SF20",2,3,3,2,2,0,3,0,4,8,3,6,1,3,0,23,0,2,3,3,8,1,1,4,0,2,1,5,4,4,11,0,1,3,0,1,4,0,5,0,4,3,0,0,2
"PTHR23268_SF22",1,2,0,3,1,1,2,1,0,1,4,3,1,3,0,6,0,1,1,4,3,0,2,1,0,2,1,1,0,2,1,0,1,0,0,2,3,1,1,1,1,1,0,0,0
"PTHR23268_SF24",1,2,2,2,0,0,3,0,0,4,0,0,0,3,0,4,0,3,2,2,3,0,3,2,0,2,0,2,0,5,1,0,1,2,1,2,3,0,3,0,2,0,0,3,0
"PTHR23268_SF25",1,1,0,0,1,0,1,0,0,1,1,0,1,0,0,2,0,1,0,1,0,0,1,0,0,1,1,0,1,1,1,0,1,0,1,1,0,0,0,0,0,1,0,1,1
"PTHR23268_SF6",1,1,0,1,2,1,1,0,0,3,0,0,0,1,0,5,0,1,0,3,4,2,2,0,0,2,0,0,0,1,1,0,2,0,1,1,2,0,4,1,1,2,0,1,3
"PTHR23268_SF7",1,4,0,0,1,0,1,0,1,2,4,2,2,1,0,2,0,2,1,2,1,0,1,1,0,2,1,0,1,2,1,0,0,0,2,1,1,0,1,1,1,2,0,0,1
"PTHR23269",1,1,1,1,1,1,1,1,1,1,1,1,1,1,1,1,1,1,1,1,1,1,1,1,1,1,2,1,1,1,1,1,1,1,1,1,1,1,1,1,1,1,1,1,1
"PTHR23270_SF5",1,1,1,1,1,1,1,1,1,1,1,1,1,1,1,1,1,1,1,1,1,1,1,1,1,1,1,1,1,1,1,1,1,1,1,1,1,1,1,1,1,1,1,1,1
"PTHR23271",1,3,2,2,1,2,1,1,1,1,1,1,1,2,2,1,1,1,2,1,1,1,1,1,1,1,1,3,1,1,1,1,1,2,1,1,2,1,2,1,1,1,1,1,1
"PTHR23272_SF10",1,0,0,0,1,0,1,0,0,1,1,1,1,1,0,1,0,0,0,0,1,0,0,1,0,0,0,0,1,0,1,0,0,1,0,0,1,0,2,0,0,1,0,0,1
"PTHR23272_SF2",1,0,1,1,1,0,0,0,0,1,0,0,0,1,0,1,0,1,1,0,1,0,0,1,0,0,0,1,1,1,1,0,0,1,1,0,1,1,1,0,0,1,0,1,1
"PTHR23272_SF8",1,0,0,1,0,1,1,1,1,1,0,1,1,0,0,1,1,1,0,1,0,0,1,1,1,1,0,0,0,1,1,1,1,1,0,1,1,1,0,0,0,0,0,0,1
"PTHR23273_SF0",1,1,1,1,1,1,1,2,1,1,1,1,1,1,1,1,1,1,2,1,2,1,1,2,1,1,1,1,1,1,1,1,2,1,1,1,1,1,1,1,1,1,1,1,1
"PTHR23274_SF1",1,1,1,1,1,1,1,1,1,1,1,1,1,1,1,1,1,1,1,1,1,1,1,1,1,1,1,1,1,1,1,1,1,1,1,1,1,1,1,1,1,1,1,1,0
"PTHR23275_SF2",1,1,1,1,1,1,2,1,1,1,1,1,1,1,1,1,1,1,1,1,1,1,1,1,1,1,1,1,1,1,1,1,1,1,1,1,1,1,1,1,1,1,1,1,1
"PTHR23275_SF30",1,1,1,1,1,1,1,1,1,1,1,1,1,1,1,1,1,1,1,1,1,1,1,1,1,1,1,1,1,1,1,1,1,1,1,1,1,1,1,1,1,1,1,0,1
"PTHR23275_SF33",1,1,1,1,1,1,1,1,1,1,1,1,1,1,1,1,1,1,1,1,1,1,1,1,1,1,2,1,1,1,1,1,1,1,1,1,1,1,1,1,1,1,1,1,1
"PTHR23275_SF35",1,1,1,1,1,1,1,1,1,1,1,1,1,1,1,1,1,1,1,1,1,1,1,1,1,1,1,1,1,1,1,1,1,1,1,1,1,1,1,1,1,1,1,1,1
"PTHR23276",1,1,1,1,1,1,1,1,1,1,1,1,1,1,1,1,1,1,1,1,1,1,1,1,1,1,1,1,1,1,1,1,1,1,1,1,1,1,1,1,1,1,1,1,1
"PTHR23277_SF10",1,1,1,1,1,1,1,1,1,1,1,1,1,1,1,1,1,1,1,1,1,1,1,1,1,1,1,1,1,1,1,1,1,1,1,2,1,1,1,1,1,1,1,1,1
"PTHR23277_SF11",1,1,1,1,1,1,1,1,1,1,1,1,1,1,1,1,1,1,1,0,1,1,1,1,1,1,1,1,1,1,1,1,1,1,1,1,1,1,1,1,1,1,1,1,1
"PTHR23277_SF12",1,1,1,1,1,1,1,1,1,1,1,1,1,1,1,1,1,1,1,1,1,1,1,1,1,1,1,1,1,1,1,1,1,1,1,1,1,1,1,1,1,1,1,1,1
"PTHR23277_SF48",1,1,1,1,1,1,1,1,1,1,1,2,1,1,1,1,0,1,1,1,1,1,1,1,1,1,1,1,1,1,1,1,1,1,1,1,1,1,1,1,1,1,1,1,1
"PTHR23277_SF49",1,2,1,1,1,1,0,1,1,1,1,1,1,1,1,1,1,1,1,1,1,1,1,1,1,1,1,1,1,1,1,1,1,1,2,1,1,1,1,1,1,1,1,2,1
"PTHR23277_SF50",1,1,1,1,1,1,1,1,1,1,1,1,1,1,1,1,1,1,1,1,1,1,1,1,1,1,1,1,1,1,1,1,1,1,1,1,1,1,1,1,1,1,1,1,1
"PTHR23277_SF51",1,0,0,0,1,0,0,1,1,1,0,2,1,0,0,0,0,1,0,0,0,0,2,0,1,1,1,0,1,1,1,1,0,0,1,3,0,0,0,2,0,1,0,1,1
"PTHR23277_SF53",1,1,1,1,1,1,1,1,1,1,1,1,1,1,1,1,1,1,1,1,1,1,1,1,1,1,1,1,1,1,1,1,1,1,1,1,1,1,1,1,1,1,1,1,1
"PTHR23277_SF54",1,1,2,1,1,1,1,0,1,1,1,1,1,1,1,1,1,1,1,0,2,1,1,1,1,1,1,1,1,1,1,0,1,2,0,1,1,1,1,1,1,1,1,0,1
"PTHR23277_SF56",1,1,1,1,1,1,1,1,1,1,1,1,1,1,1,1,1,1,1,1,1,1,1,1,1,1,0,1,1,1,1,1,1,1,1,1,1,1,1,1,1,1,1,1,1
"PTHR23277_SF57",1,1,1,1,1,1,1,1,1,1,1,1,1,1,1,1,1,1,1,1,1,1,1,1,1,1,1,1,1,1,1,1,1,1,1,1,1,1,1,1,1,1,1,1,1
"PTHR23277_SF58",1,1,1,1,1,1,1,1,1,1,1,1,1,1,1,1,0,1,1,1,1,1,1,1,0,1,1,1,1,1,1,1,0,1,1,1,1,1,1,2,1,1,1,1,0
"PTHR23277_SF59",1,1,1,1,1,1,1,0,0,0,1,1,1,1,0,8,0,1,1,1,1,1,0,1,0,1,0,1,1,1,1,0,1,1,0,1,1,1,1,1,1,1,1,1,1
"PTHR23277_SF61",1,1,2,1,2,1,1,1,1,0,1,0,1,1,1,1,1,1,1,1,1,1,1,1,1,1,1,1,1,1,1,1,1,1,1,1,1,1,1,1,1,0,1,1,2
"PTHR23277_SF62",1,1,1,1,1,1,1,1,1,1,1,1,1,1,1,1,1,1,1,1,1,1,1,1,1,1,2,1,1,1,1,1,1,1,1,1,1,1,1,1,1,1,1,1,1
"PTHR23277_SF63",1,1,1,1,1,1,1,1,1,0,1,1,1,1,1,1,1,1,1,2,1,1,1,1,1,1,1,1,1,1,1,1,1,1,2,1,1,1,1,1,1,1,1,2,1
"PTHR23280_SF11",1,1,1,1,1,1,1,1,1,1,1,2,1,1,1,1,1,1,1,1,1,1,1,1,1,1,1,1,1,1,1,1,1,1,1,1,1,1,1,1,1,1,1,1,1
"PTHR23280_SF12",1,1,1,1,1,1,1,1,1,1,1,1,1,1,1,1,1,1,1,1,1,2,1,1,1,1,2,1,1,1,1,1,1,1,1,1,1,1,1,1,1,1,1,1,1
"PTHR23280_SF13",1,1,1,1,1,1,1,1,1,1,1,1,1,1,1,1,1,1,1,1,1,1,1,1,1,1,1,1,1,2,1,1,1,1,1,1,1,1,1,1,1,1,1,1,1
"PTHR23280_SF15",1,1,1,1,1,2,1,1,1,1,2,1,1,1,2,1,1,1,1,1,1,1,1,1,1,1,1,1,1,1,1,1,1,1,1,1,1,1,1,1,1,1,1,1,1
"PTHR23280_SF16",1,1,1,1,1,1,1,0,0,0,0,1,1,1,0,1,0,0,1,0,0,1,1,1,1,0,2,1,0,0,1,0,1,1,0,1,1,1,1,1,1,1,0,0,0
"PTHR23280_SF17",1,1,1,1,1,1,1,1,1,1,1,1,1,1,1,1,1,1,1,1,1,1,1,1,1,1,1,1,1,1,1,1,1,1,2,2,1,1,1,1,1,1,1,1,1
"PTHR23280_SF18",1,1,1,1,1,1,1,1,1,1,1,1,1,1,1,1,1,1,1,1,1,1,1,1,1,1,1,1,1,1,1,1,1,1,1,1,1,1,1,1,2,1,1,1,1
"PTHR23280_SF20",1,1,1,1,1,1,2,1,1,1,1,1,1,1,1,2,1,1,1,1,1,1,1,1,1,1,1,1,1,1,1,1,1,1,1,1,1,1,1,1,1,1,1,2,1
"PTHR23280_SF5",1,1,1,1,1,1,1,1,1,1,2,1,1,1,1,1,1,1,1,1,1,1,1,1,1,1,1,1,1,1,1,1,1,1,1,1,1,1,1,1,1,1,1,1,1
"PTHR23280_SF7",1,1,1,1,1,1,1,1,1,2,1,1,1,1,1,1,1,1,1,1,1,1,1,1,1,1,1,1,1,1,1,1,1,1,1,1,1,1,1,2,1,1,1,1,1
"PTHR23280_SF8",1,1,1,1,1,1,1,1,1,1,1,1,1,1,1,1,1,1,1,1,1,1,1,1,1,1,1,1,1,1,1,1,0,1,1,1,1,1,1,1,1,1,1,2,1
"PTHR23280_SF9",1,1,1,2,1,1,1,1,1,1,1,1,1,1,1,1,1,1,1,1,1,1,1,1,1,1,1,1,1,1,1,1,1,1,1,1,1,1,1,1,1,1,1,1,1
"PTHR23281",7,7,7,7,7,8,8,7,6,8,7,9,7,10,12,7,7,7,7,11,7,9,7,7,7,7,7,8,7,8,8,8,8,7,8,8,9,7,9,7,8,7,7,10,7
"PTHR23282_SF1",1,1,1,1,1,1,1,1,1,1,1,1,1,1,1,2,1,1,1,1,1,1,1,1,1,1,1,1,1,1,1,1,1,1,1,2,1,1,1,1,1,1,1,1,1
"PTHR23282_SF62",2,2,1,1,1,1,1,1,1,2,1,1,1,1,1,1,1,2,1,1,1,1,1,1,1,1,1,1,1,1,1,1,1,1,1,1,1,1,1,1,1,1,1,0,2
"PTHR23282_SF63",1,0,1,1,1,1,1,1,0,1,1,1,1,1,1,1,1,1,1,0,0,1,1,1,1,1,1,1,1,1,0,1,1,1,1,1,1,0,1,1,1,1,1,1,0
"PTHR23282_SF65",2,0,1,1,0,1,1,1,1,2,1,1,1,0,1,1,1,0,1,0,1,1,1,1,1,1,0,1,1,1,1,1,1,1,1,1,0,1,1,1,1,0,2,1,0
"PTHR23282_SF66",1,1,1,1,1,1,1,1,1,1,1,1,1,1,1,1,1,1,1,1,1,1,1,1,1,1,1,1,1,1,1,2,1,1,1,1,1,1,1,1,1,1,1,1,1
"PTHR23282_SF71",1,1,0,0,0,1,0,0,0,1,0,0,0,0,0,0,0,1,0,1,0,0,0,0,0,1,0,0,0,1,0,0,0,0,0,0,0,0,0,0,0,1,0,0,1
"PTHR23284",1,1,2,1,1,1,1,1,1,1,1,1,1,1,1,1,1,1,2,1,1,1,1,2,1,1,1,1,1,1,1,1,1,2,1,1,1,1,1,1,1,1,1,1,1
"PTHR23285_SF2",1,1,1,1,1,1,1,1,1,1,1,1,1,1,1,1,1,1,1,1,1,1,1,1,1,1,1,1,0,1,1,1,1,1,1,1,1,1,1,1,1,1,1,1,1
"PTHR23285_SF4",1,1,1,1,1,1,1,1,1,1,0,1,1,1,1,1,1,1,1,1,1,1,1,1,1,1,1,1,1,1,1,1,1,1,1,2,1,1,1,1,1,1,1,1,1
"PTHR23285_SF5",1,1,1,1,1,1,1,1,1,1,1,1,1,1,1,1,1,1,1,0,1,1,1,1,1,1,1,1,1,1,1,1,1,1,1,1,1,0,1,1,1,1,1,1,1
"PTHR23287_SF15",1,1,1,1,1,1,1,1,1,1,1,1,1,1,1,2,1,1,1,1,1,1,1,1,1,1,1,1,1,1,1,2,2,1,1,0,1,1,1,1,1,1,1,1,1
"PTHR23287_SF16",1,1,1,1,1,1,1,1,1,1,1,1,1,1,1,1,1,1,1,1,1,1,1,1,1,1,1,1,1,1,1,1,1,1,1,1,1,1,1,1,1,2,1,1,1
"PTHR23288_SF11",1,1,0,0,1,1,0,0,0,1,1,1,1,0,0,0,0,1,0,1,0,0,0,0,0,1,0,0,1,1,1,0,0,0,0,1,0,0,0,1,0,1,0,0,1
"PTHR23288_SF14",1,1,1,1,1,1,1,1,1,1,1,1,1,1,1,1,1,1,1,1,1,1,1,1,1,1,1,1,1,1,1,0,1,1,1,1,1,1,1,1,1,1,1,1,1
"PTHR23288_SF15",1,2,1,1,1,1,1,1,1,0,1,1,1,1,1,1,1,1,1,1,1,1,1,1,1,1,1,1,1,1,0,1,0,1,1,1,1,1,1,1,1,1,1,1,1
"PTHR23288_SF3",1,1,1,1,1,1,1,1,1,1,1,1,1,1,1,2,1,1,1,1,1,1,1,1,1,1,1,1,1,1,1,1,1,1,1,1,1,1,1,1,1,1,1,1,1
"PTHR23288_SF4",1,1,1,1,1,1,1,1,1,1,1,1,1,1,1,2,1,1,1,1,1,1,1,1,2,1,1,1,1,1,1,2,1,1,1,1,1,1,1,1,1,1,1,1,1
"PTHR23288_SF8",1,1,2,1,1,1,1,1,1,2,1,1,1,2,2,1,1,1,2,1,2,2,1,2,1,1,1,3,1,1,1,1,1,2,1,1,2,1,2,1,2,1,1,1,1
"PTHR23288_SF9",1,1,1,1,1,1,1,1,1,0,1,1,1,1,1,1,1,1,1,3,1,1,1,1,1,1,1,1,1,1,0,1,2,1,1,1,1,2,1,1,1,1,1,1,1
"PTHR23289",1,1,1,1,1,1,1,1,1,1,1,1,1,1,1,2,1,1,1,1,1,1,1,1,1,1,1,1,1,1,1,2,1,1,1,1,1,1,1,1,1,1,1,1,1
"PTHR23290",1,1,2,2,1,1,2,1,1,1,1,1,1,2,1,1,1,1,2,1,1,1,1,2,1,1,1,3,1,1,1,1,1,2,1,1,1,1,1,1,2,1,1,1,1
"PTHR23291",7,7,6,6,7,7,7,7,7,7,6,6,7,6,11,7,7,5,7,6,7,9,7,7,7,7,6,6,7,7,9,8,7,6,8,7,6,7,6,8,8,7,6,8,7
"PTHR23292_SF2",1,1,1,1,2,1,1,1,1,2,1,1,1,1,1,1,1,1,1,1,2,1,1,1,1,1,2,1,1,1,1,1,1,1,1,1,1,1,1,1,1,1,1,1,2
"PTHR23292_SF7",1,1,1,1,1,1,1,1,1,1,1,1,1,2,2,2,1,1,1,1,1,1,1,1,2,1,1,0,1,1,1,2,1,1,1,1,1,1,1,1,1,1,1,1,1
"PTHR23293_SF9",1,1,1,1,1,1,1,1,1,1,1,1,1,1,1,1,1,1,1,1,1,1,1,1,1,1,1,1,1,1,1,1,1,1,1,1,1,1,1,1,1,1,1,2,1
"PTHR23294",1,1,1,1,1,1,1,1,1,1,1,1,1,1,1,1,1,1,1,1,1,1,1,1,1,1,2,1,1,1,1,1,1,1,1,1,1,1,1,1,1,1,1,1,1
"PTHR23295",2,1,1,1,2,1,1,1,1,2,1,1,2,1,1,1,1,1,1,1,1,1,1,1,1,2,1,1,1,2,1,1,2,1,2,0,1,1,1,1,1,2,1,2,2
"PTHR23299",5,7,12,10,7,8,14,4,5,4,6,10,4,11,3,12,5,4,16,4,12,11,4,16,5,4,9,16,6,4,4,7,4,15,5,8,13,7,17,6,8,7,6,14,6
"PTHR23300",1,1,1,1,1,1,1,1,1,1,3,1,1,2,1,1,1,1,1,2,1,1,2,1,1,1,1,1,1,1,1,1,1,1,1,1,1,1,1,2,1,1,1,2,1
"PTHR23302",8,9,8,8,8,8,8,8,8,8,8,8,8,8,8,17,7,8,8,6,8,9,8,8,8,8,8,8,8,8,5,7,8,8,8,8,8,8,9,8,8,8,7,10,8
"PTHR23303",1,1,1,1,1,1,1,1,1,1,1,1,1,2,1,5,1,1,1,1,1,1,1,1,2,1,1,3,1,1,1,1,1,1,1,1,0,1,2,1,1,1,1,1,1
"PTHR23305",2,2,5,4,1,1,1,1,1,1,1,1,2,3,4,1,1,1,3,2,1,2,1,3,2,1,1,2,2,2,1,1,1,2,1,1,3,2,3,1,2,1,1,1,2
"PTHR23306",2,2,2,2,3,2,1,2,2,2,2,2,2,2,3,2,3,2,2,2,2,4,2,2,3,2,2,2,3,2,2,2,1,2,2,3,2,2,2,2,2,1,2,2,2
"PTHR23307_SF0",1,1,1,1,1,1,1,1,1,1,1,1,1,1,1,1,1,1,1,1,1,6,1,1,1,1,1,1,1,1,1,1,1,1,1,2,1,1,1,1,1,1,1,1,1
"PTHR23308_SF2",1,2,1,1,1,1,1,1,1,3,1,1,1,1,3,1,1,2,1,1,1,1,1,1,1,1,1,1,1,1,1,1,1,1,1,1,1,1,1,1,1,1,1,1,1
"PTHR23308_SF28",1,1,1,1,1,1,1,1,1,1,1,1,1,1,1,1,1,1,1,1,1,1,1,1,2,1,1,1,1,1,1,1,2,1,1,1,1,1,1,1,1,1,1,2,1
"PTHR23308_SF30",1,1,1,3,1,1,1,1,1,2,1,1,1,1,3,1,1,1,1,2,1,1,1,1,1,1,1,1,1,1,1,1,1,1,1,1,1,1,1,2,1,1,1,1,1
"PTHR23309_SF1",1,1,1,1,1,1,1,2,2,1,1,1,1,1,1,1,1,1,1,1,1,1,1,1,1,1,1,1,1,1,1,0,1,1,1,1,1,1,1,1,1,1,1,1,1
"PTHR23309_SF11",1,2,1,1,1,2,1,1,1,1,0,1,1,1,1,1,1,1,1,1,1,1,1,1,1,1,1,1,1,1,1,1,1,1,1,1,1,1,1,1,1,1,1,1,1
"PTHR23309_SF17",1,1,1,1,1,1,1,1,1,1,1,1,1,1,1,1,1,1,1,1,1,1,1,1,1,1,1,1,1,1,1,1,1,1,1,1,1,1,1,1,1,1,1,1,1
"PTHR23309_SF9",1,1,3,2,1,1,1,1,1,1,1,1,1,3,1,1,1,1,2,2,1,1,1,1,1,1,1,4,1,1,1,1,2,2,1,1,3,1,3,1,2,1,1,1,1
"PTHR23310_SF13",1,1,0,0,1,1,1,1,1,1,1,1,1,0,0,0,1,1,0,1,1,1,1,0,1,1,1,1,1,1,1,1,1,0,1,1,0,1,0,1,0,0,0,1,1
"PTHR23310_SF51",1,1,1,1,1,1,1,1,1,1,1,1,1,1,1,1,1,1,1,1,1,1,1,2,0,0,2,2,0,1,2,1,0,1,1,1,1,1,2,1,1,1,1,1,1
"PTHR23310_SF53",1,1,1,1,1,1,1,1,1,1,1,1,1,1,1,1,1,1,1,1,1,1,1,1,1,1,1,1,1,1,1,1,1,1,1,1,1,1,1,1,1,1,1,1,1
"PTHR23310_SF54",1,1,3,2,4,1,1,1,1,0,1,1,1,2,3,1,1,1,1,2,2,1,1,1,1,1,1,1,2,1,1,1,0,1,1,1,2,1,2,1,1,1,1,3,4
"PTHR23310_SF55",1,1,1,1,1,1,1,1,1,1,1,1,1,1,1,1,1,1,1,1,1,1,2,1,2,1,1,1,1,1,1,1,1,1,1,2,1,1,1,1,1,1,1,1,1
"PTHR23310_SF6",1,1,1,1,1,1,1,1,1,1,1,1,1,1,2,1,1,1,1,1,1,1,1,1,1,1,1,1,1,1,1,1,1,1,1,1,1,1,1,2,1,1,1,1,1
"PTHR23311",2,2,2,2,2,2,2,2,2,2,2,2,2,2,2,3,2,2,2,2,2,2,2,2,2,2,2,2,2,2,2,2,2,2,2,2,2,2,2,1,2,2,2,1,2
"PTHR23312",1,1,1,1,1,1,1,1,1,1,1,1,1,1,1,1,1,1,1,2,1,1,1,1,1,1,1,1,1,1,1,1,1,1,1,1,1,1,1,1,1,1,1,1,1
"PTHR23313",1,1,1,1,1,1,1,1,1,1,1,1,1,1,1,1,1,1,1,1,1,1,1,1,1,1,1,1,1,1,1,1,1,1,1,1,1,1,1,1,2,1,1,1,1
"PTHR23314",1,1,1,1,1,1,1,2,2,1,1,1,1,1,1,1,1,1,1,1,1,1,2,1,2,1,2,1,1,1,1,1,1,1,1,2,1,1,1,2,1,1,1,1,1
"PTHR23315_SF12",1,1,1,1,1,1,1,1,1,1,1,1,1,1,1,1,1,1,1,1,1,1,1,1,1,1,1,1,1,1,1,1,1,1,1,1,1,1,1,1,1,1,1,1,1
"PTHR23315_SF48",1,1,1,1,1,1,1,1,1,1,1,1,1,1,1,1,1,1,1,1,1,1,1,1,1,1,1,1,1,1,1,1,1,1,1,1,1,1,1,1,1,1,1,1,1
"PTHR23315_SF53",1,1,1,1,1,1,1,1,1,1,1,1,1,1,1,1,1,1,1,1,1,1,1,1,1,1,1,1,1,1,1,2,1,1,1,1,1,1,1,1,1,1,1,1,1
"PTHR23315_SF62",1,1,1,1,1,1,0,1,1,1,1,1,1,1,1,1,1,1,1,1,1,1,1,1,1,1,1,1,1,1,1,1,1,1,1,1,1,1,1,1,1,1,1,1,1
"PTHR23315_SF67",1,1,1,1,2,1,1,1,1,1,1,1,1,1,1,1,1,1,1,2,1,1,1,1,1,2,1,1,1,1,1,1,1,1,1,1,1,1,1,1,1,1,1,1,1
"PTHR23316",10,7,15,15,14,8,11,7,8,9,9,9,8,11,14,8,6,7,9,10,8,7,7,9,8,17,6,10,14,7,9,9,9,11,6,7,11,7,13,8,15,7,7,6,12
"PTHR23317_SF65",1,1,1,1,1,1,1,1,1,1,1,1,1,1,1,1,1,1,1,1,1,1,1,1,1,1,1,1,1,1,0,1,1,1,1,1,1,1,1,1,1,1,1,1,1
"PTHR23317_SF66",2,1,1,1,1,1,1,1,1,1,1,1,1,1,1,1,1,1,1,1,1,1,1,1,1,1,0,1,1,1,1,1,1,1,1,1,1,1,1,1,1,1,1,1,1
"PTHR23317_SF68",1,1,1,1,1,1,1,1,1,1,1,1,1,1,1,1,1,1,1,1,1,1,1,1,1,1,1,1,1,1,1,1,1,1,1,1,1,1,1,1,1,1,1,1,2
"PTHR23317_SF71",1,1,1,1,1,1,1,1,1,1,2,1,1,1,1,1,1,1,1,1,1,1,1,1,1,1,1,1,1,1,1,1,1,1,1,1,1,1,1,0,1,1,1,1,2
"PTHR23317_SF73",2,1,1,1,1,1,2,1,1,1,1,1,1,1,1,1,1,1,1,3,1,2,1,1,1,1,1,1,1,1,1,1,1,1,1,1,1,1,1,1,1,1,1,1,1
"PTHR23317_SF74",1,1,1,1,1,1,2,1,1,1,1,1,1,1,1,1,1,1,1,1,1,1,1,1,1,1,1,1,1,1,1,3,1,1,2,1,1,1,1,1,1,1,1,1,1
"PTHR23317_SF75",1,1,1,1,1,1,1,1,1,1,1,1,1,1,1,1,1,1,1,2,1,1,1,1,1,1,2,1,1,1,1,1,1,1,1,1,1,1,1,1,1,1,1,1,1
"PTHR23317_SF77",1,1,1,1,1,1,1,1,1,1,1,1,1,1,1,1,1,1,1,1,1,1,1,1,1,1,1,1,1,1,1,1,1,1,1,1,1,1,1,1,1,1,1,1,1
"PTHR23317_SF78",1,1,1,1,1,1,1,1,1,2,1,1,1,1,1,1,1,1,1,1,1,1,1,1,1,1,3,1,1,1,1,1,1,1,1,1,1,1,1,1,1,1,1,1,1
"PTHR23317_SF79",2,1,1,1,1,1,1,1,1,1,1,1,1,1,1,1,1,1,1,1,1,1,1,1,1,1,1,1,1,1,1,1,1,1,1,1,1,1,1,1,1,1,1,1,1
"PTHR23317_SF81",1,2,1,1,1,1,1,1,1,1,1,1,1,3,1,1,1,1,1,1,1,1,1,1,1,1,3,1,1,2,1,1,1,1,1,1,3,1,3,1,1,1,1,1,1
"PTHR23318",3,3,2,2,3,2,3,3,3,4,3,3,3,3,4,3,2,2,2,3,2,2,4,3,4,3,4,3,3,3,3,3,3,3,2,2,4,3,4,3,2,3,2,2,3
"PTHR23319_SF1",1,1,1,1,1,1,1,1,1,1,1,1,1,1,1,1,1,1,1,2,1,2,1,1,1,1,2,1,1,1,1,1,1,1,1,1,1,1,1,1,1,1,1,1,1
"PTHR23319_SF3",1,1,1,1,1,1,1,1,1,1,1,1,1,1,1,1,2,1,1,1,1,1,1,1,1,1,1,1,1,1,1,1,2,1,1,1,1,2,1,1,1,1,1,1,1
"PTHR23319_SF5",1,1,1,1,1,1,1,1,1,1,1,1,1,1,1,1,1,1,1,1,1,1,1,1,1,1,1,1,1,1,1,1,0,1,1,1,1,1,1,1,1,1,1,1,1
"PTHR23319_SF7",1,1,1,1,1,1,1,1,1,1,1,1,1,1,1,1,1,1,1,1,1,1,1,1,1,1,1,1,1,1,1,1,1,1,1,1,1,1,1,1,1,2,1,1,1
"PTHR23319_SF8",1,1,1,1,1,1,1,1,1,1,1,1,1,1,1,1,1,1,1,1,1,1,1,1,1,1,1,1,1,1,4,1,1,1,1,1,1,1,1,1,1,1,1,1,1
"PTHR23320_SF10",1,1,1,1,0,1,1,1,0,1,0,1,0,1,0,1,0,0,1,0,1,1,1,1,1,0,1,1,1,1,1,0,1,1,0,1,0,0,1,1,1,1,0,0,1
"PTHR23320_SF14",1,1,1,1,0,1,1,0,0,0,1,1,1,1,0,1,1,1,1,4,1,0,1,1,1,1,1,1,1,1,1,0,2,1,0,1,1,1,1,1,1,1,0,0,0
"PTHR23320_SF34",1,0,1,1,0,0,1,0,0,2,0,1,1,1,1,1,1,1,1,0,0,1,1,1,1,1,1,1,1,0,1,0,1,1,0,1,1,0,1,1,1,1,1,0,0
"PTHR23320_SF35",3,0,1,2,4,0,1,2,1,6,5,2,4,2,1,2,1,2,2,0,2,1,4,2,1,3,2,2,1,0,1,0,1,2,2,1,2,0,2,5,1,1,0,2,1
"PTHR23320_SF5",1,1,1,1,0,1,1,1,0,0,0,0,1,2,1,1,1,1,0,1,1,1,1,1,0,1,1,1,1,1,1,0,1,1,0,1,1,0,1,1,1,1,0,0,0
"PTHR23320_SF51",1,1,1,1,1,1,1,1,1,1,1,1,1,1,1,1,1,1,1,0,1,1,1,1,1,1,1,1,1,1,1,1,1,1,1,1,1,1,1,1,1,1,0,1,1
"PTHR23320_SF54",1,1,1,1,1,1,1,1,1,1,1,1,1,1,0,1,1,1,1,1,1,1,1,1,1,1,1,1,1,1,1,1,1,1,1,1,1,1,1,1,1,1,0,0,1
"PTHR23320_SF55",1,1,1,1,1,1,1,1,1,1,1,1,1,1,1,1,1,0,1,1,1,1,1,1,1,1,1,1,1,1,1,1,0,1,1,1,1,1,1,1,1,1,1,1,1
"PTHR23320_SF6",1,1,1,1,1,1,1,1,1,1,1,1,1,1,1,1,1,1,1,1,1,1,1,1,1,1,1,1,1,1,1,1,1,1,1,1,1,1,1,1,1,1,1,1,1
"PTHR23320_SF7",1,0,0,0,1,0,0,1,1,2,1,2,1,0,1,0,1,1,0,0,0,1,3,0,1,1,1,0,1,0,1,1,1,0,1,1,0,0,0,4,0,1,0,1,1
"PTHR23320_SF8",1,1,1,1,1,1,1,0,1,1,1,1,1,1,0,1,0,1,1,1,1,1,1,1,1,1,1,1,1,1,0,0,1,1,0,1,1,1,1,1,1,1,0,0,1
"PTHR23320_SF9",1,1,1,1,1,1,1,1,1,0,1,1,1,1,1,1,1,0,1,1,1,1,1,1,1,2,1,1,1,1,1,1,1,1,1,1,1,1,1,1,1,1,1,1,1
"PTHR23321_SF26",2,1,1,1,1,2,1,1,1,1,1,1,1,1,1,1,1,1,1,1,1,1,1,1,1,0,1,2,2,1,1,1,2,2,0,1,1,1,1,1,1,1,1,1,1
"PTHR23322_SF1",1,2,1,1,3,1,1,1,2,2,2,2,2,1,1,1,2,1,1,1,1,2,1,1,2,1,1,1,1,1,2,2,2,1,2,2,1,2,1,1,1,2,1,1,3
"PTHR23322_SF21",1,1,1,1,1,1,1,1,1,2,1,1,1,1,0,1,1,1,1,1,1,1,1,1,1,1,1,1,1,1,1,1,0,1,1,1,1,1,1,1,1,1,1,1,1
"PTHR23322_SF23",1,1,1,1,1,1,1,1,1,1,1,1,1,1,1,1,1,1,1,1,1,1,1,1,1,1,1,1,1,1,1,2,1,1,1,1,1,1,1,1,1,1,1,1,1
"PTHR23322_SF25",1,1,0,0,1,1,1,1,1,0,1,0,1,2,1,1,1,1,0,1,1,0,1,0,1,1,1,1,1,1,0,0,1,0,1,1,1,1,1,1,0,1,1,1,1
"PTHR23322_SF6",1,1,1,1,0,1,1,1,1,0,0,0,1,1,1,1,1,1,1,1,1,0,1,1,1,1,2,1,1,1,0,0,0,1,0,1,1,0,1,2,1,0,1,1,0
"PTHR23323",2,2,2,2,2,2,2,2,2,2,2,2,2,2,2,3,2,2,2,2,2,2,2,2,2,2,2,2,2,2,2,2,2,2,2,2,2,2,2,2,2,2,2,2,2
"PTHR23324_SF39",1,1,1,1,1,1,1,1,1,1,1,1,1,1,1,1,1,1,1,1,1,1,1,1,1,1,1,1,1,1,1,1,1,1,1,1,1,1,1,1,1,1,1,1,1
"PTHR23324_SF42",1,1,1,1,1,1,1,1,1,1,1,1,1,1,1,1,1,0,1,1,1,0,1,1,1,1,1,0,1,1,2,1,1,1,2,1,1,1,1,1,1,0,0,2,1
"PTHR23324_SF51",1,1,1,1,1,1,1,1,1,2,1,1,1,2,1,1,1,1,2,1,1,1,1,1,1,1,1,2,1,1,2,1,1,1,1,1,2,1,2,1,1,1,1,1,1
"PTHR23324_SF52",1,1,1,2,1,1,2,1,1,1,1,1,1,1,1,1,1,1,1,1,1,1,1,1,1,1,1,1,1,1,1,1,1,1,1,1,1,1,1,1,1,1,1,2,1
"PTHR23324_SF62",1,1,2,1,1,1,1,1,1,0,1,1,1,1,1,1,1,1,1,0,1,1,1,1,1,1,1,1,1,1,1,1,1,1,1,1,1,1,1,1,1,0,1,1,1
"PTHR23324_SF64",1,1,1,1,1,1,1,1,1,1,1,1,1,1,1,2,1,1,1,1,1,1,1,1,1,1,1,1,1,1,1,1,1,1,1,1,1,1,1,1,1,1,1,1,1
"PTHR23325",1,1,1,2,1,1,1,1,1,1,1,1,1,1,0,1,1,1,1,1,1,1,1,1,1,1,1,1,1,1,1,1,1,1,1,1,1,1,1,1,2,1,1,1,1
"PTHR23326_SF1",1,1,1,1,1,1,1,1,1,1,1,1,1,1,1,10,1,1,1,0,1,1,1,1,1,1,1,1,1,2,1,1,1,1,1,1,1,1,2,1,1,1,1,1,1
"PTHR23326_SF3",1,1,1,1,1,1,1,1,1,1,1,1,1,1,1,1,1,1,1,1,1,1,1,1,1,1,1,1,1,1,1,1,2,1,1,1,1,1,1,1,1,1,1,1,1
"PTHR23327",3,2,4,3,3,3,3,2,2,3,3,3,3,3,3,4,3,3,4,2,3,3,3,3,3,3,2,3,3,3,3,2,3,4,2,3,3,3,3,3,3,3,3,2,3
"PTHR23328",2,2,2,2,2,3,2,2,2,2,2,2,3,3,2,2,2,4,2,3,2,2,2,2,1,2,4,2,2,3,2,1,2,2,2,3,2,3,2,3,2,4,2,2,2
"PTHR23329_SF1",1,1,1,1,1,1,1,1,1,1,2,2,1,1,1,1,1,1,1,1,1,1,1,1,1,1,1,1,1,1,1,1,2,1,1,1,1,1,1,1,1,1,1,1,1
"PTHR23329_SF7",1,1,1,1,1,0,1,1,1,1,1,1,1,1,1,3,1,0,1,1,1,1,1,1,1,1,2,0,1,1,0,1,1,1,1,1,1,0,1,1,1,0,1,1,1
"PTHR23329_SF8",1,1,1,1,1,1,1,1,1,1,1,1,1,1,1,2,1,2,1,1,1,1,1,1,1,0,2,1,1,1,1,1,1,1,1,1,1,1,1,1,1,1,1,1,1
"PTHR23330",3,3,3,3,3,3,3,3,3,3,3,3,3,3,3,3,3,3,3,3,3,4,3,3,3,3,5,3,3,3,3,3,4,3,3,3,3,3,3,3,3,3,3,3,3
"PTHR23331",1,1,1,3,1,1,4,0,2,1,1,1,1,3,1,2,1,1,1,1,1,1,1,1,2,1,1,1,1,1,1,1,1,1,1,1,0,1,1,1,1,1,0,1,1
"PTHR23333",4,4,4,4,4,4,4,4,4,5,4,4,4,6,4,4,4,4,5,5,4,5,4,5,4,4,5,5,4,4,4,7,4,5,4,5,6,4,6,4,4,4,4,6,4
"PTHR23334_SF17",1,1,1,1,1,1,1,1,1,1,1,1,1,1,1,1,1,1,1,1,1,1,1,1,1,1,1,1,1,1,1,1,1,1,1,2,1,1,1,1,1,1,1,1,1
"PTHR23334_SF21",1,1,0,1,1,1,1,0,1,1,1,1,1,1,1,1,0,1,1,1,1,1,1,1,1,1,1,0,0,1,1,1,1,1,0,0,0,2,1,1,0,1,1,0,0
"PTHR23334_SF22",1,0,1,1,1,1,1,1,1,1,1,1,1,1,3,1,1,1,1,1,1,1,1,1,1,1,1,1,1,1,1,1,1,1,1,1,1,1,1,1,1,1,0,2,2
"PTHR23334_SF3",1,1,0,1,0,1,1,0,0,1,1,1,1,1,1,1,0,0,1,0,1,0,1,1,1,1,1,0,1,1,1,1,1,1,2,1,0,1,1,1,0,1,0,2,0
"PTHR23334_SF5",1,1,0,0,1,1,2,1,1,1,1,1,1,1,1,1,1,1,1,0,0,1,1,0,0,1,1,0,1,1,1,0,1,1,1,1,1,1,0,1,0,1,0,2,1
"PTHR23335_SF2",1,2,1,1,1,2,1,1,1,1,2,1,1,1,1,1,1,1,1,1,1,2,1,1,1,1,2,2,1,1,1,1,1,2,1,2,1,2,1,1,1,1,1,1,2
"PTHR23335_SF4",1,1,1,1,1,1,1,1,1,1,1,1,1,1,1,1,1,1,1,1,1,1,1,1,1,1,1,1,1,1,1,1,1,1,1,1,1,1,1,1,1,1,1,1,1
"PTHR23336_SF1",1,2,1,1,1,1,1,1,1,1,1,1,1,1,1,1,1,1,1,1,1,1,1,1,1,1,1,1,1,1,1,1,1,1,1,1,1,1,1,1,1,1,1,1,1
"PTHR23336_SF12",1,1,1,1,1,1,1,1,1,1,1,1,1,1,1,1,1,1,1,1,1,1,1,1,1,1,1,1,1,1,1,1,1,1,1,1,1,1,1,1,1,1,1,3,1
"PTHR23337",2,1,2,2,2,2,2,2,2,2,2,2,2,2,3,2,2,2,2,2,1,2,3,2,3,2,2,2,2,2,2,1,3,2,2,3,2,2,2,3,2,2,2,1,2
"PTHR23338_SF16",1,1,1,1,2,1,1,1,1,0,1,1,1,1,1,1,1,1,1,1,1,1,2,1,1,1,1,0,1,1,0,3,1,1,1,1,1,1,1,1,1,1,0,1,1
"PTHR23338_SF17",1,1,1,1,2,1,1,1,2,3,1,1,1,1,2,2,1,1,1,1,1,1,1,1,1,1,1,1,1,1,1,3,1,1,1,1,1,1,1,1,1,1,1,1,1
"PTHR23338_SF18",1,4,0,4,1,1,1,1,1,1,1,1,1,2,1,1,1,1,1,1,1,1,1,1,1,2,1,1,1,2,1,1,1,1,1,1,1,2,2,1,1,1,1,3,1
"PTHR23339_SF24",1,1,1,1,1,1,1,1,1,1,1,1,2,1,1,1,1,1,1,1,1,1,1,1,1,1,1,1,1,1,1,1,1,1,2,1,1,2,1,1,1,1,1,2,1
"PTHR23339_SF25",1,1,1,1,1,1,1,1,1,1,1,1,1,2,1,1,1,1,1,1,1,1,1,1,1,1,1,1,1,1,1,1,1,1,1,1,1,1,1,1,1,1,1,1,1
"PTHR23339_SF34",1,1,1,1,1,1,1,1,1,1,1,1,1,1,1,1,1,1,1,1,1,1,1,1,1,1,1,1,1,1,1,1,1,1,1,1,1,1,1,1,1,1,1,1,1
"PTHR23339_SF53",1,1,2,1,1,1,1,1,1,1,1,2,1,2,1,2,1,1,2,1,2,1,1,2,1,1,1,2,1,1,1,1,1,2,1,1,2,1,4,1,1,1,1,1,1
"PTHR23339_SF55",1,1,2,1,1,5,2,1,1,6,1,1,1,1,1,1,4,1,3,2,1,3,2,1,0,1,1,1,1,1,3,2,5,1,2,1,1,1,1,2,2,1,2,2,1
"PTHR23339_SF57",1,1,1,1,1,1,1,1,1,1,1,1,1,1,1,2,1,1,1,0,1,1,1,1,1,1,1,1,1,1,1,1,1,1,1,1,1,1,1,1,1,1,1,1,2
"PTHR23339_SF62",1,1,1,1,1,1,1,1,1,1,1,1,1,1,1,1,1,1,1,1,1,1,1,1,1,1,1,1,1,1,1,1,1,1,1,1,1,1,1,1,1,1,1,1,1
"PTHR23339_SF65",1,1,3,2,1,1,1,1,1,1,2,2,1,2,3,1,1,2,3,1,1,1,1,3,2,1,2,3,1,1,1,3,1,2,1,2,2,1,2,2,1,1,1,1,1
"PTHR23340",2,2,3,2,2,2,2,2,2,2,2,2,2,2,2,2,2,2,3,2,2,2,2,3,2,2,2,2,2,2,4,2,3,3,2,2,2,2,2,2,2,2,2,2,2
"PTHR23341_SF1",1,1,2,2,1,1,4,1,1,1,0,1,1,3,1,1,1,1,3,1,1,1,2,2,1,0,1,4,1,1,1,1,0,4,1,1,4,1,4,2,1,1,1,0,1
"PTHR23342_SF3",1,1,1,1,1,1,1,1,1,1,1,1,1,1,1,1,1,1,1,1,1,1,1,1,1,1,1,1,1,1,1,1,1,1,1,1,1,1,1,1,1,1,0,1,1
"PTHR23343_SF20",1,0,0,0,0,0,0,0,0,0,0,0,0,0,0,0,0,0,0,0,0,0,0,0,0,0,0,0,0,0,0,0,0,0,0,0,0,0,0,0,0,1,1,0,0
"PTHR23343_SF31",1,1,1,1,1,1,1,0,0,0,1,1,1,1,1,1,0,1,1,1,1,1,0,1,1,1,2,1,1,1,1,0,1,1,1,1,1,1,1,1,1,1,1,2,1
"PTHR23343_SF4",1,1,1,1,1,1,1,1,1,0,1,1,1,1,1,2,1,1,1,1,1,1,1,1,1,1,1,1,1,1,1,1,1,1,1,1,1,1,1,1,1,1,1,2,1
"PTHR23343_SF41",1,0,1,0,0,0,0,0,0,1,1,1,1,1,0,1,1,1,1,0,1,0,1,1,1,1,1,2,1,0,1,0,0,1,1,1,1,1,1,1,1,0,1,3,0
"PTHR23343_SF78",1,1,1,1,1,1,1,1,1,1,1,1,1,1,1,1,1,1,1,1,1,1,1,1,1,2,1,1,1,1,1,0,1,1,1,1,1,0,1,1,1,1,1,0,1
"PTHR23343_SF81",1,1,1,1,1,1,0,1,0,1,0,1,1,1,1,1,1,1,1,1,1,1,1,1,1,1,1,1,0,1,1,1,1,1,1,1,1,0,1,1,1,1,0,1,1
"PTHR23344_SF1",1,1,1,1,1,1,1,1,1,1,1,1,1,1,1,1,1,1,1,1,1,1,1,1,1,1,1,1,1,1,1,1,1,1,1,1,1,1,1,1,1,1,1,1,1
"PTHR23344_SF10",1,1,1,1,1,1,1,1,1,1,1,1,1,1,1,1,1,1,1,1,1,1,1,1,1,1,1,1,1,1,1,1,1,1,1,1,1,1,1,1,1,1,1,2,1
"PTHR23344_SF12",1,1,1,1,1,1,1,1,1,1,1,1,1,1,1,1,1,1,1,1,1,1,1,1,1,1,1,1,1,1,1,1,1,1,1,1,1,1,1,1,1,1,1,1,1
"PTHR23344_SF13",1,2,1,1,1,3,1,1,1,1,1,1,1,1,1,1,1,1,1,1,1,1,1,1,1,3,1,1,1,4,2,1,1,1,1,1,1,1,1,1,1,0,0,0,1
"PTHR23344_SF15",1,1,1,1,1,1,1,1,1,1,1,1,1,1,1,1,1,1,1,1,1,1,1,1,2,1,1,1,1,1,1,1,1,1,1,1,1,1,1,1,1,2,1,1,1
"PTHR23344_SF6",1,1,1,1,1,1,1,1,1,2,1,1,1,1,1,1,1,1,1,1,1,1,1,1,0,1,1,1,1,1,1,0,1,1,2,1,1,1,1,1,1,1,1,1,1
"PTHR23346",2,2,3,2,2,2,2,2,2,2,2,2,2,2,2,2,2,2,2,2,2,2,2,2,2,2,2,2,3,2,2,2,2,2,2,2,2,2,2,2,2,2,2,2,2
"PTHR23347",2,2,2,2,2,2,2,2,1,2,2,2,2,2,2,2,2,2,2,2,2,2,2,2,2,3,2,2,2,3,1,2,2,2,2,2,2,2,1,3,2,2,2,2,2
"PTHR23348_SF37",2,1,1,0,0,1,1,0,0,0,0,1,0,0,0,1,0,1,0,1,1,0,2,0,0,1,0,0,0,1,0,0,1,1,0,0,0,0,1,1,0,1,0,0,0
"PTHR23348_SF39",1,1,1,1,1,1,1,2,1,1,1,1,1,1,1,1,1,1,1,1,1,1,1,1,2,1,2,2,1,1,1,1,1,1,2,1,1,1,1,1,1,1,1,1,1
"PTHR23348_SF40",1,1,2,1,2,1,1,1,1,1,2,1,3,1,1,1,1,1,1,1,1,1,1,2,1,1,2,1,2,1,3,1,1,1,2,2,1,1,1,1,1,2,0,2,1
"PTHR23349_SF3",1,1,1,1,1,1,1,1,1,1,1,1,1,1,1,1,1,1,1,1,1,1,1,1,1,1,1,1,1,1,1,1,1,1,1,1,1,1,1,1,1,1,1,1,1
"PTHR23349_SF41",1,1,1,1,1,1,1,1,1,1,1,1,1,1,1,1,1,1,1,1,1,1,1,1,1,1,1,1,1,1,1,1,1,1,1,1,1,2,1,1,1,1,1,1,1
"PTHR23349_SF43",1,1,1,1,1,1,1,1,1,1,1,1,1,1,1,1,1,1,1,1,1,1,1,1,1,0,1,1,1,1,1,0,1,1,1,1,1,1,1,1,1,1,1,1,1
"PTHR23349_SF44",1,1,1,1,0,1,1,1,1,1,1,1,1,1,1,1,1,1,1,1,1,1,1,1,1,0,1,1,0,1,0,1,1,1,1,1,0,1,1,1,1,1,1,1,0
"PTHR23349_SF45",1,1,1,1,1,1,1,1,1,1,1,1,1,1,1,1,1,1,1,1,1,1,1,1,1,1,1,1,1,1,1,1,1,1,1,1,1,1,1,1,1,1,1,2,1
"PTHR23349_SF46",1,1,1,0,1,1,1,1,0,1,1,0,1,1,1,1,1,1,1,1,0,0,1,1,1,0,1,1,1,1,0,1,1,1,1,1,1,1,1,1,1,1,0,1,1
"PTHR23349_SF47",1,1,0,0,0,0,1,0,0,1,1,1,1,0,1,1,1,0,1,1,0,0,1,0,1,0,1,0,1,1,0,1,0,0,1,0,1,1,1,1,1,0,0,1,0
"PTHR23349_SF49",1,1,0,0,1,0,1,1,1,1,1,0,1,1,0,1,0,1,0,0,0,0,1,0,1,0,1,0,1,1,1,0,1,0,1,1,0,1,2,1,0,1,0,1,0
"PTHR23349_SF51",1,1,1,1,1,1,1,1,1,1,1,1,1,1,1,1,1,1,1,1,1,1,1,1,1,1,1,1,1,1,1,1,1,1,1,1,1,1,1,1,1,1,1,1,1
"PTHR23349_SF53",1,1,1,1,1,0,1,1,1,1,1,1,1,1,1,1,1,0,1,0,1,1,1,1,1,0,1,1,1,1,1,1,0,1,1,1,1,1,1,1,1,1,1,0,0
"PTHR23349_SF54",1,1,0,1,1,1,1,1,1,1,1,1,1,0,1,2,1,1,1,1,1,1,1,1,1,1,1,1,1,1,1,1,1,1,1,1,0,1,0,1,1,0,0,1,1
"PTHR23349_SF57",1,1,1,1,1,1,1,1,1,5,1,1,1,1,1,1,1,1,1,1,1,1,1,1,1,1,1,1,1,1,1,1,1,1,0,1,1,1,1,1,1,1,1,0,2
"PTHR23350_SF0",1,1,1,1,1,1,1,1,1,1,1,1,1,1,1,1,1,1,1,1,1,1,1,1,1,1,1,1,1,1,0,1,1,1,1,1,1,1,1,1,1,1,1,1,1
"PTHR23351_SF10",1,1,1,1,1,1,1,1,1,1,1,1,1,1,1,1,1,1,1,10,1,1,1,1,1,1,1,1,1,1,1,1,1,1,1,1,1,1,1,1,1,1,1,1,1
"PTHR23351_SF11",1,1,1,1,1,1,1,1,1,1,1,1,1,1,1,1,1,0,1,1,1,1,1,1,1,1,1,1,1,1,1,1,1,1,1,1,1,1,1,1,1,1,1,1,1
"PTHR23351_SF13",1,1,1,1,1,1,1,1,1,0,1,1,1,1,1,1,1,1,1,1,1,1,1,1,1,1,1,1,1,1,0,2,1,1,1,1,1,1,1,1,1,1,1,1,1
"PTHR23351_SF14",1,1,1,1,1,1,2,1,1,1,1,1,1,1,1,1,1,1,1,1,1,1,1,1,1,1,1,1,1,1,1,1,1,1,1,1,1,1,1,1,1,0,1,1,1
"PTHR23351_SF23",1,1,1,1,1,1,1,1,1,7,1,1,1,1,1,1,1,1,1,1,1,1,1,1,1,1,1,1,1,1,1,1,1,1,1,2,1,1,1,1,1,1,1,1,1
"PTHR23351_SF25",1,1,1,1,1,1,1,1,1,0,1,1,1,1,1,1,1,1,1,1,1,1,1,1,1,1,1,1,1,1,1,1,1,1,1,1,1,1,1,1,1,1,1,1,1
"PTHR23351_SF3",1,1,1,1,1,1,1,1,1,1,1,1,1,1,1,1,1,1,1,1,1,1,1,1,1,1,1,1,1,1,1,1,1,1,1,1,1,1,1,1,1,1,1,1,1
"PTHR23351_SF4",1,1,1,1,1,1,1,1,1,1,1,1,1,1,1,1,1,1,1,1,1,1,1,1,1,1,1,1,1,1,1,1,1,1,1,1,1,1,1,1,1,1,1,1,1
"PTHR23351_SF6",1,1,1,1,1,1,1,1,1,1,1,1,1,1,1,1,1,1,1,1,1,1,1,1,1,1,1,2,1,1,1,1,1,1,1,1,1,1,1,1,1,1,1,1,1
"PTHR23353",1,1,1,1,1,1,1,1,1,1,1,1,1,1,1,2,1,1,1,1,1,1,1,1,1,1,1,1,1,1,1,2,1,1,1,1,1,1,1,1,1,1,1,1,1
"PTHR23354_SF65",1,1,1,1,1,1,1,1,1,1,1,1,1,1,1,1,1,1,1,1,1,1,1,1,1,1,1,1,1,1,1,1,1,1,1,1,1,1,1,1,1,1,1,1,1
"PTHR23354_SF66",1,1,1,1,1,1,1,1,1,1,1,1,1,1,1,1,1,1,1,1,1,1,1,1,1,1,1,1,1,1,1,1,1,1,1,1,1,1,1,1,1,1,1,1,1
"PTHR23354_SF68",2,1,1,1,1,1,1,1,1,1,1,1,1,1,1,1,1,1,1,1,1,1,1,1,1,1,1,1,1,1,1,1,1,1,2,1,1,1,1,1,1,1,1,1,1
"PTHR23354_SF69",1,1,1,1,1,1,1,1,1,1,1,4,1,2,1,1,1,1,1,1,1,1,1,1,1,1,2,1,1,1,1,1,1,1,1,1,1,1,2,1,1,1,1,1,1
"PTHR23355",3,3,3,3,3,3,3,3,3,3,3,3,3,3,3,3,3,4,3,4,3,3,3,3,2,3,3,3,3,3,4,3,3,3,3,3,3,3,3,3,2,3,3,3,3
"PTHR23356_SF3",1,1,1,1,1,1,1,1,1,1,1,1,1,1,1,1,1,0,1,1,1,1,1,1,1,1,1,1,1,1,1,1,1,1,1,1,1,1,1,1,1,1,1,0,1
"PTHR23356_SF4",1,1,1,1,1,1,1,1,1,1,1,1,1,1,1,1,1,1,1,1,1,1,1,1,1,1,1,1,1,1,1,1,1,1,1,1,1,1,1,1,1,0,1,2,1
"PTHR23357",1,1,1,1,1,2,1,1,1,2,1,1,1,1,1,1,1,1,1,1,1,1,1,1,1,1,2,1,1,2,1,1,0,1,1,1,1,1,1,1,1,1,1,1,1
"PTHR23358_SF2",1,1,1,1,1,1,1,0,1,1,1,1,1,1,1,1,1,1,1,0,1,1,1,1,1,2,1,1,1,1,1,0,1,1,1,1,1,1,1,1,1,1,1,1,1
"PTHR23358_SF3",1,2,1,1,1,1,1,1,1,1,1,1,2,1,1,1,1,1,1,1,1,1,1,1,1,1,1,1,1,1,1,1,1,1,1,1,1,1,1,1,1,1,1,1,1
"PTHR23358_SF4",1,1,1,1,1,1,1,1,1,1,1,1,1,1,1,1,1,2,1,2,1,1,1,1,1,1,1,1,1,1,1,1,1,1,1,1,1,1,1,1,1,1,1,1,1
"PTHR23359_SF57",1,0,0,0,1,0,0,1,0,1,0,1,0,0,0,0,1,1,0,0,0,0,1,0,1,1,1,0,1,1,1,1,1,0,1,1,0,0,0,0,0,0,1,1,1
"PTHR23359_SF58",1,2,4,2,1,1,2,1,1,1,1,1,1,3,2,1,1,1,4,1,2,1,1,3,1,1,2,3,1,1,1,1,1,3,1,1,3,1,2,1,1,1,1,1,2
"PTHR23359_SF59",1,1,1,1,1,1,1,1,1,1,1,1,1,1,1,1,1,1,1,1,1,1,1,1,1,1,1,1,1,1,1,1,1,1,1,1,1,1,1,1,1,1,1,1,1
"PTHR23359_SF60",1,0,1,0,0,0,0,1,0,0,0,0,0,0,1,0,0,1,0,0,0,0,0,0,0,0,0,0,0,0,0,1,0,0,1,0,0,1,0,0,0,0,0,0,1
"PTHR23359_SF61",2,2,1,1,1,2,1,1,0,1,1,2,2,1,1,1,1,2,1,2,1,2,1,1,1,1,2,1,2,1,2,1,2,1,1,2,1,2,1,1,1,2,2,1,1
"PTHR23359_SF64",1,1,1,1,1,1,1,1,1,1,1,1,1,1,1,1,1,1,1,1,1,1,1,1,1,1,1,1,1,1,1,1,1,1,1,1,1,1,1,1,1,1,1,1,1
"PTHR23359_SF68",1,0,1,1,5,2,2,1,1,1,1,2,2,1,2,1,1,1,1,1,1,5,1,1,1,1,1,1,2,1,2,2,1,2,2,1,1,2,1,1,1,1,1,1,6
"PTHR23359_SF69",1,2,1,3,2,1,2,2,1,3,1,1,1,3,2,1,2,1,2,1,2,1,1,2,1,2,1,2,1,1,2,2,1,2,2,1,2,1,2,1,2,2,1,2,1
"PTHR23359_SF71",2,1,1,1,1,1,1,1,1,1,2,1,1,1,1,1,1,1,1,1,1,1,1,1,1,1,1,1,1,1,1,1,1,1,1,1,1,1,1,1,1,1,1,1,1
"PTHR23359_SF79",1,1,1,1,1,1,1,1,1,2,1,1,1,1,1,1,1,1,1,1,1,1,1,1,1,1,1,1,1,1,1,1,1,1,1,1,1,1,1,1,1,1,1,1,1
"PTHR23361",1,0,0,0,1,0,0,0,0,1,0,1,0,0,0,0,0,1,0,0,0,0,1,0,0,1,0,0,0,1,0,0,0,0,0,0,0,0,0,1,0,0,0,0,0
"PTHR23365_SF1",1,3,2,1,1,1,1,1,1,2,1,1,1,3,3,3,1,1,2,3,2,1,2,2,1,1,1,3,2,1,1,3,1,2,1,1,3,1,3,1,1,1,0,1,1
"PTHR23382",2,2,4,4,2,3,3,2,2,2,2,2,2,2,2,2,2,2,2,2,2,3,2,2,2,2,4,2,2,2,2,2,3,2,2,2,2,3,2,2,5,2,2,2,2
"PTHR23389_SF3",1,1,2,1,1,1,1,1,1,1,1,1,1,1,1,1,1,1,1,1,1,1,1,1,1,1,1,1,1,1,0,1,1,1,1,1,1,0,1,1,1,1,1,1,1
"PTHR23399",1,1,1,1,1,1,1,1,1,1,1,1,1,1,1,1,1,1,1,2,1,1,1,1,1,1,1,1,1,1,1,1,1,1,1,0,1,1,1,1,1,1,1,1,1
"PTHR23400",1,1,1,1,1,1,1,1,1,0,1,1,1,1,1,1,1,1,1,1,1,1,1,1,1,1,0,1,1,1,1,1,1,1,1,1,1,1,1,1,1,1,1,1,1
"PTHR23401",2,2,1,2,2,2,1,2,2,1,1,2,2,2,2,2,2,2,2,2,2,2,2,2,2,1,2,1,2,2,0,2,2,2,2,2,1,2,2,2,2,2,0,2,2
"PTHR23402",2,2,2,2,2,2,1,2,2,2,2,2,2,2,2,2,2,2,2,2,2,1,2,2,1,2,2,2,2,2,2,2,2,2,2,2,2,2,2,2,2,2,2,2,2
"PTHR23403",1,1,1,1,1,1,1,1,1,1,1,1,0,1,1,1,1,1,1,1,1,1,1,1,1,1,1,1,1,1,1,1,1,1,1,1,1,1,1,1,1,1,0,1,1
"PTHR23404_SF2",1,1,2,2,1,1,1,1,1,0,1,1,1,1,6,1,2,1,2,2,1,1,1,2,1,1,1,1,1,0,2,1,1,2,1,1,1,1,1,1,1,1,1,1,1
"PTHR23404_SF3",1,1,1,1,1,1,1,1,1,1,1,1,1,1,1,1,1,1,1,1,1,1,1,1,1,1,1,1,1,1,1,1,1,1,1,1,1,1,1,1,1,1,1,1,1
"PTHR23404_SF5",1,1,1,1,1,1,1,1,1,1,1,1,1,1,1,1,1,1,1,1,1,1,1,1,1,1,1,1,1,1,1,1,1,1,1,1,1,1,1,1,1,1,1,1,1
"PTHR23405",1,1,1,1,1,2,1,1,0,1,1,1,1,1,1,1,1,1,1,1,1,1,1,1,1,1,1,1,1,1,1,3,1,1,1,1,1,1,1,1,1,1,1,1,1
"PTHR23406",3,3,4,3,3,3,4,4,3,3,3,3,3,3,7,3,3,3,4,3,3,4,3,4,3,3,3,4,3,3,3,3,3,4,4,4,3,3,3,3,3,3,3,3,3
"PTHR23407_SF1",1,2,1,1,1,1,1,1,1,1,1,1,1,1,1,2,1,1,1,0,1,1,2,1,1,1,1,1,1,1,1,1,1,1,2,1,1,1,1,1,1,1,1,1,1
"PTHR23407_SF4",1,2,2,1,1,1,1,1,1,2,1,1,1,1,1,2,1,1,1,2,1,1,1,1,1,1,2,1,1,1,2,1,3,2,1,1,1,1,1,1,1,1,1,1,2
"PTHR23408_SF1",1,1,1,2,1,1,1,1,1,1,1,1,1,1,1,1,1,1,1,1,1,1,1,1,1,1,1,1,1,1,1,1,1,1,1,1,1,1,1,1,1,1,1,1,1
"PTHR23408_SF3",1,1,1,1,1,1,1,1,1,1,1,1,1,1,1,1,1,1,1,1,1,1,1,1,1,1,1,1,1,1,1,1,1,1,1,1,1,1,1,1,1,1,1,1,1
"PTHR23409",3,2,3,4,2,2,3,2,2,3,2,2,2,4,4,2,2,2,3,2,2,3,2,4,6,2,3,4,2,2,2,2,2,3,2,6,3,2,4,3,3,3,2,2,3
"PTHR23410",2,3,6,11,2,9,5,2,1,3,1,1,3,7,6,1,5,3,8,4,3,3,1,4,6,3,1,6,1,11,5,7,5,6,1,3,9,3,8,2,7,1,1,3,1
"PTHR23411_SF3",1,1,1,1,1,1,1,1,1,1,1,1,1,1,1,1,1,1,1,1,1,1,1,1,1,1,1,1,1,1,1,1,1,1,1,1,1,1,1,1,1,1,1,1,1
"PTHR23411_SF4",1,1,1,0,1,0,0,0,0,0,1,0,1,1,0,1,0,0,1,0,0,0,0,1,0,1,0,1,1,1,1,0,0,1,2,2,1,1,1,0,0,0,1,2,1
"PTHR23411_SF5",1,1,1,1,1,1,1,1,1,0,1,1,2,1,1,5,1,1,1,1,1,1,1,1,1,1,1,1,1,1,1,1,1,1,1,2,1,1,1,1,1,1,1,1,1
"PTHR23412",4,3,4,4,4,3,4,4,4,3,4,4,4,5,4,5,4,4,4,4,3,4,4,4,4,4,4,4,4,4,2,4,4,7,4,4,6,3,5,4,4,4,3,4,3
"PTHR23413_SF10",1,0,0,0,1,1,1,0,0,3,1,4,0,1,0,1,0,0,0,0,0,1,0,1,0,1,2,0,1,0,0,1,1,0,0,0,0,2,0,1,0,0,0,0,0
"PTHR23413_SF3",3,1,5,5,4,1,5,1,1,7,1,1,2,2,1,1,1,2,4,3,4,5,1,1,5,2,2,5,2,1,13,4,3,7,1,2,2,2,4,3,4,1,0,2,4
"PTHR23413_SF5",1,0,0,0,0,1,0,0,0,0,0,0,0,0,0,0,0,0,0,1,0,0,0,0,0,0,0,0,0,0,0,0,0,0,0,0,0,0,0,1,0,0,0,0,0
"PTHR23413_SF7",5,0,0,2,3,2,0,0,0,5,0,0,0,3,0,0,0,1,1,5,1,0,0,0,0,6,2,1,2,0,2,1,2,0,1,0,3,3,1,0,1,1,0,0,1
"PTHR23413_SF8",1,1,1,1,0,1,2,1,1,1,2,2,1,2,1,1,1,0,1,1,0,1,1,1,1,0,1,1,1,0,0,2,1,1,2,2,0,0,1,3,1,0,1,2,1
"PTHR23414",2,2,2,2,2,2,2,2,1,1,2,2,2,2,2,2,2,1,2,2,2,2,2,2,2,1,3,2,2,1,2,2,1,2,1,2,2,2,2,2,2,1,1,2,2
"PTHR23415",3,3,7,12,4,4,9,3,3,4,3,3,3,7,3,3,5,3,9,2,3,5,4,5,5,3,3,5,5,3,6,11,4,7,3,4,8,3,8,5,6,4,3,4,6
"PTHR23416_SF1",1,1,1,1,1,1,1,1,1,1,1,1,1,1,1,1,1,1,1,1,1,1,1,1,2,1,1,1,1,1,1,2,1,1,1,1,1,1,1,1,1,1,1,1,1
"PTHR23417",1,1,2,1,1,1,1,1,1,1,1,1,1,2,1,1,1,1,2,1,1,1,1,2,1,1,1,2,1,1,1,1,1,2,1,1,2,1,2,1,1,1,1,1,1
"PTHR23418",2,1,1,1,2,1,1,1,1,1,1,1,1,1,1,2,1,1,1,0,1,1,1,1,1,1,2,1,1,1,1,1,1,1,1,1,1,1,1,1,1,1,1,1,1
"PTHR23419",2,2,1,1,1,2,1,2,2,2,1,2,2,1,2,2,2,1,1,3,1,1,2,1,2,2,2,0,2,2,2,2,2,1,2,2,1,2,1,2,1,2,1,3,1
"PTHR23420",3,3,4,5,4,3,4,3,3,3,4,3,3,5,4,3,4,4,4,3,3,3,4,3,4,3,3,5,3,4,4,3,3,3,5,4,4,3,6,3,3,3,3,3,3
"PTHR23421",4,5,4,4,5,6,4,4,5,4,5,4,4,4,4,4,5,5,5,4,4,4,5,3,4,5,5,4,5,5,7,5,5,4,3,5,4,5,4,5,4,4,3,3,5
"PTHR23422",1,1,1,1,1,1,1,1,1,1,1,1,1,1,1,1,1,1,1,1,1,1,1,1,1,1,1,1,1,1,1,1,1,2,1,1,1,1,1,1,1,1,1,1,1
"PTHR23423_SF10",1,1,1,3,1,2,1,1,1,1,1,1,1,1,2,1,1,1,1,1,1,1,1,1,1,1,0,2,1,1,1,1,1,1,1,0,1,1,1,1,2,1,0,1,1
"PTHR23423_SF11",1,1,1,1,1,1,1,1,1,1,1,1,1,1,1,1,1,1,1,1,1,1,1,1,1,1,2,1,1,1,1,1,1,1,1,1,1,1,1,1,1,1,1,1,1
"PTHR23423_SF20",2,2,2,2,2,2,2,2,2,1,2,2,2,2,2,2,2,2,2,1,2,2,3,2,2,2,2,2,2,2,1,2,2,2,2,2,2,2,2,2,2,2,2,2,2
"PTHR23424",1,7,4,4,4,6,4,3,2,3,3,7,5,4,4,6,3,1,4,5,4,5,5,4,5,3,5,4,4,5,5,3,3,4,2,6,4,5,4,2,3,4,3,2,4
"PTHR23426_SF1",1,1,1,1,1,1,1,1,1,0,1,1,1,0,1,2,1,1,1,1,1,1,2,1,1,1,2,1,1,1,0,1,1,1,0,1,1,1,1,1,1,1,1,1,0
"PTHR23426_SF26",1,1,1,2,1,1,1,1,1,3,3,1,1,2,4,1,1,1,1,1,1,1,1,1,1,1,1,2,1,1,1,1,1,1,1,1,2,1,2,1,2,1,1,2,1
"PTHR23427_SF1",1,1,1,1,1,1,2,1,1,1,1,1,1,1,1,2,1,1,1,1,1,1,1,1,1,1,1,1,1,1,0,1,1,1,2,1,1,1,1,1,1,1,1,2,1
"PTHR23427_SF2",1,1,1,1,1,1,1,1,1,0,1,1,1,1,1,2,1,1,1,1,1,1,1,1,1,1,1,1,1,0,0,1,0,2,1,1,1,1,1,1,1,1,1,1,1
"PTHR23428",18,64,22,17,23,24,17,14,17,27,24,26,22,21,19,24,15,21,24,20,19,16,20,24,14,9,6,22,20,27,19,11,23,21,11,19,24,23,24,15,15,14,17,16,19
"PTHR23429",2,2,2,3,2,2,2,2,2,2,2,2,2,2,2,2,2,2,2,2,2,2,3,2,2,2,2,2,2,2,2,3,2,2,2,2,2,2,3,2,3,2,2,2,2
"PTHR23430_SF11",1,2,0,0,2,1,2,0,2,2,1,1,1,0,4,1,1,2,0,0,0,0,17,0,0,1,3,0,2,1,4,0,0,0,0,2,0,0,0,1,0,1,0,0,2
"PTHR23430_SF17",8,6,4,3,11,4,4,0,0,2,3,4,13,4,1,6,4,4,4,1,4,4,13,4,12,1,1,4,4,1,5,0,4,4,1,9,4,13,4,9,4,2,4,2,8
"PTHR23430_SF20",1,1,1,1,1,1,1,1,1,1,1,1,1,1,1,1,1,1,1,1,1,1,1,1,1,1,1,1,1,1,1,1,1,1,1,1,1,1,1,1,1,1,1,1,1
"PTHR23430_SF23",3,1,0,0,1,1,4,0,0,1,2,3,2,0,1,3,1,1,0,2,2,0,3,0,0,1,1,0,0,0,1,1,0,0,0,0,1,4,3,1,0,3,0,0,0
"PTHR23430_SF24",4,5,3,3,4,6,2,3,4,2,3,3,1,3,1,3,4,2,3,3,3,4,3,3,2,2,1,1,3,3,2,4,3,4,3,5,3,6,4,3,3,4,3,4,7
"PTHR23430_SF26",1,1,1,1,0,0,1,0,0,1,3,2,0,1,0,2,0,6,1,0,0,2,0,1,0,0,0,1,0,2,0,0,3,1,6,0,1,0,2,0,1,1,1,4,0
"PTHR23430_SF27",5,3,6,3,2,8,4,4,8,8,7,5,0,6,8,7,5,6,6,9,7,5,0,6,1,0,0,6,0,8,5,2,5,5,0,0,5,0,4,0,4,5,9,1,0
"PTHR23430_SF34",2,3,5,5,3,3,4,3,2,3,2,2,3,4,2,2,3,2,5,5,2,2,2,4,4,2,4,6,4,2,6,9,2,7,5,5,7,5,7,3,3,3,2,5,2
"PTHR23430_SF37",1,1,1,1,1,1,1,1,1,1,1,1,1,1,1,1,1,1,1,1,1,1,1,1,1,1,3,1,1,1,1,1,1,1,1,2,1,1,1,1,1,1,1,1,1
"PTHR23430_SF42",1,1,1,2,0,0,1,1,0,1,0,0,1,0,2,1,0,2,1,1,1,1,1,1,1,1,0,1,1,0,1,1,1,1,1,1,1,1,1,2,1,1,0,1,0
"PTHR23430_SF8",1,1,1,2,1,0,1,0,2,2,0,1,0,2,1,2,1,3,0,3,0,1,2,1,1,1,0,1,2,2,1,0,2,3,2,1,1,2,2,2,1,2,2,4,0
"PTHR24001",3,3,3,3,2,3,3,3,3,3,3,2,2,3,3,3,3,3,3,3,3,3,3,3,3,3,3,3,3,3,3,3,3,3,3,3,3,3,3,3,3,3,3,4,3
"PTHR24002",1,1,1,1,1,1,1,1,1,1,1,1,1,1,1,2,1,1,1,0,1,1,1,1,1,1,1,1,1,1,0,1,1,1,1,1,1,1,1,1,1,1,1,1,1
"PTHR24003_SF367",1,1,1,1,1,1,3,1,1,1,1,1,1,1,2,2,1,1,1,1,1,1,2,1,1,1,1,1,1,1,1,1,1,1,1,1,1,1,1,2,1,1,1,1,1
"PTHR24003_SF41",1,1,1,1,1,1,1,1,1,1,1,1,1,1,1,1,1,1,1,1,1,1,2,1,1,1,1,1,1,1,1,1,1,2,1,1,1,1,1,1,1,1,1,1,1
"PTHR24003_SF438",1,0,0,0,1,0,0,0,0,0,0,0,1,1,0,1,0,0,0,0,1,1,1,0,1,1,0,1,1,0,0,0,1,0,0,0,1,1,1,0,0,1,0,0,1
"PTHR24003_SF492",1,1,1,1,1,1,1,1,1,1,1,1,1,1,1,1,1,1,1,1,1,1,1,1,1,1,1,1,1,1,1,1,1,1,1,1,1,1,1,1,1,1,0,2,1
"PTHR24003_SF500",1,1,1,1,1,0,1,1,1,1,1,1,1,1,1,1,1,1,1,1,1,1,1,1,1,1,1,1,1,1,1,1,1,1,1,1,1,1,1,1,1,1,0,1,1
"PTHR24003_SF510",1,1,1,1,1,1,1,1,1,1,1,1,1,1,3,2,1,1,1,1,1,1,1,1,1,1,1,1,1,1,1,1,1,1,1,1,1,1,2,1,1,1,1,1,1
"PTHR24003_SF84",1,1,1,1,1,1,1,1,1,1,1,2,1,1,1,1,1,1,1,1,1,1,1,1,1,1,1,1,1,1,1,1,1,1,1,1,1,1,1,1,1,1,1,1,1
"PTHR24004_SF0",1,1,0,1,1,1,1,1,1,1,1,1,1,1,1,1,1,1,1,1,1,1,1,1,0,1,2,0,1,1,1,1,1,1,1,1,1,0,1,1,1,1,1,1,1
"PTHR24004_SF18",1,1,1,1,1,1,1,1,1,1,1,1,1,1,1,1,1,1,1,1,1,1,1,1,1,1,1,1,1,1,1,1,1,1,1,1,1,1,1,1,1,1,1,1,1
"PTHR24004_SF63",1,1,1,1,1,1,1,1,1,1,1,1,1,1,1,1,1,1,1,1,1,1,1,1,1,1,1,1,1,1,1,1,1,1,1,1,1,1,1,1,1,1,1,1,1
"PTHR24004_SF71",1,1,1,1,1,1,1,1,1,1,1,1,1,1,1,1,1,1,1,1,1,1,1,1,1,1,1,1,1,1,1,1,1,1,1,1,1,1,1,1,1,1,1,1,1
"PTHR24006_SF100",1,1,1,1,1,1,1,1,1,1,1,1,1,1,2,1,1,1,1,1,1,1,1,2,1,1,1,1,1,1,1,1,1,1,1,1,1,1,2,1,1,1,1,1,1
"PTHR24006_SF110",1,1,1,2,1,1,1,1,1,1,1,1,1,1,1,1,1,1,1,1,1,1,1,1,1,1,1,1,1,2,1,1,1,1,1,1,1,1,1,1,1,1,1,1,1
"PTHR24006_SF111",1,1,1,1,1,1,1,1,1,1,1,1,1,1,1,1,1,1,1,1,1,1,1,1,1,1,1,1,1,1,1,1,1,1,1,1,1,1,1,2,1,1,1,1,1
"PTHR24006_SF125",1,1,1,1,1,1,1,1,1,1,1,1,1,1,1,1,1,1,1,0,1,1,1,1,1,1,1,1,1,1,1,1,1,1,1,1,1,1,1,1,1,1,1,1,1
"PTHR24006_SF343",1,1,1,1,1,1,1,1,1,1,1,1,1,1,1,1,1,1,1,1,1,1,1,1,1,1,1,1,1,1,1,1,1,1,1,1,1,1,1,1,1,1,1,1,1
"PTHR24006_SF346",1,1,1,1,1,1,1,1,1,1,1,1,1,1,1,1,1,1,1,2,1,1,1,1,1,1,3,1,1,1,1,2,1,1,1,1,1,1,1,1,1,1,1,1,1
"PTHR24006_SF347",1,1,1,1,1,1,1,1,1,1,1,1,1,1,1,1,1,1,1,1,1,1,1,1,2,1,1,1,1,1,1,1,1,1,1,1,1,1,1,1,1,1,1,1,1
"PTHR24006_SF349",1,1,1,1,1,1,1,1,1,1,1,1,1,1,1,1,1,1,1,1,1,1,1,1,1,1,1,1,1,1,1,1,1,1,1,1,1,1,1,1,1,1,1,1,1
"PTHR24006_SF350",1,1,1,1,1,1,1,1,1,1,1,1,1,2,1,1,1,1,1,1,1,1,1,1,1,1,1,1,1,1,1,1,1,1,1,1,2,1,2,1,1,1,1,1,1
"PTHR24006_SF351",1,1,1,1,1,1,1,1,1,2,1,1,1,1,3,1,1,1,1,1,1,1,1,1,1,1,1,1,1,1,1,2,1,1,1,1,1,1,1,1,1,1,1,2,1
"PTHR24006_SF354",1,1,1,1,1,1,1,1,1,1,1,1,1,1,1,1,1,1,1,1,1,1,1,1,1,1,2,1,1,1,1,1,1,1,1,1,1,1,2,1,1,1,1,1,1
"PTHR24006_SF356",1,1,1,1,1,1,1,1,1,1,1,1,1,1,2,1,1,1,1,1,1,1,1,1,1,1,1,1,1,1,1,1,1,1,1,1,1,1,1,1,1,1,1,1,2
"PTHR24006_SF359",1,1,1,3,2,2,1,1,1,1,2,1,1,1,2,2,1,1,1,1,2,1,2,1,1,1,1,1,1,1,1,1,1,1,1,1,1,1,2,2,1,3,1,1,2
"PTHR24006_SF360",1,1,1,1,1,1,1,1,1,1,1,1,1,1,1,1,1,1,1,1,1,1,1,1,1,1,1,1,1,1,1,1,1,1,1,1,1,2,1,1,1,1,1,1,1
"PTHR24006_SF362",1,1,1,1,1,1,2,1,1,1,1,1,1,1,1,2,1,1,1,1,1,1,1,1,1,1,1,1,1,1,1,0,1,1,1,1,1,1,2,1,1,1,1,1,1
"PTHR24006_SF365",1,1,1,1,1,1,1,1,1,1,1,1,1,1,1,1,1,2,1,1,1,1,1,1,1,1,1,1,1,1,1,1,1,1,1,2,1,1,1,1,1,1,1,1,1
"PTHR24006_SF368",1,1,1,1,0,0,1,0,1,1,1,1,1,1,1,1,1,1,1,1,1,1,1,1,1,1,1,1,1,1,1,1,1,1,0,1,1,2,0,1,1,1,1,0,1
"PTHR24006_SF369",1,1,1,1,1,2,1,1,1,1,1,1,1,1,1,1,1,1,1,1,1,1,1,1,1,1,1,1,1,1,1,1,1,1,1,1,1,1,1,1,1,1,1,1,1
"PTHR24006_SF378",1,1,1,3,1,1,1,1,1,1,1,1,1,1,4,1,1,1,1,1,1,1,1,1,1,1,2,1,1,1,1,1,1,1,1,1,1,1,1,1,1,1,1,1,1
"PTHR24006_SF381",1,2,2,1,2,2,2,2,2,1,2,2,2,1,2,1,1,1,1,1,1,2,1,1,1,1,1,2,2,1,2,2,1,1,2,2,1,2,1,1,1,2,1,2,1
"PTHR24006_SF386",1,1,1,1,1,1,1,1,1,1,1,1,1,1,1,1,1,1,1,1,1,1,1,1,1,1,1,1,1,1,1,1,1,1,1,1,1,1,1,1,1,1,1,1,1
"PTHR24006_SF387",1,1,1,1,1,1,1,1,1,1,1,1,1,1,1,1,1,1,1,1,1,1,1,1,1,1,2,1,1,1,1,1,1,1,2,4,1,1,1,1,1,1,1,1,1
"PTHR24006_SF390",1,1,0,1,1,0,1,1,1,1,1,1,1,0,1,1,1,2,0,1,1,1,2,0,2,1,2,0,1,2,4,0,2,0,0,2,0,0,0,2,1,2,1,0,1
"PTHR24006_SF392",1,1,1,1,1,1,1,1,1,1,1,1,1,1,2,2,1,1,1,1,1,1,1,1,1,1,1,1,1,1,1,1,1,1,1,1,2,1,2,1,1,1,1,1,1
"PTHR24006_SF396",1,1,1,1,1,1,1,1,1,1,0,1,1,1,1,1,1,1,1,0,1,1,1,1,1,1,1,1,1,1,1,0,1,1,1,1,1,1,1,1,1,1,1,1,1
"PTHR24006_SF397",1,1,1,1,1,1,0,1,1,0,1,1,1,1,0,1,1,1,1,1,1,1,1,1,1,1,1,1,1,1,1,1,1,1,1,1,1,1,1,1,1,1,1,1,1
"PTHR24006_SF398",1,0,1,0,0,0,1,0,0,0,1,1,1,2,0,1,1,0,1,1,1,0,1,1,0,1,1,1,1,0,1,0,0,1,0,1,1,0,2,1,0,1,0,0,1
"PTHR24006_SF400",1,1,1,1,1,1,1,1,1,1,1,1,1,1,1,1,1,0,1,1,1,1,1,1,1,1,1,1,1,1,1,1,1,1,1,1,1,1,1,1,1,1,1,1,1
"PTHR24006_SF401",1,1,1,1,1,1,1,1,1,1,1,1,1,1,1,1,1,1,1,1,1,1,1,1,1,1,1,1,1,1,1,0,1,1,1,1,1,1,1,1,1,1,1,1,1
"PTHR24006_SF402",1,1,1,1,1,1,1,1,1,1,1,1,1,1,1,1,1,1,1,1,1,1,1,1,1,1,1,1,1,1,1,1,1,1,1,1,1,1,1,1,1,1,1,1,1
"PTHR24006_SF403",1,2,1,1,1,2,1,1,1,1,1,1,1,1,1,1,1,1,1,1,1,1,1,1,0,1,1,1,1,1,1,1,1,1,1,1,1,1,1,1,1,1,1,1,1
"PTHR24006_SF404",1,1,1,1,1,1,1,1,1,0,1,1,1,1,1,1,1,1,1,0,1,1,1,1,1,1,1,1,1,1,1,1,1,1,1,1,1,1,1,1,1,1,1,1,1
"PTHR24006_SF405",1,1,1,1,1,1,1,1,8,1,1,1,1,1,1,1,1,1,1,1,1,2,1,1,1,1,1,1,1,1,1,1,1,1,1,1,1,1,2,1,1,1,1,3,1
"PTHR24006_SF408",1,1,1,1,1,1,1,1,1,1,1,1,1,1,1,1,1,1,1,0,1,1,1,1,1,1,1,1,1,1,1,1,1,1,1,1,1,1,1,1,1,1,1,1,1
"PTHR24006_SF409",1,1,1,1,1,1,1,1,1,1,1,1,1,1,1,1,1,1,1,1,1,1,1,1,1,1,1,1,2,1,1,1,1,1,1,1,1,1,1,1,1,1,1,1,1
"PTHR24006_SF418",1,3,0,0,10,0,0,0,0,0,1,0,4,0,0,0,2,0,0,1,0,1,5,0,0,0,1,0,1,1,8,0,0,0,0,3,0,1,0,2,0,5,0,0,1
"PTHR24006_SF420",1,1,1,1,1,1,1,0,1,1,1,1,1,1,2,1,1,1,1,2,1,1,1,1,1,1,1,1,1,2,1,2,1,1,1,1,1,1,1,1,1,1,1,1,1
"PTHR24006_SF422",1,1,1,1,1,1,1,1,1,1,1,1,1,1,1,1,1,1,1,1,1,1,1,1,1,1,1,1,1,1,1,1,1,1,1,1,1,1,2,1,1,1,1,1,1
"PTHR24006_SF423",1,1,1,1,1,1,1,1,1,1,1,1,0,2,2,1,1,1,1,1,1,2,1,1,1,1,2,1,1,1,1,1,1,1,0,1,1,1,2,2,1,1,1,2,1
"PTHR24006_SF426",1,1,1,1,1,1,1,1,1,1,1,1,1,1,1,1,1,1,1,1,1,1,1,1,1,1,1,1,1,1,1,1,1,1,1,1,1,1,1,1,1,1,1,1,1
"PTHR24006_SF69",1,1,1,1,1,2,1,1,1,1,2,1,1,2,1,1,1,1,1,1,1,2,1,2,1,1,1,1,1,1,1,1,2,2,1,1,1,1,2,1,1,1,1,1,1
"PTHR24006_SF89",1,1,1,1,1,1,1,1,1,1,1,1,1,2,1,1,1,1,1,1,1,1,1,1,1,1,1,1,1,1,1,1,1,1,1,1,2,1,2,1,1,1,1,1,1
"PTHR24006_SF97",1,1,1,1,1,1,1,1,1,1,1,1,1,1,1,1,1,1,1,1,1,1,1,1,1,1,1,1,1,1,1,1,1,1,1,1,1,1,1,1,1,1,1,1,1
"PTHR24006_SF98",1,1,1,1,1,1,1,1,1,1,1,1,1,1,1,1,1,1,1,1,1,1,1,1,1,1,1,1,1,1,1,1,1,1,1,1,1,1,1,1,1,1,1,1,1
"PTHR24007",1,1,1,1,1,1,1,1,1,1,1,1,1,1,1,1,1,1,1,1,1,1,1,1,1,1,1,1,1,1,1,1,1,1,2,1,1,1,1,1,1,1,1,1,1
"PTHR24011_SF0",1,2,1,2,1,2,1,1,1,2,1,1,1,2,1,1,2,1,2,1,1,1,1,2,2,1,1,2,1,2,1,2,1,1,1,1,2,1,2,1,2,1,1,2,2
"PTHR24011_SF131",2,2,2,3,2,2,2,2,2,4,2,2,2,3,6,3,2,2,3,2,2,2,2,2,2,3,2,3,3,2,3,1,3,2,2,2,3,2,3,2,3,2,0,2,2
"PTHR24011_SF199",1,1,1,1,1,1,1,1,1,1,1,1,1,1,1,2,1,1,1,1,1,1,1,1,1,1,1,1,2,1,1,1,1,1,1,1,1,1,1,1,1,1,1,1,1
"PTHR24011_SF211",1,1,1,1,1,1,2,1,1,1,1,1,1,2,1,1,1,1,1,1,1,1,1,1,1,1,1,1,1,1,1,1,1,1,1,1,2,1,2,1,1,1,1,1,1
"PTHR24011_SF219",1,1,1,1,1,1,1,1,1,1,1,1,1,1,1,1,1,1,1,1,1,1,1,1,1,1,1,1,1,1,1,1,0,1,1,1,1,1,1,1,1,1,1,1,1
"PTHR24011_SF228",1,1,1,1,2,1,1,1,1,1,1,1,1,1,2,1,1,1,1,2,1,1,1,1,1,1,0,1,1,1,1,1,1,1,1,1,1,1,1,1,1,1,1,1,3
"PTHR24011_SF230",1,3,1,1,1,1,2,1,1,1,3,1,2,1,1,3,1,1,1,1,1,1,2,1,1,1,1,1,1,1,2,2,1,1,1,1,1,2,2,1,2,1,1,2,1
"PTHR24011_SF233",1,2,1,2,0,3,1,2,1,1,1,1,2,2,2,3,2,1,1,0,2,1,0,2,0,0,1,1,1,1,2,1,2,1,3,2,2,2,1,0,0,3,1,2,1
"PTHR24011_SF239",1,2,4,6,1,1,5,1,1,3,2,2,1,4,2,2,1,2,4,2,2,2,3,4,3,1,3,5,1,1,2,2,4,4,3,5,3,1,4,3,6,2,1,3,1
"PTHR24011_SF241",1,1,1,1,0,1,1,1,1,0,1,1,0,1,0,1,0,0,1,1,0,1,1,1,1,1,0,1,1,1,1,0,1,1,0,1,1,1,1,1,1,1,0,0,1
"PTHR24011_SF243",1,1,1,1,1,1,1,1,2,1,1,1,1,1,1,1,1,1,1,1,1,1,1,1,1,1,1,1,1,1,1,1,1,1,2,1,1,1,1,1,1,1,1,2,1
"PTHR24011_SF246",1,1,1,1,1,1,1,1,1,1,1,1,1,1,1,2,1,1,1,2,1,1,1,1,1,1,1,1,1,1,0,2,1,1,1,1,1,1,2,1,1,1,1,1,1
"PTHR24011_SF249",1,1,1,1,0,1,1,1,1,1,1,1,1,1,1,1,1,1,1,1,1,1,1,1,1,0,1,1,1,1,1,1,1,1,1,1,1,1,1,1,1,1,1,1,1
"PTHR24011_SF250",1,1,1,1,1,1,1,1,1,0,1,1,1,1,2,1,1,1,1,1,1,1,1,1,1,1,1,1,1,1,0,1,1,1,1,1,1,1,1,1,1,1,1,1,1
"PTHR24011_SF251",1,1,2,1,1,1,3,1,1,1,1,1,1,1,1,1,0,1,1,1,1,1,1,1,1,1,2,1,1,1,0,1,1,2,1,1,2,1,2,1,1,1,1,1,1
"PTHR24011_SF257",1,1,1,1,1,1,2,1,1,1,1,1,1,4,1,1,1,1,1,1,1,1,1,1,1,2,1,1,1,1,1,1,1,1,1,1,2,1,1,1,1,1,1,1,1
"PTHR24011_SF265",2,2,1,1,1,2,2,1,1,3,1,1,1,2,1,1,1,1,1,1,1,2,1,1,1,2,1,1,1,1,1,4,1,1,1,2,1,1,1,2,1,1,1,1,1
"PTHR24011_SF37",1,1,1,1,1,1,1,1,1,1,1,1,1,1,1,1,1,1,1,1,1,1,1,1,1,1,1,1,1,1,1,1,1,1,1,1,1,1,1,1,1,1,1,1,1
"PTHR24011_SF67",2,1,4,3,2,1,1,1,1,1,1,1,1,3,2,2,2,1,2,1,1,1,1,2,1,1,2,4,1,3,1,3,1,2,1,2,2,1,4,1,2,1,1,1,1
"PTHR24012_SF242",2,2,2,4,2,2,2,2,2,3,2,2,2,3,4,3,2,2,2,2,2,4,3,2,2,2,2,3,1,2,2,6,2,2,2,1,3,2,2,2,2,1,2,2,3
"PTHR24012_SF247",1,0,0,0,2,1,0,0,0,3,1,0,1,0,1,0,1,0,0,0,0,0,0,1,0,3,0,1,0,0,0,0,0,1,0,1,0,0,0,0,0,1,0,0,0
"PTHR24012_SF249",2,1,2,2,1,1,2,3,2,2,0,1,0,1,3,1,2,1,2,2,0,0,2,2,1,1,2,2,1,1,2,3,1,1,0,0,1,1,1,1,0,4,1,2,1
"PTHR24012_SF250",1,1,1,2,1,1,1,1,0,1,1,1,1,1,2,1,1,1,1,1,1,1,1,1,1,1,1,1,1,1,1,1,1,1,1,1,1,1,1,1,1,1,1,1,1
"PTHR24012_SF259",1,1,1,1,1,1,1,1,1,1,1,1,1,1,1,1,1,1,1,1,1,1,1,1,1,1,1,1,1,1,0,1,1,1,1,1,1,1,1,1,1,1,1,1,1
"PTHR24012_SF262",1,1,1,1,1,1,1,1,1,1,1,1,1,1,1,1,1,1,1,1,1,1,1,1,1,1,1,1,1,1,1,1,1,1,1,1,1,1,1,1,1,1,1,1,1
"PTHR24012_SF263",1,1,1,2,1,1,1,1,1,3,1,1,1,1,1,1,1,1,1,1,1,1,1,1,1,1,1,1,1,1,1,1,1,1,1,1,1,1,1,1,1,1,1,1,1
"PTHR24012_SF264",1,0,0,0,0,0,0,0,0,3,0,0,1,1,0,0,0,0,0,0,0,0,0,0,0,1,0,2,0,2,1,0,0,0,0,0,0,1,0,2,0,1,0,0,0
"PTHR24012_SF269",2,2,4,3,4,2,3,2,2,13,3,4,4,3,4,2,3,3,3,2,3,4,2,3,2,2,2,4,2,2,2,10,2,4,2,3,3,4,3,2,4,3,2,2,3
"PTHR24012_SF271",1,1,2,3,2,1,2,1,2,1,1,2,2,2,1,2,1,1,2,1,2,1,2,2,2,1,2,1,1,1,2,1,1,1,1,1,2,1,1,1,1,3,1,2,1
"PTHR24012_SF272",1,1,1,2,1,1,1,2,3,1,1,1,1,1,3,1,1,1,1,1,1,1,1,1,1,1,1,1,1,1,1,2,1,1,1,1,1,1,1,1,1,1,1,1,1
"PTHR24012_SF275",2,1,1,2,1,2,3,2,1,7,2,2,1,1,3,1,1,2,1,3,1,2,2,1,1,5,2,1,2,3,2,5,3,1,4,1,1,1,1,2,3,2,1,3,3
"PTHR24012_SF279",1,0,0,0,0,0,0,0,0,1,0,0,0,0,0,0,0,0,0,0,0,0,0,0,0,0,0,0,0,0,0,0,0,0,0,0,0,0,1,0,0,0,0,0,0
"PTHR24012_SF283",1,1,0,1,1,1,1,1,1,1,1,1,1,3,1,1,1,1,1,1,1,1,1,1,1,0,1,1,1,1,1,2,1,1,1,2,1,2,4,1,1,1,2,1,1
"PTHR24012_SF284",1,6,7,12,3,3,3,5,3,4,2,1,2,6,10,1,7,1,5,1,3,7,2,7,5,3,3,7,4,2,3,9,5,6,3,6,8,5,10,3,5,2,2,2,4
"PTHR24012_SF294",2,1,4,8,5,3,5,2,1,6,2,1,1,4,5,2,1,3,4,6,3,5,3,4,4,1,2,4,3,1,3,2,1,6,3,2,6,1,4,3,7,2,1,4,6
"PTHR24012_SF295",1,1,1,1,2,1,2,1,1,3,2,2,1,2,1,1,1,1,1,1,1,1,1,1,1,1,1,2,1,1,1,1,1,1,1,2,2,1,2,2,1,2,1,1,2
"PTHR24012_SF300",1,1,1,2,1,1,1,1,1,1,1,1,1,1,1,1,1,1,1,1,1,1,1,1,1,1,1,1,1,1,1,1,2,1,1,1,1,1,1,1,1,1,1,1,1
"PTHR24012_SF301",1,1,2,2,1,2,1,1,2,1,1,1,1,2,5,1,1,1,1,1,1,2,1,1,1,1,1,2,1,1,1,2,2,1,1,1,2,1,4,2,2,1,1,1,1
"PTHR24012_SF306",1,1,2,1,0,1,1,1,0,1,1,0,1,3,0,2,0,1,2,0,1,0,1,2,1,1,1,2,1,1,2,1,1,2,0,1,2,1,2,0,0,0,1,0,1
"PTHR24012_SF307",1,4,1,2,1,4,2,1,1,2,1,1,1,1,3,1,0,1,1,1,1,2,1,1,0,1,2,1,1,4,1,4,1,1,0,0,1,1,1,1,3,1,1,0,1
"PTHR24012_SF309",9,5,7,13,8,7,10,4,3,18,3,3,8,8,7,3,6,5,8,10,8,9,2,7,2,16,1,6,2,11,9,12,8,11,2,4,6,8,4,4,7,1,1,1,3
"PTHR24012_SF312",1,1,1,2,1,1,1,1,1,1,1,1,1,1,1,1,0,1,1,1,1,1,1,1,0,1,1,1,1,1,1,1,1,1,1,1,1,1,1,1,2,1,1,1,1
"PTHR24012_SF313",1,1,1,1,1,1,1,1,1,1,1,1,1,1,1,1,1,1,1,1,1,1,1,1,1,1,1,1,1,1,1,1,1,1,1,1,1,1,1,1,1,1,1,1,1
"PTHR24012_SF324",1,1,1,1,2,1,1,1,1,1,1,1,2,1,1,1,1,1,1,1,1,2,1,1,1,1,2,1,2,1,1,1,1,1,1,1,1,1,1,1,1,1,1,1,1
"PTHR24012_SF329",1,7,1,1,1,7,1,2,1,3,1,1,1,1,2,1,6,1,1,2,1,2,1,1,2,2,1,1,1,8,3,6,2,1,1,3,1,1,1,1,1,3,1,2,1
"PTHR24012_SF343",1,1,1,2,1,1,1,0,0,1,1,1,1,1,0,1,1,1,1,1,1,1,0,1,0,1,0,1,1,1,1,0,1,1,1,0,1,1,1,0,2,1,1,1,1
"PTHR24012_SF55",1,1,1,1,1,1,1,1,1,2,1,1,1,1,1,1,1,1,1,1,1,1,1,1,1,1,1,1,1,1,1,1,1,1,1,1,1,1,1,1,1,1,1,1,1
"PTHR24014",2,2,2,2,2,2,2,2,2,2,2,2,2,2,2,3,2,2,2,2,2,2,2,2,1,2,1,2,2,2,2,1,2,2,2,2,2,2,2,2,2,2,2,2,2
"PTHR24015",1,0,1,1,0,1,0,1,1,2,0,0,0,1,1,0,1,1,1,1,0,1,0,1,1,1,0,1,0,1,0,1,1,1,0,0,1,1,1,1,1,0,1,0,0
"PTHR24016",2,2,2,1,3,2,1,2,2,2,2,2,2,1,2,3,2,2,2,2,2,1,2,2,2,2,2,2,2,2,2,2,2,2,2,2,2,1,3,2,2,2,2,2,2
"PTHR24018",1,1,1,1,1,1,0,0,0,1,1,1,1,1,0,1,0,0,0,1,1,1,1,1,1,1,1,1,1,0,1,1,0,1,0,1,1,1,1,1,1,1,1,0,1
"PTHR24019_SF10",1,1,1,1,0,1,1,1,1,1,1,1,1,1,1,1,1,1,1,1,1,1,1,1,1,1,1,1,1,0,1,1,1,1,1,1,0,1,1,1,1,1,1,1,0
"PTHR24019_SF9",1,1,1,1,1,1,1,1,1,1,1,1,1,1,1,1,1,1,1,0,1,1,1,1,1,1,1,1,1,1,0,1,0,1,1,1,1,1,1,1,1,1,1,1,1
"PTHR24020",1,2,1,1,1,2,3,2,2,2,2,2,1,1,2,1,2,1,2,11,2,2,2,2,2,1,2,1,1,2,1,2,2,2,2,3,1,1,1,3,2,1,2,2,1
"PTHR24021",4,4,4,4,4,4,5,4,4,4,5,5,4,4,4,4,3,4,4,4,4,4,4,4,4,4,4,4,4,4,4,4,4,5,3,5,4,4,4,5,5,5,4,3,4
"PTHR24022_SF10",1,1,1,1,1,1,1,1,1,1,1,1,1,1,1,1,1,1,1,0,1,1,1,1,1,1,1,1,1,1,1,1,1,1,0,1,1,2,1,1,1,1,1,2,1
"PTHR24022_SF15",1,1,1,1,1,1,1,1,1,1,1,1,1,1,1,1,1,1,1,1,1,1,1,1,1,1,1,1,1,1,1,1,1,1,1,1,1,1,1,1,1,1,1,1,1
"PTHR24022_SF17",1,1,1,1,1,1,1,1,1,1,1,1,1,1,1,1,1,1,1,0,1,1,1,1,1,1,1,1,1,1,1,1,1,1,1,1,1,1,1,1,1,1,0,1,1
"PTHR24022_SF25",1,1,1,1,1,1,1,1,1,1,1,1,1,1,1,1,1,1,1,1,1,1,1,1,1,1,1,1,1,1,1,1,1,1,1,1,1,1,1,1,1,1,1,1,1
"PTHR24022_SF30",1,1,1,2,1,1,1,1,1,1,1,1,1,0,1,1,1,1,1,1,1,1,1,1,1,1,1,1,1,1,1,1,1,1,1,1,1,1,0,1,1,0,1,1,0
"PTHR24022_SF31",2,1,1,1,1,1,1,1,1,1,1,1,1,1,2,1,1,2,1,2,1,1,1,1,1,1,1,0,1,2,1,2,1,1,1,1,1,1,1,1,2,1,1,1,1
"PTHR24022_SF43",1,0,0,0,0,0,0,0,0,0,0,0,0,0,0,0,0,0,0,1,0,0,1,0,0,0,0,0,0,0,0,0,0,0,0,0,0,0,0,0,0,0,0,0,0
"PTHR24022_SF61",1,1,1,1,1,1,1,1,1,1,1,1,1,1,1,1,1,1,1,1,1,1,1,1,1,1,1,1,1,2,1,1,1,1,1,1,1,1,1,1,1,1,0,1,1
"PTHR24022_SF71",1,1,1,1,1,1,1,1,1,1,1,1,1,1,1,1,1,0,1,1,1,1,1,1,1,1,1,1,1,1,1,1,1,1,1,1,1,1,1,1,1,1,1,1,1
"PTHR24022_SF72",1,1,1,1,1,1,1,1,1,1,1,1,1,1,1,1,1,1,1,1,1,1,1,1,1,1,1,1,1,1,1,1,1,1,1,1,1,1,1,1,1,1,1,1,1
"PTHR24022_SF73",1,1,2,1,1,1,1,1,1,1,1,1,1,2,1,2,1,1,2,1,2,1,1,2,1,1,1,2,1,1,1,1,1,2,1,1,2,1,2,1,1,1,1,1,1
"PTHR24022_SF74",2,2,2,2,2,2,2,1,1,1,2,2,2,2,2,2,2,1,2,2,2,1,1,2,2,2,2,2,2,1,1,2,2,2,1,2,2,2,2,1,2,2,3,1,2
"PTHR24022_SF76",1,1,1,1,1,1,1,1,1,1,1,1,1,1,1,2,1,1,1,2,1,1,1,1,1,1,1,1,1,1,1,1,1,1,1,1,1,1,1,1,1,1,1,1,1
"PTHR24022_SF79",1,1,1,1,1,1,1,1,1,1,1,0,1,1,1,1,1,1,1,0,1,1,1,0,1,0,1,1,1,1,1,1,1,0,0,1,0,1,1,1,1,1,0,1,1
"PTHR24022_SF8",1,1,1,1,1,1,1,1,1,1,1,1,1,1,1,1,1,1,1,1,1,1,1,1,1,1,1,1,1,1,1,1,1,1,1,1,1,1,1,1,1,1,1,1,1
"PTHR24022_SF80",1,0,1,1,1,0,1,1,1,1,0,1,1,1,1,1,1,1,1,1,1,2,1,1,1,1,1,1,1,2,1,2,1,1,1,1,1,0,1,1,1,1,1,0,1
"PTHR24022_SF81",1,1,1,1,1,1,1,1,1,1,1,1,1,1,1,1,1,1,1,1,1,1,1,1,1,1,1,1,1,1,1,1,1,1,1,1,1,1,1,1,1,1,1,1,1
"PTHR24022_SF82",1,0,1,0,1,1,0,1,1,1,0,1,1,0,1,2,1,1,1,0,1,0,2,0,1,1,1,0,1,0,1,0,1,0,1,1,1,1,0,1,1,1,1,1,0
"PTHR24022_SF84",1,1,1,1,1,1,2,1,1,1,1,1,1,1,1,1,1,1,1,1,1,1,1,1,1,1,1,1,1,0,1,1,1,1,1,1,1,1,1,1,1,1,1,1,1
"PTHR24022_SF87",1,1,0,1,0,1,1,0,0,0,1,1,1,1,0,1,0,0,1,1,1,1,0,1,0,1,0,1,0,0,0,0,1,1,1,0,1,1,1,0,1,1,1,1,0
"PTHR24022_SF9",2,1,1,1,1,1,1,1,1,2,1,1,2,1,1,1,1,1,1,0,1,2,1,1,1,1,1,0,1,2,0,1,1,1,1,1,2,1,1,1,1,1,1,1,1
"PTHR24023_SF119",1,1,1,1,2,1,1,1,1,1,1,1,1,1,1,1,1,1,1,1,1,1,1,1,1,1,1,1,1,1,1,1,1,1,1,1,1,1,2,1,1,1,1,1,1
"PTHR24023_SF164",2,2,2,2,2,2,2,2,2,2,2,2,2,2,3,2,2,2,2,3,2,2,3,2,2,2,1,2,2,2,2,2,2,2,1,2,2,2,2,2,2,2,2,1,2
"PTHR24023_SF360",1,1,1,1,1,1,1,1,1,1,1,1,1,1,1,1,2,1,1,1,1,1,0,1,0,1,1,1,1,1,1,1,1,1,1,0,1,1,1,0,1,0,1,2,1
"PTHR24023_SF362",1,1,1,1,1,0,1,0,0,0,1,1,1,1,1,1,1,0,1,1,1,0,1,1,1,1,0,1,1,1,1,1,0,1,0,0,0,1,0,1,0,1,1,1,1
"PTHR24023_SF363",1,1,1,1,1,1,1,1,1,1,1,1,1,1,1,1,1,1,1,1,1,1,1,1,1,1,1,2,1,2,1,1,1,1,1,1,1,1,1,1,1,1,1,1,1
"PTHR24023_SF366",1,1,1,1,1,1,1,1,1,1,1,1,1,2,1,2,1,1,2,1,1,1,1,1,1,1,1,2,1,1,1,1,1,1,1,1,2,1,2,1,1,1,1,2,1
"PTHR24023_SF375",1,1,1,1,1,1,1,1,1,1,1,1,1,1,1,1,1,0,1,1,1,1,1,1,1,1,1,1,1,1,1,1,1,1,1,1,1,1,1,1,1,1,1,0,1
"PTHR24023_SF379",1,1,0,0,0,1,1,1,1,2,1,0,0,1,1,2,0,0,1,0,1,1,1,1,1,1,0,2,1,1,0,1,1,0,1,1,1,0,2,0,1,1,1,0,0
"PTHR24023_SF387",1,1,1,1,1,0,1,1,1,1,0,1,1,1,1,1,1,2,1,0,1,1,1,1,1,1,1,1,1,1,1,1,1,0,1,2,1,1,1,1,1,1,1,0,1
"PTHR24023_SF390",1,2,1,1,1,1,0,1,1,1,1,1,1,2,1,1,1,1,1,1,1,1,1,1,1,1,1,1,1,1,1,0,1,1,1,1,1,0,2,1,1,1,1,1,0
"PTHR24023_SF391",1,0,1,0,1,0,1,0,0,0,0,1,0,1,0,0,1,0,1,0,0,0,1,1,0,1,0,0,0,1,1,0,0,0,0,0,1,0,0,0,1,1,0,0,0
"PTHR24023_SF398",1,1,0,1,1,2,1,1,1,1,1,1,1,0,2,2,1,2,0,0,2,1,1,0,1,1,1,2,1,1,1,2,1,0,1,1,1,2,2,2,1,1,1,2,1
"PTHR24023_SF400",1,1,1,1,1,1,1,0,0,1,1,0,1,1,1,1,1,1,1,1,1,1,1,1,1,1,1,1,1,1,1,1,1,1,0,1,1,0,1,1,1,1,1,1,0
"PTHR24023_SF402",1,0,0,0,0,0,0,0,0,0,0,0,0,0,0,1,0,0,0,1,1,0,0,0,0,0,0,0,0,0,0,0,0,0,0,0,0,0,0,1,0,0,0,0,0
"PTHR24023_SF405",1,0,0,0,0,0,0,0,0,0,0,0,0,0,0,0,0,0,0,0,0,0,0,0,0,0,0,0,0,0,0,0,0,0,0,0,0,0,0,0,0,0,0,0,0
"PTHR24023_SF412",1,0,1,1,1,1,1,1,1,1,0,1,1,1,1,1,0,1,1,2,1,1,1,1,1,1,1,1,1,1,1,1,1,1,1,1,1,1,1,1,1,1,1,1,0
"PTHR24023_SF415",1,1,1,1,1,0,1,1,1,1,1,1,1,1,1,1,1,1,1,1,1,1,1,1,1,1,1,1,1,1,1,1,1,1,1,1,1,1,1,1,1,1,1,1,0
"PTHR24023_SF42",1,1,1,1,1,1,1,2,1,1,1,1,1,1,1,1,1,1,1,1,1,1,1,1,1,1,0,1,1,1,1,1,1,2,1,1,1,1,1,1,1,1,1,1,2
"PTHR24023_SF426",1,0,0,0,0,0,0,0,0,1,1,0,1,0,0,0,0,1,0,0,0,1,0,0,0,0,0,0,0,0,0,0,0,0,0,0,0,0,0,1,0,1,1,0,0
"PTHR24023_SF435",1,1,1,1,1,0,1,0,0,1,0,1,1,1,0,1,0,1,1,1,1,1,1,1,1,1,1,1,1,1,1,0,1,1,1,1,1,1,1,1,1,1,1,1,1
"PTHR24023_SF438",1,1,2,1,2,1,1,1,1,1,0,1,1,1,1,2,1,2,1,1,1,1,1,1,2,1,1,2,2,1,1,1,1,2,0,1,1,1,2,1,1,1,1,1,0
"PTHR24023_SF441",1,1,1,1,1,1,1,1,1,1,1,1,1,1,1,1,1,1,1,1,1,1,1,1,1,1,1,1,1,1,1,1,1,1,1,1,1,1,1,2,1,1,1,1,1
"PTHR24023_SF444",1,0,0,1,0,0,1,0,0,0,0,0,1,1,0,1,0,0,1,0,0,0,0,0,0,1,0,0,1,0,0,0,1,1,0,0,1,1,0,0,0,1,0,0,0
"PTHR24023_SF454",1,1,1,1,1,1,1,1,1,1,1,1,1,1,1,1,1,1,1,1,1,1,1,1,1,1,1,1,1,1,1,1,1,1,1,1,1,1,1,1,1,1,1,1,1
"PTHR24023_SF455",1,1,1,1,1,1,1,0,1,1,0,1,1,1,1,1,1,1,1,1,1,1,1,1,1,1,1,1,1,1,1,1,1,1,1,1,1,1,1,1,1,1,1,0,1
"PTHR24023_SF481",1,1,1,1,1,1,1,1,1,1,1,1,1,1,1,1,1,1,1,1,1,1,1,1,1,1,1,1,1,1,1,1,1,1,3,1,1,1,1,1,1,1,1,1,1
"PTHR24023_SF484",1,0,1,1,1,0,1,1,1,1,0,1,1,0,1,1,1,0,1,1,1,1,0,1,0,1,0,1,1,1,1,1,1,1,0,0,0,1,0,0,1,1,1,0,0
"PTHR24023_SF485",1,1,1,1,1,1,1,1,1,1,1,2,1,1,1,1,1,1,1,2,1,1,1,0,1,1,1,1,2,1,1,1,1,1,1,1,1,1,1,1,1,0,1,2,1
"PTHR24023_SF487",1,0,1,1,1,0,1,1,0,1,0,1,1,1,1,1,1,1,1,1,1,1,1,1,1,1,1,1,1,1,1,1,1,0,0,0,1,1,1,1,0,0,1,1,1
"PTHR24023_SF507",1,1,1,0,0,1,0,0,1,1,0,0,0,0,0,0,1,1,0,1,0,1,0,0,0,0,0,1,1,1,0,1,0,0,0,0,1,0,0,0,1,0,1,1,1
"PTHR24023_SF509",1,1,1,1,1,1,1,1,1,1,2,1,3,1,1,7,1,1,1,0,1,1,1,1,1,1,1,1,1,1,1,1,1,1,1,1,1,1,1,1,1,1,1,1,0
"PTHR24023_SF510",1,1,1,1,1,0,1,1,1,1,1,1,1,1,1,1,1,1,1,0,1,1,1,1,1,1,0,1,0,1,1,1,1,1,1,1,1,1,1,1,1,1,1,1,1
"PTHR24023_SF54",1,1,1,1,1,1,1,1,1,1,1,1,1,1,1,1,1,1,1,1,1,1,1,1,1,1,1,1,1,1,1,1,1,1,1,1,1,1,1,1,1,1,1,1,1
"PTHR24023_SF58",1,1,1,1,1,1,1,1,1,1,1,1,1,1,1,1,1,1,1,1,1,1,1,1,1,1,1,1,1,1,1,2,1,1,1,1,1,1,1,1,1,1,1,1,1
"PTHR24023_SF6",1,1,1,1,1,1,1,1,1,0,1,1,1,1,1,1,1,1,1,1,1,1,1,1,1,1,1,1,1,1,1,1,1,1,1,1,1,1,1,1,1,1,1,0,0
"PTHR24023_SF61",1,0,1,1,0,0,1,0,0,1,0,1,0,1,0,1,0,0,1,0,0,1,1,1,0,0,0,1,0,0,1,0,0,1,1,0,0,0,1,0,1,1,0,1,0
"PTHR24023_SF62",1,1,1,1,1,1,1,1,1,1,0,1,1,1,1,1,1,1,1,1,1,1,1,1,1,1,1,1,1,1,1,1,1,1,1,1,1,1,1,1,1,1,1,1,1
"PTHR24023_SF95",1,1,1,1,1,1,1,1,1,0,1,1,1,1,1,1,1,0,1,0,1,1,1,1,1,1,0,1,1,1,1,1,0,1,1,1,1,1,2,1,1,1,1,0,1
"PTHR24024_SF13",1,1,2,1,1,1,3,1,1,1,1,1,1,2,1,2,1,1,2,0,3,1,1,2,1,1,1,2,1,1,1,1,0,2,2,1,1,1,2,1,1,1,1,2,1
"PTHR24024_SF14",1,1,1,1,1,1,1,1,1,1,1,1,1,1,1,1,1,1,1,0,1,1,1,1,1,1,2,1,1,1,1,1,1,1,1,1,1,1,1,1,1,1,1,1,1
"PTHR24024_SF15",1,6,1,1,1,4,2,1,1,1,1,1,1,1,1,1,1,1,1,14,1,1,1,1,1,1,1,1,1,5,1,1,1,1,1,1,1,1,1,1,1,1,1,2,1
"PTHR24024_SF17",1,1,1,1,1,1,1,1,1,1,1,1,1,1,1,1,1,1,1,1,1,1,1,1,1,1,0,1,1,1,1,1,1,1,1,1,1,1,1,1,1,1,1,1,1
"PTHR24025",7,7,7,7,3,7,4,7,6,7,7,6,6,7,7,7,5,6,7,7,7,7,9,7,7,7,7,7,8,7,7,7,7,6,6,7,7,7,7,7,4,6,6,10,7
"PTHR24026_SF32",1,1,1,1,1,1,1,1,1,1,1,1,1,1,1,1,1,1,1,1,1,1,1,1,1,1,1,1,1,1,1,1,1,0,1,1,1,1,1,1,1,1,1,1,1
"PTHR24026_SF33",1,1,1,1,1,1,1,1,1,1,1,1,1,1,1,1,1,1,1,1,1,1,1,1,1,1,0,1,1,1,1,1,1,1,1,1,1,1,1,1,1,1,2,1,1
"PTHR24026_SF36",1,1,1,1,1,1,1,1,1,1,1,1,1,1,1,1,1,1,1,0,1,1,1,1,1,1,0,1,1,1,1,1,1,1,1,1,1,1,1,1,1,1,1,1,1
"PTHR24026_SF37",1,1,1,1,1,1,1,1,1,1,1,1,1,1,1,1,1,1,1,1,1,1,1,1,1,1,1,1,1,1,1,1,1,1,1,1,1,1,1,1,1,1,1,1,1
"PTHR24026_SF38",1,1,1,1,1,1,1,1,1,0,1,1,1,1,1,1,1,1,1,1,1,1,2,1,1,1,1,1,1,1,1,1,1,1,2,1,1,1,1,1,1,1,1,1,1
"PTHR24026_SF40",1,1,1,1,1,1,1,1,1,1,1,1,1,1,1,1,1,1,1,1,1,1,1,1,1,1,1,1,1,1,1,1,1,1,1,1,1,1,1,1,1,0,1,1,1
"PTHR24026_SF41",1,1,1,1,1,1,1,1,1,1,1,1,1,1,1,1,1,1,1,1,1,1,1,1,1,1,1,1,1,2,1,1,1,1,1,0,1,1,1,1,1,0,1,1,1
"PTHR24027_SF106",1,1,1,1,1,1,1,1,1,1,1,1,1,1,1,1,1,1,1,1,1,1,1,1,1,1,2,1,1,1,1,1,1,1,2,1,1,1,1,1,1,1,1,1,1
"PTHR24027_SF121",1,1,1,1,0,1,1,1,1,0,1,1,1,1,1,2,1,1,1,0,1,1,1,1,1,1,1,1,1,1,0,1,1,1,1,1,1,1,1,1,1,1,1,1,0
"PTHR24027_SF14",1,1,1,1,1,1,1,1,1,2,1,1,1,1,1,1,1,2,1,0,1,1,1,1,1,1,1,1,1,1,1,1,1,1,1,1,1,1,1,1,1,1,1,1,2
"PTHR24027_SF15",1,1,1,1,1,1,1,1,1,0,1,1,1,1,1,2,1,2,1,1,1,1,1,1,1,1,1,1,1,2,1,1,0,1,1,1,1,1,2,1,1,1,1,1,1
"PTHR24027_SF2",1,1,2,2,1,1,1,1,1,2,1,2,1,2,1,2,1,1,2,1,1,2,1,2,1,1,1,2,1,1,1,1,1,2,2,1,2,2,2,1,2,1,1,2,2
"PTHR24027_SF24",1,1,1,1,1,1,1,1,1,1,1,1,1,1,1,2,1,1,1,1,1,1,1,1,1,1,1,1,1,1,1,1,1,1,1,1,1,1,1,1,1,1,1,1,1
"PTHR24027_SF25",2,2,1,1,1,2,1,1,1,2,2,1,1,1,1,1,1,1,1,1,1,1,1,1,1,1,2,1,1,2,1,1,1,1,1,1,1,1,1,2,1,1,1,1,2
"PTHR24027_SF252",2,1,1,1,2,1,1,1,1,3,1,1,1,1,1,1,1,1,1,1,1,1,1,1,1,2,1,1,1,1,1,1,1,1,1,1,1,1,1,1,1,1,1,1,2
"PTHR24027_SF255",1,2,1,1,1,1,1,1,2,1,1,1,2,1,1,2,1,2,1,1,1,2,2,1,2,1,1,2,1,1,1,2,1,1,1,1,1,1,1,1,1,2,1,1,1
"PTHR24027_SF257",1,1,0,0,1,0,1,1,1,1,1,1,1,1,1,2,1,1,1,1,1,1,1,0,1,1,0,1,1,1,1,1,0,0,0,1,0,0,1,0,0,1,1,0,1
"PTHR24027_SF267",1,1,1,1,1,1,1,1,1,0,1,1,1,1,1,1,1,1,1,1,1,1,1,1,1,1,1,1,1,1,1,1,1,1,1,1,1,1,1,1,1,1,1,1,1
"PTHR24027_SF272",1,1,1,1,1,1,1,1,1,1,1,1,1,1,1,1,1,1,1,1,1,1,1,1,1,1,1,1,1,1,1,1,1,1,1,1,1,1,1,1,1,1,1,2,1
"PTHR24027_SF277",1,1,1,1,1,1,1,1,1,1,1,1,1,1,1,1,1,1,1,1,1,1,1,1,1,1,1,1,1,1,1,2,1,1,1,1,1,2,1,1,1,1,1,1,1
"PTHR24027_SF286",1,1,1,1,1,1,1,1,1,1,1,1,1,1,1,1,1,1,1,1,1,1,1,1,1,1,1,1,1,1,1,1,1,1,1,1,1,1,1,1,1,1,1,1,1
"PTHR24027_SF289",1,1,1,1,1,1,1,1,1,1,1,1,1,1,1,1,1,1,1,1,1,1,1,1,1,1,1,1,1,1,1,1,1,1,1,1,1,1,2,1,1,1,1,1,1
"PTHR24027_SF290",2,1,2,2,3,1,2,1,1,1,1,2,1,1,2,1,1,1,1,2,1,1,1,2,1,1,2,1,2,1,1,2,1,2,1,1,1,1,1,1,2,1,1,1,1
"PTHR24027_SF292",1,1,1,1,1,1,1,1,1,1,1,1,1,1,1,1,1,1,1,2,1,1,1,1,1,1,1,1,1,1,1,1,1,1,1,1,1,1,1,1,1,1,1,1,1
"PTHR24027_SF293",1,2,2,2,2,2,1,2,2,2,2,2,2,2,1,2,2,2,2,1,2,2,2,2,2,2,2,2,1,2,2,2,2,1,2,3,2,2,2,2,3,2,2,2,2
"PTHR24027_SF294",1,1,1,1,1,1,1,1,1,1,1,1,0,1,1,1,1,1,1,1,1,1,1,1,1,1,1,1,1,1,1,1,1,1,1,1,1,1,1,1,1,1,1,1,1
"PTHR24027_SF30",1,1,1,1,1,1,1,1,1,1,1,1,1,1,2,1,1,0,1,1,1,1,1,1,1,1,1,1,1,1,1,1,1,1,1,1,1,1,1,1,1,1,1,1,1
"PTHR24027_SF67",1,1,1,1,1,1,1,1,0,1,1,1,1,1,1,1,1,1,1,1,1,1,1,1,1,1,1,1,1,1,1,1,1,1,1,1,1,1,1,1,0,1,1,1,1
"PTHR24027_SF78",1,1,1,1,1,1,1,0,0,0,1,1,1,2,0,1,0,0,1,1,1,1,1,1,1,1,1,0,0,1,0,0,1,1,1,1,1,1,1,1,0,0,1,1,1
"PTHR24027_SF79",1,1,1,1,1,1,1,1,1,1,1,1,1,1,1,1,1,1,1,1,1,1,1,1,1,1,1,1,1,1,1,1,1,1,1,1,1,1,1,1,1,1,1,2,1
"PTHR24027_SF80",2,1,1,1,1,1,1,1,1,1,1,1,1,1,1,1,1,1,1,1,1,1,1,2,1,1,1,1,1,1,1,1,1,1,1,1,1,1,1,1,1,1,1,1,1
"PTHR24027_SF81",1,1,1,1,1,1,1,1,1,1,1,1,1,1,1,2,1,1,1,0,1,1,1,1,1,1,1,1,1,1,0,1,1,1,1,1,1,1,1,1,1,1,1,1,1
"PTHR24027_SF84",1,1,1,1,1,1,1,1,1,1,1,1,1,1,1,1,1,2,1,1,1,1,1,1,1,1,1,1,1,1,1,1,1,1,1,1,1,1,1,1,1,1,1,1,1
"PTHR24027_SF85",2,2,2,2,2,2,2,2,4,2,2,2,2,2,2,2,2,2,2,2,2,2,2,2,2,2,3,2,2,2,2,2,2,2,2,2,2,2,2,2,2,2,2,3,2
"PTHR24027_SF88",1,1,1,1,1,1,1,1,1,1,1,1,1,1,1,1,1,1,1,1,1,1,1,1,1,1,1,1,1,1,2,1,1,1,1,0,1,1,1,1,1,1,1,1,1
"PTHR24027_SF89",1,1,1,1,1,1,1,1,1,1,1,1,2,1,1,1,1,1,1,1,1,1,1,1,1,1,1,1,1,1,1,1,1,1,1,1,1,1,1,1,1,1,1,2,1
"PTHR24027_SF91",1,1,1,1,1,1,1,1,1,1,1,1,1,1,1,1,0,1,1,1,1,1,1,1,1,1,2,1,1,1,1,1,1,1,1,1,1,1,1,1,1,1,1,1,1
"PTHR24027_SF99",1,2,1,1,1,1,1,1,1,1,1,1,1,1,1,1,1,1,1,1,1,1,1,1,1,1,2,1,1,1,1,1,1,1,1,1,1,1,1,1,1,1,1,1,1
"PTHR24028_SF0",1,1,1,1,1,1,1,1,1,1,1,1,1,1,1,1,1,1,1,1,1,1,1,1,1,1,1,1,1,1,1,1,1,1,1,1,1,1,1,1,1,1,1,1,1
"PTHR24028_SF1",1,1,1,1,1,1,1,1,1,1,1,1,1,1,1,1,2,1,1,1,1,1,1,1,1,1,1,1,1,1,0,1,1,1,1,1,1,1,1,1,1,1,1,2,1
"PTHR24028_SF10",1,1,1,1,1,1,1,1,0,1,1,1,1,1,1,1,1,1,1,1,1,1,1,1,1,1,1,1,1,1,1,1,1,1,1,1,1,1,1,1,1,1,1,1,1
"PTHR24028_SF106",1,0,1,0,1,2,0,0,1,1,2,1,2,0,0,2,0,0,0,1,0,0,2,0,1,1,0,0,1,0,2,1,0,0,0,0,1,0,0,2,0,3,0,0,3
"PTHR24028_SF107",1,0,1,0,0,1,1,0,1,0,1,0,1,0,1,1,0,0,0,0,0,0,1,0,1,1,1,1,0,0,0,0,1,1,0,1,0,0,0,1,0,1,1,0,0
"PTHR24028_SF108",1,0,0,0,1,0,0,0,1,1,1,0,0,0,0,1,0,1,0,0,0,0,1,0,1,0,0,0,1,1,1,0,1,0,0,0,1,0,1,1,0,0,0,0,0
"PTHR24028_SF109",1,0,1,0,1,2,0,1,1,1,1,0,0,1,1,1,0,1,1,3,0,0,1,1,1,0,1,1,0,1,1,2,0,1,3,0,1,0,0,1,0,0,0,4,1
"PTHR24028_SF11",1,1,1,1,1,1,1,1,1,1,1,1,1,1,1,1,1,1,1,1,1,1,1,1,1,1,0,1,1,1,1,1,1,1,1,1,1,1,1,1,1,1,1,1,1
"PTHR24028_SF19",1,0,1,1,0,0,1,0,0,1,0,1,1,1,0,1,1,1,0,0,1,1,1,0,0,0,1,1,0,0,1,0,0,1,14,1,1,1,0,1,0,0,0,8,0
"PTHR24028_SF40",1,1,1,1,1,0,1,1,1,1,1,1,1,1,1,1,1,1,1,1,1,1,1,1,1,1,0,1,1,1,1,1,1,1,1,1,1,1,1,1,1,1,1,1,1
"PTHR24028_SF41",1,1,1,1,1,1,1,1,1,1,1,1,1,1,1,1,1,1,1,1,1,1,1,1,1,1,1,1,1,1,1,1,1,1,1,1,1,1,1,1,1,1,1,1,1
"PTHR24028_SF42",1,1,1,1,1,1,1,0,1,1,1,1,1,1,1,1,1,1,1,1,1,1,1,1,1,1,1,1,1,1,1,1,1,1,1,1,1,1,1,1,1,1,1,1,1
"PTHR24028_SF46",1,1,1,1,2,1,1,1,1,2,1,1,1,1,1,1,1,1,1,1,1,1,1,1,1,2,1,1,1,1,1,1,1,1,2,1,1,1,1,1,1,1,1,1,1
"PTHR24028_SF54",1,0,0,0,0,1,1,1,1,1,0,1,1,1,0,3,1,1,0,0,1,1,1,1,1,0,1,2,0,1,1,1,1,0,0,0,1,1,2,0,1,0,0,0,0
"PTHR24028_SF55",1,1,1,1,0,1,1,1,2,1,0,1,1,1,1,1,1,0,1,0,1,1,3,1,1,0,0,1,1,1,1,1,0,1,0,1,0,1,1,3,1,2,0,0,0
"PTHR24028_SF61",1,0,1,0,0,1,1,0,0,0,1,1,1,0,1,1,1,1,0,1,1,0,1,0,0,0,1,0,0,0,0,1,1,1,0,0,1,1,1,0,1,0,1,0,0
"PTHR24028_SF64",1,0,1,1,0,1,0,1,0,0,1,1,1,1,0,1,1,1,1,1,1,0,6,0,3,0,3,1,0,0,1,3,1,1,0,3,1,1,1,5,1,0,1,0,1
"PTHR24028_SF67",1,0,1,0,0,3,0,1,2,0,1,1,2,1,1,2,1,1,1,0,1,1,2,1,2,0,0,1,0,1,2,1,1,1,0,1,2,1,1,1,0,2,1,0,1
"PTHR24028_SF69",1,0,1,1,1,1,0,1,1,0,1,1,1,1,1,1,0,0,1,0,1,0,1,0,0,0,0,0,0,1,0,1,0,0,0,1,1,1,1,1,1,1,0,0,1
"PTHR24028_SF72",1,1,1,1,1,1,1,1,0,1,0,1,1,0,1,1,0,0,0,0,1,1,1,1,0,0,1,0,1,0,1,1,1,0,0,1,1,1,1,1,1,0,1,0,1
"PTHR24028_SF73",1,1,0,0,1,2,1,1,1,1,2,0,1,0,1,2,1,0,0,1,1,0,2,0,1,0,0,1,1,0,2,2,0,0,1,0,1,0,0,2,1,1,0,4,2
"PTHR24028_SF76",1,0,0,1,1,3,1,0,0,0,0,1,0,1,0,2,0,0,1,1,1,2,2,1,1,0,1,1,1,0,1,0,2,0,0,0,2,0,0,1,1,1,1,0,0
"PTHR24028_SF77",1,0,0,0,1,0,0,1,1,1,1,0,0,0,1,2,1,1,0,1,1,0,1,0,1,0,1,0,1,0,0,1,0,0,0,0,1,1,1,1,0,0,1,0,0
"PTHR24028_SF80",1,1,1,1,1,1,1,0,1,0,1,1,1,1,1,2,1,1,1,1,1,1,2,1,1,0,1,1,1,0,1,1,1,1,0,1,1,1,1,0,1,1,1,3,2
"PTHR24028_SF81",1,0,1,1,1,1,0,1,0,0,1,1,1,0,0,1,0,0,2,0,0,1,1,1,0,1,0,1,0,1,0,1,1,1,0,0,1,1,1,1,1,0,1,0,1
"PTHR24028_SF82",1,1,0,0,1,1,1,0,1,1,1,1,1,0,0,1,1,0,0,0,0,1,4,1,1,0,0,0,0,0,1,1,0,0,0,1,1,0,0,2,0,0,0,0,1
"PTHR24028_SF88",1,1,1,0,1,1,1,1,1,1,1,1,1,0,1,1,1,1,1,1,1,0,1,1,1,1,1,0,1,1,1,1,1,1,0,1,1,1,1,1,0,1,0,1,1
"PTHR24028_SF9",1,1,1,1,1,1,1,1,1,1,1,1,1,1,1,1,1,1,1,1,1,1,1,1,1,1,1,1,1,1,1,1,1,1,1,1,1,1,1,1,1,1,1,1,1
"PTHR24028_SF91",1,1,1,0,0,1,0,0,1,0,0,1,0,2,1,2,0,1,1,1,0,0,1,0,1,0,1,1,1,1,0,0,0,0,0,1,1,1,2,1,1,1,0,0,0
"PTHR24028_SF93",1,1,1,1,1,1,1,0,0,0,0,1,1,1,1,1,1,1,1,0,1,1,2,1,1,1,0,1,1,0,0,1,0,1,0,1,1,0,1,1,1,1,0,0,0
"PTHR24028_SF97",1,0,1,0,0,1,2,0,1,1,1,0,1,1,1,1,1,0,0,1,1,0,1,0,0,0,1,1,0,1,0,2,1,0,0,1,1,1,1,1,1,0,1,0,3
"PTHR24028_SF99",1,1,0,1,1,1,1,1,0,1,1,1,1,1,1,1,1,0,0,0,0,1,1,0,1,1,1,1,1,1,1,1,1,0,1,1,1,1,1,0,1,1,0,1,0
"PTHR24030",1,1,1,1,2,1,1,1,1,1,1,1,1,1,1,1,1,1,1,1,1,1,1,1,1,1,1,1,1,1,1,4,1,1,1,1,1,1,1,1,1,1,1,1,2
"PTHR24031_SF125",1,1,1,1,1,1,1,1,1,1,1,1,1,1,1,1,1,1,1,1,1,1,1,1,1,1,1,1,1,1,1,1,1,1,1,1,1,1,1,1,1,1,1,1,1
"PTHR24031_SF145",1,1,1,1,1,1,1,1,1,0,1,1,1,1,1,1,1,1,1,1,1,1,1,1,1,1,1,1,1,2,0,1,1,1,1,1,1,1,1,1,1,1,1,1,1
"PTHR24031_SF158",1,1,1,1,1,1,1,1,1,1,1,1,2,1,1,1,1,1,1,1,2,1,1,1,1,1,1,1,1,1,1,1,2,1,1,1,1,1,1,1,1,1,1,1,1
"PTHR24031_SF159",1,1,1,1,1,1,1,1,1,1,1,1,1,1,1,1,1,1,1,1,1,1,1,1,1,1,1,1,1,1,1,1,1,1,1,1,1,1,1,1,1,1,1,1,1
"PTHR24031_SF165",1,1,0,0,1,1,0,1,1,1,1,1,1,0,1,0,1,1,0,1,0,0,1,0,1,1,1,0,1,1,1,1,0,0,0,1,0,1,0,1,0,1,1,0,1
"PTHR24031_SF168",1,1,1,1,1,1,1,1,1,1,1,1,1,1,1,1,1,1,1,1,1,2,1,1,1,1,0,1,1,1,1,2,1,1,1,1,1,1,1,1,1,1,1,1,1
"PTHR24031_SF170",1,0,1,1,0,0,1,0,0,0,0,0,0,0,0,3,0,0,0,0,0,0,0,1,0,1,0,0,0,0,1,0,0,1,0,0,0,0,1,0,1,0,0,0,0
"PTHR24031_SF171",1,2,4,3,1,1,2,1,1,2,0,1,1,3,2,1,1,1,2,1,1,2,1,2,3,2,1,6,1,1,1,1,1,2,1,1,2,1,3,1,3,2,1,1,0
"PTHR24031_SF182",1,1,1,2,1,1,1,1,1,2,1,2,1,1,1,1,1,2,1,1,1,1,1,1,1,3,1,1,2,1,1,1,0,1,1,2,1,2,1,1,1,2,1,1,1
"PTHR24031_SF187",1,1,0,0,1,1,0,1,1,0,1,2,1,0,0,0,1,1,0,2,0,0,0,0,0,1,0,0,1,1,1,0,1,0,0,0,0,1,0,0,0,1,1,0,1
"PTHR24031_SF193",1,1,1,1,1,2,1,1,1,1,1,1,1,1,1,1,1,1,1,1,1,1,1,1,1,1,2,1,1,1,1,1,1,1,1,1,1,1,1,1,1,1,1,1,1
"PTHR24031_SF194",1,2,1,2,1,2,1,2,1,1,1,1,1,2,2,3,2,2,2,3,1,2,2,1,2,1,1,2,1,1,2,2,2,1,2,2,2,2,2,1,1,1,2,1,1
"PTHR24031_SF195",1,1,1,3,1,3,3,1,3,2,2,1,1,1,2,2,1,1,1,1,2,2,3,1,2,1,2,1,1,1,1,2,1,1,1,2,1,1,2,3,2,2,1,1,2
"PTHR24031_SF197",1,1,2,1,1,3,1,1,1,1,1,1,1,1,1,1,1,1,2,1,1,2,1,1,1,1,1,1,1,4,1,2,2,2,1,1,1,1,1,2,2,1,1,1,1
"PTHR24031_SF2",1,1,1,1,1,1,2,1,1,1,1,1,1,1,1,1,1,1,1,2,1,1,1,1,1,1,2,1,1,1,1,2,1,1,1,1,1,1,1,1,1,1,1,1,1
"PTHR24031_SF20",1,1,1,1,1,1,1,1,1,2,1,1,1,1,2,1,1,1,1,1,1,1,1,1,1,1,1,1,1,1,1,1,2,1,1,1,1,1,1,1,1,1,1,1,1
"PTHR24031_SF204",1,1,1,1,1,1,1,1,1,1,1,1,1,1,1,8,1,1,1,1,1,1,1,1,1,1,1,1,1,1,1,1,2,1,1,1,1,1,1,1,2,1,1,1,1
"PTHR24031_SF205",1,1,1,1,1,0,1,1,1,1,1,1,1,1,1,1,1,1,1,1,0,1,1,1,1,1,1,1,0,1,1,1,1,1,1,1,1,1,1,1,1,1,1,2,1
"PTHR24031_SF211",1,1,1,1,1,1,1,1,2,1,1,1,1,1,1,2,1,1,1,1,1,1,1,1,1,1,1,1,1,1,1,1,1,1,1,1,1,1,1,1,1,1,1,1,1
"PTHR24031_SF212",1,1,2,1,1,1,2,1,1,1,1,1,1,1,1,1,1,1,1,6,1,1,1,1,1,1,1,1,1,1,0,4,3,1,1,2,1,1,2,1,1,1,1,1,1
"PTHR24031_SF214",1,1,1,2,1,1,1,1,1,1,1,1,1,3,1,1,1,1,3,1,1,1,1,1,1,1,1,1,1,1,1,1,1,1,1,1,3,1,3,1,1,1,1,1,1
"PTHR24031_SF219",1,1,1,1,1,1,1,1,1,1,1,1,1,1,1,1,1,1,1,1,1,1,1,1,1,1,1,1,1,1,1,1,1,1,1,0,1,1,1,1,1,1,1,1,1
"PTHR24031_SF221",1,1,5,3,3,1,2,1,2,2,1,1,1,6,4,1,1,2,3,2,2,2,1,2,3,1,1,7,1,1,4,6,2,2,1,3,7,2,7,1,5,1,1,1,3
"PTHR24031_SF226",1,4,3,4,2,1,3,1,4,4,1,1,1,4,6,1,4,1,3,2,2,3,1,5,1,1,1,2,1,2,3,5,1,4,1,2,2,2,3,1,4,1,1,1,1
"PTHR24031_SF227",1,1,3,1,1,1,1,3,1,1,1,1,1,3,1,1,1,1,2,1,1,1,1,3,1,1,1,2,1,1,1,1,1,2,1,1,3,1,3,1,1,1,1,1,1
"PTHR24031_SF23",1,1,2,1,1,1,1,1,1,1,1,1,1,2,1,1,1,1,1,2,1,1,1,2,1,1,1,1,1,1,1,1,1,2,1,1,2,1,2,1,1,1,1,1,1
"PTHR24031_SF33",1,1,1,1,2,1,1,1,1,1,1,1,1,1,2,2,1,1,1,2,1,2,1,1,1,1,1,1,1,1,1,2,1,1,1,1,1,1,1,1,1,1,1,1,1
"PTHR24031_SF35",1,1,0,0,0,1,1,0,1,1,1,1,1,1,0,1,1,1,0,1,1,1,1,0,1,1,1,0,1,1,1,0,1,0,1,1,1,1,1,1,0,1,0,0,1
"PTHR24031_SF42",1,1,1,1,1,1,1,1,1,1,1,1,1,1,1,1,1,2,1,1,1,1,1,1,1,1,1,1,1,1,1,1,1,1,1,1,1,1,1,1,1,1,1,1,1
"PTHR24031_SF54",1,1,2,1,1,1,1,1,1,1,1,1,1,3,1,1,1,1,2,1,1,1,1,2,1,1,1,1,1,1,1,0,1,2,1,1,2,1,2,1,1,0,1,1,1
"PTHR24031_SF57",1,1,1,1,1,1,1,1,1,1,1,1,1,1,1,1,1,1,2,3,1,6,3,2,1,1,1,1,1,2,0,1,2,2,1,1,1,1,1,1,1,1,1,1,1
"PTHR24031_SF68",1,1,1,1,1,1,1,1,1,1,1,1,1,1,1,2,1,1,1,1,1,1,1,1,2,1,1,1,1,1,0,1,1,1,1,1,1,1,1,1,1,1,1,1,1
"PTHR24031_SF71",1,1,1,1,1,1,1,1,1,1,1,1,1,1,1,1,1,1,1,4,1,1,1,1,1,1,1,1,1,1,0,1,1,1,1,1,1,1,1,1,1,1,1,1,1
"PTHR24031_SF78",1,1,1,1,1,1,1,1,1,1,1,1,1,1,1,1,1,1,1,1,1,2,1,1,1,1,1,1,1,1,1,1,1,1,1,1,1,1,1,1,1,1,1,1,1
"PTHR24031_SF89",1,1,1,1,1,1,1,1,1,1,1,1,1,1,1,1,1,1,1,1,1,1,1,1,1,1,1,1,1,1,1,1,1,1,1,1,1,0,1,1,1,1,1,1,1
"PTHR24031_SF91",1,1,2,1,1,1,1,1,1,1,1,1,1,1,2,2,1,1,1,1,1,1,1,1,1,1,1,1,1,1,1,1,1,1,1,1,1,1,1,1,1,1,1,1,1
"PTHR24031_SF93",1,1,1,1,1,1,1,1,1,1,1,1,1,1,1,1,1,1,1,1,1,1,1,1,1,1,1,1,1,1,1,1,1,1,1,0,1,1,1,1,1,1,1,2,1
"PTHR24031_SF96",1,1,1,1,1,1,1,1,1,1,1,1,1,1,1,1,1,1,1,1,1,1,1,1,1,1,1,1,1,1,1,1,1,1,1,1,2,1,2,1,1,1,1,1,1
"PTHR24033_SF28",1,1,1,1,1,1,1,1,1,1,1,1,1,1,1,1,1,1,1,1,1,1,1,1,1,1,1,1,1,1,0,1,1,1,1,1,1,1,1,1,1,1,1,1,1
"PTHR24033_SF37",1,1,1,1,1,1,1,1,1,1,1,1,1,1,1,1,1,1,1,1,1,1,1,1,1,1,1,1,1,3,0,1,1,1,1,1,1,0,1,1,1,1,1,1,1
"PTHR24033_SF4",1,1,2,2,1,1,1,1,2,1,1,2,1,2,2,1,1,1,2,1,1,1,2,2,2,1,2,2,1,1,2,1,1,2,2,2,1,2,2,1,1,1,1,2,1
"PTHR24033_SF43",1,0,1,1,0,0,1,0,0,0,0,0,0,1,0,5,0,0,1,0,1,1,0,1,0,0,0,1,0,0,1,0,0,1,0,0,0,1,2,0,1,1,0,0,0
"PTHR24033_SF47",1,1,1,1,1,1,1,1,1,0,1,1,1,1,1,1,1,1,1,1,1,1,1,1,1,1,1,1,1,2,1,1,1,1,1,1,1,1,1,1,1,1,1,1,1
"PTHR24034_SF35",1,1,1,1,1,1,1,1,1,1,1,1,1,1,1,1,1,1,1,1,1,1,1,1,1,1,1,1,1,1,1,2,1,1,2,1,1,1,1,1,1,1,1,1,1
"PTHR24034_SF39",1,1,1,1,1,1,1,1,1,1,1,1,1,1,1,1,1,1,1,1,1,1,1,1,1,1,1,1,1,1,1,1,1,1,1,1,1,1,1,1,1,1,1,1,1
"PTHR24034_SF40",1,1,1,1,1,1,1,1,1,1,1,1,1,1,1,1,1,1,1,1,1,1,1,1,1,1,1,1,1,1,1,1,1,1,1,1,1,1,1,1,1,1,1,1,1
"PTHR24034_SF41",1,1,1,1,1,1,1,1,1,1,1,1,1,1,1,1,1,1,1,1,1,1,1,1,2,1,1,1,1,1,1,1,1,1,1,1,1,1,1,1,1,1,1,1,1
"PTHR24035_SF10",1,1,1,1,1,1,1,1,1,1,1,1,1,1,1,2,1,1,1,1,1,1,2,1,1,1,1,1,1,1,1,1,1,1,1,1,1,1,1,1,1,1,1,1,1
"PTHR24035_SF101",1,0,0,0,0,0,0,0,0,1,0,0,0,0,0,0,0,0,0,1,0,0,0,0,0,0,0,0,0,0,0,0,0,0,1,0,0,0,0,0,0,0,0,0,0
"PTHR24035_SF21",1,1,1,1,1,1,1,1,1,1,1,1,1,1,1,1,1,1,1,1,1,1,1,1,1,1,2,1,1,1,0,1,1,1,1,1,1,1,0,1,1,1,1,2,1
"PTHR24035_SF29",1,1,1,1,1,1,1,1,1,0,1,1,1,1,1,1,0,2,1,0,1,1,1,1,1,1,1,1,1,1,1,1,1,1,1,1,1,0,1,1,1,2,1,2,1
"PTHR24035_SF75",1,1,1,1,1,1,1,1,1,1,1,1,1,1,1,1,1,1,1,1,1,1,1,1,1,1,1,1,1,1,1,1,1,1,1,1,1,1,1,1,1,1,1,1,1
"PTHR24036",1,1,0,1,1,1,1,1,1,1,1,1,1,0,0,1,0,1,0,1,1,0,1,0,1,1,1,1,1,1,0,1,1,0,0,1,1,1,1,1,0,1,1,1,0
"PTHR24037",1,1,1,1,1,2,1,2,1,1,1,1,1,1,1,1,1,1,1,1,1,1,1,1,1,1,2,1,1,1,1,1,1,1,1,1,1,1,1,1,1,1,1,1,1
"PTHR24038_SF0",1,1,1,1,1,1,1,1,1,1,1,1,1,1,1,1,1,2,1,1,1,1,1,1,1,1,1,1,1,1,1,1,1,1,1,1,1,1,1,1,1,2,1,1,1
"PTHR24038_SF2",1,1,1,1,1,1,1,1,1,1,1,1,1,1,1,1,1,1,1,1,1,1,1,1,1,1,1,1,1,3,1,2,1,1,1,1,1,1,1,1,1,1,1,1,1
"PTHR24038_SF8",1,1,1,1,1,1,1,1,1,1,1,1,1,1,1,1,1,1,1,1,1,1,1,1,1,1,2,1,1,1,1,1,1,1,1,1,1,1,1,1,1,1,1,1,1
"PTHR24039",3,3,3,3,3,3,3,3,3,4,3,3,3,3,2,3,3,3,3,2,3,3,2,3,2,3,2,3,3,3,3,2,3,3,3,4,3,2,3,2,3,3,3,2,3
"PTHR24040",2,2,2,2,2,2,2,1,2,2,1,1,2,3,1,2,2,2,2,2,2,2,2,2,2,2,2,2,2,2,2,2,2,2,2,2,3,2,3,2,2,1,2,2,2
"PTHR24041",3,1,2,1,1,1,1,2,2,2,1,1,2,1,2,4,2,2,3,1,2,1,4,1,1,3,2,2,2,5,2,2,4,2,1,3,2,0,1,2,1,1,2,0,2
"PTHR24042",3,3,2,2,2,2,2,2,2,3,2,2,2,2,2,2,2,2,2,3,2,2,2,2,2,2,2,2,2,3,2,2,2,2,2,2,2,2,2,2,2,2,2,2,2
"PTHR24043",4,4,4,4,4,4,4,4,4,3,4,4,4,4,4,5,4,3,4,4,4,4,4,4,4,4,4,4,4,3,1,4,4,4,4,4,4,5,4,4,4,3,4,5,4
"PTHR24044_SF212",1,1,1,1,1,1,1,1,1,1,1,1,1,1,1,1,1,1,1,1,1,1,1,1,1,1,1,1,1,1,1,1,1,1,1,1,1,1,1,1,1,1,1,1,1
"PTHR24044_SF235",1,1,1,1,1,1,1,1,1,0,1,1,1,1,1,1,1,1,1,0,1,1,1,1,1,2,1,1,1,1,0,1,1,1,1,1,1,0,1,1,1,1,1,1,1
"PTHR24044_SF241",1,1,1,1,1,1,1,1,0,0,1,1,2,1,0,6,0,1,1,0,1,1,1,1,0,1,0,0,1,1,0,0,1,1,0,0,1,1,1,1,0,1,0,0,0
"PTHR24044_SF247",1,1,1,1,1,1,1,1,1,1,1,1,1,1,1,2,1,1,1,1,1,1,1,1,1,0,1,1,1,0,1,1,1,1,1,1,1,1,1,1,1,1,1,1,1
"PTHR24044_SF249",1,1,1,1,1,1,1,1,1,1,1,1,1,1,1,1,1,1,1,1,1,1,1,1,1,2,1,1,2,1,1,1,1,1,1,1,1,1,1,1,1,1,1,1,1
"PTHR24044_SF58",1,1,1,1,1,1,1,1,1,1,1,1,1,1,1,1,1,1,1,1,1,1,1,1,1,1,1,1,1,1,1,1,1,1,1,1,1,1,1,1,1,1,1,1,1
"PTHR24045",1,1,1,1,1,1,1,1,1,1,1,1,1,1,1,1,1,1,1,1,1,1,1,1,1,1,1,1,1,1,1,1,1,1,1,1,1,1,1,1,1,1,2,1,1
"PTHR24046",3,3,3,3,3,3,3,3,3,3,3,3,3,3,3,3,3,3,3,2,3,3,3,3,3,3,3,3,3,3,4,3,3,3,3,3,3,3,3,3,3,3,3,4,3
"PTHR24048_SF1",1,1,1,1,1,1,1,1,1,1,1,1,1,1,1,1,1,1,1,1,1,1,1,1,1,1,1,1,1,1,1,1,1,1,1,1,1,1,1,1,1,1,1,1,1
"PTHR24048_SF2",1,1,1,1,1,1,1,1,1,1,1,1,1,1,1,1,1,1,1,1,1,1,1,1,1,1,1,1,1,1,0,1,1,1,1,1,1,1,1,1,1,1,1,1,1
"PTHR24048_SF65",1,0,1,1,0,0,1,0,0,0,0,1,0,1,0,1,0,0,1,0,1,0,0,1,0,0,0,1,0,0,0,0,1,1,0,0,0,0,1,0,1,0,2,0,0
"PTHR24048_SF67",1,0,1,1,1,0,1,0,1,1,0,1,1,1,1,1,0,0,1,0,1,1,0,1,0,1,0,1,1,1,0,1,1,1,1,1,1,1,1,0,1,1,1,1,1
"PTHR24048_SF68",1,1,1,1,1,1,1,1,1,1,1,1,1,1,1,1,1,1,1,1,1,1,1,1,1,1,1,1,1,1,1,1,1,1,1,1,1,1,1,1,1,1,1,1,1
"PTHR24048_SF70",2,1,1,1,1,1,1,1,1,1,1,1,1,1,1,1,1,1,1,1,1,1,1,1,1,1,1,1,1,1,1,1,1,1,1,1,1,1,1,1,1,1,1,1,1
"PTHR24048_SF72",1,1,1,1,1,1,1,1,1,1,1,1,1,1,1,1,1,1,1,1,1,1,1,1,1,1,1,1,1,2,1,1,1,1,1,1,1,1,1,1,1,1,1,1,1
"PTHR24049",1,1,1,1,1,1,1,1,1,1,1,1,1,1,1,1,1,2,1,0,1,1,1,1,1,1,1,1,1,1,1,1,1,1,1,1,1,1,1,1,1,1,1,1,1
"PTHR24050",2,2,2,2,2,3,2,2,2,2,2,2,2,2,2,2,2,2,2,2,2,2,2,2,2,2,2,2,2,3,1,2,2,2,2,2,2,2,2,2,2,2,1,2,2
"PTHR24051",1,1,1,1,1,1,1,1,1,1,1,1,1,1,1,1,1,1,1,1,1,1,1,1,1,1,1,1,1,1,1,1,1,1,1,1,1,1,1,1,1,1,1,1,1
"PTHR24052",2,2,2,2,2,2,2,2,2,2,2,2,2,2,2,2,2,2,2,2,2,2,3,2,2,2,2,2,2,2,2,2,2,2,2,2,2,2,2,2,2,2,2,2,2
"PTHR24054",1,2,2,2,2,2,2,2,2,3,2,2,2,3,5,3,2,2,2,2,2,3,2,2,2,2,2,2,2,2,2,3,2,2,2,3,2,2,2,2,3,2,2,3,2
"PTHR24055_SF100",1,1,1,1,1,1,1,1,1,1,1,1,1,1,1,1,1,1,1,1,1,1,1,1,1,1,1,1,1,1,1,1,1,1,1,1,1,1,1,1,1,1,1,1,1
"PTHR24055_SF101",1,1,3,1,1,1,1,2,1,1,1,1,1,1,2,1,1,1,2,1,1,2,1,2,1,1,1,1,1,1,1,1,1,1,1,1,1,1,1,1,1,1,1,1,1
"PTHR24055_SF102",1,1,2,1,1,1,1,1,1,2,1,1,1,1,4,1,1,1,2,1,1,2,1,1,1,1,1,2,1,1,1,2,2,2,1,1,3,1,3,1,1,1,1,1,1
"PTHR24055_SF107",1,1,1,1,1,1,1,1,1,1,2,1,1,1,1,1,1,1,1,1,1,1,1,1,1,1,1,1,1,1,1,1,1,1,1,1,1,1,1,1,1,1,1,1,1
"PTHR24055_SF109",1,1,1,1,1,1,1,1,1,0,1,1,1,1,1,1,1,0,1,0,1,1,1,1,1,1,1,1,1,0,1,1,1,1,1,1,1,1,1,1,1,1,1,1,1
"PTHR24055_SF110",1,1,1,1,2,1,1,1,1,1,1,1,1,1,1,1,1,1,1,1,1,3,1,1,1,1,1,1,1,1,1,1,1,1,1,1,1,1,1,1,1,1,1,1,1
"PTHR24055_SF111",1,1,1,1,3,1,1,1,1,1,1,1,1,1,1,1,1,1,1,1,1,1,1,1,1,1,2,1,1,1,1,1,1,1,1,1,1,1,1,1,1,1,1,1,3
"PTHR24055_SF113",1,1,1,1,1,1,2,1,1,1,1,1,1,1,1,1,1,1,1,1,1,2,1,1,1,1,1,1,1,1,1,1,1,1,1,1,1,1,1,1,1,1,1,1,1
"PTHR24055_SF146",1,1,1,1,1,1,1,1,1,1,1,1,1,1,1,1,1,1,1,1,1,1,1,1,1,1,1,1,1,1,1,1,1,1,1,1,1,2,1,1,1,1,1,1,1
"PTHR24055_SF150",1,1,1,1,1,1,1,1,1,1,1,1,1,1,1,1,1,1,1,1,1,1,1,1,1,1,1,1,1,1,1,1,1,1,1,1,1,1,1,1,1,1,1,1,1
"PTHR24055_SF161",1,1,1,1,1,1,1,1,1,2,1,1,1,1,1,1,1,1,1,2,1,1,1,1,1,1,1,1,1,1,1,1,1,1,1,1,1,1,1,1,1,1,1,1,1
"PTHR24055_SF162",2,2,2,2,2,2,3,2,2,2,2,2,2,2,2,2,2,2,2,2,2,2,2,2,2,2,3,2,2,2,2,2,2,2,2,2,2,2,2,2,2,2,2,2,2
"PTHR24055_SF167",1,1,1,1,1,1,1,1,1,1,1,1,1,1,3,1,1,1,1,1,1,1,1,1,1,1,1,1,1,1,1,1,1,1,1,1,1,1,1,1,1,1,1,1,1
"PTHR24055_SF171",2,1,3,2,1,1,1,1,1,4,2,1,1,4,1,1,2,2,5,1,1,2,1,2,1,1,1,3,1,1,1,2,2,4,1,1,4,1,4,1,2,1,1,1,1
"PTHR24055_SF179",1,1,1,1,1,1,1,1,1,1,1,1,1,1,1,1,1,1,1,1,1,1,1,1,1,1,1,1,1,1,1,1,1,1,1,1,2,1,1,1,1,1,1,1,1
"PTHR24055_SF25",1,1,1,1,1,1,1,1,1,1,1,1,1,1,1,1,1,1,1,1,1,1,1,1,1,1,1,1,1,1,1,1,1,1,1,1,1,1,1,1,1,1,1,1,1
"PTHR24055_SF7",1,1,1,1,1,1,1,1,1,1,1,1,1,1,1,1,1,1,1,1,1,1,1,1,1,1,1,1,1,1,1,1,1,1,1,1,1,1,1,2,1,1,0,1,1
"PTHR24055_SF72",1,1,1,0,1,2,1,1,1,1,1,1,1,1,0,1,1,1,1,1,1,1,1,1,1,1,1,1,1,1,1,1,1,1,1,1,1,1,1,1,1,1,1,1,1
"PTHR24055_SF79",1,1,1,1,1,1,1,1,1,0,1,1,1,1,1,2,1,0,1,0,1,1,1,1,1,1,1,1,1,1,1,1,1,1,2,1,1,1,1,1,1,1,1,1,1
"PTHR24056_SF0",1,1,2,1,1,1,1,1,1,1,1,1,1,2,1,2,1,1,2,1,2,1,1,2,1,1,1,2,1,1,1,1,1,2,1,1,2,1,2,1,2,1,1,1,1
"PTHR24056_SF107",1,1,1,1,1,1,1,2,1,1,1,1,1,1,0,3,1,1,1,1,1,1,1,1,1,1,1,1,1,1,1,1,1,1,2,1,1,1,1,1,1,1,1,1,1
"PTHR24056_SF111",1,1,1,1,1,1,1,1,1,1,1,1,1,1,1,1,1,1,1,1,1,1,1,1,1,1,0,1,1,1,1,1,1,1,1,1,1,1,1,1,1,1,1,1,1
"PTHR24056_SF120",1,1,1,1,1,1,0,1,1,1,1,0,1,1,1,1,1,1,1,1,0,1,1,1,1,1,1,1,1,1,1,1,1,1,1,1,1,1,1,1,1,1,1,1,1
"PTHR24056_SF125",1,1,1,1,1,1,1,1,1,1,1,1,1,1,1,1,1,1,1,1,1,1,1,1,1,1,1,1,1,1,1,1,1,1,1,1,1,1,1,1,1,1,1,1,1
"PTHR24056_SF126",1,1,1,1,1,1,1,1,1,1,1,1,1,1,1,2,1,1,1,1,1,1,1,1,1,1,1,1,1,1,1,1,1,1,1,1,1,1,1,1,2,1,1,1,1
"PTHR24056_SF128",1,1,1,1,1,1,1,1,1,1,1,1,1,1,3,1,1,1,1,1,1,1,1,1,1,1,1,1,1,1,1,1,1,1,1,1,1,1,1,1,1,1,1,1,1
"PTHR24056_SF129",1,3,1,7,2,1,2,1,1,2,1,1,2,1,1,1,2,1,1,2,1,1,1,1,2,1,1,1,1,2,1,3,1,1,1,4,1,1,1,1,4,1,1,1,1
"PTHR24056_SF130",1,1,1,1,1,1,1,1,1,1,1,1,1,1,1,1,1,1,1,1,1,1,1,1,1,1,1,1,1,1,1,1,1,1,1,1,1,1,1,1,1,1,1,1,1
"PTHR24056_SF131",1,1,1,1,1,1,1,1,1,1,1,1,1,1,1,1,1,1,1,1,1,1,1,1,1,1,1,1,1,1,1,1,1,1,2,1,1,1,1,1,1,1,1,1,1
"PTHR24056_SF153",1,1,1,1,1,1,1,1,1,1,1,1,1,1,1,1,1,1,1,1,1,1,1,1,1,1,1,1,1,1,1,1,1,1,0,1,1,1,1,1,1,1,0,0,1
"PTHR24056_SF154",2,1,1,1,1,1,2,2,1,1,2,1,1,1,1,1,1,1,1,0,1,1,1,1,1,2,1,2,1,1,2,1,1,1,1,1,1,1,2,1,1,1,1,1,1
"PTHR24056_SF158",1,1,1,2,1,1,1,1,2,1,1,1,1,1,2,1,1,1,1,5,1,1,1,1,1,1,1,1,1,1,0,1,1,1,0,1,1,1,1,1,2,1,1,1,1
"PTHR24056_SF159",1,1,1,1,1,1,1,1,1,1,1,1,1,1,1,1,1,1,1,1,1,1,1,1,1,1,1,1,1,1,1,1,1,1,1,1,1,1,1,1,1,1,1,1,1
"PTHR24056_SF160",1,1,1,1,1,1,1,1,1,1,1,1,1,1,1,1,1,1,1,1,1,1,1,1,1,1,1,1,1,1,1,1,1,1,1,1,1,1,1,1,1,1,1,0,1
"PTHR24056_SF162",1,1,1,2,1,1,1,1,1,1,1,1,1,1,1,2,2,1,1,2,2,1,2,2,2,1,0,1,1,1,1,2,1,2,1,1,2,1,1,0,1,1,1,1,1
"PTHR24056_SF168",1,1,1,1,1,2,1,1,1,1,1,1,1,1,1,1,1,1,1,1,1,1,1,1,1,1,1,1,1,1,1,1,1,1,1,1,1,1,1,1,1,1,1,1,1
"PTHR24056_SF171",1,1,1,1,1,1,3,0,1,1,1,1,1,1,1,1,1,1,1,1,1,1,1,1,1,1,1,1,1,1,1,1,1,1,1,1,1,1,1,1,1,3,1,1,1
"PTHR24056_SF173",2,2,4,4,3,2,4,2,3,2,2,2,2,2,5,2,2,2,3,3,3,3,2,2,2,2,1,2,2,2,2,6,3,3,2,2,2,3,2,1,5,3,2,3,3
"PTHR24056_SF174",1,1,1,1,1,1,1,1,1,1,1,1,1,1,1,1,1,1,1,2,1,1,1,1,0,1,1,1,1,1,1,1,1,1,1,1,1,1,1,1,2,1,1,1,1
"PTHR24056_SF177",1,1,1,1,1,1,1,1,1,0,1,1,1,1,1,1,1,1,1,1,1,1,1,1,1,1,1,1,1,1,1,1,1,1,1,1,1,1,1,2,1,1,1,1,1
"PTHR24056_SF179",1,1,1,1,1,1,1,1,1,1,1,1,1,1,1,1,1,1,1,1,1,1,1,1,1,1,1,1,1,1,0,1,1,1,1,1,1,1,0,1,1,1,1,1,1
"PTHR24056_SF45",1,1,1,1,1,1,1,1,1,1,1,1,1,1,2,1,1,1,1,2,1,1,1,1,1,1,1,1,1,1,1,1,1,1,1,1,1,1,1,1,1,1,1,1,1
"PTHR24056_SF46",1,1,2,1,1,1,1,1,1,1,1,1,1,1,1,1,1,1,1,1,1,1,1,2,1,1,1,1,1,1,1,1,1,1,1,1,1,1,1,1,2,1,1,1,1
"PTHR24056_SF52",1,1,1,1,1,1,1,1,1,1,1,1,1,1,1,1,1,1,1,1,1,1,1,1,1,1,1,1,1,2,1,1,1,1,1,1,1,1,1,1,1,1,1,1,1
"PTHR24057",2,2,2,2,2,2,3,2,2,2,2,2,2,2,2,3,2,2,2,2,2,2,2,2,2,2,2,2,2,2,2,2,2,2,2,2,2,2,2,2,2,2,2,2,2
"PTHR24058_SF2",1,1,1,1,1,1,1,1,1,1,1,1,1,1,1,1,1,1,1,1,1,1,1,1,1,1,1,1,2,1,1,1,1,1,1,1,1,1,1,1,1,1,1,1,1
"PTHR24058_SF22",1,1,1,1,1,1,0,1,1,1,1,1,1,1,0,2,1,1,1,1,1,1,1,1,1,1,1,1,1,1,1,1,1,1,1,1,1,1,1,1,1,1,0,1,1
"PTHR24058_SF25",1,1,1,1,1,1,1,1,1,1,1,1,1,1,2,1,1,1,1,1,1,1,1,1,1,1,1,1,1,1,1,1,1,1,1,1,1,1,1,1,1,1,1,1,1
"PTHR24058_SF26",1,1,2,1,1,1,1,1,1,1,1,1,1,1,1,2,1,1,1,1,1,1,1,2,1,1,1,1,1,1,1,1,1,2,1,1,1,1,3,1,1,1,1,3,1
"PTHR24058_SF27",1,1,1,1,1,1,1,1,1,1,1,1,1,1,1,2,1,1,1,1,1,1,1,1,1,1,1,1,1,1,1,1,1,1,1,1,1,1,1,1,1,1,1,1,1
"PTHR24058_SF28",1,1,1,1,1,1,1,1,1,0,1,1,1,1,1,1,1,1,1,1,1,1,1,1,1,1,2,1,1,1,1,1,1,1,1,1,1,1,1,1,1,1,1,1,1
"PTHR24058_SF29",1,1,1,1,1,1,1,1,1,1,1,1,1,1,1,1,1,1,1,1,1,1,1,1,1,1,3,1,1,1,1,1,1,1,1,1,1,1,1,1,1,1,1,1,1
"PTHR24058_SF3",1,1,1,1,1,1,1,1,1,1,1,1,1,1,1,1,1,1,1,4,1,1,1,1,1,1,1,1,1,1,1,1,1,1,1,1,1,1,1,1,1,1,1,1,1
"PTHR24058_SF35",1,1,1,1,1,1,1,1,1,1,1,1,1,1,1,1,1,1,1,1,1,1,1,1,1,1,1,1,1,1,1,1,1,1,1,1,1,1,1,1,1,1,1,1,1
"PTHR24058_SF43",1,1,1,1,1,1,1,1,1,1,1,1,1,1,2,1,1,1,1,1,1,1,1,1,1,1,1,1,1,1,1,1,1,1,1,1,1,1,1,1,1,1,1,1,1
"PTHR24058_SF45",1,1,1,1,1,1,1,1,1,1,1,1,2,1,1,1,1,1,1,1,1,1,1,1,1,1,1,1,1,1,1,1,1,1,1,1,1,1,1,1,1,1,1,1,1
"PTHR24058_SF46",1,1,1,1,1,1,1,1,1,1,1,1,1,1,1,1,1,1,1,1,1,1,1,1,1,0,1,1,1,1,1,1,1,1,1,1,1,1,1,1,1,1,1,1,1
"PTHR24058_SF51",1,1,1,1,1,1,1,1,1,1,1,1,1,1,1,1,1,1,1,1,1,1,1,1,1,1,1,1,1,1,1,1,1,1,1,1,1,1,1,1,1,1,1,1,1
"PTHR24060",8,8,8,9,8,10,9,8,10,13,9,8,8,8,8,8,9,10,8,10,8,8,8,8,9,8,9,9,9,12,10,8,9,8,11,8,8,8,8,8,8,8,8,10,9
"PTHR24061_SF1",1,0,0,0,0,0,0,1,1,1,1,1,0,0,1,0,1,1,0,0,0,0,8,0,2,1,3,0,0,1,2,1,1,0,1,2,0,0,0,3,0,0,1,1,0
"PTHR24061_SF2",1,1,1,1,1,1,1,1,1,1,1,1,1,1,1,1,1,1,1,0,1,1,1,1,1,1,1,0,1,1,0,1,1,1,1,1,1,1,1,1,1,1,1,1,1
"PTHR24061_SF3",1,1,1,1,1,1,1,1,1,1,1,4,0,1,1,1,1,1,1,1,1,1,1,1,1,1,1,1,1,1,1,1,1,1,1,1,1,0,1,1,1,1,1,2,1
"PTHR24061_SF358",1,1,1,1,1,1,1,1,1,1,1,1,1,1,1,1,1,1,1,1,1,1,1,1,1,1,1,1,1,1,1,1,1,1,1,1,1,1,1,1,1,1,1,1,1
"PTHR24061_SF421",1,1,1,1,1,1,1,1,1,1,1,1,1,1,1,1,1,1,1,0,1,1,1,1,1,0,1,1,1,1,1,1,1,1,1,1,1,1,1,1,1,1,1,1,1
"PTHR24061_SF426",1,1,0,0,0,0,0,8,23,39,5,2,0,0,5,0,0,4,0,0,0,0,83,0,4,0,24,0,0,0,45,3,1,0,0,49,0,0,0,66,0,5,0,0,0
"PTHR24061_SF5",1,0,1,1,1,0,1,1,0,1,1,1,1,1,1,1,1,1,1,1,1,1,1,1,1,1,1,2,1,0,1,0,1,1,0,1,1,1,1,1,1,1,1,1,1
"PTHR24062",12,36,2,2,10,4,11,8,4,30,33,33,25,6,3,4,11,32,2,0,0,1,238,2,8,4,72,2,11,31,124,3,28,2,15,88,5,14,3,107,0,22,0,15,9
"PTHR24063_SF13",1,1,1,1,1,1,1,1,1,13,1,1,1,1,1,1,1,1,1,1,1,1,1,1,1,1,1,1,1,1,1,1,1,1,1,1,1,1,1,1,1,1,1,1,1
"PTHR24063_SF14",1,1,1,1,1,1,1,1,1,1,1,1,1,1,1,2,1,1,1,1,1,1,1,1,1,1,1,1,1,1,1,1,1,1,1,2,1,1,1,1,1,1,1,1,1
"PTHR24063_SF289",1,1,1,1,1,1,1,1,1,1,1,1,1,1,1,1,1,1,1,1,1,1,1,1,1,1,1,1,1,1,1,1,1,1,1,2,1,1,1,1,1,1,1,3,1
"PTHR24063_SF303",1,1,1,1,1,1,1,1,1,1,1,1,1,1,1,1,1,1,1,1,1,1,1,1,1,1,1,1,1,1,1,1,1,1,1,1,1,1,2,1,1,1,1,1,1
"PTHR24063_SF304",1,2,0,0,1,1,0,2,3,2,1,1,1,0,1,0,2,1,0,1,0,1,1,0,1,1,1,0,0,1,1,1,1,0,1,1,0,1,0,2,0,1,1,1,1
"PTHR24063_SF309",1,2,1,1,1,2,1,1,1,0,1,1,1,1,1,1,1,1,1,0,1,1,1,1,1,1,1,1,1,2,1,1,1,1,1,1,1,1,1,1,1,1,1,1,1
"PTHR24063_SF47",1,1,1,1,1,1,1,1,1,1,1,1,1,1,1,2,1,1,1,1,1,1,1,1,1,1,1,1,1,1,0,1,1,1,1,1,1,1,1,1,1,1,1,1,1
"PTHR24063_SF49",1,1,1,1,1,1,1,1,1,1,1,1,1,1,1,1,1,1,1,1,1,1,1,1,1,1,2,1,1,1,1,1,1,1,1,1,1,1,1,1,1,1,1,2,1
"PTHR24063_SF5",1,1,1,0,1,1,0,1,1,1,1,1,1,1,1,4,1,1,1,1,1,1,0,1,0,1,0,1,1,1,2,1,1,1,0,0,1,1,1,0,0,1,1,0,1
"PTHR24063_SF8",1,1,1,1,1,1,1,1,1,1,1,1,1,1,1,1,1,0,1,1,1,1,1,1,1,1,2,1,1,1,1,1,1,1,1,1,1,1,1,1,1,1,1,1,1
"PTHR24063_SF91",1,1,1,1,1,1,1,1,1,1,1,1,1,1,1,1,1,1,1,1,1,1,1,1,1,1,1,1,1,1,1,1,1,1,1,1,1,1,1,1,1,1,1,1,1
"PTHR24063_SF93",1,1,1,1,1,1,1,1,1,1,1,1,1,1,1,1,1,1,1,1,1,1,1,1,1,1,1,1,1,1,1,1,1,1,1,0,1,1,1,1,1,1,1,1,1
"PTHR24064_SF130",1,1,1,1,1,1,1,1,1,0,0,1,1,1,1,1,1,1,1,0,1,1,2,1,1,1,1,1,1,0,0,1,1,1,1,1,1,1,1,1,1,1,1,1,1
"PTHR24064_SF172",1,1,1,1,1,1,1,1,1,1,1,1,1,1,1,1,1,1,1,1,1,1,1,1,1,1,2,1,1,1,1,1,1,1,1,1,1,1,1,1,1,1,1,1,1
"PTHR24064_SF173",1,1,1,1,1,1,1,1,1,1,1,1,1,1,1,1,1,1,1,1,1,1,1,1,1,1,1,1,1,1,1,1,1,1,1,1,1,1,1,1,1,1,1,2,1
"PTHR24064_SF175",1,1,1,1,1,1,1,1,1,1,1,1,1,1,1,1,1,1,1,1,1,1,1,1,1,1,0,1,1,1,1,1,1,1,1,1,1,1,2,1,1,1,1,1,1
"PTHR24064_SF183",1,0,0,0,1,0,0,0,0,0,0,0,0,0,0,0,0,0,0,0,0,0,0,0,0,1,0,0,1,0,0,0,0,0,1,0,0,0,0,0,0,0,0,0,1
"PTHR24064_SF192",1,1,1,1,1,1,1,1,1,1,1,1,1,1,1,1,1,1,1,1,1,1,1,1,1,1,1,1,1,1,1,1,1,1,1,1,1,1,1,1,1,1,1,1,1
"PTHR24064_SF196",1,1,1,1,1,1,1,1,1,0,0,0,1,1,0,1,0,1,1,1,1,0,0,1,0,1,0,1,0,1,0,0,0,1,1,0,1,1,1,0,1,0,1,1,0
"PTHR24064_SF198",1,0,1,1,1,1,1,1,1,1,1,1,1,1,1,1,1,1,1,1,1,0,2,1,1,1,1,1,1,0,0,1,1,1,0,2,0,1,1,2,1,1,1,1,1
"PTHR24064_SF205",1,2,1,1,1,2,1,1,1,4,2,2,1,1,1,1,2,2,1,1,1,1,2,1,2,1,2,1,1,2,2,1,1,1,3,2,1,1,1,2,1,1,1,6,1
"PTHR24064_SF206",1,1,1,1,1,1,1,0,0,0,1,1,1,1,0,1,0,1,1,1,1,1,1,1,1,1,1,1,1,1,1,0,1,1,1,0,1,1,1,0,1,1,1,1,1
"PTHR24064_SF214",1,1,1,1,1,1,2,1,0,1,2,1,1,1,1,1,1,1,1,0,1,1,1,1,1,1,1,1,1,1,1,1,1,1,2,1,1,1,1,1,1,1,1,2,1
"PTHR24064_SF216",1,1,1,1,1,1,1,1,1,1,1,1,1,1,1,1,1,1,1,1,1,1,1,1,1,1,1,1,1,1,1,1,1,1,1,1,1,1,1,1,1,1,1,1,1
"PTHR24064_SF217",2,2,1,1,2,3,0,0,0,1,4,2,2,1,0,1,1,1,0,2,0,0,6,0,3,1,2,0,1,3,4,0,0,0,0,6,1,2,1,3,1,3,1,0,2
"PTHR24064_SF33",1,1,1,1,0,1,1,1,1,1,1,1,1,1,1,1,1,2,1,1,1,1,1,1,1,1,1,1,1,1,1,1,1,1,1,1,1,1,1,1,1,1,1,1,0
"PTHR24064_SF34",1,1,1,1,1,1,1,1,1,1,1,1,1,1,1,1,1,1,1,1,1,1,1,1,1,1,1,1,1,1,1,1,1,1,2,1,1,1,1,1,1,1,1,2,1
"PTHR24064_SF38",1,5,0,1,1,2,1,0,0,0,1,1,1,1,0,1,0,1,0,0,0,0,1,0,0,1,0,1,1,4,0,0,0,0,0,0,1,0,1,0,1,3,1,0,1
"PTHR24064_SF39",1,1,1,1,1,1,1,1,0,1,1,1,1,1,1,1,0,1,2,0,1,0,0,1,0,1,0,1,1,1,0,0,1,1,0,1,1,1,1,0,1,1,1,0,1
"PTHR24064_SF46",1,1,0,1,1,1,1,1,1,0,1,1,1,1,1,0,1,1,1,1,0,1,1,0,1,1,1,1,1,1,1,1,1,1,1,1,1,1,1,1,1,1,0,1,1
"PTHR24064_SF48",1,1,1,1,1,0,0,1,0,1,1,1,1,1,1,1,1,1,1,1,1,0,1,1,1,1,1,1,1,1,0,1,3,1,0,1,1,1,1,1,1,1,1,0,1
"PTHR24064_SF5",2,2,1,2,1,2,2,2,2,2,2,1,1,2,1,2,2,2,2,1,2,1,3,2,3,2,2,2,2,2,1,2,2,2,2,3,2,4,2,2,2,1,2,2,2
"PTHR24064_SF52",1,1,1,1,1,1,1,1,1,1,1,1,1,1,1,1,1,1,1,1,1,1,1,1,1,1,1,1,1,1,1,1,1,1,1,1,1,1,1,1,1,1,1,3,1
"PTHR24065",3,3,3,3,3,3,3,3,3,3,3,4,3,3,3,3,3,3,3,3,3,3,3,3,3,3,2,3,3,3,3,3,3,3,3,3,3,3,3,2,3,3,3,4,3
"PTHR24067_SF0",1,1,1,1,1,2,2,1,1,1,1,1,1,1,1,1,1,1,1,1,1,1,1,1,1,1,1,1,1,2,1,1,2,1,1,1,1,1,1,1,1,1,1,1,1
"PTHR24067_SF22",1,1,1,1,1,1,1,1,1,0,1,1,1,1,1,1,1,0,1,1,1,1,1,1,1,1,0,1,1,1,1,1,1,1,1,0,1,0,1,1,1,1,1,1,1
"PTHR24067_SF35",1,1,1,1,1,1,1,1,1,2,1,1,1,1,1,2,1,1,1,1,1,2,1,1,1,1,1,1,1,1,2,1,1,1,1,1,1,1,1,2,1,1,1,2,1
"PTHR24067_SF39",1,0,1,0,0,0,0,1,1,0,0,0,0,0,0,1,0,1,0,1,0,0,1,0,0,0,1,1,0,1,0,0,0,0,0,0,1,1,0,0,1,0,1,0,0
"PTHR24067_SF41",1,1,1,1,1,1,1,1,0,1,1,1,1,2,1,1,1,1,1,1,1,3,1,1,1,1,1,1,1,1,1,3,1,1,1,1,2,1,2,1,2,1,1,1,1
"PTHR24067_SF42",1,1,1,1,1,1,1,1,1,1,1,1,1,1,1,1,1,1,1,1,1,1,1,1,1,1,1,1,1,1,2,1,2,1,1,1,1,1,1,1,1,1,1,2,1
"PTHR24067_SF44",1,1,4,5,1,2,1,1,1,1,1,1,2,3,1,1,1,3,5,1,3,3,1,5,1,3,2,4,3,1,1,2,3,4,6,2,3,2,5,1,4,1,1,8,1
"PTHR24067_SF51",2,3,2,3,1,1,1,1,1,2,1,1,1,1,3,1,2,1,1,1,1,1,1,1,2,1,1,1,1,1,1,4,1,1,1,2,1,1,1,2,3,2,1,2,3
"PTHR24067_SF54",1,1,1,1,1,1,1,1,2,1,1,1,1,1,3,1,1,1,1,1,1,1,1,1,1,1,1,1,1,1,1,1,1,1,1,1,1,1,1,1,1,1,1,1,1
"PTHR24067_SF56",1,1,4,5,1,3,2,1,1,2,1,1,1,2,1,2,2,1,3,1,1,3,1,3,1,1,1,1,1,3,2,4,1,3,1,1,2,1,2,1,5,2,1,1,1
"PTHR24067_SF57",1,1,1,2,1,1,1,1,1,1,1,1,1,2,1,1,1,1,1,2,1,1,1,1,3,1,1,1,1,1,1,1,1,1,1,1,2,1,3,1,2,1,1,1,1
"PTHR24067_SF59",1,1,1,1,0,1,1,1,1,1,1,1,1,2,1,1,1,1,1,1,1,1,1,1,1,1,1,1,1,1,1,1,1,1,1,1,1,1,1,1,1,1,1,1,1
"PTHR24067_SF63",1,1,1,1,1,1,1,1,1,1,1,1,1,1,1,1,1,1,1,1,1,1,1,1,1,1,1,1,1,1,1,1,1,1,1,1,1,1,1,1,1,1,1,1,1
"PTHR24067_SF69",1,2,3,4,3,3,4,3,3,4,2,2,5,3,7,2,3,1,3,2,2,6,1,3,4,1,1,3,4,1,8,5,2,3,3,2,3,4,3,2,3,2,1,2,2
"PTHR24067_SF70",1,1,1,1,1,0,1,1,1,1,1,1,1,1,1,2,1,1,1,1,1,0,2,1,1,0,1,1,1,1,0,1,1,1,1,0,1,1,1,1,1,1,1,0,1
"PTHR24067_SF79",1,2,7,6,13,3,9,4,3,2,3,2,3,2,8,2,3,2,6,1,1,3,1,5,3,5,3,3,3,2,5,6,1,5,2,4,4,4,4,1,6,3,1,1,12
"PTHR24067_SF81",1,1,1,1,1,1,1,0,1,1,1,1,1,1,0,1,1,1,1,1,1,1,1,1,1,1,1,1,1,1,1,1,1,1,1,1,1,1,1,1,1,1,1,1,1
"PTHR24067_SF83",1,1,1,2,1,1,1,1,1,1,1,1,1,1,5,1,1,1,1,1,1,2,1,2,1,1,2,1,1,1,1,2,1,1,1,1,1,1,1,1,1,1,1,1,1
"PTHR24067_SF85",1,2,2,1,2,1,1,1,1,1,1,1,1,1,1,2,1,1,1,1,1,1,1,1,1,1,1,1,1,1,1,1,1,1,2,1,1,1,1,2,1,1,1,2,1
"PTHR24067_SF9",1,1,1,1,1,1,1,1,1,1,1,1,1,1,1,1,1,1,1,1,1,1,1,1,1,1,2,1,1,1,1,1,1,1,9,1,1,1,1,1,1,1,1,3,1
"PTHR24067_SF91",1,1,1,2,1,1,1,1,1,1,1,1,1,1,3,1,2,1,1,2,1,1,1,1,1,1,1,1,1,1,2,1,1,1,1,1,1,1,1,1,2,1,1,1,1
"PTHR24067_SF98",1,1,1,1,1,1,1,1,1,1,1,1,1,1,1,1,1,1,1,1,1,1,2,1,2,1,1,1,1,1,1,1,1,1,1,1,1,2,1,1,1,1,1,1,1
"PTHR24068_SF23",1,1,1,1,2,1,1,1,2,1,1,1,1,1,5,1,2,1,1,1,1,1,1,1,1,1,2,1,1,1,1,6,1,1,1,1,1,2,1,1,1,2,1,1,2
"PTHR24068_SF25",1,1,2,3,1,2,1,1,1,1,1,1,1,1,3,1,1,1,3,1,1,2,1,3,1,1,1,1,1,1,2,4,1,3,1,3,1,2,1,1,1,2,1,1,1
"PTHR24068_SF26",2,1,2,1,4,2,1,1,1,2,2,1,1,1,2,1,2,1,1,1,1,1,1,1,1,2,1,1,1,2,2,2,1,1,3,1,1,2,1,1,1,1,1,2,3
"PTHR24068_SF28",1,1,3,4,4,2,7,1,1,1,2,1,1,3,4,2,1,2,5,5,4,4,1,2,6,0,2,4,1,1,3,7,4,5,1,2,4,1,4,0,2,2,1,6,2
"PTHR24068_SF33",1,1,1,1,1,1,1,0,1,1,1,1,1,1,1,1,0,1,0,1,1,1,1,1,1,0,1,0,0,1,0,1,1,1,1,1,0,1,1,1,1,1,0,1,1
"PTHR24068_SF36",1,1,1,1,1,2,1,1,1,1,1,1,1,1,2,1,1,1,1,1,1,3,1,1,1,1,2,1,1,1,3,1,1,1,1,1,1,1,1,1,1,1,1,2,1
"PTHR24068_SF41",1,0,0,0,0,0,2,0,0,0,0,0,0,0,0,0,0,0,0,0,0,0,0,0,0,0,0,0,0,0,0,0,0,0,0,0,0,0,0,0,0,0,0,0,0
"PTHR24068_SF43",1,1,1,1,1,1,1,1,1,1,1,1,1,1,1,1,1,1,1,1,1,1,1,1,1,1,1,1,1,1,1,1,1,1,1,1,1,1,1,1,1,1,1,1,1
"PTHR24068_SF46",1,1,1,1,1,1,1,1,1,2,1,1,1,1,1,1,1,2,1,1,1,1,1,1,1,1,1,1,1,1,1,1,1,1,1,2,1,1,1,1,1,1,1,2,1
"PTHR24068_SF48",1,5,3,7,5,6,2,3,3,2,2,2,2,2,8,2,3,2,3,0,2,6,2,3,2,2,4,6,4,6,3,11,1,4,6,4,4,3,3,2,3,4,1,6,4
"PTHR24070_SF174",1,1,1,1,1,1,1,1,1,1,1,1,1,2,2,1,1,1,2,1,1,1,1,1,1,1,1,1,1,1,2,1,1,2,1,1,3,1,2,1,1,1,1,1,1
"PTHR24070_SF176",1,1,1,1,1,1,1,1,1,1,1,1,1,1,1,1,1,1,1,1,1,1,1,1,1,1,0,1,1,1,1,1,1,1,1,1,1,1,1,1,1,1,1,1,1
"PTHR24070_SF178",1,1,1,1,0,1,1,1,1,1,1,1,1,1,1,1,1,1,1,1,1,1,1,1,1,1,1,1,1,1,1,2,1,1,1,1,1,1,1,1,1,1,1,2,1
"PTHR24070_SF179",1,1,1,2,1,1,1,1,1,0,1,1,1,1,1,1,1,1,1,1,1,1,1,1,1,1,1,1,1,1,1,1,1,1,1,1,1,1,1,1,1,1,1,1,2
"PTHR24070_SF184",1,1,3,2,1,1,2,2,2,1,1,2,1,2,2,3,2,0,2,0,1,2,3,2,1,0,1,2,1,1,0,1,1,3,1,8,2,2,2,1,2,1,2,2,2
"PTHR24070_SF186",1,1,1,1,1,1,1,1,1,1,2,3,1,1,2,1,1,1,1,1,1,1,1,1,1,1,1,1,1,1,1,1,1,1,1,1,1,1,1,1,1,1,1,1,1
"PTHR24070_SF189",1,1,0,2,1,1,3,1,1,0,1,1,1,1,2,1,1,1,1,1,1,2,1,1,1,2,1,1,2,1,1,1,1,1,3,1,1,2,1,1,1,1,1,2,1
"PTHR24070_SF192",1,1,1,1,1,1,1,1,1,1,1,1,1,1,1,1,1,1,1,1,1,1,1,1,1,1,1,1,1,1,1,1,1,1,1,1,1,1,1,1,1,1,1,1,1
"PTHR24070_SF194",1,1,1,1,1,1,1,1,1,1,1,1,1,1,1,1,1,0,1,0,1,1,1,1,1,1,1,1,1,1,1,1,1,1,1,1,1,1,1,1,1,1,1,1,2
"PTHR24070_SF196",1,1,1,1,1,1,1,1,2,1,1,1,1,1,1,1,1,1,1,1,1,1,1,1,1,1,1,1,1,1,1,1,1,1,1,1,1,1,1,1,1,1,1,1,1
"PTHR24070_SF197",1,1,1,1,1,1,1,1,1,1,1,1,1,1,1,1,1,1,1,1,1,1,1,1,1,1,1,1,1,1,1,1,1,1,1,1,1,1,1,1,1,1,1,1,1
"PTHR24070_SF199",1,1,1,2,1,1,1,1,1,1,1,1,1,2,2,2,1,1,1,1,1,1,1,1,1,1,1,1,1,1,1,3,1,1,1,1,1,1,1,1,2,1,1,1,1
"PTHR24070_SF200",1,1,1,1,1,1,2,1,1,1,1,0,1,1,2,2,1,1,1,1,1,1,1,1,1,1,1,1,1,1,1,1,1,1,1,1,1,1,2,1,1,1,1,1,1
"PTHR24070_SF203",1,0,1,1,1,0,1,1,1,1,1,1,1,1,1,1,1,1,1,0,1,1,1,1,1,1,3,1,1,0,1,1,1,1,1,1,1,2,1,1,1,0,0,1,1
"PTHR24070_SF204",1,2,1,1,1,1,1,1,2,1,1,1,1,1,1,1,1,1,1,1,1,1,1,1,1,1,1,1,1,1,2,1,1,1,1,1,2,1,3,1,1,2,1,1,1
"PTHR24070_SF208",1,1,1,1,1,1,1,1,1,1,1,1,2,1,3,1,1,1,1,1,1,1,1,1,1,1,1,1,1,1,1,1,2,1,1,1,1,1,1,1,1,1,1,1,1
"PTHR24070_SF209",1,1,1,1,1,1,1,1,1,1,1,1,1,1,1,1,1,1,1,1,1,1,1,1,1,1,1,1,1,1,1,1,1,1,1,1,1,1,1,2,1,1,1,2,1
"PTHR24070_SF213",1,1,1,1,1,1,1,1,0,1,1,0,0,1,1,1,1,1,1,1,1,1,1,1,1,1,1,1,1,1,0,1,1,1,2,1,1,1,1,1,1,1,1,1,1
"PTHR24070_SF214",1,1,1,1,1,1,1,1,1,1,1,1,1,1,1,1,1,1,1,1,1,1,1,1,1,1,1,1,1,1,1,1,1,1,1,1,1,1,1,1,1,1,1,1,1
"PTHR24070_SF216",1,1,1,1,1,1,1,1,1,1,1,1,1,1,1,1,1,1,1,1,1,1,1,1,1,1,1,1,1,1,1,1,1,1,1,1,1,1,2,1,1,1,1,2,1
"PTHR24070_SF217",1,1,1,1,1,1,1,1,1,1,1,1,1,1,1,1,1,1,1,1,1,1,1,1,1,1,1,1,1,1,1,1,2,1,0,1,1,1,1,1,1,1,1,0,1
"PTHR24070_SF218",1,1,1,1,1,1,1,1,1,1,1,1,1,1,2,1,1,1,1,1,1,1,1,1,1,1,1,1,1,1,1,1,1,1,1,1,1,1,1,1,1,1,1,1,1
"PTHR24070_SF221",1,1,1,1,1,1,3,1,0,1,1,1,1,1,2,1,1,0,1,1,1,1,1,1,1,1,1,1,1,1,1,2,0,1,1,1,1,1,1,1,1,1,1,1,1
"PTHR24070_SF224",3,3,3,2,1,1,2,1,5,1,1,1,1,3,3,1,1,2,3,1,1,1,2,3,2,1,1,2,1,1,2,6,2,4,1,1,2,1,2,1,2,1,1,1,1
"PTHR24070_SF228",1,1,1,1,1,1,1,1,1,1,1,1,1,1,1,1,1,1,1,1,1,1,1,1,1,1,1,1,1,1,1,1,1,1,1,1,1,1,1,1,1,1,1,1,1
"PTHR24070_SF229",1,1,1,1,1,1,1,1,1,1,1,1,1,1,1,1,1,1,1,1,1,1,1,1,1,1,1,1,1,1,1,1,1,1,1,1,1,1,1,1,1,1,1,1,1
"PTHR24070_SF231",1,1,1,2,1,1,1,1,1,2,1,1,2,2,2,1,1,1,1,1,1,1,1,1,1,1,1,1,1,1,1,3,1,1,1,1,2,1,2,1,2,2,1,1,1
"PTHR24070_SF232",1,1,1,1,1,1,1,1,1,1,1,1,1,1,1,1,1,1,1,1,1,1,1,1,1,1,2,1,1,1,0,1,1,1,1,1,1,1,1,1,1,1,1,1,1
"PTHR24070_SF236",1,1,0,1,1,1,1,1,1,1,1,1,0,1,1,1,2,1,1,2,1,1,1,1,1,1,1,1,1,1,1,1,1,1,2,1,1,1,1,1,1,1,1,1,1
"PTHR24070_SF239",1,1,1,4,1,1,1,1,1,1,1,2,1,1,1,1,1,1,1,1,1,2,1,1,1,1,1,2,1,1,1,2,1,1,1,1,2,1,2,1,3,1,1,1,1
"PTHR24070_SF240",1,1,1,1,1,1,1,1,1,0,1,1,1,1,1,1,1,1,1,1,1,1,1,1,1,1,1,1,1,1,1,1,1,1,1,1,1,1,1,1,1,1,1,1,1
"PTHR24070_SF30",1,1,1,1,1,1,1,1,1,1,1,1,1,1,1,1,1,1,1,1,1,0,1,1,1,1,1,2,1,1,1,1,0,1,0,1,1,1,1,1,1,1,1,0,1
"PTHR24070_SF55",1,1,1,0,1,0,1,0,0,1,0,1,1,1,0,1,1,1,1,1,1,0,1,1,1,0,2,1,1,1,0,0,1,1,0,1,1,1,1,2,0,0,1,0,1
"PTHR24070_SF65",1,1,1,1,1,1,1,1,1,1,1,1,1,1,1,1,1,1,1,1,1,1,1,1,1,1,1,1,1,1,0,1,1,1,1,1,1,1,1,1,1,1,1,1,1
"PTHR24070_SF74",1,1,1,1,1,1,1,1,1,1,1,1,1,1,1,1,1,1,1,1,1,1,1,1,1,1,1,1,1,1,1,1,1,1,1,1,1,1,1,1,1,1,1,2,1
"PTHR24071",2,4,4,4,2,5,1,2,0,5,1,1,2,3,2,1,3,1,2,0,1,3,3,2,2,1,2,3,3,4,2,6,1,4,2,4,3,1,2,4,3,2,1,1,1
"PTHR24072_SF100",3,2,3,2,4,4,3,3,2,3,3,3,2,2,5,4,6,3,3,4,2,5,3,4,4,3,4,4,3,4,3,6,2,3,4,4,3,4,3,3,4,3,3,6,4
"PTHR24072_SF104",1,1,1,1,1,1,1,1,1,1,1,2,2,1,2,1,1,1,1,1,1,1,1,1,1,1,1,2,1,0,2,1,1,1,1,1,1,1,1,2,1,2,1,1,2
"PTHR24072_SF105",1,0,1,0,0,0,0,1,0,0,0,0,0,1,0,0,0,0,1,0,1,0,0,1,0,1,0,1,0,0,0,0,0,0,0,0,1,0,1,0,0,0,0,0,0
"PTHR24072_SF107",2,2,3,3,2,2,2,2,2,3,2,2,2,3,3,2,2,1,3,1,2,2,2,3,2,2,2,4,2,2,1,4,2,3,2,2,4,2,3,2,2,2,2,4,2
"PTHR24072_SF12",1,1,1,1,1,1,1,1,1,1,1,1,1,0,1,1,1,1,1,1,1,1,1,2,1,1,1,0,1,1,1,1,1,1,1,1,1,1,1,1,1,1,1,1,0
"PTHR24072_SF120",1,1,1,1,1,1,1,1,1,1,1,1,1,1,1,1,1,1,1,1,1,1,1,1,1,1,1,1,1,1,1,1,1,1,1,1,1,1,1,1,1,1,1,1,1
"PTHR24072_SF122",1,1,1,1,1,1,1,1,1,1,1,1,1,1,2,1,1,1,1,1,1,1,1,1,1,1,1,1,1,1,1,0,1,1,1,1,1,1,1,1,1,1,1,0,0
"PTHR24072_SF124",1,1,1,1,1,1,1,1,1,1,1,1,1,1,2,1,1,1,1,1,1,1,1,1,1,1,1,1,1,1,1,1,1,1,1,1,1,1,1,1,1,1,1,1,1
"PTHR24072_SF129",1,1,4,4,3,2,3,1,1,1,1,2,2,2,4,1,2,0,6,1,1,1,1,5,1,2,1,1,1,1,2,5,2,4,2,1,3,3,3,1,2,1,1,1,2
"PTHR24072_SF13",1,1,2,1,1,1,2,1,1,1,1,1,1,1,4,1,1,1,1,1,1,1,1,1,1,1,1,1,1,1,1,1,1,1,2,1,1,1,3,1,1,1,1,1,1
"PTHR24072_SF134",1,0,0,0,1,1,0,0,0,0,1,1,1,0,0,0,0,0,0,0,0,1,0,0,0,1,0,0,0,1,1,0,1,0,1,0,0,0,0,0,0,1,0,1,1
"PTHR24072_SF136",1,0,0,2,1,0,0,0,0,2,0,0,0,1,1,0,1,1,1,0,0,2,0,0,0,0,0,0,2,0,0,0,0,1,0,1,1,0,0,0,2,0,0,1,1
"PTHR24072_SF137",1,4,1,1,1,1,1,1,1,1,1,1,1,1,1,1,1,1,1,1,1,1,1,1,1,1,2,1,1,1,1,1,1,1,1,1,1,1,1,1,1,0,1,1,1
"PTHR24072_SF144",1,1,1,1,1,1,1,1,1,1,1,1,1,2,1,1,1,1,1,0,1,1,1,1,1,1,1,0,1,1,1,1,1,1,1,1,1,1,1,1,1,1,1,1,1
"PTHR24072_SF148",1,1,1,1,1,1,1,1,1,1,1,1,1,1,1,2,1,1,1,1,1,1,1,1,1,1,1,1,1,1,1,1,1,1,1,1,1,1,1,1,1,1,1,2,1
"PTHR24072_SF150",1,1,3,2,1,1,1,1,1,3,1,1,1,1,2,1,1,1,2,1,1,1,1,2,2,1,1,1,1,0,1,1,1,2,1,1,1,1,1,1,1,2,0,1,1
"PTHR24072_SF17",1,1,1,1,1,1,1,1,1,1,1,1,1,1,1,1,1,1,1,1,1,1,1,1,1,1,1,1,1,1,1,1,1,1,1,1,1,1,1,1,1,1,1,1,1
"PTHR24072_SF21",1,1,1,1,1,1,1,1,1,1,1,1,1,1,1,1,1,1,1,1,1,1,1,1,2,1,1,1,1,1,1,1,1,1,1,1,1,1,1,1,1,1,1,1,1
"PTHR24072_SF23",1,1,1,1,1,1,1,1,1,1,1,1,1,1,1,1,1,1,1,1,1,1,1,1,1,0,1,1,1,1,1,1,1,1,1,1,1,1,1,1,1,1,1,1,1
"PTHR24072_SF24",1,1,1,1,1,1,1,1,1,1,1,1,1,1,1,1,1,1,1,1,1,1,1,1,1,1,1,1,1,1,1,1,1,1,1,1,1,1,1,1,1,1,1,1,1
"PTHR24072_SF70",1,1,1,1,1,1,1,1,1,0,1,1,1,1,1,1,1,1,1,1,1,1,2,1,1,1,1,1,1,1,0,1,1,1,1,1,1,1,1,1,1,0,1,1,1
"PTHR24072_SF98",1,1,1,1,1,1,1,1,1,1,1,1,1,1,1,1,1,1,1,1,1,1,1,1,1,1,1,1,1,1,0,1,1,1,1,1,1,1,2,1,1,1,1,1,1
"PTHR24072_SF99",1,1,1,1,1,1,2,1,1,1,1,1,1,1,1,1,1,1,1,1,1,1,1,1,1,1,1,1,1,1,1,1,1,1,2,1,1,1,1,1,1,1,1,1,1
"PTHR24073_SF132",1,1,1,2,2,1,1,1,1,0,1,1,1,1,0,1,0,1,1,1,1,1,1,1,1,1,1,1,0,1,1,2,1,1,0,1,1,1,1,1,1,1,1,0,1
"PTHR24073_SF137",1,1,1,1,1,1,1,0,1,1,1,1,1,1,0,1,1,1,1,1,1,1,1,1,1,1,1,1,1,1,1,0,1,1,1,1,1,1,1,1,1,1,1,1,1
"PTHR24073_SF185",1,1,1,1,1,1,1,1,1,1,1,1,1,1,1,1,1,1,1,1,1,1,1,1,1,1,1,1,1,1,1,1,1,1,1,1,1,1,1,1,1,1,1,2,1
"PTHR24073_SF193",1,1,1,1,1,1,1,1,1,1,1,1,1,1,1,1,1,1,1,1,1,0,1,1,1,1,1,1,1,0,1,2,1,1,1,1,1,1,1,1,1,1,1,1,1
"PTHR24073_SF209",1,1,1,1,1,1,1,1,1,1,1,1,1,1,2,1,1,1,1,1,1,1,1,1,1,1,1,1,1,1,1,1,1,1,1,1,1,1,1,1,1,1,1,1,1
"PTHR24073_SF22",1,1,1,1,1,1,1,1,1,3,1,1,1,1,1,1,1,1,1,1,1,1,1,1,2,1,1,1,1,1,2,1,1,1,1,1,1,1,1,1,1,1,1,1,2
"PTHR24073_SF24",1,1,1,1,1,1,2,1,1,0,1,1,1,1,1,1,1,1,1,1,1,1,1,1,1,1,1,1,1,1,0,1,1,1,1,1,1,1,1,1,1,1,1,1,2
"PTHR24073_SF263",1,1,1,1,1,2,1,1,1,1,1,1,1,2,1,2,1,1,1,1,2,1,1,2,1,1,1,1,1,2,1,1,1,1,1,1,0,1,2,1,1,2,1,1,1
"PTHR24073_SF269",1,1,2,1,1,1,1,1,1,1,1,1,1,1,1,1,1,1,1,1,1,1,1,1,1,1,1,1,1,1,1,1,1,1,1,1,1,1,1,1,1,1,1,1,1
"PTHR24073_SF312",1,1,1,1,1,1,1,1,1,1,1,1,1,1,1,1,1,1,1,1,1,1,1,1,1,1,1,1,1,1,1,1,1,1,0,1,1,1,1,1,1,1,1,1,1
"PTHR24073_SF313",1,2,2,1,1,2,1,1,1,2,1,1,1,3,4,1,1,1,2,2,1,1,1,2,1,1,1,2,1,1,1,3,1,2,1,3,2,1,2,1,1,1,1,1,1
"PTHR24073_SF315",1,1,1,1,1,1,1,1,1,2,1,1,1,1,1,1,1,1,1,1,1,1,1,1,1,1,1,1,1,1,1,1,1,1,1,1,1,1,1,1,1,1,1,1,1
"PTHR24073_SF319",1,1,1,1,1,1,1,1,1,1,1,1,1,1,1,1,1,1,1,1,1,1,1,1,1,1,1,1,1,1,1,1,1,1,1,1,1,1,1,1,1,1,1,1,1
"PTHR24073_SF320",1,1,1,1,1,1,1,2,1,1,1,1,2,1,1,1,1,1,1,1,1,2,1,1,2,1,1,1,2,1,2,1,1,1,1,2,1,2,1,2,1,1,1,1,1
"PTHR24073_SF326",1,1,1,1,1,0,1,1,1,1,1,1,1,1,1,1,1,1,1,1,1,1,1,1,1,0,1,1,1,1,1,1,1,1,1,1,1,1,0,1,1,1,1,1,1
"PTHR24073_SF329",1,1,1,1,1,1,1,0,0,1,1,1,1,1,1,1,1,1,1,1,1,1,1,0,1,1,1,1,1,1,0,0,1,1,1,1,1,1,1,1,0,1,1,1,1
"PTHR24073_SF330",1,1,1,1,1,1,1,1,1,0,1,1,1,1,1,1,1,1,1,2,1,1,1,1,1,1,1,1,1,1,1,1,1,1,1,1,1,1,1,1,1,1,1,1,1
"PTHR24073_SF331",1,1,1,2,1,1,1,1,1,1,1,1,1,2,1,1,1,1,1,1,1,1,1,1,1,1,1,1,1,1,1,1,1,1,1,1,2,1,2,1,2,1,1,2,1
"PTHR24073_SF335",1,1,2,1,1,0,1,1,1,2,0,1,1,1,1,2,1,1,1,1,1,1,2,1,1,1,1,2,1,1,1,1,1,1,0,1,1,1,1,1,1,1,1,0,1
"PTHR24073_SF341",1,2,1,3,1,1,1,1,1,2,1,1,1,1,2,1,2,1,1,1,1,1,1,1,1,1,4,1,1,1,2,4,1,1,1,1,1,1,1,1,1,2,0,2,1
"PTHR24073_SF343",1,1,1,1,1,1,1,1,1,1,1,1,1,1,1,1,1,1,1,1,1,1,1,1,1,1,1,1,1,1,1,2,1,1,1,1,1,1,1,1,1,1,1,1,1
"PTHR24073_SF344",1,1,1,1,1,1,1,1,1,1,1,1,1,2,1,2,0,1,1,1,2,1,2,1,1,1,1,1,1,1,1,1,1,1,0,1,1,1,1,1,1,1,1,0,1
"PTHR24073_SF347",1,0,0,0,0,0,0,0,0,0,0,0,0,0,0,0,0,1,0,1,0,0,0,0,0,0,0,0,0,0,0,0,0,0,0,0,0,0,0,0,0,0,1,0,0
"PTHR24073_SF352",1,1,1,2,1,1,0,1,0,1,1,1,1,1,1,1,2,0,1,0,1,1,1,1,1,0,1,1,0,0,1,0,0,1,1,1,1,0,1,1,1,1,0,1,1
"PTHR24073_SF358",1,1,1,1,1,1,1,1,1,1,1,1,1,1,1,1,1,1,1,1,1,3,1,1,1,0,1,1,1,1,1,1,1,1,1,1,1,1,1,1,2,1,1,1,1
"PTHR24073_SF359",2,3,2,2,3,3,2,2,2,2,2,2,2,2,3,2,2,1,2,2,2,2,2,2,2,2,2,2,2,2,3,5,3,2,3,2,2,2,2,2,2,3,1,4,3
"PTHR24073_SF360",1,1,1,1,1,1,1,1,1,1,1,1,1,2,1,1,1,0,1,1,1,1,1,1,1,1,1,1,1,1,1,1,1,1,1,1,2,1,2,1,1,1,1,1,1
"PTHR24073_SF364",1,1,1,1,1,1,1,1,1,1,1,1,1,1,2,1,1,1,1,1,1,1,1,1,2,1,1,1,1,1,1,1,1,1,1,1,1,1,1,1,1,1,1,1,1
"PTHR24073_SF365",1,1,1,1,1,1,1,1,1,0,1,1,1,1,2,1,1,1,1,1,1,1,1,1,1,1,1,1,1,1,0,1,1,1,1,1,1,1,1,1,1,1,1,2,1
"PTHR24073_SF366",1,1,1,1,1,1,3,1,1,1,1,2,1,1,1,2,1,1,1,1,1,1,1,1,2,1,2,1,1,1,1,1,1,1,1,1,1,1,1,2,2,1,1,1,1
"PTHR24073_SF367",1,1,1,1,1,1,1,1,1,1,1,1,1,1,1,1,1,1,1,2,1,1,1,1,1,1,1,1,1,1,1,1,1,1,1,1,1,1,1,1,1,1,1,1,1
"PTHR24073_SF368",1,1,1,1,1,1,1,1,1,1,1,1,1,1,1,1,1,1,1,1,1,1,1,1,1,1,1,1,0,1,1,1,1,1,1,1,1,1,1,1,1,1,1,2,1
"PTHR24073_SF371",1,1,1,1,1,1,2,1,1,1,1,1,1,1,2,1,1,1,1,1,1,2,1,1,1,1,1,1,1,1,0,1,1,1,0,1,1,1,1,1,1,1,1,1,1
"PTHR24073_SF372",1,1,2,1,1,2,2,8,1,1,1,1,1,2,7,1,1,1,2,1,2,1,1,3,1,1,2,2,1,1,2,7,1,2,1,1,2,3,2,1,1,1,1,1,1
"PTHR24073_SF378",1,1,1,1,1,1,1,1,1,1,1,1,1,1,2,1,1,1,1,1,1,2,1,1,1,1,1,1,1,1,0,1,1,1,1,1,1,1,1,1,1,1,1,1,1
"PTHR24073_SF381",1,1,1,1,1,1,1,1,1,1,1,1,1,1,1,1,1,1,1,1,1,1,1,1,1,1,1,1,1,1,1,1,1,1,1,1,1,1,1,1,1,1,1,1,1
"PTHR24073_SF384",1,1,1,1,1,1,1,1,1,1,1,1,1,1,1,1,1,1,1,1,1,0,1,1,1,1,1,1,1,0,1,0,1,1,1,1,1,1,1,1,1,1,1,1,1
"PTHR24073_SF386",1,2,1,2,1,1,1,1,1,1,1,1,1,1,1,1,1,1,1,1,1,1,1,1,1,1,1,1,1,1,1,1,1,1,0,1,1,1,1,1,1,1,0,1,1
"PTHR24073_SF387",1,1,2,1,1,1,1,1,1,1,1,1,1,1,1,2,1,1,1,1,2,1,1,1,1,1,1,1,2,1,1,1,1,1,1,1,1,1,1,1,1,1,1,1,1
"PTHR24073_SF388",1,2,1,1,1,1,1,1,1,1,1,1,1,1,1,1,1,1,1,1,1,1,1,1,1,1,1,1,1,1,1,1,1,1,1,1,1,1,1,1,1,1,1,1,1
"PTHR24073_SF391",1,1,1,1,1,1,1,1,1,1,1,1,1,1,1,1,0,1,1,1,1,1,1,1,1,1,1,1,1,1,1,1,1,1,1,1,1,1,2,1,1,1,1,1,1
"PTHR24073_SF395",1,1,1,1,1,1,1,1,1,1,1,1,1,1,1,1,1,1,1,1,1,1,1,1,1,1,1,1,1,1,1,1,1,1,1,1,1,1,2,0,1,1,1,1,1
"PTHR24073_SF396",1,1,1,1,1,1,1,1,1,1,1,1,1,1,1,1,1,1,1,1,1,1,1,1,1,1,1,1,1,1,1,1,1,1,1,1,1,1,1,1,1,1,1,0,1
"PTHR24073_SF397",1,1,1,1,1,1,1,1,1,1,1,1,1,1,1,1,1,1,1,1,1,1,1,1,1,1,1,1,1,1,1,1,1,1,1,1,1,1,1,1,1,1,1,1,1
"PTHR24073_SF399",1,1,1,1,1,1,1,1,1,1,1,1,1,1,1,1,1,1,1,1,1,1,1,1,1,1,1,1,1,1,1,1,1,1,1,1,1,1,1,1,1,1,1,1,1
"PTHR24073_SF403",1,1,1,1,2,1,1,1,1,1,1,1,1,1,1,2,1,2,1,1,1,1,1,2,1,1,1,1,1,1,1,6,1,1,1,1,1,1,1,1,1,1,1,2,2
"PTHR24073_SF409",1,1,1,1,1,1,1,1,1,1,1,1,1,1,1,1,1,1,1,1,1,1,1,1,1,1,1,1,1,1,2,1,1,1,1,1,1,1,1,1,1,1,1,1,1
"PTHR24073_SF416",1,1,1,1,1,1,1,1,1,1,1,1,1,1,1,1,1,1,1,1,1,2,1,1,1,1,1,1,1,1,1,1,0,1,1,1,1,1,1,1,1,1,1,1,1
"PTHR24073_SF417",1,1,1,1,1,1,1,1,1,1,1,1,1,1,1,1,1,1,1,1,1,1,1,1,1,1,1,1,1,1,1,1,1,1,1,1,1,1,1,2,1,1,1,2,1
"PTHR24073_SF419",1,1,2,1,1,1,2,1,1,1,1,1,1,2,1,1,3,1,3,1,1,1,1,4,1,1,1,2,1,1,1,2,1,3,1,1,2,1,2,1,2,1,1,1,1
"PTHR24073_SF421",1,1,1,1,1,1,1,1,1,1,1,1,1,1,5,1,4,1,1,1,1,1,1,1,1,1,1,1,1,1,1,1,1,1,1,1,1,1,1,1,1,1,1,1,1
"PTHR24073_SF424",1,1,1,1,1,1,1,1,1,1,1,1,1,1,1,1,1,1,1,1,1,1,1,1,1,1,1,1,1,1,1,1,1,1,1,1,1,1,1,1,1,1,1,1,1
"PTHR24073_SF429",1,1,1,1,1,1,1,0,1,1,1,1,1,1,1,1,1,1,1,1,1,1,1,1,1,1,1,1,1,1,0,1,1,1,1,1,1,1,0,1,1,1,0,2,1
"PTHR24073_SF433",1,1,1,1,1,1,1,1,1,1,1,1,1,1,1,1,1,1,1,1,1,1,2,1,1,1,1,1,1,1,0,1,1,1,1,1,1,1,1,1,1,1,1,1,1
"PTHR24073_SF435",1,1,1,1,1,1,1,1,1,2,1,1,1,1,1,1,1,1,1,1,1,2,1,1,1,1,1,1,1,1,1,1,1,1,1,1,1,1,1,1,2,1,1,1,1
"PTHR24073_SF439",1,1,1,1,1,1,2,1,1,1,1,1,1,1,1,1,1,1,2,0,1,1,1,2,1,1,1,2,2,1,1,3,1,2,1,1,1,1,1,1,1,1,1,2,1
"PTHR24073_SF440",1,1,0,0,1,1,1,1,1,0,1,1,1,1,1,1,0,1,0,1,0,1,0,0,1,1,0,0,1,1,1,1,1,0,1,0,1,1,1,0,1,1,1,1,1
"PTHR24073_SF441",1,1,1,1,1,1,1,1,1,1,1,1,1,1,1,1,1,1,1,1,1,1,1,1,1,1,1,1,1,1,1,1,1,1,1,1,1,1,1,1,1,1,1,1,1
"PTHR24073_SF445",1,1,1,1,1,1,1,1,1,1,1,1,1,1,1,1,1,1,1,2,1,1,1,1,1,1,1,1,1,1,1,1,1,1,1,1,1,1,1,1,1,1,1,1,1
"PTHR24073_SF451",1,1,1,1,1,1,1,1,1,1,1,1,1,1,1,1,1,1,1,1,1,1,1,1,1,1,1,1,1,0,1,1,1,1,1,1,1,1,1,1,1,1,1,1,1
"PTHR24073_SF452",1,1,1,1,1,1,1,1,1,1,1,1,1,1,2,1,1,1,1,1,1,1,1,1,2,1,2,2,1,1,1,1,1,1,1,2,1,1,1,1,1,1,1,1,1
"PTHR24073_SF455",1,1,1,1,2,1,3,1,1,0,1,2,1,2,1,1,1,1,2,1,2,1,1,1,1,1,1,1,2,1,0,2,1,1,1,1,2,2,2,1,1,1,1,1,2
"PTHR24073_SF59",1,1,1,1,1,1,1,1,1,1,1,1,1,2,1,1,1,1,1,1,1,1,1,1,1,1,1,1,1,1,1,1,1,1,1,1,1,1,1,1,1,1,0,1,1
"PTHR24073_SF8",1,2,1,1,1,1,1,1,1,2,1,1,1,1,2,1,1,1,1,1,1,2,1,1,1,1,1,1,1,2,1,0,1,1,1,1,1,1,1,1,1,1,1,1,1
"PTHR24075",1,1,1,1,0,1,1,1,1,1,1,1,1,1,2,1,1,1,1,1,1,1,1,1,1,1,1,1,1,1,1,1,1,1,1,1,1,1,1,1,1,1,1,1,1
"PTHR24076_SF1",1,2,1,1,2,3,1,2,2,2,1,1,1,1,1,1,1,1,1,1,1,1,1,1,2,1,1,1,1,1,1,4,1,1,1,1,1,1,1,1,1,1,1,1,1
"PTHR24076_SF75",1,2,1,2,4,1,1,1,1,2,1,2,2,1,1,1,1,1,1,0,1,3,2,1,1,1,1,1,1,1,1,1,1,1,1,1,1,4,1,1,1,1,1,1,2
"PTHR24076_SF79",1,2,1,1,1,1,1,1,1,1,1,1,1,1,1,2,1,1,1,1,1,1,1,1,1,1,1,1,1,1,2,1,1,1,1,1,1,1,1,1,1,1,1,1,1
"PTHR24076_SF94",2,2,3,7,3,4,1,2,3,5,1,2,2,2,3,1,2,1,2,2,1,2,1,3,4,6,1,2,5,6,6,5,5,2,2,2,1,3,1,1,3,2,1,2,6
"PTHR24077_SF16",1,1,1,0,1,1,1,1,0,1,1,1,1,1,1,2,0,1,0,1,1,0,1,0,1,1,1,1,1,0,1,0,1,0,0,1,1,0,1,1,0,0,1,0,1
"PTHR24077_SF198",1,1,1,1,1,1,1,1,1,1,1,1,1,1,1,1,1,1,1,2,1,1,1,1,1,1,1,1,1,1,1,1,1,1,1,1,1,1,2,1,1,1,1,1,1
"PTHR24077_SF201",1,1,1,1,1,1,2,1,1,1,1,1,1,1,1,1,1,1,1,1,1,1,1,1,1,1,1,1,1,1,1,1,1,1,1,1,1,1,1,1,1,1,1,1,1
"PTHR24077_SF206",1,1,1,2,1,1,1,1,1,1,1,1,1,1,1,1,1,1,1,1,1,1,1,1,1,1,1,1,1,1,1,1,1,1,1,1,1,1,1,1,1,1,1,1,1
"PTHR24077_SF207",1,1,1,1,1,2,1,1,1,1,1,1,1,2,1,1,1,1,2,1,2,1,1,1,2,1,1,1,1,2,0,1,1,2,1,1,2,1,1,1,1,1,1,1,1
"PTHR24077_SF210",1,1,1,1,1,1,1,1,1,1,1,1,1,1,2,2,2,1,1,1,1,3,1,1,1,1,1,1,1,1,1,1,1,1,1,1,1,2,1,1,1,1,1,1,2
"PTHR24077_SF212",1,1,1,1,1,1,1,1,1,1,1,1,1,2,1,1,1,1,1,1,1,1,1,1,1,1,3,1,1,1,1,1,2,1,1,1,1,1,1,1,1,1,1,2,1
"PTHR24077_SF223",1,1,1,1,1,1,1,1,1,1,1,1,1,1,1,1,1,1,1,1,1,1,1,1,1,1,1,1,1,1,1,2,1,1,1,1,1,1,1,1,1,1,1,1,1
"PTHR24077_SF227",1,1,1,1,1,1,1,1,1,1,1,1,1,1,1,1,1,1,1,1,1,1,1,1,1,1,1,1,1,1,1,2,1,1,1,1,1,1,1,1,1,1,1,1,1
"PTHR24077_SF233",1,1,1,1,1,1,2,1,1,1,1,1,1,1,1,1,1,1,1,2,1,1,1,2,1,1,2,1,1,1,1,1,1,2,1,1,1,1,1,1,1,1,2,1,1
"PTHR24077_SF238",1,1,2,6,2,1,2,3,2,2,3,1,1,3,5,1,5,1,2,1,1,1,1,1,2,1,3,4,1,1,2,4,5,1,2,5,3,1,3,2,3,1,1,2,1
"PTHR24077_SF242",1,1,1,0,0,1,1,1,1,1,1,1,1,1,0,1,1,0,1,1,0,1,1,1,1,1,1,1,1,1,1,1,1,1,1,1,1,1,1,1,0,1,0,1,1
"PTHR24078_SF125",1,1,1,1,1,1,1,1,1,1,1,1,1,1,1,2,1,1,1,1,1,1,2,1,2,1,1,1,1,1,1,1,1,1,1,1,1,1,1,1,1,1,1,1,1
"PTHR24078_SF130",1,1,1,1,1,1,1,1,1,1,1,1,1,1,1,1,1,1,1,1,1,1,1,1,1,1,1,1,1,1,1,1,1,1,1,1,1,1,1,1,1,1,1,1,1
"PTHR24078_SF131",1,1,1,1,1,1,1,1,1,1,1,1,1,1,1,1,1,0,1,1,1,3,1,1,1,1,2,2,1,1,2,1,1,1,1,1,1,1,1,1,1,1,1,1,2
"PTHR24078_SF135",1,1,2,1,1,2,1,1,1,1,1,1,1,1,1,1,1,1,1,1,1,1,1,1,1,1,2,1,0,1,1,1,1,1,1,1,2,2,2,1,1,1,1,1,1
"PTHR24078_SF137",1,1,1,1,1,1,1,1,1,1,1,1,1,1,1,1,1,1,1,1,1,1,1,1,1,1,0,1,1,1,1,0,1,1,1,1,1,1,1,1,1,1,1,1,1
"PTHR24078_SF139",1,1,1,2,1,1,1,1,1,1,1,1,1,1,1,1,1,1,2,1,2,1,1,2,2,1,1,1,1,1,1,1,1,1,1,1,1,1,1,1,1,1,1,1,1
"PTHR24078_SF143",1,1,1,1,1,1,1,1,1,1,1,1,1,1,1,1,1,1,1,1,1,1,1,1,1,1,1,1,1,1,1,1,1,1,1,1,1,1,1,1,1,1,1,1,1
"PTHR24078_SF15",1,1,1,1,1,1,1,1,1,1,1,1,1,1,1,2,1,1,1,1,1,1,1,1,1,1,1,1,1,1,1,1,0,1,1,1,1,1,1,1,1,1,1,1,1
"PTHR24078_SF150",1,1,1,1,1,1,1,1,0,1,1,1,1,1,2,1,1,2,1,1,1,1,1,1,1,1,1,1,1,1,1,2,1,1,1,1,1,1,1,1,2,0,1,1,2
"PTHR24078_SF153",1,1,1,3,1,1,3,1,2,1,1,1,1,2,1,1,1,1,2,2,2,1,1,2,2,1,2,2,1,1,1,2,1,2,2,1,2,1,2,1,2,1,1,1,1
"PTHR24078_SF159",1,2,2,1,1,1,1,1,1,1,1,1,1,1,1,1,1,1,1,1,1,1,1,1,1,1,1,1,1,1,1,1,1,1,1,1,1,1,1,1,1,1,1,1,1
"PTHR24078_SF162",1,1,1,1,1,1,1,1,1,1,1,1,1,1,1,1,1,1,1,1,1,1,1,1,1,1,1,1,1,1,1,1,1,1,1,1,1,1,1,1,1,1,1,2,1
"PTHR24078_SF165",1,1,1,1,1,1,1,1,1,1,1,1,1,1,2,1,1,1,1,1,1,1,1,1,1,1,1,1,1,1,1,1,1,1,1,1,1,1,1,1,1,1,1,1,1
"PTHR24078_SF166",1,1,1,1,1,1,1,1,1,1,1,1,1,1,1,1,1,1,1,1,1,1,1,1,1,1,1,1,1,1,1,1,1,1,1,1,1,1,2,1,1,1,1,1,1
"PTHR24078_SF171",1,1,0,1,1,1,1,1,1,1,1,1,1,1,0,1,1,1,0,1,1,0,1,0,1,1,1,0,1,0,1,1,1,0,1,1,1,1,2,1,1,0,1,1,1
"PTHR24078_SF23",1,1,2,1,1,1,1,1,2,1,1,1,1,1,3,2,1,1,2,1,2,1,1,2,1,1,3,1,1,1,1,1,1,2,1,1,1,1,1,1,1,1,1,1,1
"PTHR24078_SF25",1,1,0,1,1,1,1,1,1,1,1,1,1,1,1,1,1,1,1,1,1,1,1,1,1,1,1,1,1,1,1,1,1,1,1,1,1,1,1,1,1,1,1,1,1
"PTHR24078_SF3",1,2,1,1,1,1,1,1,1,1,2,1,1,1,1,1,1,1,1,1,1,2,1,1,2,1,1,1,1,1,1,1,1,1,1,1,1,2,1,1,1,1,1,1,1
"PTHR24078_SF67",1,2,1,1,2,1,1,1,1,1,2,1,1,1,3,1,1,2,1,2,1,1,1,1,1,1,1,1,1,2,1,1,1,1,1,1,1,1,1,1,1,1,1,1,1
"PTHR24080",1,1,1,1,1,1,1,1,1,1,1,1,1,1,1,1,1,1,1,1,1,1,1,1,1,1,1,1,1,1,1,1,1,1,1,1,1,1,1,1,1,1,1,2,1
"PTHR24081",2,2,2,2,2,2,2,2,2,2,2,2,2,2,2,2,2,2,2,2,2,2,2,2,2,2,2,2,2,2,2,2,2,2,2,2,2,2,2,2,2,2,2,2,2
"PTHR24082_SF108",1,1,1,1,1,1,1,1,1,1,1,1,1,1,1,1,1,1,1,1,1,1,1,1,1,1,1,1,1,1,1,1,1,1,1,1,1,1,1,1,1,1,1,1,1
"PTHR24082_SF110",1,1,1,1,1,1,1,1,1,1,1,1,1,1,1,1,1,1,1,1,1,1,1,1,2,1,2,1,1,1,1,1,1,1,1,1,1,1,1,1,1,1,1,2,1
"PTHR24082_SF111",1,0,0,0,1,0,0,1,0,1,1,1,1,0,1,0,1,1,0,0,0,0,1,0,1,1,1,0,1,0,1,1,1,0,1,1,0,1,0,1,0,0,0,1,1
"PTHR24082_SF112",1,1,1,2,1,1,1,1,1,1,1,1,1,1,3,1,2,1,1,1,1,1,1,1,2,1,1,1,1,1,1,1,1,1,1,1,1,1,1,1,1,2,1,1,1
"PTHR24082_SF113",1,1,1,1,1,1,1,1,1,1,1,1,1,1,1,1,1,1,1,1,1,1,1,1,1,1,1,1,1,1,1,1,1,1,1,1,1,1,1,1,1,1,1,1,1
"PTHR24082_SF114",1,1,1,1,1,1,1,1,1,1,1,1,1,1,1,1,1,1,1,1,1,1,1,1,1,1,1,1,1,1,1,1,1,1,1,1,1,1,1,1,1,0,1,1,1
"PTHR24082_SF115",1,1,1,1,1,1,1,1,1,1,1,1,1,1,1,1,1,1,1,1,1,1,2,1,1,1,1,1,1,1,1,1,1,1,1,1,1,1,1,1,1,1,1,2,1
"PTHR24082_SF116",1,1,1,1,1,1,1,1,1,0,1,1,1,1,2,1,1,1,1,1,1,1,1,1,1,1,1,1,1,1,2,1,1,1,1,1,1,1,1,1,1,1,1,1,1
"PTHR24082_SF14",1,1,1,1,1,1,1,1,1,1,1,1,1,1,1,1,1,1,1,1,1,1,1,1,1,1,1,1,1,1,1,1,1,1,1,1,1,1,1,1,1,1,1,1,1
"PTHR24082_SF15",1,1,1,1,1,1,1,1,1,1,1,1,1,1,3,1,1,1,1,1,1,1,1,1,1,1,1,1,1,1,1,1,1,1,1,1,1,1,1,1,1,1,1,1,1
"PTHR24082_SF155",1,1,1,1,1,1,1,1,1,1,1,1,1,1,1,1,1,1,1,1,1,1,1,1,1,1,1,1,1,1,1,1,1,1,1,1,1,1,1,1,1,1,1,1,1
"PTHR24082_SF196",1,1,1,1,1,1,2,1,1,1,1,1,1,1,1,1,1,1,1,1,1,1,1,1,1,1,1,1,1,1,1,1,1,1,1,1,1,1,1,1,1,1,1,2,1
"PTHR24082_SF197",1,1,1,1,1,1,1,1,1,1,1,1,1,1,1,1,1,1,1,2,1,1,1,1,1,1,1,1,1,1,1,1,1,1,1,1,1,1,1,1,1,1,1,1,1
"PTHR24082_SF206",1,1,1,1,1,1,1,1,1,1,1,1,1,1,1,1,1,1,1,1,1,1,1,1,1,1,1,1,1,1,1,1,1,1,1,1,1,1,1,1,1,1,1,1,1
"PTHR24082_SF210",1,1,1,1,1,1,1,1,1,1,1,1,1,1,1,1,1,1,1,1,1,1,1,1,1,1,1,1,1,1,1,1,1,1,1,1,1,1,1,1,1,1,1,1,1
"PTHR24082_SF231",1,1,1,1,1,1,1,2,1,1,1,1,1,1,2,1,1,1,1,0,2,1,1,1,1,1,1,1,1,1,1,1,1,1,1,1,1,1,1,1,1,1,1,1,1
"PTHR24082_SF259",1,1,1,1,1,1,1,1,1,1,1,1,1,1,1,1,1,1,1,1,1,1,1,1,1,1,1,1,1,1,1,1,1,1,1,1,1,1,1,1,1,1,1,1,1
"PTHR24082_SF38",1,1,1,1,1,1,1,1,1,1,1,1,1,1,1,1,1,1,1,1,1,1,1,1,1,1,1,1,1,1,1,1,1,1,1,1,1,1,1,1,1,1,1,1,1
"PTHR24082_SF39",1,1,1,1,1,1,1,1,1,1,1,1,1,1,1,1,1,1,1,1,1,1,1,1,1,1,1,1,1,1,1,1,1,1,1,1,1,1,1,1,1,1,1,1,1
"PTHR24082_SF42",1,1,1,1,1,1,1,1,1,1,1,1,1,1,1,1,1,1,1,0,1,1,1,1,1,1,1,1,1,1,1,1,1,1,1,1,1,1,1,1,1,1,1,1,1
"PTHR24083_SF39",1,1,1,1,1,1,1,1,1,1,1,1,1,1,1,1,1,1,1,1,1,1,1,1,1,1,1,1,1,1,0,1,1,1,1,1,1,1,1,1,1,1,1,1,1
"PTHR24083_SF41",1,1,1,1,1,1,1,1,1,1,1,1,1,1,1,1,1,1,1,1,1,1,1,1,1,1,1,1,1,1,1,1,1,1,1,1,1,1,1,1,1,1,1,1,1
"PTHR24083_SF42",1,1,1,1,1,1,1,1,1,1,1,1,1,1,1,1,1,1,1,1,1,1,1,1,1,1,1,1,1,1,1,1,1,1,1,1,1,1,1,1,1,1,1,2,1
"PTHR24083_SF44",1,1,0,1,1,1,1,0,1,0,1,1,1,0,1,1,1,1,1,2,1,1,1,1,1,2,1,1,1,1,0,1,1,1,1,1,1,1,2,1,1,1,1,1,1
"PTHR24083_SF45",2,1,1,1,2,1,1,1,1,1,1,1,1,1,1,1,1,1,1,1,1,1,1,1,1,1,2,1,2,0,1,1,1,1,1,0,1,2,1,1,1,1,0,1,1
"PTHR24083_SF46",1,1,1,1,1,1,1,1,1,1,1,1,1,1,2,1,1,1,1,1,1,1,1,1,1,1,1,1,1,2,0,1,1,1,1,1,1,1,1,1,1,1,1,2,1
"PTHR24083_SF48",1,1,1,1,1,1,1,1,1,1,1,1,1,1,1,1,1,1,1,1,1,1,1,1,1,1,1,1,1,1,1,1,1,1,1,1,1,1,1,1,1,1,1,1,1
"PTHR24083_SF49",1,1,1,1,1,1,1,1,1,1,1,1,1,1,1,1,1,1,1,1,1,1,1,1,1,1,1,1,1,1,1,1,1,1,1,1,1,1,1,1,1,1,1,1,1
"PTHR24083_SF78",1,1,1,1,1,1,1,1,1,1,1,1,1,1,1,1,1,1,1,1,1,1,1,1,1,1,1,1,1,1,0,1,1,1,1,1,1,1,1,1,1,1,1,1,1
"PTHR24083_SF79",1,1,1,1,1,1,1,1,1,1,1,1,1,2,1,1,1,1,1,1,1,1,1,1,1,1,1,1,1,1,1,1,1,1,1,1,1,1,2,1,1,1,1,1,1
"PTHR24083_SF83",1,1,1,1,1,1,1,1,1,1,1,1,1,1,1,1,1,1,1,1,1,1,1,1,0,1,1,1,2,1,1,1,1,1,1,1,1,1,1,1,1,1,1,2,1
"PTHR24083_SF90",1,1,1,1,1,1,1,1,1,1,1,1,2,1,1,6,1,1,1,1,1,1,1,1,1,1,1,1,1,1,1,1,1,1,1,1,1,1,1,1,1,1,1,1,1
"PTHR24084_SF1",1,1,1,1,1,1,1,1,1,1,1,1,1,1,1,1,1,1,1,1,1,1,1,1,1,1,1,1,1,1,1,1,1,1,1,1,1,1,1,1,1,1,1,1,1
"PTHR24084_SF19",1,1,2,1,1,1,1,1,1,1,1,1,1,2,1,1,1,1,2,1,1,1,1,1,1,1,1,2,1,0,0,1,1,2,1,1,2,1,3,1,1,1,1,1,1
"PTHR24084_SF22",1,1,1,1,1,1,1,1,1,1,1,1,1,1,0,1,1,1,1,1,1,1,1,1,1,1,1,1,1,1,1,1,1,1,1,1,1,1,1,1,1,1,1,1,1
"PTHR24084_SF23",2,2,2,3,2,2,2,2,2,2,2,2,2,2,2,3,2,2,2,2,2,2,2,3,2,2,2,2,2,3,2,2,2,2,2,2,2,2,2,2,2,2,2,2,2
"PTHR24084_SF3",1,1,1,1,1,1,1,1,1,1,1,1,1,1,1,1,1,1,1,1,1,1,1,1,1,1,3,1,1,1,1,1,1,1,1,1,1,1,1,1,1,1,1,1,1
"PTHR24084_SF4",1,1,1,1,1,1,1,1,1,1,1,1,1,1,1,1,1,1,1,1,1,1,1,1,1,1,1,1,1,1,1,1,1,1,1,1,1,1,1,2,1,1,1,1,1
"PTHR24084_SF6",1,1,1,1,1,1,1,1,1,1,1,1,1,1,1,1,1,1,1,1,1,1,1,1,2,1,1,1,1,1,1,2,1,1,1,1,1,1,1,1,1,1,1,2,1
"PTHR24084_SF7",1,1,1,1,1,1,1,1,1,1,1,1,1,1,1,1,1,1,1,1,1,1,1,1,1,1,1,1,1,1,1,1,1,1,1,1,1,1,1,1,1,1,1,1,0
"PTHR24085",3,3,3,3,3,3,3,3,3,3,3,3,3,3,3,3,3,3,3,3,3,3,3,3,3,3,3,3,3,3,3,3,3,3,3,3,3,3,3,3,3,3,3,5,3
"PTHR24086",2,2,2,2,2,2,2,2,2,2,2,2,2,2,4,2,2,2,2,2,2,2,2,2,2,2,2,2,2,2,3,3,2,2,2,3,2,2,2,2,2,2,2,3,2
"PTHR24088",1,2,3,2,1,1,3,1,0,1,1,2,1,2,1,2,0,1,1,1,1,1,1,1,2,1,1,1,1,1,2,6,2,2,1,1,2,1,5,2,3,1,2,0,1
"PTHR24089_SF0",1,1,1,1,1,2,1,1,1,1,1,1,1,1,1,1,1,1,0,1,1,2,1,1,1,1,0,1,1,1,1,2,1,1,1,1,1,1,1,1,0,1,1,1,1
"PTHR24089_SF107",1,1,1,1,1,1,1,1,1,1,1,1,1,1,3,1,1,1,1,1,1,1,1,1,1,1,1,2,1,1,1,1,1,1,1,1,1,1,1,1,1,1,1,2,1
"PTHR24089_SF160",2,3,5,4,1,2,4,1,1,4,1,1,3,1,1,1,3,1,4,2,1,0,1,3,1,1,1,2,2,1,4,4,2,4,1,3,4,3,3,1,3,1,1,0,2
"PTHR24089_SF167",1,1,1,1,1,1,1,1,1,1,1,1,1,1,1,1,1,1,1,1,1,1,1,1,1,1,1,1,1,1,1,1,1,1,2,1,1,1,1,1,1,1,1,2,1
"PTHR24089_SF169",1,1,1,1,1,1,1,1,1,1,1,1,1,1,1,1,1,1,1,1,1,1,2,1,1,1,1,1,1,1,1,0,1,1,1,1,1,1,1,1,1,1,1,1,1
"PTHR24089_SF173",1,1,1,2,3,1,1,1,1,2,2,2,2,1,4,1,2,2,1,1,1,1,1,1,3,2,1,1,2,1,1,1,1,1,1,1,1,2,1,1,2,1,1,3,1
"PTHR24089_SF176",1,1,1,1,1,1,1,1,1,1,1,1,1,1,1,1,1,1,1,1,1,1,1,1,1,1,1,1,1,1,1,1,1,1,1,1,1,1,1,1,1,1,1,1,1
"PTHR24089_SF177",1,1,1,1,1,1,1,1,1,1,1,1,1,1,1,1,1,1,1,1,1,1,1,1,1,1,1,1,1,1,1,1,1,1,1,1,1,1,1,1,1,1,1,1,1
"PTHR24089_SF180",1,1,1,1,1,2,1,4,1,1,1,1,1,1,16,1,1,1,3,1,2,3,1,1,1,1,1,1,2,2,4,4,1,2,1,1,1,1,1,2,1,1,2,1,2
"PTHR24089_SF181",1,1,1,1,1,1,1,1,1,1,1,1,1,1,0,1,1,1,1,1,1,1,1,1,1,1,1,0,1,1,0,1,1,1,1,1,1,1,1,1,1,1,1,1,1
"PTHR24089_SF192",1,1,1,1,1,1,1,1,1,3,1,1,1,1,1,1,1,1,1,1,0,1,1,1,1,0,1,1,1,1,1,2,1,1,1,1,1,1,1,1,1,1,1,1,1
"PTHR24089_SF193",1,1,1,2,1,3,1,1,1,3,1,1,1,1,1,1,1,1,1,2,1,1,1,1,1,1,1,1,1,1,1,1,1,1,2,1,1,1,1,1,2,1,1,1,3
"PTHR24089_SF195",2,2,2,1,2,1,1,2,1,2,2,2,2,1,2,1,2,1,1,2,2,2,1,1,2,2,1,2,2,1,2,2,2,1,1,1,2,2,1,1,1,2,1,1,2
"PTHR24089_SF196",1,1,1,1,1,1,1,1,1,1,1,1,1,1,1,1,1,1,1,1,1,1,1,1,1,1,1,1,1,1,0,1,1,1,1,1,1,1,1,1,1,1,1,1,1
"PTHR24089_SF201",1,1,1,1,1,1,1,1,1,1,1,1,1,1,1,1,1,1,1,1,1,1,1,1,1,1,1,1,0,1,1,1,1,1,1,1,1,1,1,1,1,1,0,1,0
"PTHR24089_SF202",1,1,0,0,0,1,1,0,0,0,0,0,0,0,0,0,0,0,0,0,0,0,0,0,0,0,0,0,0,1,0,0,0,0,0,0,0,0,0,0,0,0,0,0,0
"PTHR24089_SF204",1,1,1,1,1,1,1,1,1,1,1,1,1,1,1,1,1,1,1,1,1,1,1,1,1,1,1,1,1,1,1,2,1,1,1,1,1,1,1,1,1,1,1,1,1
"PTHR24089_SF205",1,1,1,1,2,1,1,1,1,1,1,1,1,1,1,1,1,1,1,1,1,1,1,1,1,1,1,1,1,1,1,2,1,1,1,1,1,1,1,1,1,1,1,1,2
"PTHR24089_SF209",1,1,1,1,1,1,1,1,1,2,0,1,1,1,1,1,1,1,1,1,1,1,1,1,1,1,1,1,1,1,1,1,1,1,1,1,1,1,1,1,1,1,1,1,1
"PTHR24089_SF210",1,1,1,1,1,1,1,1,1,0,1,1,1,1,1,1,1,1,1,1,1,1,1,1,1,1,1,1,1,1,1,1,1,1,1,1,1,1,1,2,1,0,0,1,1
"PTHR24089_SF219",1,1,1,1,0,1,1,1,1,1,1,1,1,1,1,1,1,1,1,0,1,1,1,1,1,1,2,1,1,1,0,1,1,1,1,1,1,1,1,2,1,1,1,1,1
"PTHR24089_SF222",1,1,1,1,1,1,1,1,1,1,1,1,1,1,1,1,1,1,1,1,1,1,1,1,1,1,1,1,1,1,1,1,1,1,1,1,1,1,2,1,1,1,1,1,1
"PTHR24089_SF224",1,1,1,1,1,1,1,1,1,1,1,1,1,1,1,1,1,1,1,1,1,1,1,1,1,1,1,1,1,1,1,1,1,1,1,1,1,1,1,1,1,1,1,1,1
"PTHR24089_SF225",1,2,1,1,1,2,1,1,1,1,1,1,1,1,1,1,1,1,1,1,1,1,1,1,2,1,1,1,1,1,1,1,1,1,1,1,1,1,2,1,1,1,1,1,1
"PTHR24089_SF229",1,1,1,1,1,1,1,1,1,1,1,1,1,1,1,1,1,1,1,1,1,1,1,1,1,1,1,1,1,1,1,1,1,1,1,1,1,1,1,1,1,1,1,1,1
"PTHR24089_SF231",1,1,1,1,1,1,1,1,1,1,1,1,1,1,1,1,1,1,1,1,1,1,1,1,1,1,1,1,1,1,1,1,1,1,1,1,1,1,1,1,1,1,1,1,1
"PTHR24089_SF235",1,1,1,1,1,1,0,1,1,1,0,1,1,1,1,1,2,1,2,1,1,0,1,1,1,0,1,1,1,1,1,0,0,2,1,1,1,0,1,0,1,1,1,1,1
"PTHR24089_SF236",1,1,1,1,1,1,1,1,1,1,1,1,1,2,1,1,1,1,2,1,1,2,1,1,1,1,0,1,1,1,1,1,1,2,1,1,2,1,2,1,1,1,1,1,1
"PTHR24089_SF242",1,1,1,1,1,1,1,1,1,0,1,1,1,1,1,1,1,1,1,1,1,1,1,1,1,1,1,1,1,1,0,1,1,1,1,1,1,1,1,1,1,1,1,1,1
"PTHR24089_SF248",1,1,1,1,1,1,1,1,1,1,1,1,1,1,1,1,1,1,1,1,1,1,1,1,2,1,1,1,1,1,1,1,1,1,1,1,1,1,1,1,1,1,1,1,1
"PTHR24089_SF249",1,1,1,1,1,1,1,1,1,1,1,1,1,1,1,1,1,1,1,1,1,1,1,1,1,1,1,1,1,1,0,1,1,1,1,1,1,1,1,1,1,1,0,1,1
"PTHR24089_SF251",1,1,1,0,1,1,1,0,0,1,1,0,1,0,1,1,0,0,1,1,1,0,1,0,0,1,0,0,2,0,1,1,0,1,0,1,0,1,0,1,0,1,2,0,1
"PTHR24089_SF252",1,0,1,1,1,0,1,1,1,1,0,1,1,1,1,1,1,1,1,1,1,1,1,1,1,1,1,1,1,0,2,1,2,1,1,1,1,1,1,1,1,0,0,1,1
"PTHR24089_SF253",1,1,2,2,1,1,1,2,1,2,1,0,1,4,5,2,0,1,2,2,2,3,1,4,1,0,2,3,1,1,1,2,1,1,1,1,3,0,3,2,1,1,0,1,2
"PTHR24089_SF256",1,1,2,1,1,1,1,1,1,1,1,1,1,1,1,1,1,1,1,1,1,1,1,1,1,1,1,1,1,1,1,2,1,2,1,1,1,1,1,1,1,1,1,1,2
"PTHR24089_SF257",1,1,1,1,1,3,1,1,1,1,1,1,1,1,1,1,1,1,1,1,1,1,1,1,1,1,1,1,1,2,1,1,1,1,1,1,1,1,1,1,1,1,1,1,1
"PTHR24089_SF262",1,2,1,1,2,2,1,1,1,1,1,1,1,1,1,2,1,1,1,1,1,1,1,1,1,1,1,1,1,2,2,1,1,1,2,1,1,1,1,1,1,1,1,2,2
"PTHR24089_SF263",1,1,1,1,1,1,2,1,1,1,1,1,1,1,1,1,1,1,1,1,1,1,1,1,1,1,1,1,1,1,1,1,1,1,1,1,1,1,1,1,1,1,1,1,1
"PTHR24089_SF265",1,1,1,2,2,1,1,1,1,1,1,1,1,1,1,1,1,1,1,1,1,1,1,1,1,1,1,1,1,1,1,1,1,1,1,1,1,1,1,1,1,1,1,1,1
"PTHR24089_SF35",1,1,1,1,1,1,1,1,1,1,1,1,1,1,1,1,1,1,1,1,1,1,1,1,1,1,1,1,1,1,1,1,1,1,1,1,1,1,1,1,1,1,1,1,1
"PTHR24089_SF39",1,1,1,1,1,1,1,1,1,0,1,1,1,1,1,2,1,1,1,0,1,1,1,1,1,1,1,1,1,1,1,1,1,1,2,1,1,1,1,1,1,1,1,2,1
"PTHR24089_SF41",1,1,1,1,1,1,1,1,1,1,1,1,1,1,1,1,1,1,1,1,1,1,1,1,1,1,1,1,1,2,1,1,3,1,1,1,1,2,1,1,1,1,1,1,1
"PTHR24089_SF45",1,1,1,2,1,1,1,1,1,1,1,1,1,1,1,2,1,1,1,1,1,1,1,1,1,1,1,1,1,1,1,1,1,1,1,1,1,1,1,1,1,1,1,1,1
"PTHR24089_SF59",1,1,1,1,1,1,1,0,1,1,1,1,1,1,0,1,0,1,1,1,1,1,1,1,0,1,1,1,1,1,1,1,1,1,1,1,1,1,1,2,1,1,1,1,1
"PTHR24089_SF62",1,1,1,1,1,1,1,1,1,1,1,1,1,1,1,2,1,1,1,1,1,1,2,1,1,1,1,1,1,1,1,1,1,1,1,1,1,1,1,1,1,1,1,2,1
"PTHR24089_SF80",1,1,1,1,1,1,1,1,1,1,1,1,1,1,1,1,1,1,1,1,1,1,1,1,1,1,1,1,1,1,1,1,1,1,1,1,1,1,1,1,1,1,1,1,1
"PTHR24089_SF86",1,1,1,1,1,1,1,1,1,1,1,1,1,1,1,1,1,1,1,1,1,1,1,1,1,1,1,1,1,1,1,1,1,1,1,1,1,1,1,1,1,1,1,1,1
"PTHR24089_SF95",1,1,1,1,1,1,1,1,1,1,1,1,1,1,1,1,1,1,1,1,1,1,1,1,1,1,1,1,1,1,1,1,1,1,1,1,1,1,1,1,1,1,1,1,1
"PTHR24091",1,1,1,1,1,2,1,1,1,1,1,1,1,1,1,1,1,1,1,1,1,1,1,1,1,1,1,1,1,1,1,0,2,1,1,1,1,1,1,1,1,1,1,1,1
"PTHR24092_SF33",1,1,1,1,1,1,1,1,1,1,1,1,1,1,1,1,1,1,1,1,1,1,1,1,1,1,1,1,1,1,1,1,1,1,1,1,1,1,1,1,1,1,1,2,1
"PTHR24092_SF38",1,2,1,1,1,1,1,1,1,2,1,1,1,1,1,1,1,1,1,1,1,1,2,1,1,1,0,1,1,1,1,1,1,1,1,1,1,1,1,1,1,1,1,1,1
"PTHR24092_SF42",2,1,1,1,1,1,1,1,1,1,1,1,1,1,1,1,1,1,1,1,1,1,1,1,1,1,1,1,1,1,1,1,1,1,1,1,1,0,1,1,1,1,1,1,1
"PTHR24092_SF43",1,1,1,1,1,1,1,1,1,1,1,1,1,1,1,1,1,1,1,1,1,1,1,1,1,1,1,1,1,1,1,1,2,2,1,1,1,0,1,1,1,2,1,1,1
"PTHR24092_SF44",1,1,1,1,0,1,1,1,0,1,1,1,1,1,1,1,1,2,1,3,1,1,1,1,1,1,1,1,1,1,0,1,1,1,1,1,1,1,1,1,1,1,0,1,2
"PTHR24092_SF45",1,1,1,1,1,1,1,1,1,1,1,1,1,1,1,2,1,1,1,1,1,1,1,1,1,1,2,1,1,1,1,1,1,1,1,1,1,1,1,1,1,1,1,1,1
"PTHR24092_SF46",1,1,1,1,1,1,1,1,1,1,1,1,1,1,1,1,1,2,1,1,1,1,1,1,1,1,1,1,1,1,1,1,1,1,1,1,1,1,1,1,1,1,1,1,1
"PTHR24092_SF47",1,1,1,1,1,1,1,1,1,1,1,1,1,1,1,1,1,1,1,1,1,1,1,1,1,1,1,1,1,1,2,1,1,1,1,1,1,1,1,1,1,1,1,2,1
"PTHR24092_SF48",1,1,1,1,1,1,1,1,1,1,1,1,1,1,1,1,1,1,1,1,1,1,1,1,1,1,1,1,1,1,1,1,1,1,1,1,1,1,1,1,1,1,1,1,1
"PTHR24092_SF49",1,1,1,1,1,1,1,1,1,2,1,1,1,1,1,1,1,1,1,1,1,1,1,1,1,1,1,1,1,1,1,1,1,1,1,1,1,1,1,1,1,1,1,1,1
"PTHR24092_SF50",1,1,1,1,1,1,1,1,1,1,1,1,1,1,1,1,1,1,1,1,1,1,1,1,1,1,1,1,1,1,1,1,1,1,1,1,1,1,1,1,1,1,1,1,1
"PTHR24092_SF52",1,1,0,0,1,1,0,1,1,1,1,1,1,0,1,0,1,1,0,1,0,0,1,0,1,1,1,0,1,1,1,1,1,0,1,1,0,1,0,1,0,1,1,1,1
"PTHR24092_SF56",1,1,1,1,1,1,1,1,1,1,1,1,1,1,1,1,1,1,1,1,1,1,1,1,1,1,1,1,1,1,1,1,1,1,1,1,1,1,1,2,1,1,1,1,1
"PTHR24092_SF57",1,1,1,1,1,1,1,1,1,2,1,1,1,1,1,1,1,1,1,1,1,1,1,1,1,1,2,1,1,1,1,1,1,1,1,1,1,1,1,1,1,2,1,1,1
"PTHR24092_SF59",1,1,0,0,1,1,0,1,0,1,0,0,1,0,0,0,0,1,0,0,0,0,0,0,0,2,0,0,1,1,1,0,1,0,0,0,0,2,0,0,0,1,0,0,2
"PTHR24092_SF61",1,1,1,1,1,1,1,1,1,1,1,1,1,1,1,1,2,1,1,1,1,1,1,1,1,1,1,1,1,1,1,1,1,1,1,2,1,1,1,1,1,1,1,1,1
"PTHR24093_SF211",1,1,1,1,1,1,1,1,1,1,1,1,1,1,1,1,1,1,1,1,1,1,1,1,1,1,1,1,1,1,1,1,0,1,1,1,1,1,1,1,1,1,1,1,1
"PTHR24093_SF214",1,1,1,1,1,1,1,1,1,1,1,1,1,1,3,1,1,1,1,1,1,1,1,1,1,1,1,1,1,1,1,1,1,1,1,1,1,1,1,1,1,1,1,1,1
"PTHR24093_SF215",1,1,1,1,1,1,1,1,1,1,1,1,1,1,1,1,1,1,1,1,1,1,1,1,1,1,1,1,1,1,1,1,1,1,1,1,1,1,1,1,1,1,1,1,1
"PTHR24093_SF220",1,1,1,1,1,1,1,1,1,2,1,1,1,1,1,1,1,1,1,2,1,1,1,1,1,1,1,1,1,1,1,1,1,1,1,1,1,1,1,1,1,1,1,1,1
"PTHR24093_SF222",1,1,1,1,1,1,1,1,1,1,1,1,1,1,1,1,1,1,1,1,1,1,1,1,1,1,2,1,1,1,1,1,1,1,1,1,1,1,1,1,1,1,1,2,1
"PTHR24093_SF229",1,1,3,1,1,1,1,1,1,1,1,1,1,1,1,1,1,1,1,2,1,1,1,1,1,1,1,1,1,1,1,1,1,1,1,1,1,1,1,1,1,1,1,1,1
"PTHR24093_SF233",1,1,1,1,1,1,1,1,1,0,2,1,1,1,2,1,1,1,1,0,1,1,1,1,1,1,1,1,1,1,1,1,0,1,1,1,1,1,1,1,1,1,1,1,1
"PTHR24093_SF234",1,1,1,1,1,1,1,1,1,1,1,1,1,1,1,1,1,1,1,1,1,1,1,1,1,1,1,1,1,1,1,1,1,1,1,1,1,1,1,1,1,1,1,1,1
"PTHR24093_SF237",1,1,1,1,1,1,1,1,1,1,1,1,1,1,1,1,1,1,1,1,1,1,1,1,1,1,1,1,1,1,0,1,1,1,1,1,1,1,1,1,1,1,1,1,1
"PTHR24093_SF239",1,1,1,1,1,1,1,1,1,1,1,1,1,1,1,1,1,1,1,1,1,1,1,1,1,1,1,1,1,1,1,1,1,1,1,1,1,1,1,1,1,1,1,1,2
"PTHR24093_SF245",1,1,1,1,1,1,1,1,1,1,1,1,1,1,2,1,1,1,1,1,1,1,1,1,1,1,1,1,1,1,1,1,1,1,3,2,1,1,1,1,1,1,1,2,1
"PTHR24093_SF247",1,1,1,1,1,1,1,1,1,1,1,1,1,1,1,1,1,1,1,1,1,1,1,1,1,1,1,1,1,1,1,1,1,1,1,1,1,1,1,1,1,1,1,1,1
"PTHR24093_SF249",1,1,1,1,1,1,1,1,1,1,1,1,1,1,1,1,1,1,1,1,1,1,1,1,1,1,1,1,1,1,1,1,1,1,1,1,1,1,1,2,1,1,1,1,1
"PTHR24093_SF251",1,1,1,1,1,1,1,1,1,1,1,1,1,1,1,1,1,1,1,1,1,1,1,1,1,1,1,1,1,1,1,1,1,1,1,1,1,1,1,1,1,1,1,1,1
"PTHR24093_SF259",1,1,1,1,1,1,1,1,1,1,1,1,1,1,1,2,1,1,1,1,1,1,1,1,1,1,1,1,1,1,1,1,1,1,1,1,1,1,1,1,1,1,1,1,1
"PTHR24093_SF265",1,1,1,1,1,1,1,1,1,1,1,1,1,1,1,1,1,1,1,1,1,1,1,1,1,1,1,1,1,1,1,1,1,1,1,1,1,1,1,1,1,1,1,1,1
"PTHR24093_SF276",1,1,1,1,1,2,1,1,1,1,1,1,1,2,1,1,1,1,1,2,1,1,1,1,1,1,1,1,1,7,4,1,1,1,1,1,1,1,1,1,1,1,1,1,1
"PTHR24093_SF279",1,1,1,1,1,1,1,1,1,1,1,1,1,1,1,1,1,1,1,1,1,1,1,1,1,1,2,1,1,1,2,1,1,1,1,1,1,2,1,1,1,1,1,1,1
"PTHR24093_SF280",1,1,1,1,1,1,1,1,1,1,1,1,1,1,1,1,1,1,1,2,1,1,1,1,1,1,1,1,1,1,1,1,1,1,1,1,1,1,1,1,1,1,1,1,1
"PTHR24093_SF282",1,1,1,1,1,1,1,1,1,0,1,1,1,1,1,1,1,3,1,1,1,1,1,1,1,1,1,1,1,1,1,1,1,1,3,1,1,1,1,1,1,1,1,2,1
"PTHR24093_SF82",1,1,1,1,1,1,0,1,1,1,1,1,1,1,1,1,1,1,1,1,1,1,1,1,1,1,1,1,1,1,0,1,1,1,1,1,1,1,1,1,1,1,1,1,1
"PTHR24093_SF86",1,1,1,1,1,1,1,1,1,1,1,1,1,1,1,1,1,1,1,1,1,1,1,1,1,1,1,1,1,1,1,1,1,1,1,1,1,1,1,1,1,1,1,1,1
"PTHR24095_SF0",1,1,1,1,1,1,1,1,1,1,1,1,1,1,1,1,1,1,1,1,1,1,1,1,1,1,0,1,1,1,1,1,1,1,1,1,1,1,1,1,1,1,1,1,1
"PTHR24095_SF105",1,1,1,1,1,1,1,1,1,2,1,2,1,1,1,1,1,1,1,0,1,1,1,1,1,1,2,1,1,1,1,1,1,1,1,1,0,1,1,1,1,1,0,2,1
"PTHR24095_SF110",1,1,1,1,1,1,1,1,1,1,1,1,1,1,1,1,1,1,1,1,1,1,1,1,1,1,1,1,1,1,1,1,1,1,1,1,1,1,1,1,1,1,1,1,1
"PTHR24095_SF126",1,1,1,1,1,1,1,1,1,1,2,1,1,1,1,1,1,1,1,1,1,2,1,1,1,1,1,1,1,1,1,1,1,1,1,1,1,1,1,1,1,1,1,1,1
"PTHR24095_SF127",1,1,0,1,1,1,1,1,1,1,1,1,1,1,1,1,1,1,1,0,1,1,1,1,1,2,1,1,1,1,2,1,1,1,1,1,1,1,1,1,1,1,0,2,1
"PTHR24095_SF139",1,1,1,1,1,1,1,1,1,1,1,1,1,1,1,1,1,1,1,1,1,1,1,1,1,1,1,1,1,1,1,1,1,1,1,1,1,1,1,1,1,1,1,2,1
"PTHR24095_SF150",1,1,1,0,0,1,0,1,1,8,2,2,1,1,1,1,1,4,1,6,1,1,1,1,1,1,1,0,1,1,1,1,1,1,1,1,1,1,1,1,0,0,1,2,0
"PTHR24095_SF17",1,1,1,1,1,1,1,1,1,1,1,1,1,1,1,1,1,1,1,1,1,1,1,1,1,1,1,1,1,1,1,1,1,1,1,1,1,1,1,1,1,1,1,1,1
"PTHR24095_SF43",1,1,1,1,1,1,1,1,1,1,1,1,1,1,1,1,1,1,1,1,1,1,1,1,1,1,1,1,1,1,1,1,1,1,1,1,1,1,1,1,1,1,1,1,1
"PTHR24095_SF46",1,1,1,1,1,1,1,1,1,1,1,1,1,1,1,1,1,1,1,0,1,1,1,2,1,1,1,1,1,1,1,1,1,2,1,1,2,1,2,1,1,1,1,1,1
"PTHR24095_SF52",1,1,1,2,1,1,0,1,1,1,1,1,1,1,1,1,1,1,1,1,1,2,1,1,1,1,1,1,1,2,1,1,1,1,1,1,1,1,1,1,0,1,1,1,1
"PTHR24095_SF98",1,1,0,0,1,1,0,1,1,0,0,0,0,0,1,0,1,1,0,1,0,1,1,0,1,1,2,0,1,1,1,1,1,0,1,1,0,0,0,1,0,1,0,0,1
"PTHR24096_SF110",1,0,0,0,1,0,0,1,1,1,0,1,1,0,1,0,1,0,0,0,0,0,1,0,1,1,1,0,1,0,0,1,1,0,0,1,0,1,0,1,0,0,0,0,1
"PTHR24096_SF117",1,1,1,1,1,1,1,1,1,1,1,1,1,1,1,1,1,1,1,1,1,1,1,1,1,1,1,1,1,1,1,1,1,1,1,1,1,1,1,1,1,1,1,1,1
"PTHR24096_SF125",1,1,1,1,1,1,1,1,1,1,1,1,1,1,1,2,1,0,1,1,1,1,1,1,1,1,1,1,1,1,1,1,1,1,0,1,1,1,1,1,1,1,1,0,1
"PTHR24096_SF126",1,1,1,1,1,1,1,1,1,1,1,1,1,1,1,1,1,1,1,1,1,1,1,1,1,1,1,1,1,1,1,1,1,1,1,1,1,1,1,1,1,1,1,1,1
"PTHR24096_SF127",1,1,1,1,1,1,1,1,1,4,1,1,1,1,1,1,1,1,1,1,1,1,1,1,1,1,1,1,1,1,1,1,1,1,1,1,1,1,1,1,1,1,1,1,1
"PTHR24096_SF129",1,2,1,1,1,1,1,1,1,1,2,1,1,1,0,1,1,1,1,1,1,1,1,1,1,1,1,1,1,1,1,1,0,1,2,1,1,1,1,1,1,1,1,2,1
"PTHR24096_SF143",1,1,1,1,1,1,1,1,1,1,1,1,1,1,1,1,1,1,1,1,1,1,2,1,1,1,1,1,1,1,1,1,1,1,1,1,1,1,1,1,1,1,1,1,1
"PTHR24096_SF145",1,1,1,1,1,1,1,1,1,1,1,1,1,1,1,1,1,1,1,2,1,1,1,1,1,1,1,1,1,1,1,1,1,1,1,1,1,1,2,1,1,1,1,1,1
"PTHR24096_SF148",1,1,1,1,1,1,1,1,1,0,1,1,1,1,1,1,1,1,1,1,1,1,1,1,1,1,1,1,1,1,0,1,1,1,1,0,1,1,1,1,1,1,1,1,1
"PTHR24096_SF157",1,1,1,1,1,1,1,1,1,1,1,1,1,1,1,1,1,1,1,1,1,1,1,1,1,1,1,1,1,1,1,1,1,1,1,1,1,1,1,1,1,1,1,1,1
"PTHR24096_SF167",1,2,2,2,2,2,2,2,1,0,1,1,1,2,1,3,2,2,2,3,2,2,2,2,1,1,2,1,2,2,2,1,1,2,2,1,2,2,2,1,2,2,1,2,1
"PTHR24096_SF94",1,1,1,1,1,1,1,1,1,1,1,1,1,1,1,2,1,1,1,1,1,1,1,1,1,0,1,1,1,1,1,1,1,1,1,1,1,1,1,1,1,1,1,2,1
"PTHR24096_SF98",1,1,1,1,1,1,1,1,1,1,1,1,1,1,1,1,1,1,1,1,1,1,1,1,1,1,1,1,1,1,1,1,1,1,0,1,1,1,1,1,1,1,1,0,1
"PTHR24096_SF99",1,1,1,1,0,1,1,1,1,1,1,1,1,2,1,1,1,1,1,1,1,1,1,1,1,1,1,1,1,1,1,1,1,1,1,1,1,1,1,1,1,1,1,1,1
"PTHR24098_SF6",2,1,1,1,2,1,1,1,1,1,1,1,2,1,1,3,1,1,2,1,1,2,1,1,2,1,1,2,1,2,1,1,0,1,2,1,1,1,1,1,0,1,1,1,2
"PTHR24098_SF8",1,1,1,1,0,1,1,1,2,1,1,1,1,1,2,1,1,1,1,1,1,0,1,1,1,1,1,1,1,1,1,1,1,1,1,1,1,1,1,1,1,1,1,1,1
"PTHR24099_SF4",1,1,1,1,1,1,1,1,1,1,1,1,1,1,1,1,1,1,1,1,1,1,1,1,1,1,1,1,1,1,1,1,1,1,1,1,1,1,1,1,1,1,1,1,1
"PTHR24099_SF6",1,1,1,1,1,1,1,1,1,1,1,1,1,1,1,1,1,1,1,2,1,1,1,1,1,1,1,1,1,1,1,1,1,1,1,1,1,1,1,1,1,1,1,1,1
"PTHR24099_SF7",1,1,1,1,1,1,1,1,1,1,1,1,1,1,1,1,0,2,1,1,1,1,1,1,1,1,2,1,1,1,1,0,1,1,1,1,1,1,1,1,1,1,1,1,1
"PTHR24099_SF8",1,1,1,1,1,1,1,1,1,1,1,1,1,1,1,1,1,1,1,1,1,1,1,1,1,1,2,1,1,1,1,1,1,1,1,1,1,1,2,1,1,1,1,1,1
"PTHR24100_SF0",1,1,2,1,1,1,1,1,1,1,1,1,1,1,1,1,1,1,2,1,1,1,1,2,1,1,1,1,1,1,1,1,1,1,1,2,1,1,1,1,1,1,1,1,1
"PTHR24100_SF11",2,0,0,1,2,0,1,0,0,2,0,2,1,0,0,0,1,1,0,0,0,0,1,0,1,1,1,0,1,0,2,1,0,0,0,1,0,0,0,1,0,0,0,0,2
"PTHR24100_SF2",1,1,1,1,1,1,1,0,1,1,1,1,1,1,1,1,1,1,1,1,1,1,1,1,1,1,1,2,1,1,1,1,1,1,1,1,1,1,1,1,1,1,1,1,1
"PTHR24100_SF43",1,1,2,1,1,1,2,2,1,16,1,1,2,1,0,1,1,1,2,0,1,1,1,2,1,1,2,1,1,1,1,1,2,1,1,1,1,2,1,1,1,1,1,1,1
"PTHR24100_SF44",1,1,1,1,0,1,1,1,0,1,0,1,0,1,1,1,0,1,1,0,1,1,0,1,0,1,1,1,1,1,0,0,1,1,1,1,1,0,1,0,1,1,1,1,0
"PTHR24100_SF46",1,1,1,1,1,3,1,0,0,1,1,1,1,1,1,1,1,2,1,1,1,1,1,1,1,1,1,1,1,6,3,0,1,1,2,1,1,1,1,1,1,1,1,1,1
"PTHR24100_SF47",1,1,0,0,1,1,0,1,1,1,0,1,1,0,0,0,1,1,0,5,0,0,1,0,1,1,1,0,1,1,1,0,1,0,2,1,0,1,0,1,0,1,0,2,1
"PTHR24100_SF49",2,4,1,1,1,3,1,1,1,2,3,1,1,1,1,8,1,3,1,0,1,1,1,1,1,1,1,1,3,3,2,1,1,1,11,1,1,1,1,1,1,12,1,11,2
"PTHR24100_SF5",1,1,0,1,1,1,1,1,1,1,2,1,1,1,0,9,1,1,0,4,0,0,1,0,1,1,1,1,1,1,2,1,1,0,0,1,1,1,1,1,1,1,1,0,1
"PTHR24100_SF50",2,1,1,1,1,1,1,0,0,3,1,1,0,1,1,1,1,1,1,4,2,1,1,1,1,1,1,1,1,1,1,0,1,1,1,1,1,1,1,1,1,1,1,1,1
"PTHR24100_SF52",1,1,0,0,1,1,0,0,0,0,0,1,1,0,0,0,0,1,0,1,0,0,0,0,0,1,0,0,1,1,1,0,0,0,1,0,0,1,0,0,0,1,0,0,1
"PTHR24100_SF53",1,1,1,1,1,1,1,2,1,0,1,1,1,1,2,1,1,1,1,1,1,1,1,1,1,1,2,1,1,1,1,1,0,1,1,2,1,1,1,1,1,1,1,1,1
"PTHR24100_SF55",1,1,1,1,1,1,1,1,0,1,1,1,1,1,1,2,1,1,1,1,1,1,1,1,1,1,1,1,1,1,0,0,1,1,1,1,1,1,1,1,1,1,1,1,1
"PTHR24100_SF6",2,2,0,0,2,1,0,1,0,0,1,1,4,0,0,0,0,2,0,2,0,1,2,0,1,5,3,0,4,2,9,0,1,0,0,3,0,2,0,7,0,2,1,0,1
"PTHR24102_SF1",1,1,1,1,1,1,1,1,1,1,1,1,1,1,1,1,0,1,1,1,1,1,1,1,1,1,1,1,1,1,2,1,1,1,1,1,1,1,1,1,1,1,1,1,1
"PTHR24102_SF12",1,1,1,1,1,1,1,1,1,1,2,2,1,1,1,1,1,1,1,1,1,1,1,1,1,1,1,1,1,1,1,2,1,1,1,1,1,1,1,1,1,1,1,1,1
"PTHR24102_SF13",1,1,1,1,1,2,1,1,1,1,1,1,1,1,1,1,2,1,1,1,1,1,1,1,2,1,1,1,1,2,1,1,1,1,1,0,1,1,1,1,1,1,1,1,1
"PTHR24102_SF15",1,1,1,1,1,1,1,1,1,1,1,1,1,1,1,1,1,1,1,1,1,1,1,1,1,1,1,1,1,1,0,0,1,1,1,1,1,1,1,1,1,1,1,1,1
"PTHR24102_SF16",1,1,1,1,1,1,1,1,1,1,1,1,1,1,1,1,1,1,1,1,1,1,1,1,1,1,1,1,1,1,1,1,1,1,1,1,1,1,1,1,1,1,1,1,1
"PTHR24102_SF6",1,1,1,1,1,1,1,1,1,1,1,1,1,1,1,1,1,1,1,1,1,1,1,1,1,1,1,1,1,1,1,1,1,2,1,1,1,1,1,1,1,1,1,1,1
"PTHR24103_SF1",1,1,1,1,1,1,1,1,1,1,1,1,1,1,1,1,1,1,1,1,1,1,1,1,1,1,1,1,1,1,1,1,1,1,1,1,1,1,1,1,1,1,1,1,1
"PTHR24103_SF104",1,1,1,1,1,1,1,1,1,1,1,1,1,1,1,1,1,1,1,1,1,1,1,1,1,1,2,1,1,1,1,2,1,1,1,1,1,1,1,1,1,1,1,0,1
"PTHR24103_SF11",1,1,1,1,1,1,1,1,1,1,1,1,1,1,1,1,1,1,1,1,1,1,1,1,1,1,1,1,1,1,1,1,1,1,1,1,1,1,1,1,1,1,0,1,1
"PTHR24103_SF114",1,1,1,1,1,1,2,1,1,1,1,1,1,1,1,1,1,1,1,1,1,1,1,1,1,1,1,1,1,1,1,1,1,1,1,1,1,1,1,1,1,1,1,1,1
"PTHR24103_SF118",1,1,1,1,1,1,1,1,1,1,1,1,1,1,1,2,1,1,1,1,1,1,1,1,1,1,1,1,1,1,1,1,1,1,1,1,1,1,1,1,1,1,1,1,1
"PTHR24103_SF121",1,1,1,1,1,1,1,1,1,1,1,1,1,1,1,1,1,1,1,1,1,1,1,1,1,1,1,1,1,1,1,1,1,1,1,1,1,1,1,1,1,1,1,1,1
"PTHR24103_SF136",1,1,1,1,4,1,1,1,1,2,1,1,1,1,2,1,1,1,1,1,1,1,1,1,1,1,3,1,1,1,1,1,1,1,1,1,1,1,2,0,1,1,1,1,1
"PTHR24103_SF2",1,1,1,1,1,1,1,1,1,1,1,1,1,1,1,1,1,1,1,1,1,1,1,1,1,1,1,1,1,1,1,1,1,1,1,1,1,1,1,1,1,1,1,1,1
"PTHR24103_SF213",1,1,1,1,1,1,1,1,1,1,1,1,1,1,1,1,1,1,1,1,1,1,1,1,1,1,1,1,1,1,1,1,1,1,1,1,1,1,1,1,1,1,1,1,1
"PTHR24103_SF221",1,1,1,1,1,1,1,1,1,1,1,1,1,1,1,1,1,1,1,1,1,1,3,1,1,1,1,1,1,1,1,1,1,1,3,1,1,1,1,1,1,1,1,3,1
"PTHR24103_SF224",1,1,1,1,1,1,1,0,0,0,1,1,1,1,1,8,1,1,1,0,1,1,1,1,1,1,2,1,1,1,1,1,1,1,1,1,1,1,1,1,1,1,1,1,1
"PTHR24103_SF229",1,2,1,1,1,1,1,1,1,1,1,1,1,1,2,1,1,1,1,1,1,1,1,1,1,1,1,1,1,1,1,1,1,1,1,1,1,1,1,1,1,1,1,1,1
"PTHR24103_SF231",1,1,1,1,1,1,1,1,1,1,1,1,1,1,1,1,1,1,1,1,1,1,1,1,1,1,0,1,1,1,1,1,1,1,1,1,1,1,2,1,1,1,1,1,1
"PTHR24103_SF233",1,1,0,0,0,0,0,0,0,1,0,0,0,0,0,0,0,1,0,1,0,0,0,0,0,0,0,0,0,2,1,0,0,0,0,0,0,0,0,0,0,1,1,0,0
"PTHR24103_SF235",1,1,1,1,1,1,1,1,1,1,1,1,1,1,1,1,0,1,1,1,1,0,1,1,1,1,1,1,1,1,1,1,1,1,1,1,1,1,1,1,1,1,1,1,1
"PTHR24103_SF239",1,2,2,2,1,2,1,1,1,1,2,2,1,2,1,1,1,1,2,1,1,2,1,2,2,2,2,2,1,2,2,1,1,1,1,1,2,1,2,1,2,2,2,2,1
"PTHR24103_SF240",1,1,1,1,1,1,1,1,1,1,1,1,1,1,1,1,1,1,1,1,1,1,1,1,1,1,1,1,1,1,1,1,1,1,1,1,1,1,1,1,1,1,1,1,1
"PTHR24103_SF241",1,1,1,1,0,1,1,1,0,1,1,1,0,1,0,8,1,1,1,0,1,0,1,1,1,0,2,1,0,1,1,1,1,1,1,1,1,0,1,1,1,1,1,1,0
"PTHR24103_SF242",1,1,1,1,1,1,1,1,1,1,1,1,1,1,1,1,1,1,1,1,1,1,1,1,1,1,1,1,1,1,0,1,1,1,1,1,1,1,1,1,1,1,1,1,1
"PTHR24103_SF244",2,2,2,2,2,2,2,2,1,2,2,2,2,2,2,2,2,2,2,2,2,2,2,2,2,2,2,2,2,2,2,2,2,2,2,2,2,2,2,2,2,2,2,2,2
"PTHR24103_SF247",1,7,1,0,1,0,0,0,0,3,1,0,1,0,0,0,0,0,1,1,0,1,0,0,0,0,0,0,0,6,3,0,0,0,0,0,0,1,0,0,0,2,0,0,1
"PTHR24103_SF252",1,1,1,1,1,1,1,1,1,1,1,1,1,1,2,1,1,1,1,1,1,0,1,1,1,1,1,1,1,1,1,1,1,1,1,1,1,1,1,1,1,1,0,1,1
"PTHR24103_SF254",1,1,1,1,1,1,1,1,1,1,1,1,1,1,1,1,1,1,1,1,1,1,1,1,1,1,1,1,1,1,1,1,1,1,1,1,1,1,1,1,1,1,1,3,1
"PTHR24103_SF256",1,1,1,1,1,1,1,1,1,1,1,1,1,1,1,1,1,1,1,1,1,1,1,1,1,1,2,1,1,1,1,1,1,1,1,1,1,1,1,1,1,1,1,1,1
"PTHR24103_SF259",1,1,1,1,0,1,1,1,0,0,1,1,0,1,0,8,1,1,1,0,1,0,1,1,1,1,1,1,1,1,1,1,1,1,1,1,1,0,1,1,1,1,1,1,0
"PTHR24103_SF26",1,1,1,1,1,2,1,1,1,1,1,1,1,1,1,2,1,1,1,1,1,1,2,1,1,1,2,1,1,1,0,1,1,1,1,2,1,1,1,1,1,1,1,2,1
"PTHR24103_SF264",1,1,1,1,1,1,0,1,1,1,0,0,1,1,1,1,1,1,1,1,1,1,1,1,1,1,1,1,1,1,1,0,1,1,1,1,1,1,2,1,1,0,1,1,1
"PTHR24103_SF265",1,0,1,1,1,0,1,0,0,0,1,1,0,1,0,1,0,0,1,1,1,0,1,1,0,1,0,1,1,0,0,0,0,1,0,0,1,0,1,0,1,1,0,0,1
"PTHR24103_SF267",1,1,1,1,1,1,1,1,1,1,1,1,1,1,1,1,1,1,1,1,1,1,1,1,1,1,1,1,1,1,1,1,1,1,0,2,1,1,1,1,1,1,1,0,1
"PTHR24103_SF27",1,1,1,1,1,1,1,1,1,1,1,1,1,1,1,1,1,1,1,1,1,1,1,1,1,1,1,1,1,1,1,1,1,1,1,1,1,1,1,1,1,1,1,2,1
"PTHR24103_SF271",1,1,1,1,1,1,1,1,1,1,1,1,1,1,1,7,1,1,1,1,1,1,1,1,1,1,1,1,1,1,1,1,1,1,0,1,1,1,1,1,1,1,1,0,1
"PTHR24103_SF273",1,1,1,1,1,1,1,1,1,1,1,1,1,1,1,1,1,1,1,1,1,1,1,1,1,1,1,1,1,1,1,1,1,1,1,1,1,1,1,1,1,1,1,1,1
"PTHR24103_SF274",1,1,0,0,1,1,1,0,1,1,1,1,1,0,0,0,1,1,0,1,0,0,1,0,1,1,1,0,1,1,1,0,1,0,1,1,0,1,0,1,0,1,0,1,1
"PTHR24103_SF276",1,2,2,1,2,0,1,0,0,3,2,3,2,2,0,2,0,14,1,1,1,3,3,0,0,0,7,1,0,5,2,0,3,1,0,6,0,0,2,1,0,3,0,0,2
"PTHR24103_SF277",1,1,1,1,0,1,1,1,1,3,1,1,1,1,1,8,1,1,1,0,1,0,1,1,1,1,1,1,1,1,1,1,1,1,2,1,1,1,1,1,1,1,0,2,1
"PTHR24103_SF281",1,1,1,1,1,1,1,1,1,1,1,1,1,1,1,1,1,1,1,1,1,1,1,1,1,1,1,1,1,1,1,1,1,1,1,1,1,1,1,1,1,1,1,0,1
"PTHR24103_SF285",1,1,1,1,0,1,1,2,2,1,1,1,1,1,2,1,1,1,1,1,1,1,1,1,1,1,1,1,1,1,1,1,1,1,1,1,1,1,1,1,1,1,1,1,1
"PTHR24103_SF286",1,2,1,1,2,2,1,1,1,2,1,2,2,2,1,2,1,2,2,2,2,2,2,2,1,1,2,1,2,2,4,2,1,2,1,2,2,3,2,2,1,1,2,1,1
"PTHR24103_SF287",1,0,1,2,1,1,1,1,1,1,1,1,1,1,1,1,1,1,1,1,1,1,1,1,1,1,1,1,1,1,1,1,1,0,0,1,1,0,1,0,1,1,1,0,1
"PTHR24103_SF289",2,2,2,2,2,2,2,2,2,2,2,2,2,2,2,2,2,2,2,2,2,2,2,2,2,2,2,2,2,2,2,2,2,2,2,2,1,2,2,2,2,2,2,2,2
"PTHR24103_SF29",1,1,1,1,1,1,1,1,1,1,1,1,1,1,2,1,1,1,1,1,1,1,1,1,1,1,1,1,1,1,1,1,1,1,1,1,1,1,1,1,1,1,1,1,1
"PTHR24103_SF290",1,1,1,1,1,1,1,1,1,1,1,1,1,1,1,1,1,1,1,0,1,1,1,1,1,1,1,1,1,0,1,1,1,1,0,1,1,1,1,1,1,1,0,0,1
"PTHR24103_SF291",1,1,1,1,1,1,1,1,1,1,1,1,1,1,1,1,1,1,1,1,1,1,1,1,1,1,1,1,1,1,1,1,1,1,6,1,1,1,1,1,1,1,1,4,1
"PTHR24103_SF293",1,1,1,1,1,1,1,1,1,1,0,1,1,1,1,1,1,1,1,1,1,1,1,1,1,1,1,1,1,1,1,1,1,1,2,1,1,1,1,1,1,1,1,3,1
"PTHR24103_SF30",1,1,1,1,1,1,1,1,1,1,1,1,1,1,1,1,1,1,1,1,1,1,1,1,1,1,1,1,1,1,1,1,1,1,1,1,1,1,1,1,1,1,1,1,1
"PTHR24103_SF304",3,0,1,0,0,0,7,1,1,7,3,3,4,2,2,2,1,6,3,7,3,2,2,2,1,2,0,1,3,0,3,1,2,2,0,2,2,1,3,0,0,4,0,0,1
"PTHR24103_SF308",1,1,1,1,1,1,1,1,1,1,1,1,1,1,1,1,1,1,1,0,1,1,1,1,1,1,1,1,1,1,1,1,2,1,1,1,1,1,1,1,1,1,1,2,1
"PTHR24103_SF309",1,1,1,1,1,1,1,1,1,1,1,1,1,1,1,2,1,1,1,2,1,1,1,1,1,1,1,1,1,1,1,1,1,1,1,1,1,1,1,1,1,1,1,1,1
"PTHR24103_SF312",2,0,1,0,0,0,4,0,0,3,3,3,2,1,0,1,0,14,1,9,1,0,0,1,1,2,0,1,2,0,3,0,1,0,0,0,1,1,1,0,0,3,0,0,0
"PTHR24103_SF315",1,1,1,1,1,1,0,0,0,0,0,0,2,1,0,1,0,0,1,0,1,0,0,1,0,0,0,1,0,1,1,0,0,1,0,0,1,1,2,0,1,1,1,0,1
"PTHR24103_SF318",2,1,2,2,2,3,2,2,2,3,1,1,2,2,2,2,2,2,2,3,2,1,2,2,1,1,1,2,2,2,1,2,2,2,3,2,2,2,2,2,2,2,1,2,2
"PTHR24103_SF319",1,1,1,1,1,1,1,1,1,1,1,1,1,1,1,1,1,1,1,1,1,1,1,1,1,1,0,1,1,1,1,1,1,1,1,1,1,1,2,1,1,1,1,1,1
"PTHR24103_SF321",1,1,1,1,1,1,1,1,1,1,1,1,1,1,1,1,1,1,1,1,1,1,1,1,1,1,1,1,1,1,1,0,1,1,1,1,1,1,1,1,1,1,1,1,1
"PTHR24103_SF35",1,1,1,1,1,1,1,1,1,1,1,1,1,1,1,1,1,1,1,1,1,1,1,1,1,1,1,1,1,1,1,1,1,1,1,1,1,1,1,1,1,1,1,2,1
"PTHR24103_SF41",2,1,1,1,1,1,1,1,1,2,1,0,1,1,1,7,1,1,1,0,1,1,1,1,1,1,2,1,1,1,1,1,1,1,4,1,1,1,1,1,0,1,1,2,0
"PTHR24103_SF44",1,1,1,1,1,1,1,1,1,2,1,1,1,1,1,8,1,1,1,1,1,1,1,1,1,1,1,1,1,1,1,1,1,1,1,1,1,1,1,1,1,1,1,1,1
"PTHR24103_SF46",1,1,1,1,1,1,1,1,1,1,1,1,1,1,1,1,1,5,1,1,1,1,1,1,1,1,1,1,1,1,1,1,1,1,0,1,1,1,1,1,1,1,1,0,1
"PTHR24103_SF47",1,1,1,1,1,1,1,2,3,1,1,1,1,1,1,1,1,1,1,2,1,0,1,1,0,1,1,1,1,1,1,0,1,1,0,1,1,1,1,0,1,1,1,0,1
"PTHR24103_SF51",1,1,1,1,1,1,1,1,1,0,1,2,1,1,1,2,1,2,1,1,1,1,2,1,1,1,1,1,3,1,0,1,0,1,0,1,1,1,1,1,1,1,0,0,1
"PTHR24103_SF89",1,1,2,1,1,1,1,1,0,1,1,1,1,1,0,1,1,1,2,1,1,1,1,1,0,1,1,1,1,1,0,1,1,2,0,1,1,1,1,1,1,1,1,0,1
"PTHR24103_SF91",1,1,1,1,1,1,1,0,0,1,1,1,1,1,0,1,0,0,1,1,1,1,0,1,0,1,0,1,1,1,1,0,1,1,0,0,1,1,1,0,1,1,1,0,1
"PTHR24104",1,1,1,1,1,1,1,1,1,2,1,1,1,1,1,1,1,1,1,0,1,1,1,1,1,1,1,1,1,1,1,1,1,1,1,1,1,1,1,1,1,1,1,1,1
"PTHR24106_SF10",1,1,1,1,1,0,0,0,0,0,1,1,0,1,0,1,0,0,1,1,1,0,0,1,0,1,0,1,1,1,0,0,1,1,0,0,1,1,1,0,1,1,0,0,1
"PTHR24106_SF103",1,0,1,1,1,0,1,0,0,0,1,1,1,1,0,3,0,0,1,1,1,1,1,1,1,1,1,1,1,0,1,0,1,1,0,1,1,1,1,1,1,0,1,0,1
"PTHR24106_SF104",1,1,1,1,1,1,1,1,1,1,1,1,1,1,1,1,0,1,1,1,1,1,1,1,1,1,1,1,1,1,1,1,1,1,1,1,1,1,1,1,1,1,1,1,1
"PTHR24106_SF11",1,1,1,1,1,0,0,0,0,0,0,0,1,1,0,1,0,0,1,1,1,1,0,1,0,1,0,1,1,1,1,0,0,1,0,1,1,0,1,0,1,1,1,0,1
"PTHR24106_SF12",1,1,1,1,1,1,2,0,0,1,1,1,1,1,0,1,0,1,1,1,1,1,1,1,1,1,1,1,1,1,1,0,1,1,0,1,1,1,1,1,1,1,1,0,1
"PTHR24106_SF13",1,1,1,1,1,1,1,3,0,1,1,1,0,1,0,1,1,0,0,9,1,1,13,1,1,1,2,1,1,1,0,1,4,1,0,11,1,0,1,2,1,0,0,0,1
"PTHR24106_SF14",2,2,1,1,2,1,3,0,0,3,2,2,2,2,0,11,0,2,2,2,3,2,1,2,0,0,1,1,1,2,3,0,3,3,0,0,2,0,4,1,1,2,1,0,2
"PTHR24106_SF16",1,1,1,1,1,1,1,1,1,0,1,1,1,1,1,1,1,1,1,1,1,1,1,1,1,1,2,1,1,1,1,1,1,1,1,1,1,1,1,1,1,1,1,1,1
"PTHR24106_SF17",1,1,1,1,1,1,1,1,1,1,1,1,1,1,1,1,1,1,1,1,1,1,1,1,1,1,1,1,1,1,1,1,1,1,1,1,1,1,1,1,1,1,1,1,1
"PTHR24106_SF18",1,1,1,1,1,1,1,1,1,1,1,1,1,1,1,1,1,1,1,1,1,1,1,1,1,1,1,1,1,1,1,1,1,1,1,1,1,1,1,1,1,0,1,2,1
"PTHR24106_SF3",1,1,1,1,1,0,1,0,0,1,1,1,1,1,1,1,1,1,1,0,1,1,1,1,1,1,1,1,1,1,0,1,1,1,0,1,1,1,1,2,1,1,1,0,1
"PTHR24106_SF4",1,1,1,1,1,1,1,1,1,1,1,1,1,1,0,1,1,1,1,1,1,1,1,1,1,1,1,1,2,1,1,1,1,1,0,1,1,1,1,1,1,1,1,0,1
"PTHR24106_SF6",1,1,1,1,2,1,1,0,0,1,1,1,1,1,0,1,1,1,1,1,1,1,2,1,1,1,1,1,1,1,1,0,1,1,2,1,1,1,1,1,1,1,0,2,1
"PTHR24106_SF61",1,0,0,1,1,1,1,1,0,1,1,1,1,0,0,0,0,1,1,0,0,1,0,0,0,1,0,0,0,1,1,0,1,0,0,0,0,0,0,0,1,1,0,0,1
"PTHR24106_SF64",1,1,1,1,1,1,1,1,1,1,1,1,1,1,1,1,1,1,1,1,1,1,1,1,1,1,1,1,1,1,1,1,1,1,1,1,1,1,1,1,1,1,1,1,1
"PTHR24106_SF69",1,1,1,1,1,1,1,1,1,1,1,1,1,1,1,1,1,1,1,1,1,1,1,1,1,1,1,1,1,1,1,1,1,1,0,1,1,0,1,1,1,1,1,1,1
"PTHR24106_SF72",1,1,0,0,2,1,1,0,0,1,0,0,1,0,0,1,0,1,0,1,0,1,3,0,1,0,1,0,0,1,2,0,0,0,0,2,1,1,1,1,0,1,1,0,1
"PTHR24106_SF82",1,1,1,1,1,1,1,1,1,0,1,1,1,1,1,1,1,1,1,1,1,1,1,1,1,1,1,1,1,1,1,1,1,1,4,2,1,1,1,1,1,0,0,5,1
"PTHR24107",1,1,1,1,1,1,1,1,1,1,1,1,1,1,1,1,1,1,1,1,1,1,1,1,1,1,1,1,1,1,1,1,1,1,1,1,1,1,1,1,1,1,1,1,1
"PTHR24109",1,0,1,1,1,1,1,0,0,1,0,1,1,1,0,1,1,1,1,1,1,1,1,1,0,1,1,1,1,1,0,0,1,1,0,0,1,1,1,1,1,1,1,1,1
"PTHR24110",1,1,1,1,1,1,1,1,1,1,1,1,1,1,1,1,0,1,1,1,1,2,1,1,1,1,1,1,1,1,1,1,1,1,2,1,1,1,1,1,1,1,1,2,1
"PTHR24111",1,1,1,1,1,1,1,1,1,1,1,1,1,1,1,1,1,1,1,2,1,1,1,1,1,1,1,1,1,1,1,1,1,1,1,1,1,1,1,1,1,1,1,1,1
"PTHR24112_SF0",1,1,1,1,1,1,1,1,1,1,1,1,1,1,1,1,1,1,1,1,1,1,1,1,1,1,1,1,1,1,0,1,1,1,1,1,1,1,1,1,1,1,1,1,1
"PTHR24112_SF30",1,1,1,1,1,1,1,1,1,1,1,1,1,2,1,2,1,1,1,0,3,1,1,1,1,1,1,1,1,1,0,1,1,1,1,1,1,1,1,1,1,1,1,1,1
"PTHR24112_SF32",1,1,1,1,1,1,1,1,1,1,1,1,1,1,1,2,1,1,1,1,1,1,1,1,1,1,1,1,1,1,1,1,1,1,1,1,1,1,1,1,1,1,1,1,1
"PTHR24112_SF39",1,1,1,1,1,1,1,1,1,1,1,1,1,1,1,1,1,1,1,1,1,1,1,1,1,1,1,1,1,1,1,1,1,1,1,1,1,1,1,1,1,1,1,1,1
"PTHR24112_SF41",1,2,1,1,1,1,1,1,1,1,1,1,1,1,1,1,1,1,1,1,1,1,1,1,1,0,1,1,1,1,1,1,1,1,1,1,1,1,1,1,1,1,1,0,1
"PTHR24113",1,1,1,2,1,1,2,1,1,1,1,1,1,1,1,1,1,1,1,1,1,1,1,1,1,1,1,1,1,1,1,1,1,1,1,1,1,1,1,1,2,1,1,1,1
"PTHR24114",2,2,2,2,2,2,2,2,2,2,1,2,3,2,2,2,2,1,1,2,3,2,2,1,2,2,1,2,2,1,2,2,1,1,2,2,2,2,2,2,2,2,1,2,2
"PTHR24115_SF105",1,1,1,1,1,1,1,1,1,1,1,1,1,1,2,1,1,1,1,1,1,1,2,1,1,1,1,1,1,2,1,1,2,1,1,1,1,1,1,1,1,1,1,1,1
"PTHR24115_SF128",1,1,1,1,1,1,1,1,1,1,1,1,1,1,1,1,1,1,1,1,1,1,1,1,1,1,1,1,1,1,1,1,1,1,1,1,1,1,1,1,1,1,1,1,1
"PTHR24115_SF156",1,1,1,1,1,1,1,1,1,1,1,1,1,1,1,1,1,1,1,1,1,1,1,1,1,1,1,1,1,1,1,1,1,1,1,1,1,1,1,1,1,1,1,1,1
"PTHR24115_SF171",1,1,1,1,1,1,2,1,1,1,1,1,1,1,1,1,1,1,1,2,1,1,1,1,1,1,3,1,1,1,1,1,1,1,1,1,1,2,1,1,2,1,1,1,1
"PTHR24115_SF191",1,1,1,1,1,1,1,1,1,1,1,1,1,1,1,1,2,1,1,1,1,1,1,1,1,1,1,1,1,1,2,1,1,1,1,1,1,1,1,1,1,1,1,1,1
"PTHR24115_SF194",1,1,1,1,1,1,1,1,1,1,1,1,1,1,1,1,1,1,1,1,1,1,1,1,1,1,1,1,1,1,1,1,1,1,1,1,1,1,1,1,1,1,1,2,1
"PTHR24115_SF289",2,1,1,1,1,1,1,1,1,1,1,1,1,1,1,1,1,1,1,2,1,1,1,1,1,1,1,1,1,1,1,1,1,1,1,1,1,1,1,1,1,1,1,1,1
"PTHR24115_SF317",1,1,1,1,1,1,1,1,1,1,1,1,1,1,1,1,1,1,1,1,1,1,1,1,1,1,1,1,1,1,1,1,1,1,1,1,1,1,1,1,1,1,1,1,1
"PTHR24115_SF322",1,1,1,2,1,1,1,1,1,1,2,1,1,1,1,1,1,1,1,1,1,1,1,1,1,1,1,2,1,1,1,1,1,1,1,1,1,1,1,1,1,2,1,1,1
"PTHR24115_SF327",2,1,1,1,1,1,0,0,1,1,1,2,1,1,0,1,1,1,1,0,1,1,0,1,0,1,0,1,1,2,0,0,1,1,1,1,1,1,1,0,1,1,1,1,1
"PTHR24115_SF328",1,3,1,1,1,1,1,1,1,1,1,1,1,1,1,1,1,1,1,1,1,1,1,1,1,1,1,1,1,1,1,1,1,1,1,1,1,1,1,1,1,1,1,1,1
"PTHR24115_SF331",2,2,2,2,2,2,2,2,2,2,2,2,2,2,2,2,2,2,2,2,2,2,2,2,2,2,2,2,2,2,2,2,2,2,2,2,2,2,2,2,2,2,2,3,2
"PTHR24115_SF335",1,1,1,1,1,1,1,1,1,1,1,3,1,1,1,1,1,1,1,0,1,1,1,1,1,1,1,1,1,1,1,1,1,1,1,1,1,1,1,1,1,1,1,1,2
"PTHR24115_SF337",2,2,2,2,2,2,2,2,2,2,2,2,2,2,2,2,2,2,2,2,2,2,2,2,2,2,2,2,2,2,1,2,2,2,2,2,2,1,3,2,2,2,2,2,2
"PTHR24115_SF338",1,1,1,1,1,1,1,1,1,1,1,1,1,1,1,1,1,1,1,1,1,1,1,1,1,2,1,1,1,1,1,1,1,1,1,1,1,1,1,1,1,1,1,1,1
"PTHR24115_SF342",1,1,1,1,1,1,1,1,1,1,1,1,1,1,1,1,1,1,1,0,1,1,1,1,1,1,1,1,1,1,0,1,1,1,1,1,1,1,1,1,1,1,1,1,1
"PTHR24115_SF349",2,3,2,2,2,2,2,2,2,2,2,2,2,2,3,2,2,2,2,2,2,2,2,2,2,2,3,2,2,2,2,2,2,2,2,2,2,2,2,2,2,2,2,2,2
"PTHR24115_SF350",1,1,1,1,1,1,1,1,1,1,1,1,2,1,1,3,1,0,1,1,1,1,2,1,1,1,1,1,0,1,1,1,1,1,0,1,1,1,1,1,1,1,1,0,0
"PTHR24115_SF352",1,1,1,1,1,1,1,1,1,1,1,1,1,1,1,1,1,1,1,1,1,1,1,1,1,1,1,1,1,1,1,1,1,1,1,1,1,1,1,1,1,1,1,1,1
"PTHR24115_SF354",1,0,0,0,0,0,0,1,1,1,1,0,1,0,1,1,1,1,0,0,1,0,1,1,1,0,0,1,0,0,0,1,1,0,0,1,0,0,0,0,0,0,1,0,0
"PTHR24115_SF356",1,1,0,0,1,1,0,1,2,1,0,1,1,0,1,0,1,1,0,0,0,0,1,0,1,2,1,0,0,1,1,0,0,0,1,1,0,1,0,0,0,1,0,1,1
"PTHR24115_SF361",1,1,1,1,3,2,1,1,1,1,1,1,2,1,1,1,1,1,1,1,1,1,1,1,1,1,1,1,1,1,1,1,1,1,1,1,1,1,1,1,1,1,1,1,1
"PTHR24115_SF363",1,1,1,1,1,1,1,1,1,1,1,1,1,1,1,2,1,1,1,2,1,1,1,1,1,1,1,1,1,1,1,1,1,1,1,1,1,1,1,1,1,1,1,2,1
"PTHR24115_SF365",1,1,1,1,1,1,1,1,1,1,1,1,1,1,1,2,1,1,1,1,1,1,1,1,1,1,1,1,1,1,1,1,1,1,1,1,1,1,1,1,1,1,1,1,1
"PTHR24115_SF367",1,0,1,1,0,0,0,0,0,0,0,0,0,0,0,1,0,1,0,0,0,0,0,0,0,1,0,0,0,0,0,1,1,1,0,0,0,0,0,0,0,0,0,0,0
"PTHR24115_SF378",1,1,0,0,1,1,1,1,1,1,1,1,1,1,2,1,1,1,1,1,1,1,1,1,1,0,1,1,1,1,1,1,0,0,1,1,1,1,1,1,1,1,1,1,1
"PTHR24115_SF379",1,1,0,0,1,1,1,0,1,1,1,1,1,1,1,1,1,1,0,1,1,0,1,0,1,1,1,0,1,1,1,0,1,0,1,1,1,1,1,1,0,1,0,1,1
"PTHR24115_SF380",1,1,1,1,1,1,1,1,1,1,1,1,1,1,2,1,1,1,1,1,1,1,1,1,1,1,1,1,1,1,1,1,1,1,1,1,1,1,1,1,1,1,1,1,1
"PTHR24115_SF382",1,0,1,1,1,1,1,1,1,0,1,1,1,1,1,1,0,0,1,1,1,1,1,1,0,0,1,1,1,0,1,1,1,1,1,0,1,1,1,1,1,0,1,1,1
"PTHR24115_SF393",1,1,1,1,1,1,2,1,1,1,0,1,1,1,2,1,1,1,1,1,1,1,1,1,0,1,1,1,1,1,1,1,1,1,1,1,1,1,1,1,2,1,1,1,1
"PTHR24115_SF398",1,1,1,1,1,1,1,1,1,1,1,1,1,1,1,1,1,1,1,1,1,1,1,1,1,1,1,1,1,1,1,1,1,1,1,1,1,1,1,1,1,1,1,1,1
"PTHR24115_SF399",1,1,1,1,1,1,1,1,1,1,1,1,1,1,1,1,1,1,1,1,1,1,1,1,1,1,1,1,1,1,1,1,1,1,1,1,1,1,1,1,1,1,1,1,1
"PTHR24115_SF400",1,1,1,1,1,1,1,0,0,2,1,1,1,1,0,1,1,1,1,0,1,1,1,1,1,1,1,1,1,1,1,0,0,1,1,1,1,1,1,1,1,1,0,1,1
"PTHR24115_SF402",1,1,1,1,1,1,1,1,1,1,1,1,1,1,1,1,1,1,1,0,1,1,1,1,1,1,1,0,1,1,1,0,1,1,1,1,1,1,1,1,1,1,1,1,1
"PTHR24115_SF404",1,1,1,1,1,1,1,1,1,1,1,1,1,2,1,1,1,1,1,1,1,1,1,1,1,2,1,1,2,1,1,1,1,1,1,1,2,1,3,1,1,1,1,4,1
"PTHR24115_SF407",1,1,1,1,1,1,1,1,1,1,1,1,1,1,1,1,1,1,1,0,1,1,1,1,1,1,1,1,0,1,0,1,1,1,1,1,1,1,1,1,1,1,1,1,1
"PTHR24115_SF414",1,1,1,1,1,1,1,1,0,1,1,1,1,1,1,1,1,1,1,1,1,1,1,1,1,1,1,0,0,1,0,1,1,1,1,1,1,1,1,1,1,1,1,1,1
"PTHR24115_SF415",1,2,1,1,1,1,1,0,1,0,1,1,1,1,1,1,1,1,1,1,1,1,1,1,1,1,1,1,1,1,1,1,1,1,1,1,1,1,1,1,1,1,1,1,1
"PTHR24115_SF53",1,1,1,1,1,1,1,1,1,1,1,1,1,1,1,1,1,1,1,1,1,1,1,1,1,1,1,1,1,2,1,1,1,1,1,1,1,1,2,1,1,1,1,1,1
"PTHR24115_SF87",1,1,1,1,1,1,1,1,1,1,1,1,1,1,1,2,1,1,1,1,1,1,1,1,1,1,2,1,1,1,1,1,1,1,2,1,1,1,1,1,1,1,1,1,1
"PTHR24115_SF88",1,1,1,1,1,1,1,1,1,1,1,1,1,1,1,1,1,1,1,2,1,1,1,1,1,1,1,1,1,1,1,1,1,1,1,1,1,1,1,1,1,1,1,1,1
"PTHR24116",1,1,1,1,1,1,1,1,1,1,1,1,1,1,1,1,1,1,1,1,1,1,1,1,1,1,1,1,1,1,1,1,1,1,1,1,1,1,1,1,1,1,1,1,1
"PTHR24117",2,3,2,2,2,2,2,2,2,2,3,2,2,2,2,2,2,2,2,2,2,2,2,2,3,2,2,2,2,2,2,2,2,2,2,2,2,3,3,2,2,3,2,2,5
"PTHR24118_SF37",1,1,1,1,1,1,1,1,1,1,1,1,1,1,1,1,1,1,1,1,1,1,1,1,1,1,1,1,1,1,1,1,1,1,1,1,1,1,1,1,1,1,1,1,1
"PTHR24118_SF42",2,0,0,0,8,0,0,0,0,1,0,0,1,0,0,0,0,1,0,1,0,1,10,0,1,0,0,0,1,1,1,0,0,0,4,3,0,1,0,4,0,1,1,2,2
"PTHR24118_SF44",1,2,1,1,1,1,1,1,1,1,1,1,1,1,1,1,1,1,1,0,1,1,1,1,1,1,1,1,1,2,1,1,1,1,1,1,1,1,1,1,1,1,1,1,1
"PTHR24119",1,1,1,2,1,2,1,1,1,0,1,1,1,1,1,1,1,1,1,1,1,1,1,1,1,1,2,1,1,1,1,1,1,1,1,1,1,1,1,1,1,1,1,1,1
"PTHR24120",2,2,2,2,2,2,2,2,2,2,2,1,2,2,2,2,2,2,2,1,2,2,2,2,2,2,2,2,2,1,2,2,2,2,2,2,2,2,2,2,2,2,2,3,2
"PTHR24123_SF11",1,3,1,1,1,1,1,1,1,3,2,1,1,1,1,1,1,1,1,1,1,1,1,1,1,1,1,1,1,1,2,2,1,1,2,1,1,1,1,1,1,1,1,1,1
"PTHR24123_SF13",1,1,1,1,1,1,1,1,1,1,1,1,1,1,1,1,1,1,1,1,1,1,1,1,1,1,1,1,1,1,1,1,1,1,1,1,1,1,1,1,1,1,1,1,1
"PTHR24123_SF15",1,2,1,1,1,1,1,1,1,1,2,1,1,1,1,1,2,1,1,1,1,1,1,1,1,1,1,1,1,1,1,3,1,1,1,1,1,1,1,1,1,1,1,1,2
"PTHR24123_SF17",2,2,1,1,1,1,1,1,1,2,1,1,2,1,1,1,1,1,1,1,1,1,1,1,1,1,4,1,1,1,1,2,1,1,2,1,1,1,1,1,1,1,1,1,2
"PTHR24124_SF3",1,1,1,1,1,1,1,1,1,1,1,1,1,1,1,1,1,1,1,1,1,1,1,1,1,1,1,1,1,1,1,1,1,1,1,2,1,1,1,2,2,1,1,1,1
"PTHR24124_SF4",1,1,1,1,1,1,1,1,1,0,1,1,1,1,1,1,1,1,1,1,1,1,1,1,1,1,1,1,1,1,0,1,1,1,2,1,1,1,1,1,1,1,1,1,1
"PTHR24124_SF5",2,2,2,2,2,2,2,2,2,2,2,2,2,2,2,2,2,2,2,2,2,2,2,2,2,2,2,2,2,2,2,2,2,2,2,2,2,2,2,2,2,2,2,2,2
"PTHR24125",2,0,2,2,1,0,2,2,1,2,2,2,2,2,2,2,2,2,2,2,2,2,2,2,2,2,3,2,2,2,2,2,2,2,3,2,2,2,2,2,2,2,2,2,1
"PTHR24126",2,2,2,2,2,2,2,2,2,2,2,2,2,2,3,2,2,2,2,2,2,2,2,2,2,2,2,2,2,2,2,2,2,2,2,2,2,2,2,2,2,2,2,2,2
"PTHR24127",1,1,1,1,1,1,1,1,1,1,1,1,1,1,1,1,1,1,1,1,1,1,1,1,1,1,1,1,1,1,1,1,1,1,1,1,1,1,1,1,1,1,1,1,1
"PTHR24129",1,1,1,1,1,1,1,1,1,1,1,1,1,1,2,1,1,1,1,1,1,1,1,1,1,1,1,1,1,1,1,1,1,1,1,1,1,1,1,1,1,1,1,1,1
"PTHR24131",2,2,2,2,2,2,2,2,2,3,2,2,2,2,2,2,2,2,2,2,2,2,2,2,2,2,2,2,2,2,2,2,2,2,2,2,2,2,2,2,2,2,2,3,2
"PTHR24132_SF0",1,1,1,1,1,1,1,1,1,1,1,1,1,1,1,1,1,1,1,1,1,1,1,1,1,1,1,1,1,1,0,1,1,1,1,1,1,1,1,1,1,1,1,1,1
"PTHR24134",1,1,1,1,2,1,1,1,1,1,1,1,1,1,1,1,1,1,1,1,1,1,1,1,1,1,1,1,1,1,1,1,1,1,2,1,1,1,1,1,1,1,1,1,1
"PTHR24135",3,3,3,3,3,3,3,3,3,6,4,3,3,3,3,4,3,3,3,2,3,3,3,3,3,3,2,4,3,5,3,3,3,3,4,3,3,2,4,4,3,3,3,3,3
"PTHR24136_SF0",1,1,2,1,1,1,1,1,1,1,1,1,1,2,1,1,1,1,2,1,2,1,1,2,1,2,1,2,1,1,1,1,1,2,1,1,2,1,2,1,1,1,1,1,1
"PTHR24136_SF13",1,1,1,1,1,1,1,1,1,1,1,1,1,1,1,1,1,1,1,1,1,1,1,1,1,1,1,1,1,1,1,1,1,1,1,1,1,1,1,1,1,1,1,1,1
"PTHR24136_SF14",1,1,1,1,1,1,1,1,1,1,1,1,1,1,1,2,1,1,1,1,1,1,1,1,1,1,1,1,1,1,1,1,1,1,1,1,1,1,1,1,1,1,1,1,1
"PTHR24139_SF27",1,1,1,1,1,1,1,1,1,1,1,1,1,1,1,1,1,1,1,1,1,1,1,1,1,1,1,1,1,1,1,1,1,1,1,1,1,1,1,1,1,1,1,1,1
"PTHR24139_SF28",1,1,1,1,1,1,1,1,1,0,1,1,1,1,1,1,1,1,1,0,1,1,1,1,1,1,0,1,1,1,1,1,1,1,0,1,1,1,1,0,1,1,1,0,1
"PTHR24139_SF29",1,1,1,1,1,1,1,1,1,1,1,1,1,1,1,1,1,1,1,1,1,1,1,1,1,1,1,1,1,1,1,1,1,1,1,1,1,1,1,1,1,1,1,1,1
"PTHR24139_SF30",1,1,1,1,1,1,1,1,1,1,1,1,1,1,1,2,1,1,1,1,1,1,1,1,1,1,1,1,1,1,1,1,1,1,1,1,1,1,1,1,0,1,1,1,1
"PTHR24139_SF31",1,1,1,1,1,1,1,1,1,0,1,1,1,1,1,1,1,1,1,1,1,1,1,1,1,1,1,1,1,1,1,1,1,1,1,1,1,1,2,1,1,1,1,1,1
"PTHR24141",1,1,1,1,1,1,1,1,1,1,1,1,1,1,1,1,1,1,1,1,1,1,1,1,1,1,1,1,1,1,1,1,1,1,1,1,1,1,1,1,1,1,1,1,1
"PTHR24144_SF30",1,0,1,1,1,1,1,1,1,0,1,1,1,1,0,1,0,0,1,1,1,1,1,1,1,1,1,1,0,0,1,1,1,1,0,1,1,2,1,1,1,1,1,0,0
"PTHR24144_SF31",1,1,1,1,1,1,0,1,1,1,1,1,0,1,1,1,1,1,1,1,1,1,1,1,1,1,2,1,1,0,1,1,1,1,2,1,1,1,1,1,1,1,0,2,0
"PTHR24145",2,1,1,3,1,2,1,1,1,2,1,1,1,1,1,1,2,1,1,1,1,1,1,1,1,1,1,1,1,1,3,1,1,1,1,1,1,0,1,1,1,1,1,1,1
"PTHR24147_SF19",5,13,1,1,8,2,1,1,1,0,1,1,1,1,1,1,1,1,1,1,1,0,7,1,5,5,9,1,1,11,5,1,5,1,8,5,1,1,1,10,1,6,0,6,2
"PTHR24148_SF0",1,1,1,1,1,1,1,1,1,1,1,1,1,1,1,1,1,1,1,1,1,1,1,1,1,1,1,1,1,1,1,1,1,1,1,1,1,1,1,1,1,1,1,1,1
"PTHR24148_SF18",1,1,1,1,1,1,1,1,1,1,1,1,1,1,1,1,1,1,1,1,1,1,1,1,1,1,1,1,1,1,1,1,0,1,1,1,1,1,1,1,1,1,1,1,1
"PTHR24148_SF19",1,1,1,1,1,1,1,1,1,1,0,1,1,1,1,1,2,1,1,0,1,1,1,1,1,1,1,1,1,1,1,1,1,1,1,1,1,1,1,0,1,1,1,1,1
"PTHR24149",1,1,1,1,1,2,1,1,1,2,1,1,1,1,1,1,1,1,1,1,1,1,1,1,1,1,2,1,1,1,2,2,1,1,2,1,1,1,1,2,2,1,2,2,1
"PTHR24150",1,1,1,1,1,1,1,1,1,1,1,1,1,1,1,1,1,1,1,1,1,1,1,1,1,1,1,1,1,1,1,1,1,1,1,1,1,1,2,1,1,1,1,1,1
"PTHR24151",1,1,1,1,1,1,1,1,1,1,1,1,1,1,1,1,1,1,1,1,1,1,1,1,1,1,1,1,1,1,1,1,1,1,1,1,1,1,1,1,1,1,1,1,1
"PTHR24152_SF9",1,1,1,2,1,1,1,1,1,1,1,1,1,1,2,1,1,1,1,1,1,1,1,1,1,1,1,1,1,1,2,1,1,1,1,1,1,1,1,1,1,1,1,1,1
"PTHR24153_SF0",1,1,1,1,0,1,1,1,1,2,1,1,1,1,1,1,1,1,1,2,1,1,1,1,1,2,1,1,1,1,1,1,2,1,1,1,1,1,1,1,1,1,1,1,0
"PTHR24153_SF14",1,1,1,1,1,1,1,1,1,1,2,1,1,1,1,1,1,1,1,0,1,1,1,1,1,1,1,1,1,1,1,1,1,1,1,1,1,1,2,1,1,1,1,1,1
"PTHR24154",1,1,1,1,1,1,1,1,1,1,1,1,1,1,1,1,1,1,1,1,1,1,2,1,1,1,1,1,1,1,1,1,1,1,1,1,1,1,1,1,1,0,1,1,1
"PTHR24155",1,1,1,1,1,1,1,1,1,1,1,1,1,1,1,1,1,1,1,1,1,1,1,1,1,1,1,1,1,1,1,1,1,1,1,1,1,1,1,1,1,1,1,1,1
"PTHR24156",1,2,2,2,2,2,2,3,2,2,2,2,2,2,3,2,1,1,1,1,2,1,2,2,2,2,2,1,2,2,2,2,2,2,3,2,1,2,2,2,0,2,0,4,2
"PTHR24157",2,2,2,2,2,2,2,1,1,2,2,2,2,2,2,2,2,1,2,1,2,1,2,2,2,2,2,2,2,2,2,1,2,2,1,2,2,2,2,2,2,2,1,1,2
"PTHR24158",4,4,4,4,4,4,5,4,4,4,4,4,4,4,4,4,4,4,4,4,4,5,4,4,4,4,4,4,4,4,4,4,4,4,4,5,4,4,4,4,4,4,4,7,4
"PTHR24160",1,1,1,1,1,0,1,1,1,1,1,1,1,1,1,1,0,1,1,1,1,1,1,1,1,1,1,1,1,1,1,1,1,1,1,1,1,1,1,1,1,1,1,1,1
"PTHR24161",3,3,3,3,3,3,3,3,3,3,3,6,3,3,3,3,3,3,3,3,2,3,3,3,3,3,4,3,3,3,3,3,3,3,3,3,3,3,3,3,3,3,3,4,3
"PTHR24164",1,1,1,1,1,1,1,1,1,1,1,1,1,0,1,1,1,1,1,1,1,1,1,1,1,1,1,1,1,1,0,1,1,1,1,1,1,1,1,1,1,1,1,1,2
"PTHR24166_SF11",1,1,1,1,1,1,1,1,1,1,1,1,1,1,1,1,1,1,1,2,1,1,1,1,1,1,1,1,1,1,1,1,1,1,1,1,1,1,1,1,1,1,1,1,1
"PTHR24166_SF20",1,0,0,0,0,0,0,0,0,0,0,0,0,0,1,1,1,0,0,0,0,0,1,0,1,0,0,0,0,0,0,1,0,0,0,0,0,0,0,0,0,0,0,0,0
"PTHR24166_SF21",1,1,1,1,1,1,1,1,1,1,1,1,1,1,1,1,1,1,1,1,1,1,1,1,1,1,1,1,1,1,1,1,1,1,1,1,1,1,1,1,1,1,1,1,1
"PTHR24166_SF23",1,1,1,1,1,1,1,1,1,1,1,1,1,1,1,1,1,1,1,1,1,1,1,1,1,1,1,1,1,1,1,1,1,1,1,1,1,1,1,1,1,1,1,2,1
"PTHR24168_SF0",1,1,1,1,1,1,1,0,1,0,1,1,1,1,1,1,1,1,1,1,1,1,1,1,1,1,1,1,1,1,0,1,1,1,1,1,1,1,1,1,1,1,1,1,1
"PTHR24168_SF19",1,1,1,1,1,1,1,1,1,1,1,1,1,1,1,1,1,2,1,1,1,2,1,1,1,1,1,1,1,1,1,1,1,1,1,1,0,1,2,1,1,1,1,1,1
"PTHR24168_SF20",1,1,1,1,1,1,1,1,1,1,1,1,1,1,1,1,0,1,1,1,1,1,1,1,1,1,2,1,1,1,1,1,1,1,1,1,1,1,1,1,1,1,1,1,1
"PTHR24168_SF22",1,1,2,1,1,1,1,1,1,1,1,1,1,1,1,1,1,1,1,1,1,1,1,1,1,1,1,1,1,1,1,1,1,1,2,1,1,1,1,1,1,1,1,1,1
"PTHR24169_SF1",1,1,1,1,1,1,1,1,1,1,1,1,1,1,1,1,1,1,1,1,1,1,1,1,1,1,1,1,1,1,0,1,1,1,2,1,1,2,1,1,1,1,1,1,1
"PTHR24169_SF18",1,1,1,1,1,1,1,1,1,1,1,1,1,1,1,1,1,1,1,1,1,1,1,1,1,0,1,1,1,1,1,1,1,1,1,1,1,1,1,1,1,1,1,1,1
"PTHR24169_SF19",1,1,1,1,1,1,1,1,1,1,1,1,1,1,1,1,1,1,1,1,1,1,1,1,1,1,1,1,1,1,1,1,1,1,1,1,1,1,1,1,1,1,1,1,1
"PTHR24169_SF4",1,1,1,1,1,1,1,1,1,1,1,1,1,1,1,1,1,1,1,1,1,1,1,1,1,1,1,1,1,1,1,1,1,1,1,1,1,1,1,1,1,1,1,1,1
"PTHR24169_SF9",2,1,1,1,1,1,1,1,1,1,1,1,1,1,1,1,1,1,1,1,1,1,1,1,1,1,1,1,1,1,1,1,1,1,1,1,1,1,1,1,1,1,1,1,1
"PTHR24170",1,1,1,1,1,1,1,2,1,1,1,1,1,1,2,1,1,1,1,1,1,2,1,1,1,1,2,1,1,1,1,1,1,1,1,1,1,1,1,1,1,1,1,3,1
"PTHR24171",1,2,1,1,2,2,1,1,1,1,1,1,1,1,1,1,1,1,1,1,1,1,1,1,1,1,2,1,1,1,1,1,1,1,1,1,1,1,1,1,1,1,1,1,1
"PTHR24173_SF1",2,2,2,2,2,2,2,2,1,2,2,2,2,2,2,2,2,2,2,2,2,2,2,2,2,2,2,2,1,2,2,1,2,2,2,2,2,3,2,2,2,2,2,2,2
"PTHR24173_SF14",1,1,1,1,1,1,1,1,0,1,1,1,1,1,3,1,1,1,1,1,1,1,1,1,1,1,1,1,1,1,1,1,1,1,1,1,1,1,1,1,1,1,1,1,1
"PTHR24173_SF15",1,1,1,1,1,1,1,1,1,1,1,1,1,1,1,1,1,1,1,1,1,1,1,1,1,1,1,1,1,1,1,2,1,1,0,1,1,1,1,1,1,1,1,1,1
"PTHR24174_SF3",2,2,1,1,1,3,1,1,1,2,1,1,1,1,1,1,1,1,1,2,1,2,1,1,1,2,2,2,2,2,1,2,2,1,2,1,1,2,1,1,1,1,1,2,1
"PTHR24174_SF4",1,1,1,1,1,1,1,1,1,1,1,1,1,1,1,1,1,1,1,2,1,1,1,1,1,1,1,1,1,1,1,1,1,1,1,1,1,1,1,1,1,1,1,1,1
"PTHR24176_SF11",1,1,1,1,1,1,1,1,1,1,1,1,1,1,1,1,1,1,1,0,1,1,1,1,1,2,0,1,1,1,1,1,1,1,0,1,1,1,1,1,1,1,0,0,1
"PTHR24177_SF12",1,1,1,1,0,1,1,1,1,1,1,1,1,1,1,1,1,1,1,1,1,1,1,1,1,0,1,1,1,3,0,1,1,1,1,1,1,0,1,1,1,1,1,1,2
"PTHR24177_SF3",1,1,1,1,1,1,1,1,1,1,1,1,1,1,1,1,1,1,1,1,1,1,1,1,1,1,1,1,1,1,1,1,1,1,1,1,1,1,1,1,1,1,1,1,1
"PTHR24178",1,1,2,1,1,1,1,1,1,1,1,1,1,1,1,1,1,1,1,1,1,1,1,1,1,1,1,1,1,1,1,1,1,1,1,1,1,1,1,1,1,1,1,1,1
"PTHR24179_SF18",2,1,1,1,1,1,1,1,1,1,1,1,1,1,1,1,1,1,1,1,1,1,1,1,2,1,2,2,2,2,1,2,1,1,1,1,1,2,1,1,1,1,1,1,2
"PTHR24179_SF19",1,1,1,1,1,1,1,1,1,1,1,1,1,1,1,1,1,1,1,1,2,1,1,1,1,1,1,1,1,1,0,1,1,1,1,0,1,1,1,1,1,1,1,1,1
"PTHR24179_SF20",1,1,1,1,1,1,1,1,1,1,1,1,1,1,1,1,1,1,1,1,1,1,1,1,1,1,1,1,1,1,1,1,1,1,1,1,1,1,1,1,1,1,1,1,1
"PTHR24179_SF23",1,1,1,1,1,1,1,1,1,1,1,1,1,1,1,2,1,1,1,1,1,1,1,1,1,0,1,1,1,1,0,1,1,1,1,1,1,1,1,1,1,1,1,1,1
"PTHR24180_SF11",1,1,1,1,1,1,1,1,1,1,1,1,1,1,1,1,1,1,1,1,1,1,1,1,1,1,1,1,1,1,1,1,1,1,1,1,1,1,1,2,1,1,1,1,1
"PTHR24180_SF3",1,1,1,1,1,1,1,1,1,1,1,1,1,1,1,2,1,1,1,1,1,1,1,1,1,1,1,1,1,1,1,1,1,1,1,1,1,1,1,1,1,1,1,1,1
"PTHR24181",1,2,2,2,2,2,2,2,2,2,2,2,2,2,2,2,2,2,2,2,2,2,2,2,2,2,2,2,2,2,2,2,2,2,2,2,2,2,2,2,2,2,2,2,2
"PTHR24183",1,1,1,1,1,1,1,1,1,1,1,1,1,1,1,1,1,1,1,1,1,1,1,1,1,1,1,1,1,1,1,1,1,1,1,1,1,1,1,1,1,1,1,1,1
"PTHR24184",1,1,1,1,1,1,2,1,1,1,1,1,1,1,2,1,1,1,1,1,1,1,1,1,1,1,1,1,2,1,1,1,1,1,1,1,1,1,1,1,1,1,1,1,1
"PTHR24185",1,1,1,1,1,1,1,1,1,1,1,1,1,1,1,1,1,2,1,1,1,2,1,1,1,1,1,1,1,1,1,1,1,1,1,1,1,1,2,1,2,1,1,1,1
"PTHR24186",2,2,2,2,1,2,2,2,2,2,1,2,2,2,3,2,2,2,2,2,1,2,2,2,2,2,2,2,1,2,2,2,2,2,2,2,2,2,2,2,2,2,2,2,1
"PTHR24188_SF0",1,1,1,1,1,1,1,1,1,1,1,1,1,1,1,1,1,1,1,1,1,1,1,1,1,1,1,1,1,1,1,1,1,1,1,1,1,1,1,1,1,1,1,1,1
"PTHR24188_SF2",1,1,1,1,1,1,1,1,1,1,1,1,1,1,0,1,1,1,1,1,1,1,1,1,1,1,1,1,1,1,1,1,1,1,1,1,1,1,1,1,1,1,1,1,0
"PTHR24188_SF24",1,1,1,1,1,1,1,1,1,1,1,1,1,1,1,1,1,1,1,1,1,1,1,1,1,1,1,1,1,1,1,1,1,1,1,1,1,1,1,1,1,1,1,1,1
"PTHR24188_SF26",1,1,1,1,1,1,1,1,1,1,1,1,1,1,1,1,1,1,1,1,1,1,1,1,1,1,1,1,1,1,1,1,1,1,1,1,1,1,1,1,1,1,1,1,1
"PTHR24188_SF3",1,1,1,1,1,1,0,1,1,1,1,1,1,1,0,1,1,1,1,1,1,1,2,1,1,1,1,1,1,1,1,1,1,1,1,1,1,1,1,1,1,1,1,1,1
"PTHR24188_SF33",1,1,1,1,1,1,1,1,1,1,1,1,1,1,1,1,1,1,1,1,1,1,1,1,1,1,1,1,1,1,1,1,1,1,1,1,1,1,2,1,1,1,1,1,1
"PTHR24188_SF6",1,1,1,1,1,1,1,1,1,1,1,1,1,1,2,1,1,2,1,1,1,1,1,1,1,2,1,1,1,1,1,1,1,1,1,1,1,1,1,2,1,1,1,1,1
"PTHR24188_SF7",1,1,1,1,1,1,1,1,1,1,1,1,1,1,1,1,1,0,1,1,0,1,1,1,1,1,1,1,1,1,1,1,1,1,1,1,0,1,1,1,1,1,1,1,0
"PTHR24189",1,1,1,1,1,1,1,1,1,1,1,1,1,1,1,1,1,1,1,1,1,1,1,1,1,1,1,1,1,1,1,1,1,1,1,1,1,1,1,1,1,1,1,1,2
"PTHR24190_SF5",1,1,1,1,1,1,1,1,1,1,1,1,1,1,1,1,1,1,1,1,1,1,1,1,1,1,1,1,1,1,1,1,1,1,1,1,1,1,1,1,1,1,0,2,1
"PTHR24192",2,3,1,1,2,2,2,1,1,1,1,1,1,1,2,2,1,2,1,1,2,1,2,1,1,2,2,1,2,2,1,1,1,1,1,2,1,1,1,2,1,2,1,3,2
"PTHR24193_SF0",1,1,1,1,1,1,1,1,1,1,1,1,1,1,3,1,1,1,1,2,1,1,1,1,1,1,1,1,1,1,1,2,1,1,1,1,1,1,1,2,1,1,1,1,1
"PTHR24193_SF72",1,1,1,1,1,1,1,1,1,2,1,1,1,1,3,1,1,1,1,1,1,1,2,1,1,1,1,1,1,1,1,1,1,1,1,1,1,1,1,1,1,1,1,2,1
"PTHR24193_SF74",1,1,0,1,0,1,1,1,1,0,0,0,0,0,1,1,0,1,1,0,0,1,1,1,1,0,0,1,0,0,0,1,0,1,1,1,1,0,0,0,1,1,0,1,0
"PTHR24196_SF0",1,1,1,1,1,1,1,1,1,1,1,1,1,1,1,2,1,1,1,1,1,1,1,1,1,1,1,1,1,1,1,1,1,1,1,1,1,1,1,2,1,1,1,1,1
"PTHR24196_SF1",1,1,1,1,1,1,1,1,1,1,1,1,1,1,1,1,1,1,1,1,1,1,1,1,1,1,1,1,1,1,1,1,1,1,1,1,1,1,1,1,1,1,1,1,1
"PTHR24196_SF11",1,1,1,1,1,1,1,1,1,2,1,1,1,1,1,1,1,1,1,1,1,1,1,1,1,1,1,1,1,1,0,1,1,1,1,1,1,1,1,2,1,1,1,1,1
"PTHR24197_SF2",1,1,1,1,1,1,1,1,1,1,1,1,1,1,1,1,1,1,1,1,1,1,1,0,1,0,1,1,1,1,1,0,1,1,1,1,1,1,2,1,1,1,1,2,1
"PTHR24197_SF33",1,1,1,1,1,1,1,1,1,1,1,1,1,1,1,1,1,1,1,1,1,1,1,1,1,1,1,1,1,1,2,1,1,1,2,1,1,1,1,1,1,1,1,2,2
"PTHR24198_SF18",1,1,1,1,1,1,1,1,1,1,1,1,1,1,1,1,1,1,1,1,1,1,1,1,1,1,2,1,1,1,1,1,1,1,1,1,1,1,1,1,1,1,1,1,1
"PTHR24198_SF5",1,0,0,1,1,1,1,1,1,0,1,1,1,1,1,1,0,1,1,1,0,0,1,1,0,1,1,1,0,1,0,0,0,1,1,1,1,1,1,1,1,0,1,1,1
"PTHR24199",2,2,3,4,2,2,3,2,4,3,2,2,2,4,4,2,3,2,4,2,2,3,3,3,2,2,3,3,2,2,3,3,3,3,2,2,4,2,4,1,2,2,2,2,2
"PTHR24200",3,3,3,3,3,3,3,3,3,3,3,3,3,3,4,3,3,3,3,4,3,4,3,3,3,3,2,4,3,3,3,4,3,3,3,3,4,3,3,3,3,3,3,3,3
"PTHR24201",3,2,2,3,2,2,2,2,2,1,2,2,2,2,2,2,2,1,2,2,2,2,2,2,2,2,2,2,2,2,2,2,1,2,2,2,2,2,2,2,3,2,2,2,2
"PTHR24202_SF4",1,1,1,1,1,1,1,1,1,1,1,1,1,1,1,1,1,1,1,0,1,1,1,1,1,1,1,1,1,1,0,2,1,1,1,1,1,1,1,1,2,1,1,1,1
"PTHR24202_SF52",1,1,1,1,1,1,1,1,1,1,1,1,1,1,1,1,1,1,1,1,1,1,1,1,1,1,1,1,1,1,1,1,1,1,2,1,1,1,1,1,1,1,1,2,1
"PTHR24203_SF0",1,1,1,1,1,1,1,1,1,1,1,1,1,1,1,1,1,1,1,1,1,1,1,1,1,1,1,1,1,1,1,1,1,1,1,1,1,1,1,1,1,1,1,1,1
"PTHR24203_SF11",1,1,1,1,1,1,1,1,1,1,1,1,1,1,1,1,1,1,1,1,1,1,1,1,1,1,1,1,1,1,1,1,1,1,1,1,1,1,1,1,1,1,1,2,1
"PTHR24203_SF12",1,1,1,1,1,1,1,0,0,0,1,1,1,1,1,1,1,0,0,0,1,1,1,1,1,0,1,1,0,1,0,1,1,1,1,1,0,1,1,1,0,1,0,1,1
"PTHR24204",2,2,2,2,1,2,2,2,2,2,2,2,2,2,2,2,2,2,2,1,2,2,2,2,2,2,2,2,2,2,2,2,2,2,2,2,2,2,2,2,2,2,2,2,1
"PTHR24205",3,3,3,3,3,3,3,3,3,4,3,3,3,3,3,3,3,3,3,3,3,3,3,3,3,3,3,3,3,3,3,3,3,3,3,3,3,3,3,3,3,3,3,6,3
"PTHR24206_SF27",1,1,1,1,1,1,1,1,1,1,1,1,1,1,1,1,1,1,1,1,1,1,1,1,1,1,1,1,1,1,1,1,1,1,1,1,1,1,1,1,1,1,1,1,1
"PTHR24207_SF0",1,1,1,1,1,1,1,1,1,1,1,1,1,1,1,1,1,1,1,1,1,1,1,1,1,1,1,1,1,1,1,1,1,1,1,1,1,1,1,1,1,1,1,1,1
"PTHR24207_SF1",1,1,1,1,1,1,1,1,1,1,1,1,1,2,1,1,1,1,1,1,1,1,1,1,0,1,1,2,1,2,1,1,0,2,1,1,2,1,1,1,1,1,1,1,1
"PTHR24208_SF10",1,1,1,1,1,1,1,1,1,1,1,1,1,1,1,1,1,1,1,1,1,1,1,1,1,1,1,1,1,1,1,1,1,1,1,1,1,1,1,1,1,1,1,2,1
"PTHR24208_SF100",2,2,2,2,2,2,2,3,2,2,2,2,2,2,2,2,2,2,2,2,2,2,2,2,2,2,2,2,2,2,2,2,2,2,2,2,2,2,2,2,2,2,2,2,2
"PTHR24208_SF101",1,1,1,1,1,1,1,1,1,1,1,1,1,1,1,1,1,1,1,1,1,1,1,1,1,1,1,1,1,1,1,1,1,1,1,1,1,1,1,1,1,1,1,1,1
"PTHR24208_SF15",1,1,1,1,1,1,1,1,1,1,1,1,1,1,1,1,1,1,1,1,1,1,1,1,1,1,1,1,1,1,1,1,1,1,1,1,1,1,1,1,1,1,1,1,2
"PTHR24208_SF26",1,1,1,1,1,1,1,1,1,1,1,1,1,2,1,1,1,1,2,3,1,2,2,2,1,1,2,2,1,1,1,2,1,2,1,2,2,1,2,2,1,1,1,1,2
"PTHR24208_SF40",1,1,1,1,1,1,1,1,1,1,1,1,1,1,1,1,0,1,1,1,1,1,1,1,1,1,1,1,1,1,1,1,1,1,1,1,1,1,1,1,1,1,1,2,1
"PTHR24208_SF46",1,1,1,1,1,1,1,1,1,1,2,1,1,1,1,1,1,2,1,1,1,1,1,1,1,1,1,1,1,1,1,1,1,1,1,1,1,1,1,1,1,1,1,1,1
"PTHR24208_SF65",1,1,1,1,1,1,1,1,1,1,1,1,1,1,1,1,1,1,1,0,1,1,1,1,1,1,1,1,1,1,0,1,1,1,1,1,1,1,1,1,1,1,1,1,1
"PTHR24208_SF83",1,1,1,1,1,1,1,1,1,1,1,1,1,1,1,1,1,1,1,1,1,1,1,1,1,1,1,1,1,1,1,1,1,1,1,1,1,1,1,1,1,1,1,1,1
"PTHR24208_SF84",1,1,1,1,1,1,1,1,1,1,1,1,1,1,1,1,1,1,1,1,1,1,1,1,1,1,0,1,1,1,1,1,1,1,1,1,1,1,1,1,1,1,1,1,1
"PTHR24208_SF86",1,1,1,1,1,1,1,1,1,1,1,1,1,1,1,1,1,1,1,1,1,1,1,1,1,1,1,1,1,1,1,1,1,1,2,1,1,1,1,1,1,1,2,1,1
"PTHR24208_SF87",1,0,1,1,1,1,1,1,1,1,1,1,1,1,1,1,1,1,1,0,1,1,1,1,2,1,1,1,1,1,1,1,1,1,1,2,1,1,1,2,1,1,1,1,1
"PTHR24208_SF88",1,1,1,1,1,1,1,1,1,1,1,1,1,1,1,1,1,1,1,1,1,1,1,1,1,1,1,1,1,1,1,1,1,1,1,1,1,1,1,1,1,1,1,1,1
"PTHR24208_SF9",1,1,1,1,1,1,1,1,1,1,1,1,1,1,1,1,1,1,1,1,1,1,1,1,1,1,1,1,1,1,1,1,1,1,1,1,1,1,1,1,1,1,1,1,1
"PTHR24208_SF90",1,1,1,1,1,1,1,1,1,2,1,1,1,1,2,1,1,1,1,2,1,1,1,1,1,1,1,1,1,1,1,1,1,1,1,1,1,1,1,1,1,1,1,2,1
"PTHR24208_SF93",1,2,1,1,1,2,1,1,1,1,1,1,1,1,1,1,1,1,1,1,1,1,1,1,1,1,1,1,1,1,1,1,1,1,1,1,1,1,1,1,1,2,1,2,1
"PTHR24208_SF94",1,1,1,1,1,1,1,1,1,1,1,1,1,1,1,2,1,1,1,1,1,1,1,1,1,1,1,1,1,1,1,1,1,1,1,1,1,1,1,1,1,1,1,1,1
"PTHR24208_SF95",1,1,1,1,1,1,1,1,1,1,1,1,1,1,1,1,1,1,1,0,1,1,1,1,1,1,1,1,1,1,1,1,1,1,1,1,1,1,1,1,1,1,1,1,1
"PTHR24208_SF96",1,1,1,1,1,1,1,1,1,1,1,1,1,1,1,1,1,1,1,1,1,1,1,1,1,1,1,1,1,1,1,1,1,1,1,1,1,1,1,1,1,1,1,2,1
"PTHR24210",3,2,2,2,2,2,2,2,2,2,2,2,2,4,2,6,2,2,2,1,2,2,2,2,2,2,3,2,2,2,2,2,2,2,2,3,2,2,3,2,2,2,2,3,2
"PTHR24211_SF0",1,1,1,1,1,1,1,1,1,1,1,1,1,1,1,1,1,1,1,1,1,1,1,1,1,1,1,1,1,1,1,1,1,1,1,1,1,1,1,1,1,1,1,1,1
"PTHR24211_SF1",1,1,1,1,1,1,1,1,1,1,1,1,1,1,1,1,1,1,1,1,1,1,3,1,1,1,1,1,1,1,1,1,1,1,1,1,1,1,1,4,1,1,1,1,1
"PTHR24211_SF14",1,1,1,1,1,1,1,1,1,1,1,1,1,1,1,1,1,1,1,1,1,1,1,1,1,1,1,1,1,1,1,1,1,1,0,1,1,1,1,1,1,1,1,0,1
"PTHR24211_SF2",1,1,1,1,1,1,1,1,1,1,1,1,1,1,1,1,1,1,1,1,1,2,1,1,1,0,1,1,1,1,1,1,1,1,1,1,1,1,1,1,1,1,1,1,1
"PTHR24212",2,2,3,2,2,2,3,2,2,2,2,2,2,2,2,3,2,1,2,2,3,2,2,2,1,1,2,2,2,2,1,2,2,2,2,2,2,2,3,2,2,2,2,2,2
"PTHR24213",4,4,4,4,4,4,5,4,4,5,4,4,4,4,4,4,4,4,4,4,4,4,4,4,4,4,4,4,4,4,4,4,4,4,5,4,4,4,4,4,4,4,4,4,4
"PTHR24214_SF0",1,1,1,1,2,1,1,1,1,1,1,1,1,1,3,1,1,1,1,1,1,1,1,1,1,1,1,1,1,1,1,1,1,1,1,1,1,1,1,1,1,1,1,2,1
"PTHR24214_SF1",1,1,1,1,1,1,1,1,1,0,1,1,1,1,1,2,1,1,1,1,1,1,1,1,1,1,1,1,1,2,1,1,1,1,1,1,1,1,1,1,1,1,1,1,1
"PTHR24214_SF32",1,1,1,2,1,1,2,1,1,1,1,1,1,1,2,1,1,1,1,1,1,1,1,1,2,1,1,1,2,1,1,3,1,1,2,1,1,1,1,1,1,1,1,1,1
"PTHR24214_SF34",1,1,1,1,1,1,1,1,1,1,1,1,1,1,1,2,1,1,1,1,1,1,2,1,1,1,1,1,1,1,1,0,1,1,1,1,1,1,2,1,1,1,1,1,1
"PTHR24214_SF5",1,2,2,1,2,3,1,1,1,1,1,1,1,1,2,1,1,1,2,1,1,1,1,2,1,1,1,1,1,3,1,2,1,2,1,1,1,1,1,1,1,1,1,1,1
"PTHR24214_SF6",1,1,1,1,1,1,1,1,1,1,1,1,1,1,1,1,1,1,1,1,1,1,1,1,1,1,1,1,1,1,1,1,1,1,1,1,1,1,1,1,1,1,1,1,1
"PTHR24214_SF7",1,1,1,1,1,1,1,1,1,1,1,1,1,1,1,1,1,1,1,1,1,1,1,1,1,1,1,1,1,1,1,1,1,1,1,1,1,1,1,1,1,1,1,1,1
"PTHR24214_SF9",1,1,3,2,1,1,2,1,2,1,1,1,2,2,2,3,1,1,3,1,1,1,3,2,1,1,2,2,1,1,1,2,1,2,1,2,2,2,2,1,2,2,1,1,2
"PTHR24215_SF1",1,1,1,1,1,1,1,1,1,0,1,2,1,1,1,1,1,1,1,1,1,1,1,1,1,1,2,1,1,1,1,1,1,1,1,1,1,2,1,1,1,1,1,1,1
"PTHR24215_SF23",1,1,1,2,1,1,1,1,1,1,1,1,1,1,1,1,1,1,1,0,1,1,1,1,1,1,1,1,1,1,1,5,1,1,1,1,1,1,1,1,1,1,1,1,1
"PTHR24215_SF3",1,1,2,3,1,1,4,1,1,2,1,1,1,3,1,1,1,1,1,1,1,1,1,1,1,1,1,1,2,1,3,1,1,1,1,1,1,1,1,1,4,1,1,1,1
"PTHR24216_SF11",1,1,1,1,1,1,1,1,1,1,1,1,1,1,1,1,1,1,1,1,1,1,1,1,1,1,1,1,1,1,1,1,1,1,1,1,1,1,2,1,1,1,0,1,1
"PTHR24216_SF23",1,1,1,1,1,1,1,1,1,1,1,1,1,1,1,1,1,1,1,1,1,1,1,1,1,1,1,1,1,1,1,1,1,1,1,1,1,1,1,1,1,1,1,1,1
"PTHR24216_SF24",1,1,1,1,1,1,1,1,1,1,1,1,1,1,1,1,1,1,1,1,1,1,1,1,1,1,1,1,1,1,1,1,1,1,1,1,1,1,1,1,1,1,1,1,1
"PTHR24217",3,3,3,3,3,4,3,3,3,3,3,3,3,3,3,3,2,3,3,3,3,3,3,3,3,2,4,3,3,4,3,3,3,3,3,3,3,3,3,3,3,3,3,3,3
"PTHR24218",2,2,2,2,2,2,2,2,2,3,1,2,2,2,2,2,2,2,2,2,2,2,2,2,2,2,2,2,2,2,1,2,2,2,2,2,2,2,2,2,2,2,2,2,2
"PTHR24219_SF3",1,1,1,1,1,1,1,1,1,2,1,1,1,1,1,1,1,1,1,1,1,1,1,1,1,1,1,1,1,1,1,1,1,1,1,1,1,1,1,1,1,1,1,1,1
"PTHR24219_SF6",1,1,0,1,0,1,1,1,1,1,1,1,1,1,1,1,1,1,1,1,1,1,1,1,0,1,1,1,1,1,0,1,1,0,1,1,0,1,1,1,1,1,1,2,1
"PTHR24219_SF7",1,1,1,1,1,1,1,1,1,1,1,1,1,1,1,1,1,1,1,1,1,1,1,1,1,1,1,2,1,1,1,1,1,1,1,1,1,1,1,1,1,1,1,1,1
"PTHR24221_SF121",1,1,1,1,1,1,1,1,1,1,1,1,1,1,1,1,1,1,1,2,1,1,1,1,1,1,1,1,1,1,1,1,2,1,1,1,1,1,1,1,1,1,1,2,1
"PTHR24221_SF129",1,1,1,1,1,1,1,1,1,1,1,1,1,1,1,1,1,1,1,1,1,1,1,1,1,1,1,1,1,1,1,1,1,1,1,1,1,1,1,1,1,1,1,1,1
"PTHR24221_SF155",1,2,1,1,1,3,1,3,3,1,1,1,1,1,3,2,1,1,1,1,1,1,2,1,2,1,2,1,1,4,1,3,1,1,1,2,1,1,1,1,1,4,1,1,1
"PTHR24221_SF160",1,1,1,1,1,1,1,1,1,1,1,1,2,1,1,9,1,1,1,1,1,1,1,1,1,1,1,1,1,1,1,1,2,1,2,1,1,1,1,2,1,1,1,3,1
"PTHR24221_SF165",1,1,1,1,1,1,1,1,1,1,1,1,1,1,1,2,1,1,1,2,1,1,1,1,1,1,1,1,1,1,1,1,1,1,1,1,1,1,1,1,1,1,1,1,1
"PTHR24221_SF167",1,1,1,1,1,1,1,1,1,1,1,1,1,1,1,1,1,1,1,1,1,1,1,1,1,1,1,1,1,1,1,1,1,1,1,1,1,1,1,1,1,1,1,1,1
"PTHR24221_SF172",1,1,1,1,1,1,1,1,0,1,0,1,1,1,1,1,1,1,1,0,1,1,1,1,1,1,1,1,1,1,1,1,1,1,1,1,1,1,1,1,1,1,1,1,0
"PTHR24221_SF18",1,1,2,1,1,1,1,1,1,1,1,1,1,1,1,1,1,1,1,1,1,2,1,2,1,1,0,1,1,1,1,1,1,2,1,1,1,1,1,1,1,1,1,1,1
"PTHR24221_SF181",1,1,1,1,1,1,1,1,1,2,1,1,1,1,1,1,1,1,1,1,1,1,1,1,1,1,1,1,1,1,1,1,1,1,1,1,1,1,1,1,1,1,1,1,1
"PTHR24221_SF2",1,1,1,1,1,1,1,1,1,2,1,1,1,1,1,1,1,1,1,1,1,1,1,1,0,1,1,1,1,2,1,1,1,1,0,1,1,1,1,2,1,1,1,0,1
"PTHR24221_SF3",1,1,1,1,1,1,1,1,1,1,1,1,2,1,1,8,1,1,1,1,1,1,1,1,1,1,1,1,1,1,1,1,1,1,3,1,1,1,1,1,1,1,1,2,1
"PTHR24223_SF10",2,1,1,0,1,1,0,1,1,1,1,1,1,1,1,1,1,1,1,1,1,1,1,1,1,1,1,1,1,1,1,1,1,1,1,1,1,1,1,1,0,1,1,1,1
"PTHR24223_SF166",1,1,1,2,1,1,1,0,0,1,1,1,1,1,0,0,0,0,1,0,1,1,0,1,0,1,0,1,1,1,1,0,1,1,1,0,1,1,1,0,1,1,1,1,1
"PTHR24223_SF168",2,1,1,1,1,1,1,0,0,0,1,1,1,1,0,1,0,1,1,0,1,1,0,1,0,1,0,0,1,1,1,0,1,1,1,0,1,1,1,0,1,1,1,1,1
"PTHR24223_SF173",1,1,1,1,1,1,1,1,1,1,1,3,1,1,1,1,1,1,1,1,1,1,1,1,1,2,1,1,1,1,1,1,1,1,2,2,1,1,1,1,1,1,1,1,1
"PTHR24223_SF176",1,2,1,1,1,1,1,1,1,1,1,1,1,1,1,1,1,1,1,1,1,1,1,1,1,1,1,1,1,1,1,1,1,1,1,1,1,1,1,1,1,1,1,1,1
"PTHR24223_SF187",1,1,1,1,1,1,1,1,1,2,1,3,1,1,1,1,1,1,1,1,1,1,1,1,1,1,1,1,1,1,2,1,1,1,2,1,1,1,1,1,1,1,1,1,1
"PTHR24223_SF19",1,1,1,1,1,1,1,1,1,1,1,1,1,1,1,1,1,1,1,2,1,1,1,1,1,1,2,1,1,1,1,1,1,1,1,2,1,1,1,1,1,1,1,1,1
"PTHR24223_SF196",1,1,1,1,1,1,1,1,1,1,1,1,1,2,1,1,1,1,1,1,1,1,1,1,1,1,1,1,1,1,1,1,1,1,1,1,1,1,1,1,1,1,1,1,1
"PTHR24223_SF197",1,1,1,1,1,1,1,1,1,1,1,1,1,1,1,1,1,1,1,1,1,1,1,1,3,1,1,1,1,1,1,1,1,1,2,1,1,1,1,1,1,1,1,1,1
"PTHR24223_SF199",1,1,1,1,1,1,1,1,1,1,1,1,1,1,1,1,1,1,1,1,1,1,1,1,2,1,1,1,1,1,1,1,3,1,0,1,1,0,1,2,1,1,1,0,2
"PTHR24223_SF203",1,1,1,1,1,1,1,1,1,1,1,1,1,1,1,2,1,1,2,1,1,1,1,1,1,1,1,1,1,1,1,1,1,1,1,1,1,1,1,1,1,1,1,1,1
"PTHR24223_SF205",1,17,1,1,1,25,1,1,1,1,1,1,1,1,1,1,1,1,1,1,1,1,1,1,1,1,1,1,1,27,1,1,1,1,1,1,1,1,1,1,1,10,1,1,1
"PTHR24223_SF63",1,1,1,1,1,1,2,1,1,2,2,1,1,1,1,2,1,1,1,1,1,1,1,1,1,1,1,3,1,1,1,1,1,1,1,1,2,1,3,1,3,0,1,1,1
"PTHR24225",6,5,1,4,6,5,9,7,10,7,7,7,6,9,8,9,6,6,3,3,9,4,12,4,4,6,7,4,6,6,7,0,7,4,7,8,9,5,8,11,2,5,3,7,6
"PTHR24226",2,1,1,1,2,2,2,2,2,2,2,2,2,2,2,2,2,2,1,2,2,1,2,1,2,2,2,2,2,2,2,2,2,2,3,2,1,1,1,2,1,2,0,3,2
"PTHR24227",24,25,21,16,23,24,24,24,23,23,23,25,23,26,22,26,24,22,23,19,27,24,26,21,24,23,27,20,23,24,23,16,25,23,22,24,23,24,23,26,17,23,20,24,24
"PTHR24228",7,6,7,6,7,7,6,7,6,7,6,7,6,10,8,8,8,9,6,6,6,6,10,7,7,6,9,6,7,5,7,5,7,7,8,10,9,6,9,9,7,7,6,9,6
"PTHR24229_SF1",1,1,1,1,1,1,1,1,1,1,1,1,1,1,1,1,1,1,1,1,1,1,1,1,1,1,1,1,1,1,1,1,1,1,1,1,1,1,1,1,1,1,1,2,1
"PTHR24229_SF11",1,1,1,1,1,1,1,1,1,1,1,1,1,1,1,2,1,1,1,0,1,1,1,1,1,0,2,1,1,1,0,1,1,1,1,1,1,1,1,1,1,1,1,1,1
"PTHR24229_SF15",3,0,1,1,1,0,2,1,0,1,2,1,1,0,0,1,1,1,1,0,1,1,2,2,1,1,1,2,1,1,0,0,2,2,3,2,1,1,1,1,1,1,0,2,1
"PTHR24229_SF18",1,1,0,1,1,1,1,0,1,0,1,2,1,1,1,2,1,0,0,0,1,0,0,0,0,0,0,1,0,1,0,0,0,0,1,0,1,0,1,0,0,1,0,1,0
"PTHR24229_SF2",1,1,1,1,1,1,1,1,1,1,1,1,1,1,1,1,1,1,1,1,1,1,1,1,1,1,1,1,1,1,1,1,1,1,1,1,1,1,1,1,1,1,1,1,1
"PTHR24229_SF29",1,1,1,0,1,1,1,0,1,1,1,1,1,1,1,1,1,1,1,0,1,0,1,1,1,1,1,1,1,1,1,1,1,1,1,1,1,1,1,1,1,0,0,2,1
"PTHR24229_SF3",1,1,1,1,1,1,1,1,1,1,1,1,1,1,1,1,1,1,1,1,1,1,1,1,1,1,1,0,1,1,1,1,1,1,1,1,1,1,1,1,1,1,1,1,1
"PTHR24229_SF32",1,1,1,1,1,1,1,1,1,1,1,1,1,1,1,1,1,1,1,1,1,1,1,1,1,1,1,1,1,1,1,1,1,1,1,1,1,1,1,1,1,1,1,1,1
"PTHR24229_SF35",1,2,0,1,2,2,2,2,1,1,1,1,1,2,2,4,0,1,1,1,2,1,1,1,2,1,2,0,2,1,2,0,1,1,2,2,1,2,2,2,1,2,0,2,2
"PTHR24229_SF36",1,1,1,1,1,1,1,1,1,1,1,1,0,1,1,1,1,1,1,1,1,0,1,1,1,1,1,1,1,1,1,1,1,1,1,1,1,1,1,1,1,1,0,1,1
"PTHR24229_SF4",1,1,1,0,1,1,0,1,0,1,1,1,1,0,1,2,1,1,1,1,1,0,1,0,0,1,1,0,1,1,1,0,1,1,1,1,0,1,1,1,0,1,1,1,1
"PTHR24229_SF6",1,1,1,1,1,1,1,1,2,1,1,1,1,0,1,1,1,1,1,1,1,0,1,1,1,0,1,1,0,1,1,1,1,1,1,1,1,1,1,1,1,1,1,1,1
"PTHR24229_SF7",1,1,1,1,1,1,1,1,1,1,1,1,1,1,1,1,1,1,1,1,1,1,1,1,1,1,1,1,1,1,1,1,1,1,1,1,1,1,1,1,1,1,1,3,1
"PTHR24229_SF8",1,1,1,0,1,1,1,1,1,1,1,1,1,0,1,1,1,1,1,0,1,1,1,1,1,0,1,1,1,1,1,0,1,1,1,1,1,0,1,1,0,1,1,1,0
"PTHR24230",3,0,1,1,1,0,1,1,0,2,1,1,2,0,0,5,0,0,0,2,0,1,3,2,0,0,1,1,1,2,0,0,0,1,0,1,2,1,1,0,1,1,0,0,1
"PTHR24231",15,17,11,4,13,14,17,11,12,12,13,12,16,12,12,16,14,14,11,16,14,3,14,10,13,14,16,8,16,15,12,11,14,12,10,14,13,13,16,14,3,13,7,15,11
"PTHR24232",16,16,16,12,17,16,17,14,14,14,17,17,15,15,14,18,14,18,17,14,17,7,17,16,18,15,18,13,17,13,12,10,14,18,20,17,16,15,18,15,12,16,12,21,18
"PTHR24233",7,6,6,5,6,7,7,7,6,7,7,6,6,5,6,7,7,7,6,7,7,6,7,6,7,7,7,5,7,7,6,6,6,6,6,7,5,6,5,7,5,7,4,6,6
"PTHR24234",2,2,2,1,2,3,1,3,1,3,2,2,4,2,3,2,3,3,1,2,2,2,2,2,2,2,2,2,3,2,2,1,2,2,2,2,2,2,2,3,2,2,0,3,2
"PTHR24237",7,10,6,4,6,6,7,6,8,6,9,10,6,6,5,9,6,6,6,6,7,2,6,5,6,7,8,4,8,7,5,4,6,6,6,8,6,7,6,6,6,7,4,8,7
"PTHR24240",7,6,7,7,6,6,7,7,7,5,7,7,7,7,6,11,7,7,7,6,8,7,8,7,7,7,8,7,7,6,8,7,6,7,8,7,6,7,7,7,7,6,7,9,7
"PTHR24241",16,17,15,16,15,17,17,17,15,13,18,21,17,17,17,18,15,18,17,14,16,15,17,17,15,18,19,16,17,15,15,18,15,16,17,17,14,16,16,18,15,16,17,19,15
"PTHR24242_SF126",1,3,1,1,1,4,1,0,1,1,0,2,2,2,0,2,1,2,1,1,0,0,1,0,0,2,1,1,1,0,0,0,0,0,3,1,1,0,2,1,1,0,0,2,1
"PTHR24242_SF14",2,2,2,2,2,3,2,2,2,2,2,2,2,2,1,2,2,2,2,2,2,2,2,2,2,2,2,2,2,2,2,2,2,2,2,2,2,2,2,3,2,2,2,2,2
"PTHR24242_SF158",4,3,0,0,3,0,0,2,13,10,1,6,3,1,4,3,4,7,0,1,1,0,5,0,0,3,5,0,2,1,6,0,3,0,2,3,1,2,1,4,0,5,0,1,2
"PTHR24242_SF159",1,2,0,0,1,1,0,1,1,1,3,4,1,0,0,0,1,6,0,1,0,1,1,0,0,1,0,0,1,0,0,0,1,0,0,1,0,1,0,1,0,3,0,0,1
"PTHR24242_SF161",2,3,0,0,1,2,1,0,0,1,1,1,1,0,0,0,0,0,0,1,0,1,1,0,0,1,0,0,1,0,0,0,1,0,0,0,0,0,1,0,0,1,0,0,0
"PTHR24242_SF166",1,0,0,0,1,0,0,2,1,3,2,2,0,0,1,0,2,2,0,0,0,0,2,0,2,2,1,0,2,0,2,0,0,0,0,1,0,1,0,1,0,2,0,0,0
"PTHR24242_SF167",1,1,1,1,1,1,1,1,1,1,1,1,1,1,1,1,1,1,1,1,1,1,1,0,0,1,1,0,1,1,1,1,1,1,1,1,0,1,1,1,1,1,0,1,1
"PTHR24242_SF17",2,2,2,2,2,2,2,1,1,2,2,2,2,2,1,2,2,2,2,2,2,2,1,2,1,2,1,2,2,1,1,1,2,2,2,1,2,2,2,1,2,2,2,2,2
"PTHR24242_SF171",1,1,0,0,0,0,1,0,0,0,0,1,0,0,0,0,0,1,0,1,0,0,0,0,0,1,0,0,1,1,0,0,1,0,0,0,0,0,0,0,0,2,0,0,0
"PTHR24242_SF174",1,1,1,1,1,1,1,2,1,0,1,1,1,1,2,1,3,1,1,2,1,1,3,1,3,1,3,1,1,1,3,2,1,1,2,3,1,1,1,3,1,1,1,2,1
"PTHR24242_SF175",1,1,0,0,1,0,1,0,1,0,1,1,1,0,0,0,1,0,0,0,0,0,1,0,0,0,2,0,1,0,1,0,1,1,1,1,0,1,0,1,0,1,0,1,1
"PTHR24242_SF176",1,2,0,0,2,4,0,1,1,1,1,0,1,0,1,0,0,1,0,0,0,0,2,0,2,1,2,0,1,2,2,2,0,0,1,2,0,2,0,2,0,1,0,1,1
"PTHR24242_SF178",1,2,0,0,0,1,0,0,0,3,2,2,1,0,0,8,0,2,0,0,1,0,1,1,0,1,1,0,1,2,1,0,1,0,1,1,1,2,1,1,0,1,0,2,0
"PTHR24242_SF179",3,1,0,0,2,1,0,0,1,0,1,3,1,0,2,0,0,3,0,0,0,0,0,0,0,2,0,0,1,1,1,0,1,0,1,0,0,0,0,0,0,3,0,1,2
"PTHR24242_SF183",1,1,0,0,1,1,1,1,1,1,1,1,1,1,1,1,1,3,0,1,0,0,1,0,1,1,2,0,1,0,1,0,1,0,1,1,1,1,1,1,0,1,0,0,0
"PTHR24242_SF184",1,3,0,0,1,1,1,1,1,1,0,0,1,0,0,0,1,1,0,1,0,0,1,0,0,1,1,0,0,1,1,0,0,0,0,1,0,0,0,1,0,1,0,0,0
"PTHR24242_SF185",1,1,1,0,1,1,1,1,1,1,1,1,1,1,1,3,1,0,1,1,1,0,1,1,1,1,1,1,1,1,1,1,1,1,1,1,1,1,1,1,0,1,1,1,1
"PTHR24242_SF186",1,2,0,0,1,0,1,1,2,2,2,2,0,1,3,1,1,1,0,2,1,0,3,0,0,1,0,1,1,1,1,0,2,0,2,1,0,0,1,3,0,1,0,1,0
"PTHR24242_SF188",1,1,1,1,1,1,1,1,1,1,1,1,1,1,2,1,1,1,1,1,1,0,1,1,1,1,1,0,1,1,1,1,1,1,1,1,1,1,1,1,1,1,0,1,1
"PTHR24242_SF189",2,2,2,2,1,2,2,2,2,2,2,2,2,2,2,3,1,2,2,2,2,2,1,2,1,2,1,2,2,2,2,2,2,2,1,1,2,2,2,1,2,2,2,1,2
"PTHR24242_SF192",1,1,0,0,1,0,0,0,1,0,1,1,1,0,1,0,1,2,0,0,0,0,0,0,0,2,0,0,1,1,1,0,1,0,2,0,0,1,0,0,0,1,0,2,1
"PTHR24242_SF194",1,1,1,0,1,1,1,1,1,0,1,1,1,1,1,1,1,0,1,0,1,0,1,1,1,1,1,1,1,1,1,1,1,1,0,1,1,1,1,1,1,1,0,0,1
"PTHR24242_SF195",1,3,0,0,1,2,0,0,1,2,2,2,3,0,0,1,1,5,0,0,0,0,2,0,0,1,0,0,1,2,1,0,1,0,1,2,0,4,0,2,0,5,0,1,1
"PTHR24242_SF196",1,2,1,1,1,1,1,0,0,0,1,2,1,1,1,1,1,0,1,0,1,1,1,1,1,0,1,1,1,1,2,1,1,1,1,1,0,1,1,1,1,1,1,1,1
"PTHR24242_SF198",1,1,0,0,1,2,1,0,1,1,1,2,1,0,2,0,2,1,0,2,0,0,2,0,0,1,1,1,1,1,1,0,0,0,1,2,0,1,0,2,0,2,0,1,1
"PTHR24242_SF201",1,2,0,0,1,2,0,0,0,1,1,1,1,0,2,3,1,1,0,0,0,0,0,0,0,1,0,0,1,1,1,0,0,0,0,0,0,1,1,0,0,2,0,0,0
"PTHR24242_SF208",1,1,1,1,1,1,1,1,1,1,1,1,1,1,2,1,1,1,1,1,1,1,1,1,1,1,1,1,1,1,1,1,1,1,1,1,1,1,1,1,1,1,1,1,1
"PTHR24242_SF214",1,1,1,1,1,1,2,1,1,1,1,1,1,1,1,1,1,1,1,1,1,1,1,1,1,1,1,1,1,1,1,1,1,1,1,1,1,1,1,1,1,1,1,1,1
"PTHR24242_SF216",1,1,1,1,4,1,0,0,0,1,1,1,1,1,0,1,1,1,0,0,1,0,1,0,1,2,1,1,1,1,0,0,1,0,0,1,0,2,2,1,0,2,0,0,0
"PTHR24242_SF42",1,1,1,1,1,1,1,1,1,1,1,1,1,1,1,1,1,1,1,1,1,1,1,1,1,1,1,1,1,1,1,0,1,1,1,0,1,1,1,1,1,1,1,1,1
"PTHR24242_SF51",1,1,1,1,1,1,1,1,0,1,1,1,1,1,1,1,1,1,1,1,1,1,1,1,1,1,1,1,1,1,1,1,1,1,1,1,1,1,1,1,1,1,1,1,1
"PTHR24242_SF52",1,1,0,1,1,1,1,1,1,0,1,1,1,1,1,2,1,0,1,0,1,1,1,1,1,1,1,1,1,1,1,1,1,1,1,1,1,1,1,1,1,1,0,1,1
"PTHR24242_SF7",1,1,1,1,0,1,1,1,1,1,1,1,1,1,1,1,1,1,0,1,1,1,1,0,1,1,0,1,1,1,1,0,1,0,1,1,1,1,0,1,1,1,1,1,0
"PTHR24242_SF90",1,3,0,1,3,3,2,2,2,2,2,4,3,1,2,3,2,9,0,1,0,1,5,0,1,3,3,0,3,3,3,2,2,0,2,3,1,2,2,7,0,3,0,2,3
"PTHR24243",18,20,15,16,16,16,15,13,14,15,16,16,16,17,14,17,16,15,16,11,16,15,15,16,15,17,17,17,18,19,15,14,16,16,16,15,17,15,17,16,16,17,15,17,16
"PTHR24244",1,1,1,1,1,1,1,1,1,1,1,1,1,1,1,1,1,1,1,1,1,2,1,1,1,0,1,1,1,1,1,1,1,1,1,1,1,1,1,1,1,1,1,1,1
"PTHR24245",3,3,4,4,3,3,3,3,3,2,3,2,3,4,3,4,3,3,4,2,4,2,3,4,3,3,3,4,3,3,2,3,3,3,3,3,4,3,3,3,4,3,2,5,3
"PTHR24246",4,4,4,5,4,4,4,4,4,3,4,4,3,4,4,4,4,4,4,4,4,4,5,4,4,4,4,4,4,4,4,4,4,4,4,4,4,4,4,5,5,4,3,4,4
"PTHR24247",9,10,9,9,6,8,9,10,10,11,11,10,9,10,11,9,10,8,9,10,8,9,10,9,7,10,11,10,10,12,10,9,8,9,9,9,11,10,12,10,10,9,7,9,7
"PTHR24248_SF14",1,1,1,1,1,1,1,1,1,1,1,1,1,1,1,1,1,0,1,1,1,1,1,1,1,1,1,0,1,1,1,1,1,1,1,1,1,1,1,1,1,1,1,1,1
"PTHR24248_SF16",1,1,1,1,1,1,1,1,1,2,1,1,1,1,1,1,1,1,1,1,1,1,1,1,1,1,1,1,1,1,1,1,1,1,1,1,1,1,1,1,1,1,1,1,1
"PTHR24248_SF17",1,1,1,1,1,1,1,1,1,1,1,1,1,1,1,1,1,1,1,1,1,1,1,1,1,1,1,1,1,1,1,1,1,1,1,1,1,1,1,1,1,1,1,1,1
"PTHR24248_SF2",1,1,0,0,1,0,1,1,1,1,1,1,1,1,1,1,1,1,1,1,1,0,1,1,1,1,1,1,1,1,1,0,1,1,1,1,1,0,1,1,0,1,0,0,1
"PTHR24248_SF21",1,1,1,1,1,0,1,1,1,1,1,1,1,1,1,1,1,1,1,1,1,1,1,1,1,1,1,0,1,1,1,0,1,1,1,1,1,2,1,1,1,1,1,2,1
"PTHR24248_SF24",1,1,0,1,1,1,1,1,1,1,1,1,0,1,1,1,1,1,1,1,1,0,1,1,1,1,1,0,0,1,0,1,1,0,0,1,0,1,1,1,1,1,1,1,1
"PTHR24248_SF25",1,1,1,1,1,1,1,0,0,0,1,1,1,1,1,1,0,0,1,0,1,1,1,1,1,0,1,1,0,0,0,1,1,1,1,1,0,1,1,1,0,1,0,1,0
"PTHR24248_SF26",1,1,1,0,1,1,1,1,1,1,1,1,1,1,1,1,1,1,1,1,1,1,1,1,1,1,1,1,1,0,1,0,1,1,1,1,1,1,1,1,1,1,0,1,1
"PTHR24248_SF3",1,1,1,1,1,1,1,1,0,1,1,1,1,1,1,2,1,1,1,1,1,1,1,1,1,1,1,1,1,1,1,1,1,1,1,1,1,1,1,1,1,1,0,1,1
"PTHR24248_SF33",5,5,0,1,5,6,3,2,3,7,3,9,4,0,16,6,6,40,0,3,0,2,7,1,1,5,5,0,3,1,7,0,6,0,0,4,2,3,2,7,2,4,0,0,3
"PTHR24248_SF54",1,1,0,0,1,1,1,0,1,0,0,1,1,1,1,1,1,1,1,0,1,0,1,1,1,0,1,1,1,1,0,1,1,1,1,1,0,1,1,1,0,1,1,1,1
"PTHR24248_SF61",2,3,0,1,2,1,1,1,0,2,3,2,1,1,0,1,1,3,0,0,1,0,1,0,0,2,2,1,2,0,1,0,2,0,0,1,1,2,1,2,1,2,0,0,1
"PTHR24248_SF62",1,1,1,1,2,1,0,0,0,2,2,1,0,2,0,1,1,1,0,1,1,0,0,0,1,1,0,2,1,1,1,0,0,0,2,0,2,0,2,0,2,1,0,2,2
"PTHR24248_SF67",5,4,0,0,5,3,2,1,1,6,2,1,3,1,1,1,0,4,0,2,0,0,2,0,0,2,1,1,3,2,1,0,4,0,3,1,1,6,1,1,0,6,0,4,4
"PTHR24248_SF68",1,1,1,1,1,1,1,1,1,1,1,1,1,1,1,1,2,1,1,1,1,1,1,1,1,1,1,1,1,1,1,1,1,1,1,1,1,1,1,1,1,1,1,1,1
"PTHR24248_SF69",3,1,2,1,0,3,1,0,1,1,1,0,2,1,1,1,0,2,0,2,0,1,0,0,0,2,1,1,2,2,0,0,1,0,0,0,1,3,1,0,1,3,0,0,2
"PTHR24249_SF216",1,1,1,1,1,1,1,1,1,1,1,1,1,1,1,1,1,0,1,0,1,1,1,1,1,1,1,1,1,0,0,1,1,1,1,1,1,1,1,1,1,0,0,1,1
"PTHR24249_SF217",1,1,1,0,1,1,1,1,1,1,1,2,1,1,1,1,1,1,1,0,1,0,1,1,1,0,1,1,1,1,1,1,1,1,1,1,1,1,1,1,1,0,0,1,1
"PTHR24249_SF218",1,1,0,0,1,1,1,0,1,1,1,1,1,3,0,1,1,1,1,1,1,0,1,1,1,1,1,0,1,1,1,1,1,0,1,1,2,1,2,1,0,1,0,1,1
"PTHR24249_SF220",1,1,1,1,0,0,1,1,1,1,1,1,1,1,2,1,1,1,1,2,1,0,1,1,1,1,2,0,1,1,1,0,1,1,1,1,1,1,1,1,1,0,0,1,0
"PTHR24249_SF221",1,1,1,1,0,1,1,1,1,1,1,1,1,1,1,1,1,1,1,1,1,1,1,1,1,1,1,1,1,1,1,1,1,1,1,1,1,1,1,1,1,1,1,1,1
"PTHR24249_SF222",1,1,1,1,1,1,1,1,1,1,1,1,1,1,1,1,1,1,1,1,1,1,1,1,1,1,1,1,1,1,1,1,1,1,1,1,1,1,1,1,1,1,1,1,1
"PTHR24249_SF228",1,3,0,0,0,2,0,1,5,1,2,1,0,0,2,0,0,3,0,0,0,0,5,0,4,1,1,0,1,0,0,0,0,0,0,2,0,0,0,6,0,1,0,0,0
"PTHR24249_SF239",3,1,2,2,1,1,3,2,1,0,2,1,1,2,1,2,1,2,3,0,3,0,1,3,2,2,1,1,1,1,1,1,2,3,1,1,2,2,2,1,2,1,2,3,2
"PTHR24249_SF242",1,1,1,1,1,1,1,1,1,0,1,1,1,1,1,1,1,1,1,1,1,1,1,1,1,1,1,1,1,1,0,1,1,1,1,1,1,1,1,1,1,1,1,1,1
"PTHR24249_SF244",1,0,1,0,1,1,1,1,1,1,1,1,1,1,1,1,1,1,1,1,1,0,1,1,1,1,1,1,0,1,0,0,1,1,1,1,1,1,1,1,1,1,0,1,1
"PTHR24249_SF246",1,1,1,2,1,1,1,1,1,1,1,1,1,1,1,1,1,1,1,1,1,1,1,1,1,1,1,1,1,1,1,1,1,1,1,1,1,1,2,1,1,1,1,1,1
"PTHR24249_SF248",1,1,0,0,1,0,0,1,1,1,0,0,0,0,1,1,0,0,0,1,0,0,1,0,1,1,1,0,1,0,1,1,0,0,0,0,0,0,0,0,0,1,1,0,0
"PTHR24249_SF253",1,2,0,1,0,1,0,2,2,0,2,3,1,2,2,1,1,1,1,0,0,0,4,1,3,1,0,0,1,0,2,0,2,1,0,3,0,1,1,4,0,2,0,0,0
"PTHR24249_SF30",1,1,1,1,0,1,1,1,1,0,1,1,1,1,3,1,1,1,1,1,1,1,1,1,1,0,1,0,1,1,1,1,1,1,1,1,1,1,1,1,1,1,0,1,0
"PTHR24249_SF33",2,1,1,1,1,1,1,1,1,1,1,1,1,1,1,1,1,1,1,1,1,1,1,1,1,1,1,1,1,1,1,1,1,1,1,1,1,1,1,1,1,1,1,1,1
"PTHR24249_SF37",1,1,0,1,0,1,1,1,1,0,1,1,1,1,1,2,1,1,1,0,1,1,1,1,1,0,1,1,1,0,0,1,1,1,1,1,0,1,1,1,0,1,0,1,0
"PTHR24249_SF38",1,1,1,2,1,1,1,1,1,1,1,1,1,1,1,1,1,1,1,1,1,1,1,1,1,1,2,1,1,1,1,1,1,1,1,1,1,1,1,1,1,1,1,1,1
"PTHR24249_SF55",1,1,1,1,1,1,1,1,1,1,2,1,1,1,0,1,1,1,1,0,1,1,1,1,1,1,1,1,2,1,1,1,1,1,1,1,1,1,1,1,1,1,1,2,2
"PTHR24249_SF57",1,1,1,1,1,1,1,1,1,1,1,1,1,1,1,1,1,1,1,1,1,1,1,1,1,1,1,1,1,1,1,1,1,1,1,1,1,1,1,1,1,1,1,1,1
"PTHR24249_SF58",1,1,1,0,1,1,1,1,1,1,1,1,1,1,1,1,1,1,1,1,1,0,1,1,1,1,1,1,1,1,1,1,1,1,1,1,1,1,1,1,0,1,1,1,1
"PTHR24249_SF60",1,1,1,1,1,1,1,1,1,1,1,1,1,1,1,1,1,1,1,1,1,1,1,1,1,1,1,0,1,1,1,1,1,1,1,1,1,1,1,1,1,1,0,1,1
"PTHR24249_SF61",1,1,1,1,1,1,1,1,1,1,1,1,1,0,1,1,1,1,0,1,1,1,1,0,1,1,1,1,1,1,1,1,1,0,1,1,0,1,1,1,0,1,0,2,1
"PTHR24249_SF78",1,5,0,0,0,5,0,0,2,2,1,0,3,0,1,1,0,0,1,1,0,0,0,0,0,0,1,0,0,7,2,0,0,0,7,0,1,3,0,0,0,1,0,4,0
"PTHR24249_SF79",1,1,1,1,0,0,0,1,1,1,1,2,1,0,1,1,0,0,1,1,0,0,1,1,1,1,1,0,1,1,1,1,1,0,2,1,0,1,1,1,0,1,0,4,0
"PTHR24249_SF83",1,1,0,1,1,1,0,1,1,1,1,1,1,1,2,0,1,2,1,1,1,1,1,1,1,1,1,1,0,1,1,1,1,1,1,1,1,1,1,1,1,1,0,1,1
"PTHR24250",3,5,2,3,3,4,3,3,2,4,5,4,4,3,3,5,2,3,4,2,3,3,2,3,2,3,2,1,2,4,3,2,3,4,3,1,3,4,3,2,3,4,3,3,4
"PTHR24251_SF12",1,1,1,1,1,1,1,1,1,1,1,1,1,1,1,1,1,1,1,1,1,1,1,1,1,1,1,1,1,1,0,1,1,1,0,1,1,1,2,2,1,1,1,0,1
"PTHR24251_SF14",2,1,1,1,2,1,1,1,1,1,1,1,1,1,2,1,1,1,1,1,1,1,1,1,1,0,1,1,1,1,1,1,0,1,1,1,1,2,1,1,1,2,1,1,1
"PTHR24251_SF15",1,1,1,1,1,1,1,1,1,1,1,1,1,1,1,1,1,1,1,1,1,1,1,1,1,1,1,1,1,1,1,1,0,1,1,1,1,1,1,1,1,1,1,1,1
"PTHR24251_SF16",1,1,1,1,1,1,0,0,1,1,1,1,2,1,1,1,1,2,1,1,1,1,1,1,1,1,1,1,1,1,1,1,1,1,1,1,1,1,1,1,1,1,1,2,1
"PTHR24252_SF5",1,0,1,1,1,0,1,1,1,0,1,1,1,1,0,2,1,1,1,0,1,1,1,1,1,1,1,1,1,0,1,1,0,1,0,1,1,1,2,1,1,1,1,3,1
"PTHR24253",1,2,1,1,2,1,1,1,1,2,2,2,2,1,2,1,2,1,1,2,1,1,2,1,2,1,2,1,2,3,1,1,1,1,2,2,1,1,1,2,1,2,1,1,2
"PTHR24254",2,2,2,2,2,2,2,2,2,2,2,2,2,2,2,2,2,2,2,2,2,2,2,2,2,2,2,2,2,2,1,2,2,2,1,2,2,2,2,2,2,2,2,1,2
"PTHR24255",3,4,3,3,3,3,3,3,3,3,3,3,3,3,4,3,3,3,3,3,3,3,3,3,3,3,4,3,3,3,1,3,3,3,2,3,3,3,4,3,3,3,3,4,3
"PTHR24256_SF1",1,1,1,1,0,1,1,1,1,1,1,1,1,1,1,1,1,1,1,1,1,1,1,1,1,1,1,1,1,1,1,1,1,1,1,1,1,1,1,1,1,1,1,1,1
"PTHR24256_SF107",1,1,0,0,1,1,0,1,1,1,1,1,1,0,1,0,1,0,0,1,0,0,1,0,1,1,1,0,0,1,1,0,0,0,1,1,0,1,0,1,0,1,0,0,1
"PTHR24256_SF108",1,1,1,1,1,1,1,1,1,1,1,1,1,1,1,1,1,1,1,1,3,1,1,1,1,1,1,1,1,1,0,1,1,1,1,1,1,1,1,1,1,1,1,1,1
"PTHR24256_SF109",1,1,0,0,1,1,0,1,1,1,1,1,1,0,1,0,1,1,0,0,0,0,1,0,1,1,1,0,1,1,1,1,1,0,1,1,0,1,0,1,0,1,0,1,1
"PTHR24256_SF17",1,1,1,1,1,1,1,1,1,0,1,1,1,1,1,1,1,0,1,1,1,1,1,1,1,1,0,1,1,1,1,1,1,1,1,1,1,1,1,1,1,1,1,1,1
"PTHR24256_SF18",1,1,1,1,1,1,1,1,1,1,1,1,1,1,1,1,1,1,1,0,1,2,1,1,1,1,1,1,1,1,1,1,1,1,1,1,1,1,1,1,1,1,1,1,1
"PTHR24256_SF20",1,1,1,1,2,1,1,1,1,1,1,1,1,1,1,1,1,1,1,1,1,1,1,1,1,1,1,1,1,1,1,1,1,1,1,1,1,1,1,1,1,1,1,1,1
"PTHR24256_SF30",1,1,0,0,1,1,1,1,1,1,1,1,1,0,1,0,1,1,0,1,0,1,1,0,1,1,1,0,1,1,1,1,1,0,0,1,0,1,0,1,0,1,0,1,1
"PTHR24256_SF36",1,1,1,1,1,1,1,1,1,1,1,1,1,1,1,1,1,1,1,2,1,1,1,1,1,1,0,1,1,1,1,1,1,1,1,1,1,1,1,1,1,1,1,1,1
"PTHR24256_SF37",1,1,1,1,1,1,1,1,1,1,1,1,1,1,1,1,1,1,1,1,1,1,1,1,1,1,1,1,1,1,1,1,1,1,1,1,1,1,1,1,1,1,1,1,1
"PTHR24256_SF42",1,1,1,1,1,1,1,1,1,1,1,1,1,1,1,1,1,1,1,2,1,1,1,1,1,1,1,1,1,1,0,1,1,1,1,1,1,1,1,1,1,1,1,1,1
"PTHR24256_SF5",1,1,1,1,1,1,1,1,1,0,1,1,1,1,1,1,1,2,1,1,1,1,1,1,1,1,1,1,1,1,1,1,1,1,1,1,1,1,1,1,1,1,1,1,1
"PTHR24256_SF64",1,1,1,1,1,1,1,1,1,1,1,1,1,1,1,1,1,1,1,1,1,1,1,1,1,1,1,1,1,1,1,1,1,1,1,1,1,1,1,1,1,1,1,1,1
"PTHR24256_SF65",1,1,1,1,1,1,1,1,1,1,1,1,1,1,1,2,1,1,1,1,1,1,1,1,1,1,1,1,1,1,1,1,1,1,1,1,1,1,1,1,1,1,1,1,1
"PTHR24256_SF90",1,0,1,1,0,0,1,0,0,0,1,1,0,1,0,1,0,0,1,0,1,1,0,1,0,1,0,0,1,0,1,0,1,1,1,0,1,0,1,0,1,1,1,1,0
"PTHR24256_SF93",1,1,1,1,1,1,1,1,1,1,1,1,1,1,1,1,1,2,1,1,1,1,1,1,1,1,1,1,1,1,1,1,1,1,1,1,1,1,1,1,1,1,1,1,1
"PTHR24256_SF94",1,2,1,1,0,1,1,1,2,1,1,1,2,2,1,1,1,1,2,1,1,1,1,1,1,1,1,1,1,1,1,1,1,1,1,1,1,1,1,1,1,1,1,1,2
"PTHR24257",3,6,6,5,3,6,5,4,6,4,5,5,3,7,6,9,4,3,7,5,8,6,6,7,5,3,5,7,3,5,12,5,5,6,6,6,6,3,8,5,5,5,5,5,4
"PTHR24259_SF0",1,1,1,1,2,1,1,1,1,1,1,1,1,1,1,1,1,1,1,1,1,1,1,1,1,1,1,1,1,1,1,1,1,1,1,1,1,1,1,2,1,1,1,1,2
"PTHR24259_SF12",1,1,1,1,1,0,0,0,1,0,1,1,1,1,1,0,1,1,1,0,0,1,1,1,1,1,1,1,1,1,1,0,1,1,0,1,1,1,1,1,1,1,0,0,0
"PTHR24259_SF29",1,1,1,1,1,1,1,1,1,1,1,1,1,1,1,1,1,1,1,1,1,1,1,1,1,1,1,1,1,1,1,1,1,1,2,1,1,1,2,1,1,1,1,2,1
"PTHR24259_SF5",1,1,1,1,1,1,0,1,1,1,1,1,1,1,1,1,1,1,1,0,1,1,1,1,1,1,1,1,1,1,1,1,1,1,3,1,1,1,1,1,1,1,1,2,1
"PTHR24259_SF58",1,1,1,1,1,1,1,0,0,2,2,2,1,1,0,1,1,1,1,1,0,1,1,1,0,1,1,1,1,1,0,0,1,1,2,1,1,1,1,1,1,1,0,2,1
"PTHR24259_SF6",1,1,1,1,1,1,1,1,1,1,1,1,1,1,1,2,1,1,1,0,1,0,1,1,1,1,0,1,1,1,0,1,1,1,0,1,1,1,1,1,1,1,1,0,1
"PTHR24259_SF64",1,1,1,1,1,1,1,0,0,1,1,0,1,1,0,1,0,0,1,0,1,0,0,1,0,0,0,1,0,1,0,0,1,1,0,0,1,1,1,0,1,1,1,0,1
"PTHR24259_SF67",1,1,1,1,1,1,0,1,1,1,1,1,1,1,1,1,1,1,1,1,1,1,1,0,1,1,1,1,1,1,1,1,1,1,1,1,1,1,2,1,1,1,1,2,1
"PTHR24259_SF68",1,1,1,1,2,1,1,1,1,1,1,1,0,1,1,1,1,1,1,0,1,1,1,1,0,0,2,1,0,1,0,0,1,1,1,1,1,1,1,2,1,1,0,1,1
"PTHR24259_SF69",1,4,0,0,1,0,2,1,2,3,1,1,2,0,0,0,2,0,0,1,1,0,2,0,2,0,1,0,1,3,5,1,1,0,0,2,0,0,0,1,0,2,0,1,2
"PTHR24259_SF70",1,1,1,1,1,1,1,1,1,1,1,1,1,1,1,3,1,1,1,1,1,1,1,1,1,1,1,1,1,1,1,1,1,1,1,1,2,1,3,1,1,1,0,2,1
"PTHR24259_SF72",1,1,1,1,1,1,1,1,1,1,1,1,1,1,1,2,1,1,1,0,1,1,1,1,1,1,1,1,1,1,1,1,1,1,1,1,1,1,1,1,1,1,1,1,1
"PTHR24259_SF73",3,1,1,1,1,0,1,1,1,2,2,4,2,1,1,1,1,1,1,1,1,0,2,1,2,2,2,1,3,1,1,1,1,1,0,2,1,1,1,2,1,2,1,1,2
"PTHR24259_SF75",1,1,0,0,0,0,0,1,0,0,1,1,1,1,0,0,0,0,0,1,1,0,0,0,0,1,0,0,1,0,0,0,1,0,0,0,1,1,1,0,0,1,1,0,0
"PTHR24259_SF77",1,2,0,1,1,0,3,2,1,19,0,0,1,0,1,0,1,1,1,25,3,0,1,0,1,0,1,0,0,1,0,1,1,2,1,1,0,2,0,1,1,1,0,2,1
"PTHR24261",1,1,2,1,1,1,1,1,1,1,1,1,1,2,1,2,1,1,2,0,2,1,3,2,1,1,1,1,1,1,1,1,1,3,0,1,2,1,2,2,1,1,0,0,1
"PTHR24264",4,4,7,3,3,4,3,4,3,3,7,8,3,9,4,6,6,7,7,4,4,3,12,6,6,4,8,5,5,4,4,5,4,7,5,14,8,3,8,11,3,3,3,9,3
"PTHR24265_SF11",1,1,1,1,1,1,1,1,1,1,1,1,1,1,1,1,1,0,1,0,1,1,1,1,1,1,1,1,1,1,0,1,0,1,1,1,1,1,2,1,1,1,1,1,1
"PTHR24265_SF13",1,1,1,1,1,1,1,1,1,1,1,1,1,1,1,2,1,1,1,1,1,1,1,1,1,1,1,1,1,1,1,1,1,1,1,1,1,1,1,1,1,1,1,1,1
"PTHR24265_SF23",1,1,1,1,1,1,1,1,1,1,1,1,1,1,1,1,1,1,1,1,1,1,1,1,1,1,1,1,1,1,1,1,1,1,1,1,1,1,1,1,1,1,1,1,1
"PTHR24265_SF24",1,1,1,1,1,1,1,1,1,1,1,1,1,1,1,1,1,0,2,1,1,1,2,1,1,1,1,1,1,1,1,1,1,2,1,1,1,1,1,1,1,0,1,1,1
"PTHR24265_SF25",1,1,2,1,1,1,1,1,1,1,1,1,1,4,1,2,1,1,2,1,2,1,1,2,1,1,1,2,1,1,1,1,1,2,1,1,2,1,3,1,1,1,1,1,1
"PTHR24265_SF26",1,1,1,1,1,1,1,1,1,1,1,1,3,1,1,2,0,0,1,0,1,1,1,1,1,1,1,1,1,1,1,1,1,1,1,1,1,1,1,1,1,1,1,2,1
"PTHR24265_SF34",1,2,1,2,1,2,2,1,1,1,2,2,2,1,1,1,1,2,1,1,2,2,2,1,2,1,2,1,2,1,2,0,2,1,1,1,1,2,2,1,2,2,2,3,1
"PTHR24265_SF35",1,1,1,2,2,2,2,2,2,2,1,1,2,1,1,3,1,2,1,1,2,1,2,1,2,2,1,1,1,1,3,2,3,1,1,2,1,1,1,2,1,2,1,1,1
"PTHR24265_SF36",1,1,1,1,1,1,1,1,1,2,1,1,1,1,1,1,1,0,1,0,1,1,1,1,1,1,1,1,1,1,0,1,1,1,1,1,1,1,1,1,1,1,1,1,1
"PTHR24265_SF40",1,1,1,1,1,1,1,1,1,1,1,1,1,1,1,1,1,1,1,3,1,1,1,1,1,1,1,1,1,1,1,1,1,1,1,1,1,1,2,1,1,1,1,2,1
"PTHR24265_SF74",1,1,1,1,1,1,1,1,1,1,1,1,1,1,1,1,1,1,1,1,1,1,1,1,1,1,1,1,1,1,1,1,1,1,3,1,1,1,1,1,1,1,0,1,1
"PTHR24265_SF75",1,1,1,1,1,1,1,1,1,1,1,1,1,1,1,1,1,1,1,1,1,1,1,1,1,1,1,1,1,1,1,1,1,1,1,1,1,1,1,1,1,1,1,1,1
"PTHR24265_SF78",1,2,1,1,1,1,1,1,1,2,1,1,3,1,1,2,1,1,2,1,1,1,2,1,1,1,1,1,1,1,1,1,1,2,1,1,1,1,1,1,1,0,1,1,1
"PTHR24265_SF81",1,1,1,1,1,1,1,1,1,1,1,1,1,1,1,1,1,1,1,0,1,1,1,1,1,1,1,1,1,1,1,1,1,1,1,1,1,1,1,1,1,1,1,1,1
"PTHR24265_SF83",1,1,1,1,1,1,1,0,1,0,1,1,1,1,1,2,1,0,1,1,1,1,1,1,1,0,1,1,0,1,0,1,1,1,1,1,1,1,1,1,1,1,0,1,0
"PTHR24266",2,1,2,2,2,0,2,1,1,2,1,1,2,2,1,2,2,1,2,2,1,2,2,2,2,2,2,2,2,1,1,1,2,2,2,2,2,2,2,2,2,3,2,2,3
"PTHR24268_SF89",1,0,0,0,0,0,1,1,5,0,0,0,2,0,0,0,1,1,0,0,2,0,2,1,1,0,2,0,1,0,0,1,0,1,0,1,0,3,0,3,0,0,0,0,0
"PTHR24268_SF93",1,2,0,2,1,2,2,1,1,2,1,1,0,0,1,0,2,1,0,4,0,2,2,0,0,1,2,0,1,1,0,1,2,0,6,2,0,0,0,2,0,2,2,2,1
"PTHR24269_SF13",1,1,1,1,1,1,1,1,1,1,1,1,1,1,1,1,1,1,1,1,1,1,1,1,1,1,1,1,1,1,1,1,1,1,1,1,1,1,1,1,1,1,1,1,1
"PTHR24269_SF15",1,1,0,1,1,1,1,1,1,1,1,1,1,1,1,1,1,1,1,1,1,1,1,1,1,1,1,1,1,1,0,1,1,1,1,1,1,1,1,1,1,1,1,1,0
"PTHR24270",1,1,1,1,1,1,1,1,1,1,1,1,1,1,1,1,1,2,1,1,1,1,1,1,1,1,1,1,1,1,1,1,1,1,1,1,1,1,1,1,1,1,1,1,1
"PTHR24271",7,15,8,7,5,27,8,11,18,8,29,20,7,7,9,8,13,12,7,11,7,9,18,6,13,6,10,6,9,19,6,6,11,7,3,19,7,8,6,25,7,10,6,3,9
"PTHR24272_SF0",1,1,1,1,1,1,1,1,1,1,1,1,1,1,1,1,1,1,1,1,1,1,1,1,1,1,1,1,1,1,1,1,1,1,1,1,1,1,1,1,1,1,1,1,1
"PTHR24272_SF3",1,1,1,1,1,1,1,1,1,1,1,1,1,1,1,1,1,2,1,1,1,1,1,1,1,1,1,1,1,1,1,1,1,1,1,1,1,1,1,1,1,1,1,1,1
"PTHR24272_SF43",1,1,1,1,1,1,1,1,1,1,1,1,1,1,1,1,1,1,1,1,1,1,1,1,1,1,1,1,1,1,1,1,1,1,1,1,0,1,1,1,1,1,1,1,1
"PTHR24272_SF47",1,1,1,1,0,1,1,1,0,1,1,1,1,1,1,1,1,1,1,0,1,1,1,1,1,1,1,1,1,1,1,1,1,1,1,1,1,1,1,1,1,1,1,0,1
"PTHR24272_SF48",1,1,1,1,1,1,1,1,1,1,1,1,1,1,1,1,1,1,1,0,1,1,1,1,1,1,1,1,1,1,2,1,1,1,1,1,1,1,1,1,1,1,1,1,1
"PTHR24272_SF5",1,1,1,1,1,1,1,1,1,1,1,1,1,1,1,1,1,1,1,1,1,1,1,1,1,1,1,1,1,1,1,1,1,1,1,1,1,1,1,1,1,1,1,1,1
"PTHR24272_SF50",1,1,1,2,1,1,1,1,1,1,1,1,1,1,1,1,1,1,1,1,1,1,1,1,1,1,0,1,1,1,1,1,1,1,0,1,1,1,1,1,1,1,1,0,1
"PTHR24274",1,1,1,1,1,1,1,1,1,1,1,1,1,1,1,1,1,1,1,0,1,1,1,1,1,1,1,1,1,1,1,1,1,1,1,1,1,1,1,1,1,1,1,1,1
"PTHR24275",13,13,13,13,15,13,15,13,13,13,14,16,15,12,10,15,13,7,14,12,13,12,25,13,12,13,16,12,13,14,14,14,13,14,10,13,14,15,14,25,12,15,9,12,15
"PTHR24276_SF4",2,1,1,1,1,1,1,1,1,1,1,1,1,1,0,1,1,1,1,1,1,1,1,1,1,1,1,1,1,0,1,1,1,1,1,1,1,1,1,1,1,1,1,1,1
"PTHR24278",1,1,2,1,1,1,2,2,2,2,2,2,1,2,2,2,1,1,2,1,2,1,2,2,1,1,1,2,0,2,1,2,0,2,2,2,2,0,3,2,1,1,0,2,1
"PTHR24279_SF1",1,3,0,0,1,2,0,1,2,1,0,2,1,0,2,0,1,1,0,0,0,1,2,0,2,0,1,0,1,3,1,1,1,0,1,2,0,1,0,1,0,1,1,1,1
"PTHR24279_SF3",1,1,1,1,1,1,1,1,1,1,1,1,1,1,1,2,1,1,1,1,1,1,1,1,1,1,2,1,1,1,1,1,1,1,1,1,1,1,1,1,1,1,1,1,1
"PTHR24280",1,1,1,1,1,1,1,1,1,1,1,1,1,1,1,1,1,1,2,1,1,1,1,1,0,2,1,1,1,1,1,1,1,1,1,1,1,1,1,1,1,1,1,1,1
"PTHR24281",1,2,1,1,1,2,1,1,1,1,2,1,1,2,1,6,1,1,1,0,1,1,1,2,1,0,1,2,1,0,1,0,1,4,1,1,1,1,6,1,1,1,1,1,1
"PTHR24286_SF25",1,1,1,2,1,1,2,1,1,1,1,1,1,3,1,1,1,1,1,1,1,1,1,1,1,1,2,1,1,1,1,1,1,1,1,1,3,1,4,1,2,1,1,1,1
"PTHR24288",2,3,3,3,2,3,3,3,3,3,3,3,3,3,3,3,3,3,3,3,3,3,3,3,3,3,6,3,3,3,3,3,3,3,3,3,3,3,3,3,3,3,3,3,3
"PTHR24289",1,3,1,1,1,2,1,1,1,1,1,1,1,1,1,1,1,1,1,1,1,1,1,1,1,1,1,1,1,2,1,1,1,1,1,1,1,1,1,1,1,1,1,1,1
"PTHR24290_SF43",1,1,1,1,1,1,0,1,4,1,1,2,1,1,1,1,1,1,1,2,1,1,1,1,1,1,1,0,1,1,1,1,1,1,3,1,1,1,1,1,0,1,0,2,1
"PTHR24290_SF45",1,4,2,1,1,6,2,3,0,7,2,6,0,2,1,3,1,4,2,2,2,3,3,2,3,0,3,2,1,4,4,0,4,2,0,3,2,1,2,3,2,2,0,0,1
"PTHR24290_SF52",1,1,2,0,1,1,0,1,1,3,1,1,1,0,1,1,1,2,1,1,1,2,4,1,4,1,4,1,1,2,1,1,2,1,3,4,1,2,1,6,1,2,0,3,1
"PTHR24290_SF57",1,1,1,1,1,2,1,1,1,1,1,1,1,1,1,1,1,1,1,1,1,1,1,1,1,1,1,1,1,2,1,1,1,1,1,1,1,1,1,1,1,1,2,1,1
"PTHR24290_SF6",1,1,1,2,1,1,2,1,1,1,1,1,1,2,1,2,1,1,1,1,1,0,1,1,1,1,1,2,1,1,1,1,1,2,0,1,2,1,2,1,1,2,1,0,1
"PTHR24290_SF60",1,1,1,1,0,1,1,1,1,1,1,1,1,1,1,1,1,1,1,5,1,1,2,1,1,1,1,2,1,1,1,1,1,1,1,1,1,1,1,1,1,1,1,1,1
"PTHR24290_SF68",1,1,1,1,1,1,1,1,1,1,1,1,1,1,1,1,1,1,1,1,1,1,1,1,1,1,1,1,1,1,1,1,1,1,1,1,1,1,1,1,1,1,1,1,1
"PTHR24291",4,4,4,4,4,4,4,3,3,5,4,4,4,4,3,4,3,3,4,3,4,4,3,4,3,4,3,4,4,4,4,3,3,4,4,3,4,4,4,4,4,3,4,4,4
"PTHR24293",1,1,1,1,1,1,1,1,1,1,1,1,1,1,1,1,1,1,1,1,1,1,1,1,1,1,1,1,1,1,1,1,1,1,1,1,1,1,1,1,1,1,1,1,1
"PTHR24299",3,3,4,2,3,4,3,3,3,6,3,3,2,3,1,3,3,4,4,4,4,4,3,4,4,3,3,4,3,4,3,3,4,3,4,3,3,3,3,3,3,3,3,4,3
"PTHR24300_SF101",1,0,0,0,1,0,0,0,0,0,0,0,0,0,0,0,1,0,0,0,0,0,0,0,0,2,0,0,0,0,1,0,1,0,1,1,0,0,0,1,0,0,0,0,1
"PTHR24300_SF102",1,5,0,0,0,7,0,1,1,6,7,5,1,0,2,0,6,4,0,2,0,1,2,0,4,1,3,0,1,7,11,2,3,0,0,4,0,1,0,3,0,3,1,0,1
"PTHR24300_SF121",1,3,1,1,1,4,1,0,0,0,2,2,1,0,0,0,1,1,0,1,1,1,1,1,1,1,4,0,1,4,2,0,3,1,0,4,0,1,0,1,1,0,0,0,1
"PTHR24300_SF125",1,1,1,1,1,1,1,1,1,0,1,1,1,0,1,0,1,1,2,1,2,1,1,1,1,1,1,1,1,1,1,1,2,1,1,1,1,1,1,1,1,1,0,1,1
"PTHR24300_SF13",1,3,2,2,1,4,2,3,11,5,6,11,1,1,5,13,2,2,2,3,2,3,9,2,6,1,8,3,1,2,4,6,1,2,1,15,2,1,2,4,1,1,1,0,1
"PTHR24300_SF146",1,2,1,1,1,5,1,2,1,1,4,2,2,2,1,1,1,3,1,1,2,2,0,1,0,2,0,2,2,3,1,3,1,1,4,0,2,1,2,0,1,1,0,2,1
"PTHR24300_SF15",1,1,0,1,1,1,1,1,1,0,2,2,1,1,1,1,1,0,0,1,0,1,1,1,1,1,1,1,1,1,1,1,0,1,1,1,1,1,3,1,1,1,1,1,1
"PTHR24300_SF19",1,1,1,1,1,1,1,1,1,1,1,1,2,1,1,1,1,0,1,1,3,1,1,1,1,1,1,1,1,1,2,1,1,2,1,1,1,1,1,1,1,1,1,1,1
"PTHR24300_SF23",1,1,1,1,1,1,1,1,1,1,1,1,1,1,1,1,1,1,1,1,1,1,1,1,1,1,1,1,1,1,1,1,1,1,1,1,1,1,1,1,1,1,1,1,1
"PTHR24300_SF48",1,1,1,1,1,1,1,1,1,1,2,2,1,1,1,1,1,1,1,1,1,1,1,1,1,1,1,1,1,1,1,1,1,1,1,1,1,1,1,1,1,1,1,1,1
"PTHR24300_SF50",1,1,1,1,1,1,1,1,1,0,1,1,1,1,1,1,1,1,1,0,1,1,1,1,1,1,2,1,1,1,0,1,1,1,1,1,1,1,1,1,1,1,1,2,1
"PTHR24300_SF51",1,1,1,1,1,1,1,1,1,1,1,1,1,1,1,1,1,1,1,1,1,1,2,1,1,1,1,1,1,1,1,1,1,1,1,1,1,1,1,1,1,1,2,1,1
"PTHR24300_SF78",1,1,0,0,1,1,0,1,1,0,1,1,0,0,0,0,0,1,0,1,0,1,1,0,1,0,1,0,0,1,1,1,0,0,11,1,0,0,0,1,0,1,0,5,1
"PTHR24300_SF84",1,0,0,0,1,0,0,0,0,0,1,1,1,0,0,0,1,1,0,0,0,1,1,0,1,1,1,0,1,1,1,0,1,0,3,1,0,1,0,1,0,0,0,1,1
"PTHR24300_SF91",1,4,1,1,1,3,1,2,0,7,1,1,1,1,3,1,2,3,1,1,1,2,2,1,1,1,1,1,1,4,1,0,3,1,0,4,1,1,1,1,1,1,1,0,1
"PTHR24300_SF96",1,1,3,1,2,1,1,4,3,1,3,3,2,3,2,3,2,2,6,2,4,1,4,4,5,8,7,1,1,1,1,4,1,4,1,3,2,4,3,1,1,1,1,3,2
"PTHR24301",1,2,1,1,1,1,1,1,1,1,1,1,1,1,1,1,1,1,1,1,1,1,1,1,1,1,1,1,1,1,1,1,1,1,1,1,1,1,1,1,1,1,1,1,1
"PTHR24302",3,4,3,3,3,3,5,2,5,4,6,4,3,4,3,5,7,4,4,2,2,2,9,4,7,3,4,5,4,4,1,2,4,5,4,13,5,3,5,4,3,2,1,5,5
"PTHR24304",3,3,3,3,3,3,3,3,3,3,2,3,3,3,3,3,3,3,3,3,3,3,3,3,3,3,2,3,3,3,3,3,3,3,3,3,3,3,3,3,3,3,3,5,3
"PTHR24306",2,2,2,2,2,2,2,1,3,2,2,2,2,1,1,2,2,1,2,1,2,4,2,2,1,2,2,2,2,2,1,1,2,2,2,1,2,3,2,3,2,2,1,2,2
"PTHR24310",1,1,2,2,2,2,2,1,2,2,1,2,2,2,1,2,1,2,2,1,1,2,2,2,1,1,1,2,2,1,2,1,2,2,2,2,2,2,2,2,2,2,1,1,2
"PTHR24311",1,3,1,1,2,2,1,1,2,1,2,2,2,1,2,1,1,0,1,0,1,2,2,1,3,0,2,1,1,3,0,1,1,1,2,3,1,2,1,3,1,2,1,4,3
"PTHR24312",1,1,2,1,1,1,1,1,1,0,1,1,1,1,1,1,1,1,1,1,1,1,1,1,1,1,1,1,1,1,1,1,1,1,1,1,1,1,1,1,1,1,1,1,1
"PTHR24314",2,2,1,1,2,2,2,1,2,3,2,2,2,2,1,2,1,2,1,2,2,1,2,1,2,2,2,1,2,2,2,2,2,1,2,2,2,2,2,2,1,2,1,2,4
"PTHR24315",2,2,2,2,2,2,2,2,2,1,2,2,2,2,3,3,2,2,2,2,2,2,2,2,2,2,2,2,2,2,3,2,2,2,2,2,2,2,2,2,2,2,2,3,3
"PTHR24316_SF1",1,1,1,1,1,1,3,1,1,1,1,1,1,1,1,1,1,1,1,1,1,1,1,1,1,1,1,1,1,1,1,1,1,1,1,1,2,1,2,1,1,1,1,1,1
"PTHR24316_SF115",2,1,1,1,1,1,1,1,1,2,1,1,1,1,1,1,1,1,1,1,1,1,1,1,1,1,1,1,1,2,1,1,0,1,1,1,1,1,1,0,1,1,1,1,1
"PTHR24316_SF2",1,1,1,1,1,1,1,1,1,1,1,1,1,1,2,1,1,1,1,1,1,1,1,1,1,0,1,1,1,1,1,1,1,1,1,1,1,1,1,1,1,1,1,1,1
"PTHR24316_SF243",1,1,1,1,1,1,1,1,0,1,1,1,1,1,1,1,1,1,1,1,1,1,1,1,1,1,1,1,1,1,1,0,1,1,1,1,1,1,1,1,1,1,1,1,1
"PTHR24316_SF246",1,1,1,1,1,1,1,1,1,1,1,1,1,1,1,1,1,1,1,1,1,1,1,1,1,1,1,1,1,1,1,1,1,1,1,1,1,1,1,1,1,1,1,2,1
"PTHR24316_SF247",1,1,1,1,1,1,1,1,1,0,1,1,1,1,1,1,1,1,1,0,1,1,1,1,1,0,1,1,1,1,1,1,1,1,1,1,1,1,1,1,1,1,1,1,1
"PTHR24316_SF251",1,2,1,1,1,1,1,1,1,2,1,1,1,2,1,1,1,1,1,2,1,1,1,1,2,1,1,1,2,1,1,5,1,1,1,1,1,2,1,1,1,1,1,1,1
"PTHR24316_SF254",1,1,1,1,1,1,1,1,1,1,1,1,2,1,1,6,1,1,1,1,1,1,1,1,1,0,1,1,1,1,1,1,1,1,1,1,1,1,1,1,1,1,1,1,1
"PTHR24316_SF256",1,1,1,1,1,1,1,1,1,1,1,1,1,1,1,1,1,1,1,1,1,1,1,1,1,2,2,1,1,1,1,1,1,1,1,1,1,1,1,1,1,1,1,1,1
"PTHR24316_SF261",1,1,2,1,1,1,2,1,1,2,1,1,1,2,1,1,1,2,2,1,1,1,1,2,1,1,1,2,1,1,1,1,1,2,1,1,1,1,2,1,1,1,1,1,1
"PTHR24316_SF265",1,1,2,1,1,1,1,1,1,1,1,1,1,1,1,1,1,1,1,1,1,1,1,1,1,1,1,1,1,1,1,1,1,1,1,1,1,1,1,1,1,1,1,1,1
"PTHR24316_SF266",1,1,1,1,1,1,1,1,1,1,1,1,1,1,1,1,1,1,1,1,1,1,1,1,1,1,1,1,1,1,1,1,1,1,1,1,1,1,1,1,1,1,1,1,1
"PTHR24316_SF271",1,1,1,1,1,1,1,1,1,1,1,1,1,1,1,1,0,1,1,1,1,1,1,1,1,1,1,1,1,1,1,1,1,1,1,1,1,1,1,1,1,1,1,1,1
"PTHR24316_SF276",1,1,1,1,1,1,1,1,1,1,1,1,1,1,1,1,1,1,1,1,1,1,1,1,1,1,1,1,1,1,1,2,1,1,1,1,1,1,1,1,1,1,1,1,1
"PTHR24316_SF279",1,1,1,1,1,1,1,1,1,1,1,1,1,1,1,2,1,1,1,1,1,1,1,1,1,1,1,1,1,1,1,1,1,1,0,1,1,1,1,1,1,1,1,1,1
"PTHR24316_SF280",1,1,1,1,1,1,1,2,2,1,2,2,1,1,1,1,0,1,1,0,1,2,3,1,1,1,0,1,1,1,1,0,1,1,1,1,1,2,0,2,1,1,1,2,2
"PTHR24316_SF285",1,1,1,1,1,1,1,1,1,1,1,1,1,1,1,1,1,1,1,1,1,1,1,1,1,1,1,1,1,1,1,0,1,1,1,1,1,1,1,1,1,1,1,1,1
"PTHR24316_SF290",1,1,1,1,1,1,1,1,1,1,1,1,1,1,1,1,1,1,1,0,1,1,1,1,1,1,0,1,1,1,1,1,1,1,1,1,1,1,1,1,1,1,1,1,1
"PTHR24316_SF295",1,4,1,1,1,5,1,4,1,0,4,5,1,1,2,1,1,1,2,3,2,4,7,1,3,1,2,1,1,2,3,2,2,1,1,6,1,1,1,2,1,2,2,2,1
"PTHR24316_SF296",1,1,1,1,1,1,1,1,1,1,1,1,1,1,1,1,1,1,1,1,1,1,1,1,1,1,1,1,1,1,1,1,1,1,1,1,1,1,1,1,1,1,1,1,1
"PTHR24316_SF300",1,1,1,1,1,1,1,1,1,1,1,1,1,1,1,2,1,1,1,1,1,1,1,1,1,1,1,1,1,1,1,1,1,1,1,1,1,1,1,1,1,1,1,1,1
"PTHR24316_SF309",1,1,1,1,1,1,1,1,2,1,1,1,1,1,1,1,1,1,1,1,1,1,1,1,1,1,1,1,1,1,1,1,1,1,1,1,1,1,1,1,1,1,1,2,1
"PTHR24316_SF314",1,1,1,1,1,1,1,1,1,1,1,1,1,1,1,1,1,2,1,1,1,1,1,1,1,1,1,1,1,1,1,1,1,1,1,1,1,1,3,1,1,1,1,1,1
"PTHR24316_SF322",1,1,1,1,1,1,1,1,1,1,1,1,1,1,1,1,1,1,1,2,1,1,1,1,1,1,1,1,1,1,2,1,1,1,1,1,1,1,1,1,1,1,1,1,1
"PTHR24316_SF35",1,1,1,1,1,1,1,1,1,1,1,1,1,1,1,1,1,1,1,1,1,1,1,1,1,1,1,1,1,1,1,1,1,1,1,1,1,1,1,1,1,1,1,1,1
"PTHR24317",1,1,1,1,3,1,1,1,1,1,1,1,1,1,1,1,1,1,1,1,1,1,1,1,1,2,1,1,0,1,1,1,1,1,2,1,1,2,1,1,0,1,1,2,2
"PTHR24318",1,1,1,1,1,1,1,1,1,1,1,1,1,1,1,1,2,1,1,1,1,1,1,1,3,1,1,1,1,1,1,1,1,1,2,1,1,1,1,2,1,1,1,1,1
"PTHR24320_SF1",1,1,1,1,1,1,1,1,1,1,1,1,1,1,1,1,1,1,1,1,1,1,1,1,1,1,1,1,1,1,1,1,1,1,1,1,1,1,1,1,1,1,1,1,1
"PTHR24320_SF38",1,1,1,1,1,1,1,1,1,1,1,1,1,1,1,10,1,1,1,1,2,1,1,1,1,1,0,1,1,1,1,1,1,1,1,1,1,1,1,1,1,1,1,1,1
"PTHR24320_SF45",1,1,0,0,0,0,0,0,0,0,0,1,1,0,0,0,1,1,0,0,1,1,1,0,0,0,1,0,0,0,0,0,1,0,0,0,0,1,0,1,0,0,0,0,0
"PTHR24320_SF47",1,1,1,1,1,2,1,1,1,1,1,1,1,1,2,1,1,1,1,1,1,1,1,1,1,1,1,1,1,1,1,1,1,1,1,1,1,1,1,1,1,1,1,1,1
"PTHR24320_SF53",1,1,1,1,1,1,1,1,1,1,1,1,1,1,1,1,1,1,1,1,2,1,1,1,1,0,1,1,1,1,1,1,1,1,1,1,1,1,1,1,1,1,1,1,1
"PTHR24320_SF64",1,1,0,0,1,1,0,0,0,0,1,1,1,0,0,0,0,1,0,1,0,0,0,0,0,1,0,0,1,1,0,0,0,0,1,0,0,1,0,0,0,1,0,1,0
"PTHR24321",1,1,1,1,1,1,1,1,1,1,0,1,1,2,1,2,1,3,1,1,1,3,1,1,1,1,1,1,1,1,1,1,1,1,1,1,2,1,1,1,1,1,1,1,1
"PTHR24322_SF198",1,1,3,1,1,1,1,1,1,1,1,1,1,2,1,3,1,1,2,1,2,1,1,4,1,1,1,2,1,1,1,1,1,3,2,1,2,1,2,1,1,1,0,2,2
"PTHR24322_SF236",3,3,1,1,1,4,1,3,2,1,4,5,3,1,3,1,1,2,1,2,1,4,2,1,4,2,2,1,2,3,6,3,3,1,4,3,1,6,1,3,1,3,1,3,3
"PTHR24322_SF249",1,1,1,1,1,1,1,1,1,1,1,1,1,1,1,1,1,1,1,1,1,1,1,1,1,1,1,1,1,1,1,1,1,1,1,1,1,1,1,1,1,1,1,1,1
"PTHR24322_SF254",1,1,1,1,1,1,1,1,1,1,1,1,1,1,1,1,1,1,1,1,1,1,1,1,1,1,1,1,1,1,1,1,1,1,1,1,1,1,1,1,1,1,1,1,1
"PTHR24322_SF259",1,1,1,1,1,1,1,1,1,1,1,0,1,1,1,1,0,1,1,0,1,1,1,1,1,1,0,1,1,1,1,1,1,1,2,0,1,1,1,1,1,1,1,2,1
"PTHR24322_SF263",1,1,1,1,1,1,1,1,1,1,1,1,1,1,1,1,1,1,1,1,1,1,1,1,1,1,1,1,1,1,1,1,1,1,0,1,1,1,1,1,1,1,1,0,1
"PTHR24322_SF269",1,1,1,1,1,1,1,0,0,0,1,1,1,1,0,1,1,0,1,1,1,1,0,1,0,1,0,1,1,1,0,0,1,1,0,0,1,1,1,0,1,1,1,0,1
"PTHR24322_SF271",1,1,1,1,1,1,1,1,1,1,1,1,1,1,0,2,1,1,1,1,1,1,1,1,1,1,1,1,1,1,1,1,1,1,1,1,1,1,1,1,1,1,1,1,1
"PTHR24322_SF273",1,1,1,1,2,1,1,2,1,1,1,1,1,1,1,1,1,1,1,1,1,1,1,1,1,1,1,2,1,1,1,2,1,1,1,1,1,1,1,1,1,1,1,1,2
"PTHR24322_SF280",1,0,0,0,1,0,0,0,0,0,2,2,0,0,0,0,1,0,0,0,0,0,0,0,0,1,1,0,1,0,0,0,0,0,0,1,0,0,0,0,0,0,0,1,1
"PTHR24322_SF31",1,1,1,1,1,1,1,2,2,1,1,1,1,1,1,1,1,1,1,1,1,1,2,1,2,1,2,1,1,1,1,1,1,1,1,2,1,1,1,2,2,1,1,1,1
"PTHR24322_SF310",1,1,1,1,1,1,1,1,1,1,1,1,1,1,1,2,1,1,1,1,1,1,1,1,1,1,1,1,1,1,1,2,1,1,1,1,1,1,1,1,1,1,1,1,1
"PTHR24322_SF322",1,0,1,1,1,0,1,0,0,0,1,1,1,1,1,1,0,2,1,2,1,1,1,1,1,1,2,1,1,0,2,0,2,1,3,2,1,1,1,1,1,0,0,1,1
"PTHR24322_SF325",1,1,1,1,1,1,1,1,1,1,1,1,1,1,1,1,1,1,1,1,1,1,1,1,1,1,1,1,1,1,1,1,1,1,1,1,1,1,1,1,1,1,1,1,1
"PTHR24323",1,1,1,1,1,1,1,1,1,1,0,1,1,1,1,1,1,1,1,1,1,1,1,1,1,1,1,1,1,1,0,1,1,1,1,1,1,1,1,2,1,1,1,1,1
"PTHR24325_SF18",1,1,1,1,1,1,1,1,1,1,1,1,1,1,1,1,1,1,1,0,1,1,1,1,1,1,1,1,1,1,1,1,1,1,1,1,1,1,1,1,1,1,1,2,1
"PTHR24325_SF9",1,1,1,1,1,1,1,1,1,1,1,1,1,1,1,2,1,1,1,0,1,1,1,1,1,1,1,1,1,1,1,1,1,1,1,1,1,1,2,3,1,1,0,2,1
"PTHR24326_SF10",1,1,1,1,1,1,1,1,1,1,1,1,1,1,1,1,1,1,1,1,0,1,1,1,1,0,1,0,1,1,1,1,1,1,1,1,1,1,1,1,1,1,1,1,1
"PTHR24326_SF110",1,1,1,1,0,1,1,1,1,2,1,1,1,1,1,1,1,1,1,1,1,1,1,1,1,1,1,1,1,1,1,1,1,1,1,1,1,1,1,1,1,1,1,1,1
"PTHR24326_SF111",1,1,1,1,1,1,1,1,2,0,1,0,1,1,1,1,1,1,1,1,1,0,1,1,1,1,1,1,1,1,1,0,1,1,1,1,1,1,2,2,1,0,1,2,3
"PTHR24326_SF113",1,1,1,1,1,1,1,1,1,0,1,1,1,1,1,1,1,1,1,0,1,1,1,1,1,1,1,1,1,1,1,1,1,1,1,1,1,1,1,1,1,1,1,1,1
"PTHR24326_SF117",1,0,1,1,1,1,0,1,1,1,1,1,1,1,1,1,1,1,1,0,1,1,1,1,1,1,1,1,1,1,1,1,1,1,1,1,1,1,1,2,1,1,1,1,1
"PTHR24326_SF118",1,1,1,2,1,1,1,1,1,1,2,2,1,1,1,1,1,1,1,1,1,2,2,1,1,1,1,1,1,1,1,2,1,1,1,1,1,1,1,1,1,1,1,1,0
"PTHR24326_SF119",1,1,1,1,1,1,2,1,1,1,1,1,1,1,1,1,1,1,1,1,1,1,1,1,1,1,1,1,1,1,1,1,1,1,1,1,1,1,2,2,1,1,0,2,1
"PTHR24326_SF120",1,1,1,1,1,1,1,1,1,1,1,1,1,1,1,1,1,1,1,1,1,1,1,1,1,1,1,1,1,1,1,1,1,1,1,1,1,1,1,1,1,1,1,1,1
"PTHR24326_SF125",1,1,1,1,1,1,1,1,1,1,1,1,1,0,1,1,0,1,1,1,1,1,1,1,1,1,1,0,1,1,1,1,1,1,1,1,1,1,1,1,0,1,0,1,1
"PTHR24326_SF126",1,1,1,1,1,1,0,1,1,1,1,1,1,1,1,1,1,1,1,1,1,1,1,1,1,1,1,1,1,1,1,1,1,1,1,1,1,1,1,1,1,1,1,1,1
"PTHR24326_SF129",1,1,1,1,1,1,1,1,0,0,1,1,1,1,1,1,1,1,1,1,1,1,1,1,1,1,1,2,1,1,1,1,1,1,1,1,1,1,1,1,1,1,0,1,1
"PTHR24326_SF135",1,1,1,1,1,1,1,1,1,1,1,1,1,1,1,1,1,1,1,1,1,1,1,1,1,1,1,1,1,1,1,1,1,1,1,1,1,1,1,1,1,1,1,1,1
"PTHR24326_SF137",1,1,1,1,1,1,1,1,1,1,1,1,1,1,1,1,1,1,1,1,1,1,1,1,1,1,1,1,1,1,1,1,1,1,1,1,1,1,2,2,1,1,1,2,1
"PTHR24326_SF139",1,1,0,1,0,1,0,1,0,0,1,1,1,1,1,1,0,1,1,0,1,1,1,1,1,1,0,0,0,1,1,1,1,1,0,0,1,1,2,2,1,1,1,1,1
"PTHR24326_SF142",1,1,1,1,1,1,1,1,1,1,1,1,1,1,1,1,1,1,1,1,1,0,1,1,1,1,1,1,1,1,1,1,1,1,1,1,1,1,2,2,1,0,1,2,1
"PTHR24326_SF145",1,1,1,1,0,1,1,1,0,1,1,1,1,1,1,1,1,1,1,1,1,1,1,1,1,1,1,1,0,1,1,1,1,1,1,1,1,1,1,1,1,1,1,1,1
"PTHR24326_SF146",2,1,1,1,1,1,1,1,1,1,1,1,1,1,1,1,1,1,1,1,1,1,1,1,1,1,1,1,1,1,1,1,1,1,1,1,1,1,1,1,1,2,1,1,1
"PTHR24326_SF152",1,1,1,1,1,1,1,1,1,1,1,1,1,1,1,2,1,1,1,1,1,1,1,1,1,1,1,1,1,1,0,1,1,1,1,1,1,1,1,1,1,1,1,1,1
"PTHR24326_SF154",1,1,1,1,1,1,1,1,1,1,1,1,1,1,1,1,1,1,1,1,1,1,1,1,1,1,1,1,1,1,1,1,1,1,1,1,1,1,1,1,1,1,1,1,1
"PTHR24326_SF158",1,1,1,1,1,1,1,1,1,1,1,1,1,1,1,1,1,1,1,1,1,1,1,1,1,1,1,1,1,1,1,1,1,1,1,1,1,1,2,2,1,1,1,3,1
"PTHR24326_SF159",1,1,1,1,1,1,1,1,1,1,1,1,1,1,1,1,1,1,1,1,1,1,1,1,1,1,2,0,1,1,1,1,1,1,1,1,1,1,1,1,1,1,1,1,1
"PTHR24326_SF163",1,1,1,1,1,1,1,1,0,1,1,1,1,1,1,1,1,1,1,1,1,1,1,1,1,1,1,1,1,0,1,1,1,1,1,0,1,1,2,3,1,1,1,2,1
"PTHR24326_SF164",1,1,1,1,1,1,1,1,1,1,1,1,1,1,1,1,1,1,1,1,1,1,1,1,1,1,1,1,1,1,1,1,1,1,1,1,1,1,1,1,1,1,1,1,1
"PTHR24326_SF165",1,1,1,1,1,1,1,1,1,1,1,1,1,1,1,1,1,1,1,1,1,1,1,1,1,1,1,2,1,1,1,1,1,1,1,1,1,1,1,1,1,1,1,1,1
"PTHR24326_SF166",1,1,1,1,1,1,1,1,1,1,1,1,1,1,1,1,1,1,1,1,1,1,1,1,1,1,1,0,1,1,1,1,1,1,1,1,1,1,2,3,1,1,1,2,1
"PTHR24326_SF167",1,1,1,1,1,1,1,1,1,1,1,1,1,1,1,1,1,1,1,1,1,1,1,1,1,1,1,1,1,1,1,1,1,1,1,1,1,1,1,1,1,1,1,1,1
"PTHR24326_SF170",1,1,1,1,1,1,1,0,2,1,1,1,1,1,1,1,1,1,1,1,1,1,1,1,1,1,1,1,1,1,1,1,1,1,1,1,1,1,1,1,2,1,1,1,0
"PTHR24326_SF172",1,1,1,1,1,1,1,1,1,1,1,1,1,1,1,1,1,1,1,1,1,1,1,1,1,1,1,1,1,1,1,1,1,1,1,1,1,1,1,1,1,1,0,0,1
"PTHR24326_SF173",1,1,1,1,1,1,1,1,1,0,1,1,1,1,1,1,1,1,1,1,1,1,1,1,1,1,1,1,1,1,1,1,1,1,1,1,1,2,1,1,1,1,1,1,1
"PTHR24326_SF179",1,1,2,1,1,1,1,1,1,1,1,1,1,1,1,1,1,1,1,1,1,1,1,1,1,1,1,1,1,1,1,1,1,1,2,1,1,1,1,1,2,1,1,3,1
"PTHR24326_SF180",1,1,1,1,1,1,1,1,1,1,1,1,1,1,1,1,1,0,1,1,1,1,1,1,1,1,0,1,1,0,1,1,1,1,0,1,1,1,1,1,1,1,1,0,1
"PTHR24326_SF182",1,1,1,1,0,1,1,1,1,1,2,1,1,2,1,1,1,1,1,1,1,1,1,1,1,1,1,1,1,1,1,1,1,1,1,1,1,1,1,1,1,1,1,1,1
"PTHR24326_SF183",1,1,1,1,1,1,1,1,1,1,1,1,1,1,1,1,1,1,1,1,1,1,1,1,1,1,1,1,1,1,1,1,1,1,1,1,1,1,1,1,1,1,1,1,0
"PTHR24326_SF39",1,1,1,1,1,1,1,1,1,1,1,1,1,1,1,1,0,1,1,1,1,1,1,1,1,1,1,1,1,1,0,1,1,1,1,1,1,2,1,1,0,1,1,1,1
"PTHR24326_SF4",1,1,1,1,1,1,1,2,1,1,1,1,1,1,1,1,1,1,1,1,1,1,1,1,1,1,1,1,1,1,1,1,1,1,1,1,1,1,1,1,1,1,1,1,1
"PTHR24326_SF40",1,1,1,1,1,1,1,1,1,1,1,1,1,2,1,1,1,1,1,1,1,1,1,1,1,1,1,1,1,1,1,1,1,1,1,1,1,1,1,1,1,1,1,1,1
"PTHR24326_SF42",1,1,0,1,1,1,1,1,1,1,1,1,1,1,1,1,1,1,1,1,1,1,1,1,1,1,1,1,1,1,1,1,1,1,0,1,1,1,2,2,0,1,1,0,1
"PTHR24326_SF46",1,1,1,1,1,1,1,0,0,0,1,1,1,1,1,1,1,1,1,0,1,1,1,1,1,1,0,0,1,1,1,1,1,1,1,1,1,1,1,1,1,1,1,1,1
"PTHR24326_SF47",1,1,1,1,1,1,1,1,1,1,1,1,1,1,1,1,1,1,1,1,1,1,1,1,1,1,2,1,1,1,1,1,1,1,1,1,1,1,1,1,1,1,1,1,1
"PTHR24326_SF49",1,2,1,1,1,1,1,1,1,1,1,1,1,1,1,1,1,1,1,1,1,1,1,1,1,1,1,1,1,1,1,1,1,1,1,1,1,1,1,1,1,1,0,1,1
"PTHR24326_SF50",1,1,1,1,1,1,1,1,1,1,1,1,1,1,1,1,1,1,1,1,1,1,1,1,1,1,1,1,1,0,1,1,1,1,1,1,1,1,2,3,1,1,1,2,1
"PTHR24326_SF89",1,1,1,1,1,1,1,1,1,1,1,1,1,1,1,1,1,1,1,1,1,1,1,1,1,1,1,1,1,1,1,1,1,1,1,0,1,1,1,1,1,1,1,1,1
"PTHR24327_SF21",1,1,1,1,1,1,1,1,1,1,1,1,1,1,1,1,1,1,1,1,1,1,1,1,1,1,1,1,1,1,1,1,1,1,1,1,1,1,1,1,1,1,1,1,1
"PTHR24327_SF23",1,1,1,1,1,1,1,1,1,1,1,1,1,1,1,1,1,1,1,1,1,1,1,1,1,1,1,1,1,1,0,1,1,1,1,1,1,1,1,1,1,1,1,1,1
"PTHR24327_SF24",1,0,1,0,1,0,0,0,0,0,1,1,1,1,0,1,0,1,1,1,1,1,0,1,0,0,0,2,1,0,0,0,1,1,0,0,1,0,1,0,1,0,0,0,1
"PTHR24327_SF26",1,1,1,1,1,1,1,1,1,1,1,1,1,1,1,1,1,1,1,1,1,1,1,1,1,1,1,1,1,1,1,1,1,1,1,1,1,1,1,1,1,1,1,0,1
"PTHR24327_SF27",1,1,1,1,1,1,1,1,1,1,1,2,1,1,1,1,1,1,1,1,1,1,1,1,1,1,1,1,1,1,1,1,1,1,1,1,1,1,1,1,1,1,1,1,1
"PTHR24327_SF28",1,1,1,1,1,1,1,1,1,1,1,1,1,1,1,1,1,1,1,1,1,1,1,1,1,1,1,1,1,1,1,1,1,1,1,1,1,1,1,1,1,1,0,1,1
"PTHR24327_SF29",2,1,5,3,2,1,3,1,1,6,1,1,3,5,1,2,1,1,6,3,2,1,1,5,1,1,1,3,1,1,2,0,1,5,1,1,5,4,6,1,3,1,1,1,3
"PTHR24327_SF30",1,1,1,1,1,1,1,1,0,1,1,1,1,1,1,1,1,1,1,1,1,1,1,1,1,1,0,1,1,1,1,1,1,1,1,1,1,1,1,1,1,1,1,1,1
"PTHR24327_SF31",1,1,1,1,1,1,1,1,1,1,1,1,1,1,1,1,1,1,1,1,1,1,1,1,1,1,1,1,1,1,1,1,1,1,1,1,1,1,1,1,1,1,1,1,1
"PTHR24328",2,2,2,2,2,2,2,2,2,2,2,2,2,2,2,2,2,2,2,2,2,2,2,2,2,2,2,2,2,2,2,2,2,2,2,2,2,2,2,2,2,2,2,2,2
"PTHR24329_SF10",1,1,1,1,1,1,1,1,1,0,0,1,1,1,1,1,1,1,1,1,1,1,1,1,1,1,1,1,1,1,1,1,0,1,1,1,1,1,1,1,1,0,1,1,1
"PTHR24329_SF131",1,1,1,2,1,2,0,1,1,1,1,1,2,1,4,1,1,1,1,1,1,1,1,1,2,1,1,1,1,1,1,1,1,1,2,1,1,2,1,2,1,1,1,0,1
"PTHR24329_SF14",1,1,1,1,1,1,1,1,1,1,1,1,1,1,1,1,1,1,1,1,1,1,1,1,1,1,1,1,1,1,1,1,1,1,1,1,1,1,1,1,1,1,1,1,1
"PTHR24329_SF172",1,1,1,1,1,1,1,1,1,1,1,1,1,1,1,1,1,1,1,1,1,1,1,1,1,1,1,1,1,1,1,1,1,1,1,1,1,1,1,1,1,1,1,1,1
"PTHR24329_SF246",1,1,1,1,1,1,1,1,1,1,1,1,1,1,1,1,1,1,1,1,1,1,1,1,1,1,1,1,1,1,1,1,1,1,1,1,1,1,2,2,1,1,1,2,0
"PTHR24329_SF248",1,1,1,1,1,1,1,1,1,1,1,1,1,1,1,1,1,1,1,1,1,1,1,1,1,1,1,1,1,1,1,1,1,1,1,1,1,1,1,1,1,1,1,2,1
"PTHR24329_SF249",1,1,1,1,1,1,1,0,1,1,1,1,1,1,1,1,0,1,1,1,1,1,1,1,1,1,1,1,1,1,1,1,1,1,1,2,1,1,1,1,1,1,1,1,1
"PTHR24329_SF251",1,1,1,1,1,1,1,1,1,1,1,1,1,1,1,1,1,1,1,1,1,1,1,1,1,1,1,1,1,1,1,1,1,1,1,1,1,1,1,1,1,1,1,1,1
"PTHR24329_SF254",1,1,2,1,2,1,1,1,2,1,1,2,1,1,2,2,2,2,2,1,1,1,2,2,1,1,2,2,2,1,1,1,1,2,2,2,1,1,1,2,1,1,1,2,1
"PTHR24329_SF257",1,1,0,1,1,1,1,1,1,0,1,1,1,1,1,1,0,0,1,0,1,1,1,1,1,1,1,1,1,1,0,1,1,1,1,1,0,1,1,1,0,1,1,2,0
"PTHR24329_SF258",1,0,0,0,0,0,0,0,0,0,0,0,0,0,0,0,0,0,0,0,0,0,0,0,0,0,0,0,0,0,0,0,0,0,0,0,0,0,0,0,0,0,0,0,0
"PTHR24329_SF259",1,1,1,1,1,1,1,1,1,1,1,1,1,1,1,1,1,1,1,1,1,1,1,2,1,1,1,1,1,1,1,1,1,1,1,1,1,1,1,1,1,1,1,1,1
"PTHR24329_SF262",1,1,1,1,1,1,1,1,1,1,1,1,1,1,1,1,1,1,1,1,1,1,1,1,1,1,1,1,1,1,1,1,1,1,1,1,1,1,1,0,1,1,1,1,1
"PTHR24329_SF267",1,1,1,1,1,1,1,1,1,1,1,1,1,1,1,1,1,1,1,1,1,1,1,1,1,1,1,1,1,1,1,1,1,1,1,1,1,1,1,1,1,1,1,1,1
"PTHR24329_SF269",1,1,1,1,1,1,1,1,1,1,0,1,1,1,1,1,1,1,1,1,1,1,1,1,1,1,1,0,1,1,1,1,1,1,1,1,1,1,1,1,1,1,0,1,0
"PTHR24329_SF271",1,1,1,1,1,1,1,1,1,1,1,1,2,1,1,1,1,1,1,1,1,1,1,1,1,1,2,0,1,1,0,1,1,1,0,1,0,1,2,1,1,1,1,1,1
"PTHR24329_SF272",1,1,1,1,1,1,1,0,0,1,1,1,1,1,1,1,1,1,1,1,1,1,1,1,0,1,1,1,1,1,1,0,1,1,1,1,1,1,1,1,1,1,1,0,1
"PTHR24329_SF274",1,1,1,1,1,1,1,1,1,1,1,1,1,1,1,1,1,1,1,1,1,1,1,1,1,1,1,1,1,1,0,1,1,1,1,0,1,1,1,1,1,1,1,1,1
"PTHR24329_SF275",1,1,1,1,1,1,2,1,1,1,1,1,1,1,1,1,1,1,1,1,1,1,1,1,1,1,1,1,1,1,1,1,1,1,2,1,1,1,1,1,1,1,1,1,1
"PTHR24329_SF277",1,1,1,1,1,1,1,1,1,1,1,1,1,1,2,1,1,1,1,1,1,1,2,1,1,0,1,1,1,1,1,1,1,1,1,1,1,1,1,1,1,1,1,1,1
"PTHR24329_SF282",1,1,1,1,0,1,1,1,1,1,1,1,1,1,0,2,1,1,1,1,1,1,1,1,1,1,1,1,1,1,1,1,1,1,0,1,1,1,1,1,1,1,1,1,1
"PTHR24329_SF283",1,1,1,1,1,1,1,0,1,1,1,1,1,1,1,3,1,1,1,1,1,1,1,1,1,1,1,1,1,1,1,1,1,1,0,1,0,1,1,1,1,1,1,0,1
"PTHR24329_SF285",1,1,1,1,1,1,1,1,1,1,1,1,1,1,1,1,1,1,1,1,1,1,1,1,1,1,1,0,1,1,1,1,1,1,1,1,0,1,1,1,1,1,1,1,1
"PTHR24329_SF286",1,1,0,1,1,0,1,0,0,3,1,1,1,1,0,1,0,0,1,1,1,1,1,1,0,1,0,0,0,1,3,0,1,1,0,0,1,0,1,1,1,1,0,0,1
"PTHR24329_SF287",1,1,1,1,1,1,1,1,1,1,1,1,1,1,1,1,1,0,1,1,1,1,1,1,1,1,1,1,1,1,1,1,1,1,1,1,1,1,1,1,1,1,1,1,1
"PTHR24329_SF289",1,1,1,1,1,1,1,1,1,1,1,1,1,1,1,1,1,1,1,1,1,1,1,1,1,1,1,1,1,1,1,1,1,1,1,1,1,1,1,1,1,1,1,1,1
"PTHR24329_SF294",1,1,1,1,0,1,1,1,1,1,1,1,1,1,1,1,1,1,1,1,1,1,1,1,1,1,1,1,1,1,1,1,1,1,1,1,1,1,1,1,1,1,1,1,1
"PTHR24329_SF297",1,1,1,1,1,1,1,1,1,1,1,1,1,1,1,1,1,1,1,1,1,1,1,1,1,1,1,1,1,1,1,1,1,1,1,1,1,1,1,1,1,1,0,1,1
"PTHR24329_SF300",1,1,1,1,1,1,1,1,1,1,1,1,1,1,1,1,1,1,1,1,1,1,1,1,1,1,1,1,0,1,1,1,1,1,1,1,1,1,1,1,1,1,1,1,1
"PTHR24329_SF301",1,2,1,1,1,1,1,1,1,1,1,1,1,1,1,1,1,1,1,1,1,1,1,1,1,1,1,1,1,1,1,1,1,1,1,1,1,1,1,1,1,1,1,1,1
"PTHR24329_SF302",1,1,1,1,1,1,1,1,1,1,1,1,1,1,1,1,1,1,1,0,1,1,1,1,1,1,1,0,0,1,0,1,1,1,0,1,1,1,1,1,1,1,1,0,0
"PTHR24329_SF303",1,1,1,1,1,1,1,1,1,1,1,1,1,1,1,1,1,1,1,0,1,1,1,1,1,1,1,1,1,1,1,1,1,1,1,1,1,1,1,1,1,1,1,1,0
"PTHR24329_SF305",1,1,1,1,1,1,1,1,1,1,0,1,1,1,1,1,1,1,1,1,1,1,7,1,1,1,1,1,1,1,1,1,1,1,1,1,1,1,1,1,1,1,1,1,1
"PTHR24329_SF306",1,1,1,1,1,1,1,1,1,1,1,1,1,1,1,1,1,1,1,1,1,1,1,1,2,3,1,1,1,1,1,3,1,1,1,1,1,1,1,1,1,1,1,1,1
"PTHR24329_SF307",1,1,1,1,1,1,1,1,1,1,1,1,1,1,1,1,1,1,1,1,1,1,1,1,1,1,1,1,1,1,1,1,1,1,1,1,1,1,1,1,1,1,1,1,1
"PTHR24329_SF308",1,1,1,1,1,1,1,1,1,1,1,1,1,1,1,1,1,1,1,1,1,1,1,1,1,1,1,1,1,1,1,1,1,1,1,1,1,1,1,1,1,1,1,1,1
"PTHR24329_SF310",1,1,1,1,1,1,1,1,1,1,1,1,1,1,1,1,1,1,1,1,1,1,1,1,1,1,2,1,1,1,1,1,1,1,1,1,1,1,1,1,1,1,1,1,1
"PTHR24329_SF311",2,2,1,2,2,2,1,2,1,2,1,2,2,2,2,2,1,2,2,1,2,2,2,2,1,2,1,1,2,1,3,1,2,2,2,3,2,2,2,4,2,4,2,2,2
"PTHR24329_SF312",1,0,1,1,0,0,1,0,0,2,0,1,0,1,0,1,0,1,1,0,0,1,0,1,0,0,0,1,0,1,0,0,0,1,0,0,1,1,1,0,1,0,1,0,0
"PTHR24329_SF313",1,1,1,1,1,1,1,1,1,1,1,1,1,1,1,1,1,1,1,1,1,1,1,1,1,1,1,1,1,1,1,1,1,1,1,1,1,1,1,1,1,1,1,1,1
"PTHR24329_SF314",1,0,1,0,3,0,1,0,0,0,1,2,3,1,0,1,0,0,1,1,1,0,3,1,0,0,1,0,0,1,1,0,2,1,0,0,1,0,2,1,1,3,2,0,1
"PTHR24329_SF44",1,1,1,1,1,1,1,1,1,0,1,1,1,1,0,1,1,0,1,1,0,1,1,1,1,0,0,1,1,1,1,1,0,1,1,1,0,1,1,1,0,1,1,1,1
"PTHR24329_SF75",1,7,0,1,2,0,3,0,0,6,0,2,0,2,0,24,0,4,2,0,4,0,3,0,1,0,0,7,0,1,1,0,1,2,0,2,6,0,6,1,0,0,0,0,1
"PTHR24329_SF81",1,1,1,1,1,1,1,0,0,1,1,1,1,1,0,1,1,0,1,1,1,1,0,1,0,0,0,1,1,1,0,0,1,1,0,0,1,1,1,0,0,1,1,0,1
"PTHR24330_SF4",1,1,1,1,1,1,1,1,1,1,1,1,1,1,1,1,1,1,1,1,1,1,1,1,1,1,1,1,1,1,1,1,1,1,1,1,1,1,1,1,1,1,1,1,1
"PTHR24330_SF5",1,1,1,1,1,1,1,1,1,1,1,1,1,1,1,1,1,1,1,0,1,1,1,1,1,1,1,1,1,1,1,1,1,1,1,1,1,1,1,1,1,1,1,1,0
"PTHR24330_SF7",1,1,1,1,1,1,1,1,1,1,1,1,1,1,1,1,1,1,1,1,1,1,1,1,1,1,1,1,1,1,1,1,1,1,1,1,1,1,1,1,1,1,1,1,1
"PTHR24330_SF8",1,1,1,1,1,1,1,1,1,1,1,1,1,1,1,1,1,1,1,0,1,1,1,1,1,1,1,1,1,1,1,1,1,1,1,1,1,1,1,1,1,1,1,1,1
"PTHR24331",3,4,4,4,3,4,4,3,3,4,4,4,4,4,3,5,3,3,4,3,4,3,3,4,2,3,2,4,4,4,3,2,4,4,3,3,4,3,4,3,4,3,2,4,4
"PTHR24332_SF10",1,1,1,1,1,1,1,1,1,1,1,1,1,0,1,1,1,1,1,1,1,1,1,1,1,1,1,1,1,1,1,1,1,1,1,1,1,1,1,1,2,1,1,1,1
"PTHR24332_SF12",1,1,1,1,1,1,1,1,1,1,1,1,1,1,1,1,1,1,1,1,1,1,1,1,1,1,0,1,1,1,1,1,1,1,1,1,1,1,1,1,1,1,0,2,1
"PTHR24332_SF13",1,1,1,1,1,1,1,0,0,0,1,1,0,1,0,1,1,1,1,0,1,1,1,1,1,0,2,1,0,1,1,0,0,1,1,1,1,1,1,1,1,1,1,1,0
"PTHR24334",2,2,1,2,1,2,2,1,2,2,2,2,2,2,2,2,2,1,2,2,2,2,2,2,2,2,2,2,2,2,2,2,2,2,2,1,1,2,2,2,1,2,2,2,2
"PTHR24335_SF5",1,1,1,1,0,1,1,1,1,1,1,1,1,0,1,1,0,1,0,1,1,1,1,1,1,0,1,0,1,1,0,1,1,1,1,1,1,0,1,1,1,1,0,1,0
"PTHR24336_SF4",1,1,1,1,1,1,1,1,1,1,1,1,1,1,1,1,1,1,1,1,1,1,1,1,1,0,2,1,1,1,1,1,1,1,1,1,1,1,1,2,1,1,1,1,1
"PTHR24336_SF7",1,1,1,1,1,1,1,1,1,1,1,1,1,1,1,1,1,1,1,1,1,1,1,1,1,1,1,1,1,1,1,1,1,1,1,1,0,1,1,1,1,1,1,1,1
"PTHR24337",2,2,2,2,1,1,2,1,1,1,2,2,2,2,2,2,2,1,2,1,2,2,2,2,2,2,1,2,1,1,2,1,2,2,2,2,2,2,2,2,1,2,2,1,1
"PTHR24338_SF3",2,1,1,1,1,1,1,1,1,1,1,1,1,1,1,1,1,1,1,0,1,1,1,1,1,1,1,1,1,1,0,1,1,1,2,1,1,1,1,1,1,1,1,3,1
"PTHR24338_SF4",1,1,1,1,1,3,1,1,1,1,1,1,1,2,1,1,1,1,1,1,1,1,1,1,1,1,1,2,1,1,1,1,1,1,1,1,2,1,2,1,1,1,1,1,1
"PTHR24338_SF5",1,1,0,0,0,0,0,1,1,0,1,1,1,0,1,0,1,1,0,1,0,0,1,0,1,1,1,0,1,1,0,1,0,0,0,1,0,1,0,1,0,1,0,0,0
"PTHR24339_SF23",1,1,1,1,0,1,1,1,1,1,1,1,1,1,1,1,1,1,1,1,1,1,1,1,1,1,1,1,1,1,0,1,1,1,1,1,1,1,1,1,1,1,1,1,1
"PTHR24339_SF25",1,1,1,1,1,1,1,1,1,1,1,1,1,1,1,1,1,1,1,1,1,1,1,1,1,1,1,1,1,1,1,1,1,1,1,1,1,1,1,1,1,1,1,1,1
"PTHR24339_SF26",1,1,0,1,1,1,1,1,1,1,1,1,1,0,1,1,1,1,1,1,1,1,1,1,1,1,1,1,1,1,1,1,1,1,1,1,1,1,1,1,0,1,1,2,1
"PTHR24339_SF27",1,1,1,1,1,1,1,1,1,1,1,1,1,1,1,1,1,1,1,0,1,1,1,1,1,1,1,1,1,1,1,1,1,1,1,1,1,1,1,1,1,1,0,1,0
"PTHR24340_SF15",1,1,1,1,1,1,1,1,0,1,1,1,1,1,1,1,1,0,1,0,1,1,1,1,1,1,1,1,1,1,1,1,1,1,0,1,1,1,1,1,1,1,1,0,1
"PTHR24340_SF17",1,1,0,1,1,1,1,1,0,1,1,1,1,1,1,1,1,0,1,0,1,1,1,1,1,1,2,0,1,1,1,1,0,1,1,1,1,1,1,1,1,1,0,0,0
"PTHR24340_SF20",1,1,1,1,1,1,1,1,1,1,1,1,1,1,1,1,1,1,1,1,2,1,1,1,1,1,1,1,1,1,1,1,1,1,1,1,1,1,1,1,1,1,1,1,1
"PTHR24340_SF21",1,1,0,1,1,1,1,1,1,0,1,1,1,0,1,1,1,1,1,1,1,1,1,1,1,0,1,1,0,0,0,1,1,1,1,1,1,0,1,1,0,1,0,1,0
"PTHR24340_SF22",1,1,1,1,1,1,1,1,1,1,1,1,1,1,1,1,1,1,1,1,1,1,1,1,1,1,1,1,1,0,1,1,1,1,1,1,1,1,1,1,1,1,1,1,1
"PTHR24340_SF24",1,1,1,1,1,1,3,1,1,1,1,1,1,1,1,1,1,1,1,1,1,1,1,1,1,1,1,1,1,1,1,1,1,1,1,1,1,1,1,1,1,1,1,1,1
"PTHR24340_SF27",1,1,0,1,1,1,1,1,0,1,1,1,1,1,1,1,1,1,1,1,1,1,1,1,1,1,2,1,1,0,1,1,1,1,1,1,1,1,1,1,1,1,1,1,1
"PTHR24340_SF28",1,1,1,1,1,1,1,1,1,1,1,1,1,1,1,1,1,1,1,0,1,1,1,1,1,1,1,1,1,1,1,1,1,1,1,1,1,1,1,1,1,1,1,1,1
"PTHR24340_SF30",1,1,1,1,1,1,1,1,1,1,1,1,1,1,1,1,1,1,1,1,1,1,1,1,1,1,1,1,1,1,1,1,1,1,1,1,1,1,1,1,1,1,1,0,1
"PTHR24340_SF31",1,1,1,1,1,1,1,0,0,1,1,1,1,1,1,1,1,1,1,1,1,1,1,1,1,1,1,1,1,1,1,1,1,1,1,1,1,1,1,1,1,1,1,1,1
"PTHR24340_SF32",1,1,1,1,1,1,1,1,1,1,1,1,1,1,1,1,1,1,1,1,1,1,1,1,1,1,1,1,1,1,0,1,1,1,2,1,1,1,1,1,1,1,1,2,1
"PTHR24340_SF33",1,1,1,1,0,1,1,1,1,1,1,1,1,1,1,1,1,1,1,1,1,1,1,1,1,1,1,2,1,1,0,1,1,1,1,1,1,1,1,1,1,1,1,1,1
"PTHR24341_SF1",1,0,1,0,0,0,0,0,0,2,0,0,1,2,0,2,0,2,1,0,1,0,3,1,0,1,0,2,1,0,1,0,0,1,0,1,0,0,2,1,0,0,0,0,0
"PTHR24341_SF4",1,1,0,1,0,1,1,1,1,1,1,1,1,1,1,1,1,1,1,1,1,1,1,1,1,1,1,1,1,1,1,1,1,1,1,0,0,1,1,1,0,1,1,1,0
"PTHR24341_SF5",1,1,0,1,0,1,1,1,1,1,1,1,1,1,1,1,1,1,1,1,1,1,1,1,1,1,1,1,1,1,1,1,1,1,1,1,0,1,2,1,0,1,1,1,0
"PTHR24342",2,2,2,2,2,2,2,2,2,1,2,2,2,2,3,2,2,2,2,1,2,2,1,2,1,2,2,2,2,2,2,2,2,2,2,1,2,2,2,1,2,2,2,2,2
"PTHR24343_SF0",1,1,1,1,1,1,1,2,1,1,2,2,1,1,1,2,1,1,1,2,1,1,1,1,2,1,3,1,1,1,21,1,1,1,1,2,1,1,1,1,1,1,1,1,1
"PTHR24343_SF106",1,1,1,1,1,1,1,1,1,1,1,1,1,1,1,1,1,1,1,1,1,1,1,1,1,1,1,1,1,1,1,1,1,1,1,1,1,1,1,1,1,1,1,1,1
"PTHR24343_SF110",1,1,1,2,1,1,1,1,1,1,1,1,1,1,1,1,1,1,1,1,1,1,1,1,1,1,1,1,1,1,1,1,1,1,1,1,1,1,2,1,1,1,1,1,1
"PTHR24343_SF111",1,1,0,0,1,1,0,0,0,1,1,1,1,0,0,0,1,1,0,0,0,0,1,0,1,1,0,0,1,1,0,0,0,0,1,1,0,1,0,1,0,0,0,1,0
"PTHR24343_SF112",1,1,1,1,1,1,1,1,1,1,1,1,1,1,1,1,1,1,1,1,1,1,1,1,1,1,1,1,1,1,1,1,1,1,0,1,1,1,2,1,1,1,1,1,1
"PTHR24343_SF120",1,1,2,2,1,1,1,1,1,1,0,0,1,1,1,1,1,1,0,1,1,1,1,0,1,1,1,1,1,0,1,1,1,0,1,1,1,0,1,1,1,1,0,1,1
"PTHR24343_SF127",1,1,1,1,1,1,2,1,1,1,1,2,1,1,3,1,1,1,1,1,1,1,2,1,2,2,3,1,1,1,3,1,1,1,1,2,1,1,1,3,1,1,1,1,1
"PTHR24343_SF130",1,1,1,1,1,1,1,1,1,1,1,1,1,1,1,1,1,1,2,1,1,1,1,1,1,1,1,1,1,1,1,1,1,1,1,1,1,2,1,1,1,1,1,1,1
"PTHR24343_SF133",1,1,1,1,1,1,1,1,1,1,1,1,1,1,1,1,1,1,1,1,1,1,1,1,1,1,1,1,1,1,1,1,1,1,1,1,1,1,1,1,1,1,1,1,1
"PTHR24343_SF135",2,1,1,1,1,1,1,1,1,2,1,1,1,1,1,1,1,1,1,1,1,1,1,1,1,1,1,1,1,1,1,1,1,1,1,1,1,1,1,1,1,1,1,3,1
"PTHR24343_SF145",2,1,1,1,1,1,1,1,1,1,1,1,1,1,1,1,1,1,1,1,1,1,1,1,1,1,2,1,1,1,1,1,1,1,1,1,1,1,1,1,1,1,1,1,1
"PTHR24343_SF147",1,1,1,1,1,1,1,1,1,1,1,1,1,1,1,2,1,1,1,1,1,1,1,1,1,1,1,1,1,1,1,2,1,1,1,1,1,1,1,1,1,1,1,1,1
"PTHR24343_SF152",1,1,1,1,1,1,1,1,1,1,1,1,1,1,1,1,1,1,1,0,1,1,1,1,1,1,1,1,1,1,1,1,1,1,1,1,1,1,1,1,1,1,1,1,1
"PTHR24343_SF74",1,1,1,1,1,1,1,1,1,1,1,1,1,1,1,1,1,1,1,1,1,1,1,1,1,1,1,1,1,1,1,1,1,1,1,1,1,1,1,1,1,1,0,1,1
"PTHR24343_SF76",1,1,1,1,2,0,4,0,0,1,1,0,1,0,1,1,1,1,0,2,0,0,1,0,1,1,1,0,1,1,1,0,1,0,1,1,0,0,0,1,1,1,0,1,1
"PTHR24343_SF79",1,1,1,1,1,1,1,1,1,1,1,1,1,1,1,1,1,1,1,1,1,1,1,1,1,1,1,1,1,1,1,1,1,1,1,1,1,1,1,1,1,1,1,1,1
"PTHR24343_SF81",1,1,1,1,1,1,1,1,1,1,1,1,1,1,1,1,1,1,1,1,1,1,1,1,1,1,1,1,1,1,1,1,1,1,1,1,1,1,1,1,1,1,1,1,1
"PTHR24343_SF82",1,1,1,1,1,1,1,1,1,1,1,1,1,1,1,1,1,1,1,1,1,1,1,1,1,1,1,1,1,1,1,1,1,1,1,1,1,1,1,1,1,1,1,1,1
"PTHR24343_SF84",1,2,1,1,1,1,0,1,1,1,1,1,1,1,1,1,1,1,1,1,1,1,1,1,1,1,1,1,1,0,0,1,1,1,1,1,1,1,1,1,1,1,1,1,1
"PTHR24344_SF21",1,1,1,1,1,1,1,1,1,1,1,1,1,1,1,1,1,1,1,1,1,2,1,1,2,1,1,1,1,1,1,1,1,1,1,1,1,1,1,1,1,1,1,1,1
"PTHR24345_SF0",1,1,1,1,1,1,1,1,1,1,1,1,1,2,1,1,1,1,1,1,1,1,1,1,1,1,1,2,1,1,1,1,1,1,1,3,2,1,2,1,1,1,1,1,1
"PTHR24345_SF42",1,1,1,1,1,1,1,1,1,1,1,1,1,1,1,1,1,1,1,1,1,1,1,1,1,1,1,1,1,1,1,1,1,1,1,1,1,1,1,1,1,1,1,1,1
"PTHR24345_SF43",1,1,1,1,1,1,0,1,1,1,1,1,1,1,1,1,1,1,1,1,1,1,1,1,1,1,1,1,1,1,0,1,1,1,1,1,1,1,1,1,0,1,1,1,1
"PTHR24345_SF44",1,1,1,1,1,1,1,1,1,1,1,1,1,1,1,1,1,1,1,1,1,1,1,1,1,1,1,1,1,1,1,1,1,1,1,1,1,1,1,1,1,1,1,1,1
"PTHR24345_SF50",1,1,1,1,1,1,1,1,1,1,1,1,1,1,1,1,1,1,1,1,1,1,2,1,1,1,1,1,1,1,1,1,1,1,1,1,1,1,1,1,1,1,1,1,1
"PTHR24346_SF1",2,2,1,1,1,1,1,1,1,2,1,1,1,1,2,2,1,2,1,1,1,2,3,1,1,1,1,1,1,1,1,1,2,1,1,1,1,1,1,1,1,1,1,1,1
"PTHR24346_SF20",2,1,1,1,1,1,1,1,1,10,2,2,1,1,2,1,1,14,1,1,1,1,1,1,1,1,1,1,1,1,1,1,1,1,1,1,1,1,1,1,1,1,1,1,1
"PTHR24346_SF21",1,1,1,1,1,1,1,1,1,2,1,1,1,1,1,1,1,1,1,1,1,1,1,1,1,1,1,1,1,1,1,1,1,1,1,1,1,1,1,1,1,1,1,2,1
"PTHR24346_SF22",1,1,1,1,1,1,5,1,1,1,1,1,1,1,2,1,1,1,1,1,1,1,1,1,1,1,1,1,1,1,1,1,1,1,1,1,1,1,1,1,1,1,1,1,1
"PTHR24347_SF1",1,1,1,1,1,1,1,1,1,1,1,1,1,1,1,1,1,2,1,1,1,1,1,1,1,1,1,1,1,1,0,1,1,1,1,1,1,1,1,1,1,1,1,1,1
"PTHR24347_SF107",1,1,1,1,1,1,1,1,1,1,1,1,1,1,1,1,1,1,1,0,1,1,2,1,1,1,1,1,1,1,0,1,1,1,1,1,1,1,1,1,1,1,1,1,1
"PTHR24347_SF108",1,2,2,2,2,2,3,1,1,1,1,1,1,2,1,2,1,2,2,1,2,1,3,2,1,1,3,2,1,1,1,1,1,2,1,1,2,1,2,1,3,2,1,1,1
"PTHR24347_SF110",1,1,1,1,1,1,1,1,1,1,1,1,1,1,1,1,1,1,1,1,1,1,1,1,1,1,1,1,1,1,2,1,1,1,1,1,1,1,1,1,1,1,1,1,1
"PTHR24347_SF113",1,1,1,1,1,1,1,1,1,1,1,1,1,1,1,1,1,1,1,1,1,1,1,1,1,1,1,1,1,1,1,1,1,1,1,1,1,1,1,1,1,1,1,1,1
"PTHR24347_SF114",1,1,1,1,1,1,1,1,1,1,1,1,1,1,1,1,1,1,1,1,1,1,1,1,1,1,1,1,1,1,1,1,1,1,1,1,1,1,1,1,1,1,1,1,1
"PTHR24347_SF116",1,1,1,1,1,1,1,1,1,0,1,1,1,1,1,1,1,1,1,1,1,1,1,1,1,1,1,1,1,1,1,1,1,1,1,1,1,1,1,1,1,1,1,1,1
"PTHR24347_SF118",1,1,1,1,1,1,1,1,1,1,1,1,1,1,1,1,1,1,1,0,1,1,1,1,1,1,1,1,1,1,1,1,1,1,1,1,1,1,1,1,1,1,1,2,1
"PTHR24347_SF119",1,1,1,1,1,1,1,1,1,1,1,1,1,1,1,1,1,1,1,1,1,1,1,1,1,1,1,1,1,1,1,1,1,1,1,1,1,1,1,2,1,1,1,1,1
"PTHR24347_SF120",1,1,1,1,1,1,1,1,1,1,1,1,1,1,1,1,1,1,1,1,1,1,1,1,1,1,1,1,1,1,1,1,1,1,1,1,1,1,2,1,1,1,1,1,1
"PTHR24347_SF121",1,1,1,1,1,1,1,1,1,0,1,1,1,1,1,1,1,1,1,1,1,2,1,1,1,1,1,1,1,1,1,1,1,1,1,1,1,1,1,1,1,1,1,1,1
"PTHR24347_SF122",1,2,2,1,1,2,1,1,1,2,1,1,1,2,1,1,1,1,2,2,2,1,1,2,1,1,1,1,1,1,1,1,1,2,1,1,2,1,2,1,1,2,1,1,2
"PTHR24347_SF123",1,2,1,2,1,1,1,1,1,1,1,1,1,1,1,2,1,1,1,2,1,1,1,1,1,1,1,1,1,2,1,1,1,1,1,1,1,1,1,1,1,1,1,1,2
"PTHR24347_SF133",1,1,1,1,1,1,1,1,1,1,1,1,1,1,1,1,1,1,1,1,1,1,1,1,1,1,1,1,1,1,1,1,1,1,1,1,1,1,1,1,1,1,1,1,1
"PTHR24347_SF135",1,0,1,1,1,0,1,1,1,1,1,1,1,1,1,1,1,1,1,0,1,1,0,1,0,1,0,1,1,1,1,0,1,1,1,0,1,1,1,0,1,0,1,1,1
"PTHR24347_SF138",1,1,1,1,1,1,1,1,1,1,1,1,1,1,1,1,1,1,1,1,1,1,1,1,1,1,0,1,1,1,1,1,1,1,1,1,1,1,1,1,1,1,1,1,0
"PTHR24347_SF142",1,1,1,1,1,1,1,1,1,1,1,1,1,1,1,1,1,1,1,1,1,2,1,1,1,1,1,1,1,1,1,1,1,1,1,1,1,1,1,1,1,1,1,1,1
"PTHR24347_SF158",2,1,2,2,2,1,2,2,2,1,2,2,2,2,1,2,2,2,2,1,2,2,2,2,2,1,2,2,2,1,2,2,1,2,1,2,2,2,2,1,2,2,1,1,2
"PTHR24347_SF161",1,1,1,1,1,1,0,1,0,1,1,1,1,1,1,1,1,1,1,1,1,1,1,1,1,1,1,1,1,1,1,1,1,1,1,1,1,2,2,1,1,1,1,1,1
"PTHR24347_SF178",1,1,1,1,1,1,1,1,1,1,1,1,1,1,1,1,1,1,1,1,1,1,1,1,1,0,1,1,1,1,1,1,1,1,1,1,1,1,1,1,1,1,1,1,1
"PTHR24347_SF18",1,1,1,1,1,1,1,1,1,1,1,1,1,1,1,1,1,1,1,1,1,1,1,1,1,1,1,1,1,1,1,1,1,1,1,1,1,1,1,1,1,1,1,1,1
"PTHR24347_SF45",1,1,1,1,1,1,1,1,1,1,0,1,1,1,1,1,1,1,1,0,1,1,1,1,1,1,1,1,1,1,1,1,1,1,1,1,1,1,1,1,1,1,1,0,0
"PTHR24348_SF18",1,1,1,1,1,1,1,1,1,1,1,1,1,1,1,1,1,2,1,2,1,1,1,1,1,4,1,1,1,1,1,1,1,1,1,1,1,1,1,1,1,1,1,1,1
"PTHR24348_SF19",1,1,1,1,1,1,1,1,1,1,1,1,1,1,1,1,1,1,1,0,1,1,1,1,1,1,1,1,1,1,1,1,1,1,1,1,1,1,1,1,1,1,1,1,1
"PTHR24348_SF22",1,1,1,1,1,1,1,1,1,1,1,1,1,1,1,1,1,1,1,1,1,1,1,1,1,1,1,1,2,1,1,0,1,1,1,1,1,1,1,1,1,1,1,1,1
"PTHR24349_SF101",1,1,1,1,1,1,1,1,0,1,1,1,1,1,1,1,0,1,1,1,1,1,1,1,0,1,1,1,1,1,1,2,0,1,0,0,1,1,1,0,1,1,1,0,1
"PTHR24349_SF63",1,1,1,1,1,1,1,2,2,1,1,1,1,1,2,1,2,1,1,1,1,1,2,1,2,1,1,1,1,1,1,1,1,1,1,1,1,1,1,1,1,1,1,1,1
"PTHR24349_SF64",2,2,2,2,2,1,2,1,2,2,2,1,2,2,2,2,2,2,2,1,2,2,4,2,2,2,2,2,2,2,2,2,2,2,2,1,2,2,2,1,2,2,2,2,2
"PTHR24349_SF70",1,1,1,2,1,0,1,1,1,0,1,1,1,1,1,1,1,1,1,0,1,1,1,1,1,1,0,1,1,1,1,1,1,1,1,1,1,1,1,1,1,1,1,1,1
"PTHR24349_SF77",1,1,1,1,1,1,1,1,1,1,1,1,1,1,1,1,1,1,1,1,1,1,1,1,1,2,1,1,1,1,2,1,1,1,1,1,1,1,1,1,1,1,1,1,1
"PTHR24349_SF78",1,1,2,2,1,1,3,2,2,1,1,2,1,2,0,2,1,1,2,1,2,2,2,2,2,1,1,2,1,1,1,1,2,2,2,2,1,2,2,2,2,2,1,2,1
"PTHR24350_SF3",1,2,1,2,1,1,1,0,1,1,2,1,1,1,1,1,1,1,1,1,1,3,1,1,1,1,1,1,1,2,1,1,1,1,0,1,1,1,1,1,1,1,1,0,1
"PTHR24350_SF4",1,1,1,1,1,1,1,1,1,1,1,1,1,1,2,1,1,1,1,1,1,1,1,1,1,1,1,1,1,1,1,1,1,1,1,1,1,1,2,1,1,1,1,1,1
"PTHR24350_SF5",1,1,2,1,3,1,1,1,2,1,1,1,1,1,1,1,2,1,2,1,1,1,1,1,1,1,1,1,1,1,1,2,2,1,1,2,2,1,2,1,1,2,1,1,1
"PTHR24351_SF25",1,1,1,1,1,1,1,1,1,1,1,1,1,1,1,3,1,1,1,0,1,1,1,1,1,1,2,1,1,1,1,1,1,1,1,1,1,1,1,1,1,1,1,1,1
"PTHR24351_SF39",1,1,1,1,1,1,1,1,1,1,1,1,1,1,1,1,2,1,1,3,1,1,2,1,1,1,1,1,2,1,1,1,1,1,1,1,1,1,1,1,1,1,1,2,1
"PTHR24351_SF41",1,1,1,1,1,1,1,1,1,0,2,1,1,1,1,1,1,1,1,0,1,1,1,1,1,1,1,1,1,1,0,1,1,1,1,1,1,1,2,1,1,1,1,1,1
"PTHR24351_SF42",1,1,1,1,1,1,1,1,1,1,1,1,1,1,1,1,1,1,1,1,1,1,1,1,1,1,3,1,1,1,1,1,1,1,1,1,1,1,1,1,1,1,1,1,1
"PTHR24351_SF43",1,1,1,1,1,1,1,1,1,1,1,1,1,1,1,2,1,1,1,1,1,1,1,1,1,1,1,1,1,1,1,1,1,1,1,1,1,1,1,1,1,1,1,1,1
"PTHR24351_SF48",1,1,1,1,1,2,1,2,1,1,1,1,1,1,3,2,1,1,1,1,1,1,1,1,1,1,1,1,2,1,1,1,1,1,1,2,1,1,1,1,1,1,1,1,1
"PTHR24351_SF49",1,1,1,1,1,2,1,1,0,1,1,1,1,1,1,1,1,1,1,1,1,1,2,1,1,1,0,1,1,1,3,1,1,1,1,1,1,1,1,1,1,1,1,1,1
"PTHR24351_SF58",1,1,1,1,1,1,1,1,1,1,1,1,1,1,1,1,1,1,1,1,1,1,1,1,1,1,1,1,1,1,1,1,1,1,1,1,1,1,1,1,1,1,1,1,1
"PTHR24352_SF0",1,1,1,1,1,1,1,1,1,1,1,1,1,2,1,1,1,1,1,1,2,1,1,1,1,1,1,2,1,1,1,1,1,2,2,1,1,1,1,1,1,1,1,3,1
"PTHR24352_SF28",1,1,1,1,1,1,2,2,1,1,1,1,1,1,1,1,1,1,1,1,1,1,1,1,1,1,1,1,1,1,1,1,1,1,1,1,1,1,1,1,1,2,1,1,1
"PTHR24352_SF29",1,1,1,1,1,1,1,3,1,1,1,1,1,1,4,2,1,1,1,1,1,1,1,1,1,1,1,1,1,1,1,1,1,1,1,1,1,1,1,1,1,1,1,2,1
"PTHR24352_SF30",1,1,1,1,1,1,1,1,1,0,1,1,1,1,1,1,1,1,1,0,1,1,1,1,1,1,1,1,1,1,0,1,1,1,1,1,1,1,1,1,1,2,1,1,1
"PTHR24352_SF32",1,1,1,1,1,1,1,1,1,1,1,1,1,1,1,1,1,1,1,1,1,1,1,1,1,1,1,1,1,1,1,1,1,1,1,1,1,1,1,1,1,1,1,1,1
"PTHR24352_SF43",2,1,1,1,1,1,1,1,1,1,1,1,1,1,1,1,1,1,1,2,1,1,1,1,1,1,1,1,1,1,1,1,1,1,1,1,1,1,1,1,1,1,1,1,1
"PTHR24353_SF24",1,1,1,1,1,1,1,1,1,1,1,1,1,1,1,1,1,1,1,1,1,1,1,1,1,1,1,1,1,1,1,1,1,1,1,1,1,1,1,1,1,1,1,1,1
"PTHR24353_SF28",1,1,2,2,1,1,1,1,0,1,1,1,1,2,0,2,1,1,2,0,2,1,1,1,1,1,1,2,1,1,0,0,1,1,1,1,2,1,3,1,2,1,1,1,1
"PTHR24353_SF45",1,1,1,1,1,1,1,1,1,1,1,1,1,1,1,1,1,1,1,1,1,1,1,1,1,1,1,1,1,1,1,1,1,1,1,1,1,1,1,1,1,1,1,1,1
"PTHR24353_SF46",1,0,0,0,0,1,0,1,1,0,0,0,0,0,1,0,1,0,0,0,0,0,0,0,0,0,1,0,0,1,0,0,0,0,0,0,0,1,0,0,0,0,0,0,1
"PTHR24353_SF55",1,1,1,1,1,1,1,1,1,1,1,1,1,1,1,2,1,1,1,1,1,1,1,1,1,1,1,1,1,1,0,1,1,1,0,1,1,1,1,1,1,1,1,0,1
"PTHR24353_SF61",1,1,1,1,1,2,1,1,1,2,3,1,1,1,1,1,1,1,1,1,1,1,1,1,1,1,2,1,1,1,1,1,1,1,2,2,1,1,1,0,1,1,1,2,2
"PTHR24355_SF1",1,1,1,1,1,1,1,1,1,1,1,1,1,1,1,2,1,1,1,1,1,1,1,1,1,1,1,1,1,1,1,1,1,1,1,1,1,1,1,1,1,1,1,1,1
"PTHR24355_SF11",1,1,1,1,1,1,1,1,1,1,1,1,1,1,1,3,1,1,1,1,1,1,1,1,1,1,2,0,1,2,2,1,1,1,1,1,1,1,1,1,1,1,1,2,1
"PTHR24355_SF12",1,1,1,1,1,1,1,0,1,0,1,1,1,1,1,1,1,1,1,1,1,1,0,1,0,1,0,1,1,1,1,1,1,1,1,0,1,1,1,0,1,1,1,1,1
"PTHR24355_SF14",1,1,1,1,1,1,1,1,2,1,1,1,1,1,1,1,1,1,1,1,1,1,1,1,1,1,1,1,1,1,1,1,1,1,1,1,1,1,1,1,1,1,0,1,1
"PTHR24355_SF15",1,1,1,1,1,1,2,1,1,1,1,1,1,1,2,1,1,1,1,1,1,1,1,1,1,1,1,2,1,1,1,2,1,1,1,1,2,1,1,1,1,1,1,1,1
"PTHR24355_SF17",1,1,1,1,1,1,1,1,1,1,1,2,1,1,1,1,1,1,1,2,1,1,1,1,1,1,1,1,1,1,1,1,1,1,1,1,1,1,1,1,1,1,1,1,1
"PTHR24355_SF22",1,1,1,1,1,1,1,1,1,0,1,1,1,1,1,1,1,1,1,1,1,1,1,1,1,1,1,1,1,1,1,1,1,1,1,1,1,1,1,1,1,1,1,1,1
"PTHR24355_SF25",1,1,1,1,1,1,1,1,1,1,1,1,1,1,1,1,1,1,1,1,1,1,1,1,1,1,1,1,1,1,3,1,1,1,1,1,1,1,1,1,1,1,1,1,1
"PTHR24356_SF1",1,1,1,1,1,1,1,1,1,1,1,1,1,1,1,1,1,1,1,1,1,1,1,1,1,1,1,1,1,1,1,1,1,1,1,1,1,1,1,1,1,1,1,1,1
"PTHR24356_SF121",2,2,2,1,2,2,2,2,2,2,2,1,2,2,2,2,2,2,2,2,2,2,2,2,2,3,2,2,2,2,3,3,2,2,2,2,2,2,2,2,2,2,2,3,2
"PTHR24356_SF136",1,1,1,1,1,1,1,1,1,1,1,1,1,1,1,1,1,1,1,1,1,1,1,1,1,1,1,1,1,1,1,2,1,1,1,1,1,1,1,1,1,1,1,1,1
"PTHR24356_SF137",1,1,1,1,1,1,1,1,1,1,1,1,1,1,1,1,1,1,1,1,1,1,1,1,1,1,1,1,1,1,1,1,1,1,1,1,1,1,1,1,1,1,1,1,1
"PTHR24356_SF138",1,1,1,1,1,1,1,1,1,1,1,1,1,1,1,1,1,1,1,1,1,1,2,1,1,1,1,1,1,1,1,1,1,1,1,1,1,1,1,1,1,1,1,1,1
"PTHR24356_SF139",1,2,1,2,2,2,1,1,1,1,1,1,1,1,1,1,1,1,1,1,1,1,1,1,1,1,1,1,2,1,1,1,1,1,1,1,1,2,1,2,1,1,1,1,1
"PTHR24356_SF140",1,1,1,1,1,1,1,1,1,1,1,1,1,1,1,1,1,1,1,1,1,1,2,1,1,1,1,1,1,1,0,1,1,1,1,1,1,1,1,1,1,1,1,1,1
"PTHR24356_SF142",1,1,1,1,1,1,1,1,1,2,1,1,1,1,1,2,1,1,1,1,1,1,1,1,1,1,1,1,1,1,0,1,1,1,1,1,1,1,1,1,1,1,1,2,1
"PTHR24356_SF143",2,1,1,1,1,1,1,1,1,1,1,1,1,1,1,1,1,1,1,1,1,1,1,1,1,1,0,1,1,1,1,1,1,1,1,1,1,1,1,1,1,1,1,1,1
"PTHR24356_SF145",1,1,1,1,1,1,1,1,1,0,1,1,1,1,1,1,1,1,1,1,1,1,2,1,1,1,1,1,1,1,0,1,1,1,1,1,1,1,1,1,1,1,1,1,1
"PTHR24356_SF148",1,1,1,1,1,1,1,2,2,2,1,1,1,1,1,1,2,1,1,1,1,3,1,1,1,1,1,1,1,1,1,2,1,1,1,1,1,1,1,1,1,1,2,1,1
"PTHR24356_SF149",1,1,1,1,1,1,1,1,1,1,1,1,1,1,1,1,1,1,1,1,1,1,2,1,1,1,1,1,1,1,1,1,1,1,1,1,1,0,1,1,1,1,1,1,1
"PTHR24356_SF150",1,1,1,1,1,1,1,1,1,1,1,1,1,1,1,1,1,1,1,1,1,1,1,1,1,1,1,1,1,1,1,1,1,1,1,1,1,1,1,1,1,1,1,2,1
"PTHR24357_SF51",1,1,1,1,1,1,1,1,1,1,1,1,1,1,1,2,1,1,1,1,1,1,1,1,1,1,1,1,1,1,1,1,1,1,1,1,1,1,1,1,1,1,1,1,1
"PTHR24357_SF52",1,2,1,2,1,2,1,1,1,2,1,1,1,1,1,1,1,2,1,1,1,1,1,1,1,1,2,1,1,1,1,1,2,1,2,1,1,1,1,2,1,1,1,2,1
"PTHR24357_SF53",1,1,1,1,1,1,1,1,1,1,0,1,1,1,1,1,1,1,1,1,1,1,1,1,1,1,1,1,1,1,0,1,1,1,1,1,1,1,1,1,1,1,1,1,1
"PTHR24357_SF60",2,2,2,2,2,2,2,2,23,1,3,2,2,2,5,2,2,2,2,1,2,2,2,2,2,2,2,2,2,1,1,2,2,2,2,2,3,2,3,2,2,2,2,2,2
"PTHR24357_SF63",1,1,1,1,1,1,1,1,1,1,1,1,1,1,1,2,1,1,1,1,1,1,1,1,1,1,1,1,1,1,1,1,1,1,1,1,1,1,1,1,1,1,1,1,1
"PTHR24357_SF64",1,1,1,1,2,1,1,1,1,1,1,1,1,1,1,1,1,1,1,1,1,1,2,1,1,1,1,1,1,1,1,1,1,1,1,1,1,1,1,1,1,1,1,1,1
"PTHR24357_SF65",1,1,1,1,1,2,1,1,1,1,1,1,1,1,1,1,1,1,1,1,1,1,1,1,1,1,1,1,1,1,1,2,1,1,1,1,1,1,1,1,1,1,1,1,1
"PTHR24357_SF69",1,1,1,1,1,1,1,1,1,1,1,1,1,1,2,1,1,1,1,1,1,1,1,1,1,1,1,1,1,1,0,1,1,1,1,1,1,1,1,1,1,1,1,1,1
"PTHR24357_SF76",1,1,1,1,1,1,1,1,1,1,1,1,1,1,2,1,1,1,1,1,1,1,1,1,1,1,1,6,1,1,1,2,1,1,1,1,1,1,1,1,1,1,1,2,1
"PTHR24358",2,3,2,2,3,3,3,2,2,3,2,2,2,2,3,2,2,2,2,2,2,2,2,2,2,2,2,2,2,3,2,4,2,2,4,2,2,2,2,2,2,2,2,2,2
"PTHR24359_SF0",1,1,1,1,1,2,1,1,1,2,1,2,2,2,1,2,1,2,1,0,1,2,2,1,2,2,2,2,1,2,0,1,2,2,1,2,2,2,1,3,1,1,0,1,1
"PTHR24360_SF15",2,2,3,4,2,2,2,2,2,2,2,2,2,4,2,3,2,2,2,2,2,2,2,3,2,2,2,3,2,2,1,2,2,2,2,2,4,2,5,2,2,2,2,2,2
"PTHR24360_SF3",1,1,1,1,1,1,1,1,1,1,1,1,1,1,1,1,1,1,1,1,1,1,2,1,2,1,0,1,1,1,1,1,1,1,1,1,1,1,1,1,1,1,1,1,1
"PTHR24360_SF37",1,1,1,1,1,1,1,1,1,1,1,1,1,1,1,1,1,1,1,1,1,1,1,1,1,1,2,1,1,1,1,1,1,1,1,1,1,1,1,1,1,1,1,1,1
"PTHR24360_SF38",1,1,1,1,1,1,1,1,1,1,1,1,1,1,1,1,1,1,1,1,1,1,1,1,1,1,1,1,1,1,1,1,1,1,1,1,1,1,1,1,2,1,1,1,1
"PTHR24360_SF42",1,1,1,1,1,1,1,1,1,1,1,1,1,1,1,1,1,1,1,1,1,1,1,1,1,1,1,1,1,1,1,1,1,1,1,1,1,1,1,1,1,1,1,1,1
"PTHR24360_SF46",1,1,2,1,1,1,1,1,1,1,1,1,1,3,1,1,1,1,2,1,1,2,1,1,1,1,1,2,1,1,1,1,1,1,1,1,2,1,2,1,1,1,1,1,1
"PTHR24360_SF51",1,1,1,1,1,1,1,1,1,1,1,1,1,1,1,1,1,2,1,1,1,1,1,1,1,1,2,1,1,1,1,1,1,1,1,1,1,1,1,1,1,1,1,1,1
"PTHR24360_SF53",1,1,1,1,1,1,1,1,1,1,1,1,1,1,1,1,1,1,1,1,1,1,1,1,1,1,1,1,1,1,1,2,1,1,1,1,1,1,1,1,1,1,1,2,1
"PTHR24361_SF129",1,1,1,1,1,1,1,1,1,1,1,1,1,1,1,1,1,1,1,1,1,1,1,1,1,1,1,1,1,1,1,1,1,1,1,1,1,1,1,1,0,1,1,1,1
"PTHR24361_SF181",1,1,1,1,1,1,1,1,1,1,1,1,1,1,1,1,1,1,1,1,1,1,1,1,1,1,1,1,0,1,1,1,1,1,1,1,1,1,1,1,1,1,1,1,1
"PTHR24361_SF182",1,1,1,1,1,1,1,1,1,1,1,1,1,1,1,1,1,1,1,1,1,1,1,1,1,1,1,1,1,1,1,1,1,1,1,1,1,1,1,1,1,1,1,1,1
"PTHR24361_SF183",1,1,1,1,1,1,1,1,1,1,1,1,1,1,1,1,1,1,1,1,1,1,1,1,1,1,1,1,1,1,1,1,1,1,2,1,1,1,1,1,1,1,1,3,1
"PTHR24361_SF187",1,1,1,1,1,1,1,1,1,1,1,1,1,1,2,1,1,1,1,1,1,1,1,1,1,1,1,1,1,1,2,1,1,1,1,1,1,1,1,1,1,1,1,1,1
"PTHR24361_SF188",1,1,1,1,1,1,1,1,1,1,1,1,1,1,1,1,1,1,1,1,1,1,1,1,1,1,1,1,1,1,1,1,1,1,1,1,1,1,1,1,1,1,0,1,1
"PTHR24361_SF189",1,1,1,1,1,1,1,1,1,1,1,1,1,1,1,1,1,1,1,1,1,1,1,1,1,1,1,1,1,1,1,1,1,1,1,1,1,1,1,1,1,1,1,1,1
"PTHR24361_SF191",1,1,1,1,1,1,1,1,1,1,1,1,1,1,1,1,1,1,1,0,1,1,1,1,1,1,1,1,1,1,1,1,1,1,1,1,0,1,2,2,1,1,1,1,1
"PTHR24361_SF195",1,1,1,1,1,1,1,1,1,1,1,1,1,1,1,1,1,1,1,1,1,1,1,1,1,1,1,1,1,1,1,1,1,1,2,1,1,1,1,1,1,1,1,2,1
"PTHR24361_SF196",2,3,2,2,2,2,2,2,2,2,2,2,2,2,2,3,2,2,2,2,2,2,3,2,2,2,2,2,2,2,2,2,2,2,3,2,2,2,2,2,2,2,2,5,2
"PTHR24361_SF201",1,2,2,2,2,1,1,1,1,1,1,1,1,2,1,2,1,2,2,1,1,2,2,1,1,1,1,2,2,1,2,1,1,2,2,1,2,1,2,1,2,2,1,2,1
"PTHR24361_SF202",1,1,1,1,1,1,1,1,1,1,1,1,1,1,1,1,1,0,1,1,1,1,1,1,1,1,1,1,1,1,0,1,1,1,1,1,1,1,1,1,1,1,1,0,1
"PTHR24361_SF203",1,1,1,1,1,2,1,1,1,1,1,1,1,1,2,1,1,1,1,1,1,1,1,1,1,1,1,1,1,1,1,3,1,1,1,1,1,1,1,1,1,1,1,1,1
"PTHR24361_SF205",1,1,1,1,1,1,1,1,1,1,1,1,1,1,1,2,1,1,1,1,1,1,1,1,1,1,1,1,1,1,1,1,1,1,1,1,1,1,1,1,1,1,1,1,1
"PTHR24361_SF206",2,1,1,1,1,1,2,1,1,2,1,1,1,1,2,1,1,1,1,1,1,1,1,1,1,1,0,1,1,1,1,1,1,1,1,1,1,2,2,1,1,1,1,1,1
"PTHR24361_SF208",2,3,3,3,2,2,2,2,2,2,2,2,2,4,3,2,3,2,2,2,2,2,2,2,2,2,2,3,2,2,1,4,2,3,2,2,3,2,3,2,2,2,2,2,2
"PTHR24361_SF216",1,1,1,1,1,1,1,1,1,1,2,1,1,1,2,1,1,1,1,1,1,1,1,1,1,1,0,1,1,1,1,1,1,1,0,1,1,2,1,1,1,1,1,0,1
"PTHR24361_SF225",1,1,1,1,1,1,1,1,2,1,2,2,1,2,2,3,1,2,1,2,1,1,2,1,2,1,2,2,1,1,2,1,2,1,2,2,1,1,2,1,2,2,1,2,1
"PTHR24361_SF226",1,1,1,1,1,1,1,1,1,1,1,1,1,1,1,1,1,1,1,1,1,1,1,1,1,1,1,1,1,1,1,1,1,1,1,1,1,1,1,1,1,1,1,1,1
"PTHR24361_SF240",1,1,1,1,1,1,1,1,1,1,1,1,1,1,1,1,1,1,1,1,1,1,1,1,1,1,1,1,1,1,1,2,1,1,1,1,1,1,1,1,2,1,1,1,1
"PTHR24361_SF247",1,1,1,1,1,1,1,2,1,1,1,1,1,1,3,2,1,1,1,1,1,1,2,1,2,1,1,1,1,1,2,1,1,1,1,3,1,1,1,1,1,1,1,1,2
"PTHR24361_SF248",1,2,1,2,1,2,1,1,1,1,1,1,1,1,1,1,1,1,1,1,1,1,1,1,1,1,1,1,1,1,1,1,1,1,1,1,1,1,1,1,1,1,1,1,1
"PTHR24361_SF250",3,3,3,5,3,3,3,3,3,3,3,3,3,5,3,4,3,3,3,3,3,3,3,3,3,3,3,3,3,3,3,3,3,3,4,3,3,3,3,4,3,3,3,3,3
"PTHR24361_SF255",1,1,1,1,1,1,1,1,1,1,1,1,1,1,1,1,1,1,1,1,1,1,1,1,1,1,1,1,1,1,1,1,1,1,1,1,1,1,1,2,1,1,1,1,1
"PTHR24361_SF275",1,1,1,1,1,1,1,1,1,1,1,1,1,1,1,1,1,1,1,1,1,1,1,1,1,1,1,1,1,1,2,1,1,1,1,1,1,1,1,1,1,1,1,1,1
"PTHR24361_SF293",1,1,1,1,1,1,1,1,1,1,1,1,1,1,1,1,1,1,1,0,1,1,1,1,1,1,0,1,1,1,0,1,1,1,1,1,1,1,1,1,1,1,1,1,1
"PTHR24361_SF40",1,1,1,1,1,1,1,1,1,1,1,1,1,1,1,1,0,1,1,1,1,1,1,1,1,1,2,1,1,1,1,1,1,1,1,1,1,1,1,1,1,1,1,1,1
"PTHR24361_SF53",1,1,1,1,1,1,1,1,1,1,1,1,1,1,1,1,1,1,1,1,1,1,1,1,1,1,1,1,1,1,1,1,1,1,1,1,1,1,1,1,1,1,1,1,1
"PTHR24361_SF88",1,1,1,1,1,1,1,1,1,1,1,1,1,1,1,2,1,1,1,1,1,1,1,1,1,1,1,1,1,1,0,1,1,1,1,1,1,1,1,1,1,1,1,1,1
"PTHR24361_SF89",1,1,1,1,1,1,1,1,1,1,1,1,1,1,1,1,1,1,1,1,1,1,2,1,1,1,1,1,1,1,0,1,1,1,1,1,1,1,1,1,1,1,1,1,1
"PTHR24361_SF93",1,1,2,1,1,1,1,1,1,1,1,1,1,2,2,1,1,1,1,1,1,1,1,2,1,1,1,2,1,1,1,1,1,2,1,1,2,1,3,1,1,1,1,1,1
"PTHR24361_SF94",1,1,1,1,1,1,1,1,1,1,1,1,1,1,1,1,1,1,2,1,1,1,1,1,1,1,1,1,1,1,1,1,1,1,1,1,1,1,1,1,1,1,0,1,1
"PTHR24362_SF209",1,1,1,1,1,1,1,1,1,1,1,1,1,1,1,1,1,1,1,1,1,1,1,1,1,1,1,1,1,1,1,1,1,1,1,1,1,1,1,1,1,1,1,1,1
"PTHR24362_SF212",1,1,1,1,1,1,1,1,1,1,1,1,1,1,1,1,1,1,1,1,1,1,1,1,1,1,1,1,1,1,1,1,1,1,1,1,1,1,1,1,1,1,1,2,1
"PTHR24362_SF221",1,1,1,1,1,1,1,1,1,1,1,1,1,1,3,1,1,1,1,1,1,1,1,1,1,1,1,1,1,1,1,1,1,1,1,1,1,1,1,1,1,1,1,1,1
"PTHR24362_SF223",1,1,1,1,1,1,1,1,1,1,1,1,1,2,1,1,1,1,1,2,1,1,2,1,1,1,2,1,1,1,1,2,1,1,1,1,1,1,3,1,1,1,1,1,1
"PTHR24362_SF224",1,1,1,1,0,1,2,1,0,1,1,1,1,1,1,1,1,1,1,1,1,1,1,1,1,1,1,1,1,1,0,0,0,1,1,1,1,1,1,1,1,1,1,1,0
"PTHR24362_SF228",1,1,1,2,1,1,1,1,1,1,1,1,1,1,1,1,1,1,1,1,1,1,1,1,1,1,1,1,1,1,3,1,1,1,1,1,1,1,1,1,1,1,1,1,1
"PTHR24362_SF7",1,1,1,1,0,1,1,1,1,2,1,1,1,1,1,1,1,1,1,1,1,1,1,1,1,1,1,1,1,1,1,1,1,1,1,1,1,1,1,1,1,1,0,1,0
"PTHR24363",1,1,2,2,2,0,2,2,1,1,2,1,1,1,2,2,2,1,2,0,2,1,1,2,1,1,1,1,1,1,0,2,1,2,1,1,1,1,2,1,2,2,1,0,2
"PTHR24364",1,1,1,0,1,1,1,0,1,1,1,0,0,1,1,2,1,1,1,2,1,1,1,1,1,1,1,1,1,2,0,1,1,1,1,1,1,1,1,1,0,1,1,1,1
"PTHR24365_SF131",1,1,1,0,1,1,1,1,1,1,1,1,1,1,0,1,0,1,1,0,1,0,0,1,0,0,0,1,0,1,1,0,0,1,1,0,1,1,1,0,0,1,0,1,1
"PTHR24365_SF134",1,1,2,1,1,1,0,1,1,1,1,1,0,1,1,1,1,1,1,1,1,1,1,1,1,1,1,1,1,1,1,1,1,1,1,1,1,1,1,1,1,1,1,1,1
"PTHR24365_SF135",2,2,2,1,2,2,1,2,2,2,2,2,2,2,2,2,2,2,2,1,2,1,2,2,2,1,2,0,2,1,2,2,1,2,2,1,2,2,2,2,1,1,2,2,2
"PTHR24365_SF17",1,1,1,1,1,1,0,1,1,1,1,2,1,1,1,1,1,1,1,1,1,0,1,1,1,1,1,1,1,1,1,0,1,1,1,1,1,1,1,1,0,1,1,1,1
"PTHR24365_SF18",1,1,1,1,1,1,1,1,1,1,1,1,1,1,1,1,1,1,1,1,1,1,1,1,1,1,0,1,1,1,1,1,1,1,1,1,1,1,1,1,1,1,1,1,1
"PTHR24365_SF219",1,1,0,1,1,1,0,0,1,1,1,1,1,0,1,0,1,1,0,1,0,1,1,0,1,1,1,0,1,1,1,0,1,0,1,1,0,1,1,1,1,1,0,1,1
"PTHR24365_SF22",1,1,1,1,1,1,1,1,1,1,1,1,1,1,1,1,1,1,1,1,1,1,1,1,1,1,1,1,1,1,1,1,1,1,1,1,1,1,1,1,1,1,1,1,1
"PTHR24365_SF221",1,1,0,1,1,1,1,1,0,0,1,1,1,0,1,1,1,0,1,1,1,0,1,0,1,1,0,0,1,1,0,0,1,1,1,1,1,1,1,1,0,1,0,2,1
"PTHR24365_SF222",1,1,1,1,1,1,1,1,1,1,1,1,1,1,1,1,1,1,1,1,1,1,1,1,1,1,1,1,1,1,0,1,1,1,1,1,1,1,1,1,1,1,1,1,1
"PTHR24365_SF226",1,1,1,1,1,1,1,1,1,1,1,1,1,1,1,1,1,1,1,1,1,1,1,1,1,1,0,1,1,1,1,1,1,1,2,1,1,1,1,1,1,1,1,2,1
"PTHR24365_SF227",1,0,1,1,0,1,1,1,1,1,1,1,1,1,1,1,1,1,1,1,1,1,1,1,1,1,0,1,1,1,1,0,1,1,1,1,1,1,1,1,1,1,1,1,1
"PTHR24365_SF23",1,1,0,0,1,1,1,1,1,1,1,1,1,0,0,1,1,1,0,1,1,1,1,0,0,1,1,1,1,1,1,0,1,0,1,0,0,0,0,1,0,1,1,1,1
"PTHR24365_SF230",1,1,1,1,1,1,1,1,1,1,1,2,1,2,1,2,1,1,1,1,1,1,1,1,1,1,1,1,1,1,1,1,1,1,1,1,1,1,1,1,1,1,1,2,1
"PTHR24365_SF231",1,1,1,1,1,1,1,1,1,1,2,1,1,1,1,1,1,1,1,1,1,1,1,1,1,1,1,1,1,1,1,1,1,1,1,1,1,1,1,1,1,1,1,1,1
"PTHR24365_SF237",1,1,1,1,1,1,1,1,1,1,1,1,1,1,1,1,1,1,1,1,1,1,1,1,1,1,1,1,1,1,1,1,1,1,1,1,1,1,1,1,1,1,1,1,1
"PTHR24365_SF244",1,1,1,0,1,1,1,1,1,1,1,1,1,1,1,1,1,1,1,1,1,0,1,1,1,1,1,1,1,1,1,1,1,1,1,1,1,1,1,1,1,1,0,1,1
"PTHR24365_SF245",1,1,1,1,1,1,1,1,1,1,1,1,1,1,1,1,1,1,1,1,1,1,1,1,1,1,1,1,1,1,1,1,1,1,1,1,1,1,1,1,1,1,1,1,0
"PTHR24365_SF250",1,1,0,0,1,0,0,0,0,0,0,0,1,0,0,0,0,0,0,0,0,0,0,0,0,0,0,0,0,2,0,0,0,0,2,0,0,0,0,0,0,0,0,0,1
"PTHR24365_SF261",1,0,1,0,1,0,1,1,1,1,1,1,1,0,1,1,1,1,1,1,1,1,1,1,0,1,1,1,1,1,1,0,1,1,0,1,1,0,0,1,0,1,1,0,1
"PTHR24365_SF265",1,0,1,1,0,0,1,1,0,0,1,1,1,1,0,1,1,0,1,1,1,1,0,1,0,1,1,1,1,0,0,0,1,1,0,1,1,1,1,0,1,1,0,0,0
"PTHR24365_SF5",1,1,1,1,1,1,1,1,1,1,1,1,1,1,1,1,1,1,1,1,1,1,1,1,1,1,1,1,1,1,1,0,1,1,1,1,1,1,1,1,1,1,1,1,1
"PTHR24365_SF93",1,1,1,1,1,1,2,1,1,0,1,1,1,1,1,1,1,0,1,0,1,1,1,1,1,1,1,1,1,1,1,1,1,1,1,1,1,1,1,1,1,1,1,1,1
"PTHR24366_SF1",1,1,1,1,1,1,1,1,1,0,1,1,1,1,1,1,1,1,1,1,1,1,1,1,1,1,1,1,1,1,1,1,1,1,1,1,1,1,1,1,1,1,1,1,0
"PTHR24366_SF10",1,1,1,0,1,1,1,0,1,1,0,1,1,2,0,2,1,1,1,1,1,1,1,1,1,1,2,1,1,1,1,1,1,1,1,1,1,1,1,1,0,1,0,1,1
"PTHR24366_SF12",1,1,0,0,1,1,1,1,1,1,1,1,1,0,1,1,1,0,1,1,1,0,1,0,1,1,2,1,1,1,0,1,1,1,1,1,0,0,0,1,0,1,1,1,1
"PTHR24366_SF9",1,1,0,0,1,1,1,1,1,0,1,1,1,0,1,1,1,0,1,0,1,0,1,1,1,0,1,1,1,0,0,0,1,1,1,1,0,1,0,1,0,0,1,1,1
"PTHR24367_SF10",1,1,1,1,1,1,1,1,1,1,1,1,1,1,1,1,1,1,1,1,1,1,1,1,1,1,1,1,1,1,1,1,1,1,1,1,1,1,1,1,1,1,1,1,1
"PTHR24367_SF12",1,1,1,1,1,1,1,1,1,1,1,1,1,1,1,1,1,1,1,0,1,1,1,1,1,1,1,1,1,1,1,1,1,1,1,1,1,1,1,1,1,1,1,1,1
"PTHR24367_SF17",1,1,1,1,1,1,1,1,1,1,1,1,1,1,1,1,1,1,1,1,1,1,1,1,1,1,1,1,1,1,1,1,1,1,1,1,1,1,1,1,1,1,1,1,1
"PTHR24367_SF20",1,1,1,1,1,1,1,1,1,1,1,1,0,1,1,1,1,1,1,1,1,1,1,1,1,1,1,1,1,1,1,1,1,1,1,1,0,1,1,1,1,1,1,1,1
"PTHR24367_SF21",1,1,1,1,1,1,1,1,1,1,1,1,1,1,1,1,1,1,1,1,1,1,1,1,1,1,1,1,1,1,1,1,1,1,1,1,1,1,1,1,1,1,1,1,1
"PTHR24367_SF225",1,1,0,0,1,1,1,1,1,1,1,1,1,1,1,1,0,0,0,1,1,1,1,0,1,1,1,0,1,0,1,0,1,0,1,1,1,1,1,1,1,1,1,1,2
"PTHR24367_SF230",1,1,1,1,1,1,1,1,1,1,1,1,1,1,1,1,1,1,1,1,1,1,1,1,1,1,1,1,1,1,1,1,1,1,1,1,0,1,1,1,1,1,1,1,1
"PTHR24367_SF236",1,1,1,1,1,1,1,1,1,1,1,1,1,1,1,1,1,1,1,2,1,1,1,1,1,1,1,1,1,1,1,1,1,1,1,1,1,1,1,1,1,1,1,1,1
"PTHR24367_SF24",2,2,2,2,2,2,2,2,2,1,2,2,2,2,2,2,2,2,2,1,2,2,2,2,2,2,2,2,2,2,1,2,2,2,3,2,2,2,2,2,2,2,2,3,2
"PTHR24367_SF242",1,1,1,1,1,1,1,1,1,1,1,1,1,1,1,1,1,1,1,1,1,1,1,1,1,1,1,1,1,1,1,1,1,1,1,1,1,1,1,1,1,1,1,1,1
"PTHR24367_SF245",1,1,2,1,1,1,1,1,1,1,1,1,1,1,1,1,1,1,1,1,1,1,1,1,1,1,1,1,1,1,1,1,1,1,1,1,1,1,1,1,1,1,1,1,1
"PTHR24367_SF246",1,1,1,1,1,1,1,1,1,1,1,1,1,1,1,1,1,1,1,1,1,1,1,1,1,1,1,1,1,1,1,1,1,1,1,1,1,1,1,1,1,1,1,1,1
"PTHR24367_SF248",1,1,1,1,1,1,1,1,0,0,1,1,1,1,1,1,1,1,1,0,1,1,1,1,1,1,1,0,0,1,1,1,1,1,0,1,1,1,1,1,1,1,1,0,1
"PTHR24367_SF25",1,1,1,1,1,1,1,1,1,1,1,1,1,1,1,1,1,0,1,1,1,1,1,1,1,1,1,1,1,1,0,1,1,1,0,1,1,1,1,1,1,1,1,0,1
"PTHR24367_SF254",1,1,1,1,1,1,1,1,1,1,1,1,1,1,1,1,0,1,1,1,1,0,1,1,1,1,1,1,1,1,1,1,1,1,0,1,1,1,1,1,1,0,0,2,0
"PTHR24367_SF255",1,1,1,1,1,1,1,1,1,1,1,1,1,1,1,1,1,1,1,1,1,1,1,1,1,1,1,1,1,1,0,1,1,1,1,1,1,1,1,1,1,1,1,1,0
"PTHR24367_SF258",1,1,1,1,1,1,1,1,1,1,1,1,1,1,1,1,1,1,1,1,1,1,1,1,1,1,1,0,1,2,1,1,1,1,1,1,1,1,1,1,1,1,1,1,1
"PTHR24367_SF259",1,1,1,1,1,1,1,1,1,1,1,1,1,1,1,1,1,1,1,1,1,1,1,1,1,1,1,1,1,1,1,1,1,1,1,1,1,1,1,1,1,1,1,1,0
"PTHR24367_SF260",1,1,0,1,1,1,1,1,1,1,1,1,1,1,1,1,1,0,1,0,1,1,1,1,1,1,1,1,0,0,0,1,1,1,1,1,1,1,1,1,0,1,1,1,1
"PTHR24367_SF37",1,1,1,1,1,1,1,1,1,1,1,1,1,1,1,1,1,1,1,1,1,1,1,1,1,1,1,1,1,1,1,1,1,1,1,1,1,1,1,1,1,1,1,1,1
"PTHR24367_SF9",1,1,1,1,1,1,1,1,1,1,1,1,1,1,1,1,1,1,1,1,1,1,1,1,1,1,1,1,1,1,1,1,1,1,1,1,1,1,1,1,1,1,1,1,1
"PTHR24368",2,3,3,2,2,3,2,3,3,3,3,3,3,3,3,3,3,2,3,3,3,1,3,3,3,3,3,3,3,3,3,3,3,3,2,3,3,3,3,2,2,3,2,2,2
"PTHR24369_SF1",1,1,1,1,1,1,1,1,1,1,1,1,1,1,1,1,1,1,1,1,1,1,1,1,1,1,1,1,1,1,1,1,1,1,1,1,1,1,1,1,1,1,1,1,1
"PTHR24369_SF10",1,1,1,1,1,1,1,1,1,1,1,1,1,1,1,1,1,1,1,1,1,2,1,1,1,1,1,1,1,1,1,1,1,1,1,1,1,1,1,2,1,1,1,1,1
"PTHR24369_SF11",1,1,1,1,1,1,1,1,1,1,1,1,1,1,1,1,1,1,1,1,1,1,1,1,1,1,1,1,1,1,1,1,1,1,1,1,1,1,1,1,1,1,0,1,1
"PTHR24369_SF12",1,1,1,1,1,1,1,1,1,1,1,1,1,1,1,1,1,1,1,0,1,1,1,1,1,1,1,1,1,1,1,1,0,1,1,1,1,1,1,1,1,1,1,1,1
"PTHR24369_SF14",1,1,1,1,1,1,1,1,1,1,1,1,1,1,1,1,1,0,1,1,1,1,1,1,1,1,1,1,1,1,1,1,1,1,1,1,1,1,1,1,1,1,1,1,1
"PTHR24369_SF15",1,1,1,1,1,1,1,1,1,1,1,1,1,1,1,1,1,0,1,1,1,1,1,1,1,1,1,1,1,1,1,1,1,1,1,1,1,1,1,1,1,1,1,1,1
"PTHR24369_SF18",1,1,1,1,1,1,1,1,1,1,1,1,1,1,1,1,1,1,1,1,1,1,1,1,1,1,1,1,1,1,1,1,1,1,1,1,1,1,1,2,1,1,2,1,1
"PTHR24369_SF2",1,1,1,1,1,1,1,1,1,0,1,1,1,1,1,1,1,1,1,1,1,1,1,1,1,1,1,2,1,1,1,1,1,1,1,1,1,1,1,1,1,1,1,1,1
"PTHR24369_SF23",1,1,1,1,1,1,1,1,1,1,1,1,1,1,1,1,1,0,1,1,1,1,1,1,1,1,1,1,1,1,1,1,1,1,1,1,1,1,1,1,1,1,0,1,1
"PTHR24369_SF24",1,1,1,1,1,1,1,1,1,0,1,1,1,1,1,1,1,1,1,1,1,1,2,1,1,1,1,1,1,1,0,1,1,1,1,1,1,1,1,1,1,1,1,1,1
"PTHR24369_SF29",1,1,1,1,1,1,1,1,1,1,0,1,1,1,1,1,1,1,1,0,1,1,1,1,1,1,1,1,1,1,1,1,0,1,1,1,1,1,1,1,1,1,1,1,1
"PTHR24369_SF3",1,1,1,1,1,1,1,1,1,1,1,1,1,1,1,1,1,1,1,0,1,1,1,1,1,1,1,0,1,1,1,1,1,1,1,1,1,1,1,1,1,1,0,1,1
"PTHR24369_SF30",1,1,1,1,1,1,1,1,1,1,1,1,1,1,1,1,1,1,1,1,1,1,1,1,1,1,1,1,1,1,1,1,1,1,1,1,1,1,1,1,1,1,0,1,1
"PTHR24369_SF4",1,1,1,1,1,1,1,1,1,1,1,1,1,1,1,1,1,1,1,1,1,1,1,1,1,1,2,1,1,1,1,1,1,1,1,1,1,1,1,1,1,1,0,1,1
"PTHR24369_SF5",1,1,1,1,1,1,1,1,1,1,1,1,1,1,1,1,1,1,1,1,1,1,1,1,1,1,1,1,1,1,1,1,1,1,1,1,1,1,1,1,1,1,1,1,1
"PTHR24369_SF54",1,1,1,1,1,1,1,1,1,1,1,1,1,1,1,1,1,1,1,1,1,1,1,1,1,1,1,1,1,1,1,1,1,1,1,1,1,1,1,1,1,1,1,1,1
"PTHR24369_SF55",1,1,1,1,1,0,1,0,0,1,1,1,1,1,0,1,1,1,1,1,1,1,1,1,1,1,1,1,1,1,1,0,1,1,1,1,1,1,1,1,1,1,1,1,1
"PTHR24369_SF59",1,1,1,1,1,1,1,1,1,0,1,1,1,1,1,2,1,1,1,1,1,1,1,1,1,1,1,1,1,1,0,1,1,1,1,1,1,1,1,1,1,1,1,1,1
"PTHR24369_SF6",1,1,1,1,1,1,1,1,1,1,1,1,1,1,1,1,1,1,1,1,2,1,1,1,1,1,1,1,1,1,1,1,1,1,1,1,1,1,1,1,1,1,0,1,1
"PTHR24369_SF61",1,1,1,0,0,0,1,1,0,1,2,1,1,1,0,1,0,1,1,0,0,0,1,1,1,0,1,1,1,0,1,0,1,1,1,0,0,0,1,1,0,1,1,1,1
"PTHR24369_SF7",1,1,1,1,1,1,1,1,1,1,1,1,1,1,1,1,1,1,1,0,1,1,1,1,1,1,2,1,1,1,1,1,1,1,1,1,1,1,1,1,1,1,1,1,1
"PTHR24369_SF8",1,1,1,1,1,1,1,1,1,0,1,1,1,1,1,1,1,1,1,1,1,1,1,1,1,1,1,1,1,1,1,1,1,1,2,1,1,1,1,1,1,1,0,1,1
"PTHR24369_SF9",1,1,1,1,1,1,1,1,1,1,1,1,1,1,1,1,1,1,1,1,1,1,1,1,1,1,2,1,1,1,1,1,1,1,1,1,1,1,1,1,1,1,1,1,1
"PTHR24370",2,2,2,2,2,2,2,2,2,2,2,2,2,2,1,2,2,1,2,1,2,2,2,2,2,2,2,2,2,2,2,2,2,2,2,2,2,2,3,2,2,2,2,2,2
"PTHR24371_SF11",1,1,1,1,1,1,1,1,1,1,1,1,1,1,1,1,1,1,1,2,1,1,1,1,1,1,1,1,1,1,1,1,1,1,1,1,1,1,1,1,1,1,1,1,1
"PTHR24371_SF14",1,1,1,1,1,1,1,1,1,1,1,1,1,1,1,1,1,1,1,1,1,0,1,1,1,1,1,1,1,0,1,1,1,1,1,1,1,1,1,1,1,1,1,2,1
"PTHR24371_SF15",1,1,1,1,1,1,1,1,1,1,1,1,1,1,1,1,1,1,1,1,1,1,1,1,1,1,1,1,1,1,1,1,1,1,1,1,1,1,1,1,1,1,1,1,1
"PTHR24371_SF4",1,1,1,1,1,1,1,1,1,1,1,1,1,1,1,1,1,1,1,1,1,1,1,1,1,1,1,1,1,1,1,1,1,1,1,1,1,1,1,1,1,1,1,1,1
"PTHR24371_SF5",1,1,1,1,1,1,1,1,1,1,1,1,1,1,1,1,1,1,1,1,1,1,1,1,1,1,1,1,1,1,1,1,1,1,1,1,1,1,1,2,1,1,1,1,1
"PTHR24371_SF52",1,1,1,1,1,1,1,1,1,1,1,1,1,1,1,1,1,1,1,1,1,1,1,1,1,1,2,1,1,1,1,1,1,1,1,1,1,1,1,1,1,1,1,1,1
"PTHR24371_SF53",1,0,0,0,1,0,0,0,0,1,1,1,0,0,0,0,0,0,0,1,0,0,0,0,0,0,0,0,0,0,0,0,1,0,1,0,0,0,0,0,0,0,0,0,0
"PTHR24371_SF54",1,1,1,1,1,1,1,1,1,1,1,1,1,1,1,1,1,1,1,1,1,1,2,1,1,1,1,1,1,1,1,1,1,1,1,1,1,1,1,1,1,1,1,1,1
"PTHR24371_SF56",1,1,1,1,1,1,1,1,1,1,1,1,1,1,1,1,1,1,1,1,1,1,1,1,1,1,1,1,1,1,1,1,1,1,1,1,1,1,1,2,1,1,1,1,1
"PTHR24371_SF60",1,1,1,1,1,1,1,1,1,1,1,1,1,1,1,1,1,1,1,1,1,1,1,1,1,1,1,1,1,1,1,1,1,1,1,1,1,1,1,1,1,1,1,1,1
"PTHR24371_SF61",1,1,0,1,0,1,1,1,1,1,1,1,1,0,1,1,1,1,1,1,1,1,1,1,1,1,1,1,1,1,0,1,1,1,1,1,0,1,1,1,0,1,0,1,1
"PTHR24371_SF8",1,1,1,1,1,1,1,1,1,1,1,1,1,1,1,1,1,1,1,1,1,1,1,1,1,1,1,1,1,1,1,1,1,1,1,1,1,1,1,2,1,1,1,1,1
"PTHR24372_SF0",1,1,1,1,1,1,1,1,1,1,1,3,1,1,1,1,1,1,1,1,1,1,1,1,1,1,1,1,1,1,1,1,1,1,2,2,1,1,1,1,1,1,1,1,1
"PTHR24372_SF1",1,1,1,1,1,1,1,1,1,1,1,1,1,1,1,2,1,1,1,1,1,1,1,1,1,1,1,1,1,1,1,1,1,1,1,1,1,1,1,1,1,1,1,1,1
"PTHR24372_SF5",1,1,2,1,1,1,1,1,1,1,1,1,1,1,1,1,1,1,1,1,1,1,1,1,1,1,1,1,1,1,1,1,1,1,0,1,1,1,1,1,1,1,1,1,1
"PTHR24373_SF1",1,1,1,1,1,1,1,1,1,1,1,1,1,1,1,1,1,1,1,1,1,1,1,1,1,1,1,1,1,1,0,1,1,1,1,1,1,1,1,1,1,1,1,1,1
"PTHR24373_SF10",1,1,1,1,1,1,1,1,1,1,1,1,1,1,1,1,1,1,1,0,1,1,1,1,1,1,1,1,1,1,1,1,1,1,1,1,1,1,1,1,0,1,1,1,1
"PTHR24373_SF103",1,1,1,1,1,1,1,1,1,1,1,1,1,1,1,2,1,1,1,1,1,1,1,1,1,1,1,1,1,1,1,1,1,1,1,1,1,1,1,1,1,1,1,1,1
"PTHR24373_SF104",1,1,1,1,1,1,1,1,1,1,1,1,1,1,1,1,1,1,1,1,1,1,1,1,1,1,1,1,0,0,0,1,1,1,1,1,1,1,1,1,1,1,1,1,1
"PTHR24373_SF107",1,1,1,1,1,1,1,1,1,1,1,1,1,1,1,1,1,1,1,1,1,1,1,1,1,1,1,1,1,1,1,1,1,1,1,1,1,1,1,1,1,1,1,1,1
"PTHR24373_SF11",1,2,1,1,1,1,1,1,0,1,1,1,1,1,1,1,1,1,1,1,1,1,1,1,1,1,1,1,1,1,1,1,1,1,1,1,1,1,1,0,1,1,0,1,1
"PTHR24373_SF12",1,1,0,0,0,1,0,0,0,1,1,1,1,0,0,1,0,1,0,1,1,0,1,0,1,1,1,0,0,1,1,0,1,0,0,1,1,1,1,2,0,1,1,0,0
"PTHR24373_SF14",1,1,1,1,1,1,1,1,1,1,1,1,1,1,1,1,1,1,1,0,1,1,1,1,1,1,1,1,1,1,1,1,1,1,1,1,1,1,1,1,1,1,0,1,1
"PTHR24373_SF15",1,1,1,1,1,1,1,1,1,1,1,1,1,1,1,1,1,2,1,1,1,1,1,1,1,1,1,1,1,1,1,1,1,1,1,1,1,1,1,1,1,1,1,1,1
"PTHR24373_SF25",1,1,1,1,1,1,1,1,1,1,1,1,1,1,1,1,1,1,1,1,1,1,1,1,1,1,1,1,1,1,1,0,1,1,1,1,1,1,1,1,1,1,1,2,1
"PTHR24373_SF3",1,1,1,1,1,1,1,1,1,1,1,1,1,1,1,1,1,1,1,1,1,2,1,1,1,1,1,1,1,1,1,1,1,1,1,1,1,1,1,1,1,1,1,0,1
"PTHR24373_SF31",1,1,1,1,1,1,1,1,1,1,1,1,1,1,1,1,1,1,1,1,1,1,1,1,1,1,1,1,1,1,1,1,1,1,1,1,1,1,1,1,1,1,1,1,1
"PTHR24373_SF33",1,1,1,1,1,1,1,1,1,1,0,1,1,1,1,1,1,1,1,1,0,1,1,1,1,1,1,1,1,1,1,1,1,1,0,1,1,1,1,1,1,1,1,1,1
"PTHR24373_SF34",1,1,1,1,1,1,1,1,1,1,1,1,1,1,1,1,1,1,1,1,1,1,1,1,1,1,2,1,1,1,1,1,1,1,1,1,1,1,1,1,1,1,1,1,1
"PTHR24373_SF36",1,2,1,1,1,1,1,1,0,1,1,1,2,0,1,1,1,1,1,1,1,1,1,1,1,1,1,1,1,1,1,1,1,1,1,1,1,1,2,1,1,1,1,2,1
"PTHR24373_SF37",1,1,1,1,1,1,1,1,1,1,1,1,1,1,0,2,1,1,1,1,1,1,1,1,1,1,1,1,1,1,1,1,1,1,0,1,1,1,1,1,1,1,0,0,1
"PTHR24373_SF38",1,1,1,1,1,1,1,1,1,1,1,1,1,1,1,1,1,1,1,1,1,1,1,1,1,1,1,1,1,1,1,1,1,1,1,1,1,1,1,1,1,0,1,1,1
"PTHR24373_SF39",1,1,1,1,1,1,1,1,1,1,1,1,1,1,1,1,1,1,1,1,1,1,1,1,1,1,1,1,1,1,1,1,1,1,1,1,1,1,1,1,1,1,1,1,1
"PTHR24373_SF5",1,1,1,1,1,1,1,1,0,1,2,1,1,1,1,1,1,1,1,1,1,0,1,1,1,1,1,1,1,1,1,1,1,1,1,1,1,1,1,1,1,1,1,1,1
"PTHR24373_SF7",1,1,0,1,1,1,1,1,1,1,1,1,1,1,1,1,1,1,0,1,0,0,1,0,1,1,1,1,1,1,1,1,1,0,1,1,1,1,1,1,1,1,1,1,0
"PTHR24373_SF9",1,1,2,1,1,1,1,0,1,1,1,1,1,1,0,1,0,0,1,0,1,0,1,1,1,1,1,1,1,1,1,0,1,1,1,1,1,1,1,1,1,1,0,1,1
"PTHR24373_SF97",1,1,1,1,1,1,0,1,1,1,1,1,1,1,1,1,1,1,1,1,1,1,1,1,1,1,1,1,1,1,1,1,1,1,1,1,1,1,1,1,1,1,0,1,1
"PTHR24373_SF99",1,1,1,1,1,1,1,1,1,1,1,1,1,1,1,1,1,1,1,1,1,1,1,1,1,1,1,1,1,0,1,1,1,1,1,1,1,1,1,1,1,1,1,1,1
"PTHR24375_SF101",1,2,1,1,1,2,1,1,1,1,2,2,1,1,1,1,1,1,1,1,1,1,2,1,1,1,1,1,2,1,1,1,1,1,1,1,1,1,1,1,1,1,0,2,1
"PTHR24375_SF108",1,1,1,1,1,1,1,0,0,1,1,1,1,1,1,2,0,1,1,1,1,1,1,1,0,1,0,1,1,1,1,1,1,1,0,0,1,1,1,0,1,1,1,0,1
"PTHR24375_SF112",1,1,1,1,1,1,1,1,1,1,1,1,2,1,1,1,1,0,1,0,1,1,1,1,0,1,2,1,1,1,0,0,1,1,0,0,1,1,1,1,1,1,1,0,1
"PTHR24375_SF115",1,1,0,0,1,1,1,1,1,1,1,1,1,1,1,0,1,1,0,1,0,1,1,0,1,1,1,0,1,1,1,1,0,0,0,1,0,1,0,0,0,1,1,0,1
"PTHR24375_SF123",1,1,1,1,1,1,1,1,1,1,1,1,1,1,1,1,1,1,1,1,1,1,1,1,1,1,1,1,1,1,1,1,1,1,1,1,1,1,1,1,1,1,1,1,1
"PTHR24375_SF124",2,0,0,0,1,2,0,0,1,3,0,0,1,0,0,0,0,0,0,0,0,0,3,0,1,0,0,1,0,0,2,0,1,0,14,1,0,0,0,1,0,1,0,10,0
"PTHR24375_SF131",1,0,2,2,1,1,2,1,1,1,1,1,1,2,1,3,1,0,2,0,1,1,2,2,1,0,1,2,1,1,1,1,1,2,2,1,2,1,2,2,2,1,1,1,1
"PTHR24375_SF133",1,1,1,1,1,1,1,1,1,1,1,1,1,2,1,1,1,0,1,0,1,1,0,1,0,0,0,1,1,1,1,1,1,1,0,0,1,1,1,0,1,1,1,0,1
"PTHR24375_SF18",1,1,1,1,1,1,1,1,1,1,1,1,1,1,1,1,1,1,1,1,1,1,1,1,1,1,1,1,1,1,1,1,1,1,1,1,1,1,1,1,1,1,1,1,1
"PTHR24375_SF2",1,1,1,1,1,1,1,1,1,1,1,1,1,1,1,1,1,1,1,1,1,1,1,1,1,1,0,1,1,1,1,1,1,1,1,1,1,1,1,1,1,1,1,1,1
"PTHR24375_SF21",1,0,1,1,1,1,1,1,1,1,1,1,1,1,1,1,1,1,1,1,1,1,1,1,1,1,1,1,1,1,1,1,1,1,0,1,1,1,1,1,1,1,1,1,1
"PTHR24375_SF23",1,1,1,1,1,1,1,1,1,1,1,1,1,1,1,1,1,0,1,0,1,1,1,1,1,1,1,1,1,1,1,1,1,1,0,1,1,1,1,1,1,1,1,0,1
"PTHR24375_SF3",1,1,1,1,1,1,1,1,1,1,1,1,1,1,0,1,1,1,1,1,1,1,1,1,1,1,1,1,1,1,1,1,1,1,0,1,1,1,1,1,1,1,1,1,1
"PTHR24375_SF38",1,1,1,2,0,1,1,1,1,1,1,1,1,1,1,1,1,1,1,1,1,1,1,1,1,1,1,1,1,1,1,1,1,1,1,1,1,1,1,1,1,0,1,1,1
"PTHR24375_SF4",2,1,1,1,1,1,1,1,1,1,1,1,1,1,1,1,1,1,1,1,1,1,1,1,1,1,2,1,1,1,1,2,1,1,1,1,1,1,1,1,1,1,1,1,1
"PTHR24375_SF44",1,1,1,1,1,1,1,1,1,1,1,1,1,1,1,1,1,1,1,1,1,1,1,1,1,1,1,1,1,0,1,1,1,1,1,1,1,1,1,1,1,1,1,2,1
"PTHR24375_SF5",1,1,0,1,1,1,1,1,1,1,1,1,1,1,1,1,1,1,1,1,1,1,1,1,1,1,1,1,1,1,1,1,1,1,1,1,1,1,1,1,1,1,1,1,1
"PTHR24375_SF68",1,1,1,1,1,1,1,1,1,1,1,2,1,1,1,1,1,1,1,0,1,1,1,1,1,1,1,1,1,1,10,1,1,1,20,1,0,1,1,2,1,1,1,37,1
"PTHR24375_SF95",1,0,2,1,0,0,1,0,0,0,2,0,0,2,0,2,0,0,2,0,1,0,0,2,0,0,0,2,0,0,0,0,0,2,0,0,2,0,2,0,1,0,0,0,0
"PTHR24375_SF96",1,1,1,1,1,1,1,1,1,1,1,1,1,1,1,1,1,1,1,1,1,1,1,1,1,1,2,1,1,1,0,0,1,1,1,1,1,1,1,1,1,1,1,1,1
"PTHR24375_SF97",1,1,1,1,1,1,1,1,1,0,1,1,0,1,1,1,1,0,1,0,1,1,1,1,1,1,1,1,1,1,1,1,1,1,0,1,1,0,1,1,1,1,1,0,1
"PTHR24376_SF1",1,1,0,0,1,1,1,1,0,0,1,1,1,1,0,1,1,0,0,0,1,0,1,0,0,1,1,1,1,0,0,0,1,0,0,1,1,1,1,1,1,1,0,0,1
"PTHR24376_SF14",1,0,1,1,1,0,1,0,0,0,0,0,1,1,0,1,0,0,1,0,1,0,0,1,0,0,0,1,0,0,0,0,0,1,0,0,1,1,1,0,1,0,1,0,1
"PTHR24376_SF15",1,1,1,1,1,1,1,1,1,1,1,1,1,1,1,1,1,1,1,1,1,0,1,1,1,1,1,0,1,1,1,1,1,1,0,1,1,1,1,1,1,1,1,0,1
"PTHR24376_SF16",6,22,2,2,1,18,9,5,2,10,6,7,5,2,2,3,4,6,7,5,4,8,11,5,3,1,9,2,3,14,12,0,31,5,37,14,1,1,3,10,4,10,6,28,3
"PTHR24377_SF1",1,1,1,1,1,1,1,1,1,1,1,1,1,1,1,2,1,0,1,1,1,1,2,2,1,1,1,1,1,1,1,1,0,2,0,1,2,1,1,2,1,1,1,0,1
"PTHR24377_SF105",1,1,2,1,1,1,1,0,0,1,1,1,1,1,1,3,1,0,2,0,1,3,0,1,1,0,1,2,1,1,1,1,1,2,0,1,1,1,2,0,2,1,1,0,2
"PTHR24377_SF112",1,1,1,1,1,1,1,1,1,1,1,1,1,1,1,1,1,1,1,0,1,1,1,1,1,1,1,1,1,1,1,1,1,1,0,1,1,1,1,2,1,1,1,0,1
"PTHR24377_SF113",1,1,1,1,1,1,1,2,1,1,1,1,1,1,1,1,1,1,1,1,1,0,1,1,1,1,1,1,1,1,1,1,1,1,0,1,1,1,1,1,1,1,1,0,1
"PTHR24377_SF118",1,4,1,1,1,2,1,0,1,1,1,1,1,1,0,1,0,0,1,1,1,1,1,0,0,1,0,0,1,2,1,0,0,1,0,1,1,1,1,1,0,1,0,0,1
"PTHR24377_SF120",1,1,1,1,2,1,1,1,0,1,2,2,1,1,1,1,1,1,1,1,1,2,1,1,0,1,0,1,1,1,1,0,1,1,0,0,1,1,1,2,1,1,1,0,1
"PTHR24377_SF121",1,1,2,1,1,1,1,1,0,1,2,1,1,1,1,2,1,0,1,1,1,1,1,1,0,1,1,1,2,1,0,1,1,1,0,1,1,1,1,1,1,1,1,0,1
"PTHR24377_SF122",1,1,1,1,1,1,1,1,1,1,1,1,1,1,1,1,1,1,1,0,1,1,0,1,1,1,1,0,1,0,0,0,0,1,1,1,0,1,1,1,0,1,1,1,0
"PTHR24377_SF123",1,1,1,1,1,1,1,1,1,1,1,1,1,1,2,1,1,1,1,1,1,1,1,1,1,1,2,1,1,1,1,1,1,1,0,1,1,1,1,1,1,1,1,0,1
"PTHR24377_SF124",1,0,1,1,0,0,2,0,0,0,0,1,1,1,0,2,0,0,1,0,1,1,8,1,1,1,7,1,1,0,0,0,0,1,0,3,1,1,1,6,1,0,0,0,0
"PTHR24377_SF129",1,0,0,1,1,0,0,0,0,1,1,1,1,0,0,0,0,0,1,0,1,1,0,1,0,1,0,0,1,0,0,0,0,1,2,0,0,1,0,0,0,0,0,1,1
"PTHR24377_SF131",1,0,0,0,1,0,0,0,0,0,1,0,1,0,0,0,0,0,0,0,0,0,0,0,0,1,0,0,1,0,0,0,0,0,0,0,0,1,0,0,0,0,0,0,1
"PTHR24377_SF132",1,0,1,1,1,1,1,1,1,0,1,1,1,1,0,1,0,0,1,1,1,1,0,1,0,1,0,1,1,0,1,0,1,1,0,0,1,1,1,0,1,0,1,0,1
"PTHR24377_SF139",1,1,1,1,1,1,1,0,1,1,1,1,2,1,1,1,1,1,1,1,1,1,1,1,1,1,1,1,1,0,1,1,1,1,1,1,1,1,2,1,1,1,1,1,1
"PTHR24377_SF140",1,1,1,1,1,1,1,1,1,1,1,1,1,1,1,1,1,1,1,0,1,1,1,1,1,1,1,1,1,1,1,1,1,1,0,1,1,1,1,1,1,1,1,0,1
"PTHR24377_SF141",1,0,1,1,1,0,1,0,0,3,1,1,1,2,0,3,0,0,1,0,1,0,0,1,0,1,0,2,1,0,0,0,0,2,0,0,1,2,1,1,1,0,2,0,1
"PTHR24377_SF146",1,2,1,1,1,1,1,1,1,1,1,1,1,1,3,2,1,1,1,1,1,1,1,1,1,1,1,0,1,1,1,1,1,1,0,2,1,1,1,1,1,0,1,0,1
"PTHR24377_SF147",2,1,1,1,1,1,1,1,1,3,2,3,1,1,1,2,0,0,1,0,1,1,0,1,0,0,0,2,1,1,2,0,2,2,0,1,2,1,1,0,1,1,1,1,1
"PTHR24377_SF149",2,0,3,1,1,1,1,2,1,6,6,4,4,1,1,2,0,0,3,0,3,3,8,3,4,0,4,2,2,0,11,0,4,2,0,7,1,2,1,8,1,2,1,0,1
"PTHR24377_SF152",1,0,1,1,2,1,1,1,1,1,1,1,2,1,1,1,1,1,1,0,1,1,1,1,1,1,3,1,1,1,1,1,1,1,4,1,1,2,1,1,1,2,1,6,2
"PTHR24377_SF159",1,0,1,1,0,0,1,1,1,0,1,1,1,1,0,1,0,0,1,0,1,1,0,1,0,1,0,1,1,0,0,0,1,1,0,0,1,1,1,0,1,0,0,0,0
"PTHR24377_SF166",1,1,2,1,1,0,1,0,0,0,1,1,1,1,1,2,1,0,2,1,2,0,1,2,1,1,0,1,1,1,1,1,0,2,1,0,2,1,2,0,1,1,1,0,0
"PTHR24377_SF167",3,0,1,1,1,0,2,0,0,1,1,2,1,1,0,3,0,0,1,0,1,1,0,1,0,1,0,1,1,0,1,0,1,1,0,1,1,1,1,0,1,1,3,0,1
"PTHR24377_SF169",2,0,1,1,0,0,0,0,0,1,2,1,1,1,0,2,0,0,1,0,0,1,0,1,0,0,0,1,1,0,0,0,0,1,0,0,1,1,1,0,1,1,1,0,0
"PTHR24377_SF172",2,3,2,2,2,2,2,1,1,1,1,1,2,3,1,3,1,0,2,0,2,2,1,2,1,2,1,2,2,2,1,1,2,2,0,1,2,2,2,2,2,2,2,0,2
"PTHR24377_SF174",1,1,1,1,1,1,1,1,1,1,1,1,1,0,1,2,1,0,1,0,1,1,1,1,0,1,2,1,1,1,1,1,1,1,0,2,1,1,1,2,1,1,1,0,1
"PTHR24377_SF179",1,1,1,1,1,0,1,1,1,1,3,2,1,1,0,3,0,0,1,0,1,1,0,2,1,2,0,3,1,1,1,0,1,1,11,0,1,1,1,0,2,1,1,11,1
"PTHR24377_SF180",1,1,1,1,1,2,1,1,1,1,1,1,0,1,1,1,1,0,1,1,1,1,1,1,1,1,1,1,1,1,1,2,1,1,0,1,1,1,1,1,1,1,1,0,1
"PTHR24377_SF185",1,2,1,1,1,0,1,1,1,0,0,1,1,1,1,1,1,1,1,1,1,1,1,1,1,0,1,1,1,0,1,0,1,1,0,1,1,1,1,1,1,1,1,0,0
"PTHR24377_SF188",7,2,2,1,2,1,1,0,0,0,1,2,4,1,0,3,0,1,2,0,2,0,0,2,0,1,0,1,2,1,0,0,0,2,0,0,1,1,1,0,1,3,1,0,1
"PTHR24377_SF189",2,1,2,1,1,1,1,1,1,1,1,1,1,2,1,2,1,1,2,1,1,1,2,1,1,2,1,1,2,1,1,2,0,2,0,2,2,1,2,2,1,1,1,0,1
"PTHR24377_SF190",1,0,1,0,0,0,0,0,0,1,1,1,0,1,0,1,0,0,1,0,1,1,0,1,0,0,0,1,0,0,0,0,0,1,0,0,1,1,1,0,0,0,0,0,0
"PTHR24377_SF195",1,1,1,1,1,1,1,0,0,1,1,1,2,1,0,1,0,0,1,0,1,1,0,1,0,1,0,1,1,1,1,0,0,1,0,0,1,1,1,0,1,0,1,0,0
"PTHR24377_SF196",1,1,1,1,1,1,1,0,0,1,1,1,1,0,0,1,0,0,1,1,1,1,0,1,0,1,0,1,1,1,0,0,0,1,0,0,1,1,1,0,1,1,0,0,0
"PTHR24377_SF2",1,1,1,1,1,1,1,0,0,0,1,0,1,1,0,1,0,0,1,0,1,1,0,1,0,1,0,1,1,1,0,0,1,1,0,0,1,1,1,0,1,1,1,0,1
"PTHR24377_SF206",2,3,0,1,0,1,0,0,0,0,4,6,2,0,0,0,0,0,0,0,0,0,0,0,0,2,0,0,1,1,1,0,2,0,0,0,0,0,0,0,1,1,0,0,0
"PTHR24377_SF207",1,1,1,1,1,1,1,1,0,2,1,1,1,1,1,1,0,0,1,1,1,1,0,0,0,2,0,1,1,1,1,0,1,1,0,0,1,1,1,0,1,1,0,0,1
"PTHR24377_SF208",1,1,1,1,2,1,1,0,0,0,1,1,1,1,0,1,0,0,1,0,1,0,0,1,0,1,0,1,0,1,0,0,0,1,0,0,1,1,1,0,2,1,1,0,1
"PTHR24377_SF209",1,2,1,1,1,1,1,1,0,1,1,1,1,1,1,2,0,0,1,1,1,1,0,1,0,0,0,1,1,2,1,0,1,1,0,1,1,1,1,0,1,1,1,0,2
"PTHR24377_SF211",2,1,1,1,2,1,0,2,0,2,1,4,1,1,1,2,2,1,1,1,1,2,1,2,2,1,1,1,1,1,1,0,2,1,17,1,1,1,1,2,1,1,1,26,1
"PTHR24377_SF212",1,2,1,1,1,2,1,0,0,2,1,1,1,3,1,1,0,0,1,1,1,1,0,1,0,1,0,2,1,1,2,0,0,1,1,0,2,1,2,0,1,1,1,0,1
"PTHR24377_SF214",1,1,1,1,1,1,1,1,1,1,1,1,1,1,1,1,1,0,1,0,1,1,1,1,1,0,0,1,1,0,1,1,1,1,1,1,1,1,1,1,1,1,1,1,1
"PTHR24377_SF216",1,0,1,0,1,1,0,0,0,0,0,1,1,1,0,1,0,0,1,0,1,0,0,1,0,2,0,1,1,1,0,0,0,1,0,0,1,1,2,0,1,1,0,0,1
"PTHR24377_SF217",1,1,1,1,1,1,1,1,1,1,2,1,1,1,1,2,1,1,1,1,1,1,1,1,1,1,1,1,1,1,3,1,1,1,0,1,1,2,1,1,1,1,1,1,1
"PTHR24377_SF218",1,1,1,1,1,1,1,1,1,1,1,1,1,1,1,1,1,1,1,1,1,1,1,1,0,1,1,1,1,1,1,1,0,1,0,1,1,1,1,1,1,1,1,0,1
"PTHR24377_SF219",1,1,1,1,1,1,1,0,0,0,1,1,1,1,0,1,0,0,1,0,1,1,0,1,0,0,0,1,1,1,0,0,1,1,0,0,1,1,1,0,1,0,1,0,1
"PTHR24377_SF22",1,1,1,1,1,1,1,1,1,1,1,1,1,0,1,1,1,1,1,1,1,1,1,1,1,1,1,1,1,1,1,1,1,1,0,1,1,1,1,1,1,1,1,0,1
"PTHR24377_SF224",1,0,1,1,1,0,1,0,0,1,1,1,1,1,0,1,0,0,1,0,1,1,0,1,0,1,0,1,1,1,0,0,0,1,0,0,1,1,1,0,1,0,1,0,1
"PTHR24377_SF227",1,2,1,0,0,2,0,1,0,2,2,2,0,1,0,1,0,1,1,0,2,2,5,0,3,0,4,1,1,1,2,0,1,1,13,3,0,1,1,5,0,1,0,8,0
"PTHR24377_SF232",1,1,1,1,1,1,1,1,0,1,1,1,1,1,2,1,1,0,1,0,1,1,0,1,0,1,0,1,1,1,1,1,1,1,0,1,1,1,1,0,1,1,1,0,1
"PTHR24377_SF237",1,1,1,1,1,1,1,1,1,1,0,1,1,1,1,1,1,1,0,0,0,0,1,1,1,1,0,1,0,1,1,1,1,1,1,1,1,0,1,1,1,1,1,1,0
"PTHR24377_SF238",1,2,0,1,2,0,0,0,0,0,0,0,0,0,0,0,0,0,0,0,1,1,0,0,0,1,0,0,1,0,1,0,0,0,0,0,0,1,0,0,0,0,0,0,1
"PTHR24377_SF239",9,1,1,1,13,6,3,5,3,0,1,0,7,2,4,4,4,0,0,0,3,2,22,2,9,11,8,2,14,0,0,0,15,1,0,14,2,4,3,8,2,6,2,0,10
"PTHR24377_SF240",2,0,1,1,1,1,2,0,0,1,0,1,2,1,1,1,0,0,1,0,1,2,0,1,0,1,1,1,1,2,1,0,1,1,4,0,1,0,1,0,1,1,1,6,0
"PTHR24377_SF245",6,5,5,4,6,7,8,2,2,8,6,9,5,5,3,6,3,1,5,7,8,4,0,5,1,2,1,3,6,8,4,1,7,5,31,0,5,5,6,1,5,9,4,27,5
"PTHR24377_SF246",1,1,1,1,1,1,1,1,1,1,1,1,1,1,1,1,1,1,1,1,1,1,1,1,1,1,0,1,1,1,1,1,2,1,0,1,1,1,1,1,1,1,1,0,1
"PTHR24377_SF248",1,1,1,1,1,1,1,1,1,2,1,1,1,1,3,2,1,1,1,1,1,1,1,1,1,1,1,1,1,1,1,1,1,1,0,1,1,1,1,1,1,1,1,0,1
"PTHR24377_SF249",1,2,1,1,1,1,1,0,0,0,4,3,1,1,0,2,0,0,1,0,1,1,0,1,0,0,0,1,1,2,1,0,1,1,0,0,1,0,1,0,1,0,0,0,0
"PTHR24377_SF250",2,0,1,1,2,0,0,0,0,1,2,2,1,1,1,2,0,0,1,0,1,1,0,1,0,2,0,1,1,0,1,1,0,1,0,0,1,1,1,0,1,3,2,0,2
"PTHR24377_SF251",1,1,1,1,1,1,1,1,1,1,1,2,1,1,1,1,1,1,1,1,1,1,0,1,1,1,3,1,1,1,1,2,0,1,0,1,1,1,1,0,1,1,1,0,1
"PTHR24377_SF253",1,1,1,1,1,1,2,1,1,1,1,1,1,1,1,1,1,1,1,0,1,1,1,1,1,1,1,1,1,1,1,2,1,1,0,1,1,1,1,2,1,1,1,0,1
"PTHR24377_SF257",1,0,0,0,0,0,0,0,0,0,0,0,0,0,0,0,0,0,0,0,1,0,0,0,0,0,0,0,0,0,0,0,0,0,4,0,0,0,0,0,0,0,0,1,0
"PTHR24377_SF258",1,2,0,0,1,2,0,0,0,1,0,3,1,0,0,0,0,0,0,1,0,1,0,0,0,1,0,0,1,1,1,0,0,0,0,0,0,2,0,0,0,2,4,0,1
"PTHR24377_SF262",1,0,0,0,1,0,1,1,1,0,0,0,0,0,1,0,1,0,0,0,0,1,1,0,1,1,1,0,1,0,0,1,0,0,0,0,0,0,0,1,1,0,0,0,1
"PTHR24377_SF265",1,0,0,0,1,0,0,0,0,1,0,0,2,0,0,0,0,0,0,0,0,1,0,0,0,1,0,0,1,0,1,0,1,0,0,0,0,0,0,0,0,0,0,0,1
"PTHR24377_SF267",1,3,1,1,2,4,1,0,0,8,3,0,1,1,1,2,0,1,1,0,2,1,5,1,1,2,0,0,1,1,1,0,2,0,9,1,0,1,2,0,0,5,3,10,3
"PTHR24377_SF269",1,1,1,1,1,1,1,0,0,1,1,1,1,1,1,1,0,0,1,1,1,1,0,1,0,0,1,1,2,0,1,0,1,1,1,1,1,1,1,0,1,1,1,2,1
"PTHR24377_SF272",1,0,0,0,1,0,0,0,0,0,1,1,2,0,0,0,0,0,0,0,0,0,0,0,0,1,0,0,0,0,0,0,1,0,0,0,0,0,0,0,0,1,0,0,1
"PTHR24377_SF273",1,1,1,1,1,1,1,0,0,1,1,1,1,1,0,7,1,0,1,0,1,0,0,1,0,0,0,1,0,1,1,0,1,1,0,0,1,0,1,0,1,1,1,0,1
"PTHR24377_SF274",6,12,3,4,8,5,4,5,6,18,12,6,11,5,6,6,4,3,3,3,5,9,5,3,7,8,15,5,7,7,39,1,9,7,84,10,4,7,4,5,4,7,6,148,11
"PTHR24377_SF278",1,1,1,1,1,1,1,1,1,1,1,1,1,1,1,1,1,1,1,0,1,1,1,1,1,1,1,1,1,1,1,1,1,1,1,1,1,1,1,1,1,1,1,0,1
"PTHR24377_SF280",1,1,1,1,0,1,1,1,0,1,1,1,1,1,2,2,1,0,1,0,1,1,0,1,0,1,0,1,1,1,1,1,1,1,0,0,1,1,1,0,1,1,1,0,1
"PTHR24377_SF282",1,1,1,1,1,1,1,0,0,1,1,1,1,1,1,1,0,0,1,1,1,1,0,1,0,1,2,2,1,0,1,0,1,1,0,1,1,1,1,3,1,1,1,0,1
"PTHR24377_SF284",1,1,1,1,1,1,1,1,1,0,1,1,1,2,1,1,1,0,1,0,1,1,1,2,1,0,0,2,1,1,1,1,1,2,0,0,2,1,2,2,1,1,1,0,1
"PTHR24377_SF286",1,1,1,1,1,1,1,1,1,1,1,1,1,1,1,1,1,1,1,1,1,1,1,1,1,1,1,1,1,1,1,1,1,1,1,1,1,1,1,1,1,1,1,0,1
"PTHR24377_SF288",3,1,1,1,6,1,1,1,0,2,6,7,1,1,1,2,1,0,1,1,2,1,0,1,0,2,1,1,2,3,1,0,1,1,0,0,1,1,2,0,1,1,1,0,4
"PTHR24377_SF33",1,1,1,1,1,1,1,1,1,1,1,1,1,1,1,1,1,1,1,0,1,1,1,1,1,1,1,1,1,0,2,1,1,1,0,1,1,1,1,1,1,1,0,0,1
"PTHR24377_SF34",1,1,1,1,1,1,1,1,1,1,0,1,1,1,1,1,1,0,1,0,1,1,0,1,0,1,0,1,1,1,1,1,1,1,0,1,1,1,1,0,1,1,1,0,1
"PTHR24377_SF36",1,2,1,1,1,1,1,1,0,1,1,1,1,1,1,1,1,0,1,1,1,1,0,1,0,1,0,1,1,1,2,0,1,2,0,0,1,1,1,0,1,1,1,0,0
"PTHR24377_SF37",1,1,1,1,1,1,1,0,0,1,1,1,1,1,0,1,1,0,1,0,1,1,1,1,1,1,0,1,2,1,0,0,1,1,0,0,1,1,1,0,1,1,1,0,1
"PTHR24377_SF38",3,3,1,0,2,2,1,0,0,6,5,5,9,1,0,1,0,1,1,0,1,1,1,1,0,3,0,2,4,5,1,0,1,1,0,0,1,8,1,0,0,2,3,0,3
"PTHR24377_SF5",2,1,1,1,1,1,1,1,1,1,2,1,1,1,1,1,1,0,1,1,1,1,0,1,0,1,0,1,1,1,1,1,1,1,0,0,1,1,1,1,1,1,1,0,1
"PTHR24377_SF63",1,2,2,2,2,2,2,0,0,0,3,2,1,2,1,2,2,0,2,0,2,2,0,2,0,1,0,2,2,2,1,0,2,2,0,0,2,1,2,0,2,2,2,0,3
"PTHR24377_SF70",1,1,1,2,1,1,1,1,0,1,2,2,1,1,1,1,1,0,1,1,1,1,0,2,0,0,0,1,1,1,1,0,1,1,0,1,1,1,1,0,1,1,1,0,1
"PTHR24377_SF82",1,1,1,1,1,1,2,0,0,2,2,1,1,1,0,1,1,0,1,1,1,1,2,1,0,1,0,1,2,1,1,0,2,1,0,1,1,1,1,0,1,1,1,0,1
"PTHR24377_SF85",2,2,0,2,3,2,2,2,2,2,2,2,4,4,2,3,2,1,2,4,2,2,2,2,2,2,2,3,2,2,2,3,2,2,0,2,3,2,17,2,2,2,2,0,3
"PTHR24377_SF87",1,1,1,1,1,1,1,1,1,1,1,1,1,1,1,1,1,0,1,0,1,1,1,1,1,1,1,1,1,1,1,1,1,1,0,1,1,1,1,1,1,1,1,0,1
"PTHR24379",3,2,19,19,5,2,16,15,16,6,16,33,4,20,15,29,6,0,21,1,16,15,24,20,18,4,21,23,5,4,6,3,6,20,0,24,19,4,21,20,16,13,4,0,5
"PTHR24381_SF0",1,1,1,2,2,1,1,0,0,1,0,1,1,1,1,1,0,0,1,0,1,1,0,1,0,0,0,1,1,1,1,0,2,1,0,0,1,1,1,0,2,2,1,0,1
"PTHR24381_SF114",1,0,1,1,1,0,1,0,0,0,1,1,1,1,0,1,0,0,1,0,1,1,0,1,0,1,0,1,1,0,0,0,0,1,0,0,1,1,1,0,2,0,1,0,1
"PTHR24381_SF115",1,1,1,1,1,1,1,1,1,1,1,1,1,1,1,1,1,0,1,2,1,1,1,1,0,1,0,1,1,1,1,1,1,1,0,1,1,1,1,0,1,1,1,0,2
"PTHR24381_SF117",1,0,1,1,1,1,1,1,1,0,1,2,2,1,3,1,3,0,1,0,1,1,1,1,1,1,1,1,1,0,2,2,0,1,0,2,1,0,1,1,1,0,1,0,1
"PTHR24381_SF118",1,1,0,0,0,1,1,1,0,2,1,1,1,1,1,1,0,1,1,1,1,0,1,1,1,1,2,1,0,0,1,0,1,1,0,1,1,1,1,1,0,1,0,0,1
"PTHR24381_SF119",2,2,1,1,1,3,1,1,1,1,1,1,2,1,1,1,1,0,1,0,1,1,0,1,1,2,0,1,2,3,1,0,1,1,0,1,1,1,1,1,1,1,1,0,1
"PTHR24381_SF124",1,1,1,1,1,1,1,1,1,1,1,1,1,1,1,2,0,0,1,1,1,1,0,1,0,1,0,1,1,1,1,1,1,1,0,0,1,1,1,0,1,1,1,0,1
"PTHR24381_SF125",2,1,2,2,2,1,3,0,0,1,1,2,1,2,0,2,0,0,2,0,2,1,0,2,0,1,0,2,1,3,0,0,3,3,0,0,2,1,2,0,2,2,1,0,1
"PTHR24381_SF126",1,2,1,1,1,1,1,0,0,0,2,2,1,1,0,2,1,0,1,0,1,1,0,1,0,1,0,1,1,1,0,0,0,1,0,0,1,1,1,0,1,1,1,0,1
"PTHR24381_SF133",1,1,1,1,1,1,1,0,0,54,4,1,2,1,0,1,0,0,1,0,1,1,0,1,0,1,0,1,1,2,0,0,1,1,0,0,1,1,1,0,1,1,1,0,2
"PTHR24381_SF135",1,0,1,1,1,0,1,0,0,1,1,1,1,1,0,1,1,1,1,0,1,1,0,1,0,1,0,1,1,0,0,0,1,1,0,0,1,1,1,0,1,1,1,0,1
"PTHR24381_SF138",1,1,1,1,1,1,0,0,0,0,1,1,1,1,0,1,1,0,1,0,1,1,0,1,0,0,0,1,1,1,0,0,0,1,0,0,1,1,1,0,1,1,1,0,0
"PTHR24381_SF140",1,2,1,1,1,1,1,1,1,1,1,2,1,1,1,1,0,0,1,0,1,1,0,1,0,1,0,1,1,1,1,0,0,1,0,0,1,1,1,0,1,1,1,0,1
"PTHR24381_SF142",1,0,1,1,1,0,0,0,0,0,1,1,1,1,0,1,0,0,1,0,1,1,0,1,0,1,0,1,1,0,0,0,0,1,0,0,1,1,1,0,1,0,0,0,1
"PTHR24381_SF143",1,1,1,1,1,1,1,1,1,1,1,1,1,1,2,1,1,1,1,1,1,1,1,1,1,1,1,1,1,1,1,1,1,1,0,1,1,1,1,1,1,1,1,0,1
"PTHR24381_SF145",1,1,2,2,1,1,1,1,1,0,1,1,1,2,1,2,1,0,2,0,2,1,1,2,1,1,1,2,1,1,1,1,1,2,0,1,2,2,2,0,1,1,2,0,1
"PTHR24381_SF20",2,3,3,3,2,2,2,1,1,2,3,4,2,4,0,4,1,0,3,0,2,2,0,3,0,1,0,3,2,1,0,0,1,2,0,1,3,3,4,0,3,1,1,0,2
"PTHR24381_SF25",1,2,1,1,1,1,0,0,0,0,1,1,1,1,0,2,0,0,1,0,1,1,1,1,1,1,1,1,1,1,0,0,1,1,0,1,1,1,1,1,1,1,1,1,1
"PTHR24381_SF27",1,1,1,1,1,1,1,1,1,1,1,1,1,1,1,1,1,0,1,1,1,1,1,1,1,1,1,1,1,1,1,1,1,1,0,1,1,1,1,1,1,1,1,0,1
"PTHR24381_SF51",1,1,1,1,0,2,1,0,0,2,6,3,3,1,0,1,1,0,1,0,1,1,1,1,0,2,0,1,1,1,0,0,0,1,0,1,1,0,1,0,1,2,2,0,0
"PTHR24381_SF53",1,1,0,0,1,1,0,0,0,0,1,1,1,1,0,1,0,0,0,0,0,1,0,0,0,1,0,1,1,1,0,0,0,1,0,0,1,1,1,0,0,1,0,0,1
"PTHR24381_SF56",1,1,1,1,1,1,1,0,0,1,1,1,1,1,0,1,0,0,1,0,1,1,0,1,0,1,0,1,1,1,0,0,0,1,0,0,1,1,1,0,1,1,0,0,1
"PTHR24381_SF57",1,1,1,1,1,1,1,1,1,1,1,1,2,1,0,2,1,1,1,0,1,1,2,1,1,1,1,1,1,2,1,1,1,1,0,1,1,1,1,2,1,1,1,0,1
"PTHR24381_SF59",1,1,1,1,2,1,1,0,0,0,2,2,2,1,0,2,0,0,1,0,1,1,0,1,0,1,0,1,1,1,2,0,0,1,0,0,1,1,1,0,1,0,1,0,1
"PTHR24381_SF60",1,1,1,1,1,1,1,1,1,1,1,1,1,1,1,2,1,1,1,1,1,1,1,1,1,0,1,1,1,1,1,1,1,1,0,1,1,1,1,1,1,1,1,0,1
"PTHR24381_SF68",2,1,1,1,1,1,1,1,1,1,1,1,1,1,1,2,1,1,1,1,1,1,1,1,1,1,1,1,1,1,1,1,1,1,0,1,1,1,1,1,1,1,1,0,1
"PTHR24381_SF74",1,1,1,2,1,1,1,1,1,1,0,1,1,1,1,1,1,0,1,1,1,1,1,1,1,1,1,1,1,1,1,1,1,1,0,1,1,1,1,1,1,1,1,0,1
"PTHR24381_SF82",1,1,1,1,1,1,1,1,1,1,1,1,1,1,1,1,1,0,1,0,1,0,0,1,0,1,0,0,1,1,1,1,1,1,0,0,1,1,1,0,1,1,1,0,1
"PTHR24381_SF99",1,1,1,1,1,1,1,0,0,1,1,1,1,1,1,2,0,0,1,0,1,1,0,1,0,2,0,1,1,1,0,0,1,0,0,0,1,1,1,0,1,2,1,0,1
"PTHR24382_SF21",1,1,1,1,1,1,1,1,1,1,1,1,1,1,2,1,1,1,1,1,1,1,1,1,1,1,1,1,1,1,1,1,1,1,1,1,1,1,2,1,1,1,1,1,1
"PTHR24382_SF27",1,1,1,1,1,1,1,1,1,1,1,1,1,1,1,1,1,1,1,1,1,1,1,1,1,1,1,1,1,1,1,1,1,1,1,1,1,1,1,1,1,1,1,2,1
"PTHR24382_SF28",1,1,1,1,1,1,1,1,1,1,1,1,2,1,0,1,1,1,1,1,1,1,1,1,1,1,1,1,1,1,1,1,1,1,1,1,1,1,1,1,1,1,1,1,1
"PTHR24382_SF3",1,1,1,1,1,1,1,1,1,1,1,1,1,1,1,1,1,1,1,1,1,1,1,1,1,1,1,1,1,1,1,1,1,1,1,1,1,1,1,1,1,1,1,1,1
"PTHR24382_SF31",1,1,0,0,1,1,0,0,0,1,1,1,1,0,0,0,0,1,0,0,0,0,1,0,1,0,1,0,1,1,1,0,0,0,0,1,0,2,0,1,0,1,1,0,3
"PTHR24382_SF35",1,1,1,1,1,3,1,1,1,2,2,2,1,1,1,1,1,1,1,1,1,1,1,1,1,1,0,1,1,1,1,1,1,1,1,1,1,1,1,1,1,1,1,2,1
"PTHR24383",3,3,3,3,3,3,3,2,3,3,3,3,3,2,6,3,3,3,3,3,3,3,3,3,3,3,3,3,3,3,2,4,3,3,3,3,2,3,3,3,2,3,2,3,3
"PTHR24384",4,7,33,18,9,3,28,3,2,4,2,5,12,31,1,61,3,3,32,1,15,11,18,27,10,1,14,36,12,6,3,4,6,22,5,17,30,10,41,6,17,7,3,5,12
"PTHR24385_SF15",1,1,1,1,1,1,1,1,1,1,1,1,1,1,1,1,1,1,1,1,1,1,1,1,1,1,1,1,1,1,1,0,1,1,1,1,1,0,2,1,1,1,1,1,1
"PTHR24385_SF32",1,1,1,1,1,1,1,1,1,1,1,1,1,1,1,1,1,1,1,1,1,1,1,1,1,1,1,1,1,1,1,1,1,1,1,1,1,1,1,1,1,1,1,2,1
"PTHR24385_SF46",1,1,1,1,0,1,1,1,1,1,1,1,1,1,1,1,1,1,1,1,1,0,1,1,1,1,1,1,1,1,1,0,1,1,1,1,1,1,1,1,1,1,1,1,1
"PTHR24385_SF48",1,1,1,1,1,1,1,1,1,1,2,1,1,1,1,2,0,2,1,1,1,1,1,1,1,1,1,1,1,1,1,0,1,1,0,1,1,1,1,1,1,1,1,0,1
"PTHR24385_SF49",1,1,1,1,1,1,1,1,1,1,1,1,1,2,1,1,1,1,1,1,1,1,1,1,1,1,1,1,1,1,1,1,1,1,1,1,2,1,1,1,1,1,1,2,1
"PTHR24385_SF50",1,1,1,1,1,0,1,1,1,1,1,1,1,1,1,1,1,1,1,0,1,0,1,1,1,1,1,1,1,1,1,1,1,1,0,1,1,1,1,1,1,0,1,0,1
"PTHR24385_SF52",1,1,1,1,1,1,1,1,1,1,1,1,1,1,1,1,1,1,1,1,1,1,1,1,1,1,1,1,1,1,1,1,1,1,1,1,1,1,1,1,1,1,1,1,1
"PTHR24387_SF0",2,1,1,1,1,1,1,1,1,1,1,1,1,1,1,1,1,1,1,1,1,1,1,1,1,1,1,1,1,1,1,1,1,1,1,1,1,1,1,1,1,1,1,1,1
"PTHR24387_SF1",1,1,1,1,1,1,1,1,1,1,1,4,1,1,1,1,1,1,1,1,1,2,1,1,1,1,0,1,1,1,1,1,1,1,1,1,1,1,1,1,1,1,1,1,1
"PTHR24387_SF17",1,1,0,1,1,1,1,1,2,1,1,1,1,1,1,1,2,0,1,1,1,1,4,1,1,1,4,1,1,1,7,2,1,1,0,3,1,1,1,1,1,1,1,0,1
"PTHR24387_SF187",1,2,1,1,1,1,1,2,2,1,1,1,1,1,2,1,1,0,1,0,1,1,0,1,0,2,0,1,2,1,1,0,1,1,0,0,1,1,1,0,1,1,1,0,1
"PTHR24387_SF188",1,0,0,0,1,0,0,0,0,0,2,1,1,0,0,0,0,0,0,0,0,0,0,0,0,0,0,0,0,0,0,0,0,0,1,0,0,0,0,0,0,0,0,2,1
"PTHR24387_SF189",1,1,1,1,1,1,1,1,0,0,2,3,1,1,1,2,1,0,1,0,1,1,0,1,0,1,0,1,1,2,1,0,1,1,0,0,1,1,1,0,1,2,2,0,1
"PTHR24387_SF197",1,1,1,1,1,1,1,0,0,1,1,1,1,1,0,1,0,0,1,0,1,1,0,1,0,1,0,1,1,1,0,0,1,1,0,0,1,1,1,0,1,1,1,2,1
"PTHR24387_SF198",1,1,1,1,1,1,1,1,1,1,1,1,1,1,1,1,1,1,1,1,1,1,1,1,1,1,1,1,1,1,1,1,1,1,2,1,1,1,1,1,1,1,1,2,1
"PTHR24387_SF201",5,5,1,1,1,5,1,1,2,0,6,2,4,1,1,1,1,0,0,6,1,1,0,0,0,2,0,1,3,4,1,0,0,0,0,0,0,1,1,0,2,2,7,0,2
"PTHR24387_SF202",1,1,1,1,1,1,1,1,1,0,1,1,1,1,1,1,1,1,1,1,1,1,1,1,1,1,1,1,1,1,1,2,1,1,0,1,1,1,1,1,1,1,1,0,1
"PTHR24387_SF203",1,1,1,0,0,0,1,0,1,0,1,1,0,0,0,2,0,0,0,0,0,1,0,0,0,1,1,1,1,1,1,0,1,1,0,0,0,1,0,1,0,1,1,0,0
"PTHR24387_SF205",1,3,1,1,2,3,2,1,1,1,1,1,3,1,1,1,1,0,1,1,1,2,0,1,0,3,0,1,2,1,3,0,3,1,0,2,1,2,1,0,1,2,1,0,3
"PTHR24387_SF208",1,1,1,3,1,2,1,1,1,1,2,1,1,1,2,2,1,1,1,1,2,1,1,1,1,1,1,1,1,1,1,1,1,1,1,1,1,1,2,1,1,2,1,1,2
"PTHR24387_SF210",1,0,0,1,0,0,0,0,0,1,0,1,0,0,0,1,0,0,1,0,1,0,0,0,0,1,0,1,0,0,0,0,0,0,0,0,1,0,0,0,0,0,0,0,1
"PTHR24387_SF211",1,1,1,1,1,1,1,1,1,1,1,1,1,1,1,1,1,1,1,1,1,1,1,1,2,1,1,1,1,1,1,1,1,1,0,2,0,1,1,1,1,1,1,0,1
"PTHR24387_SF212",2,1,2,2,4,1,1,0,1,2,5,6,2,2,2,1,0,0,2,45,2,3,1,2,0,0,0,2,0,1,0,0,1,1,0,1,2,1,2,1,1,3,5,0,3
"PTHR24387_SF3",1,1,1,1,1,1,1,1,1,1,1,1,1,1,1,1,1,1,1,1,1,1,1,1,1,1,1,1,1,1,1,1,1,1,1,0,1,1,1,1,1,1,1,1,1
"PTHR24387_SF39",1,1,2,1,1,0,2,0,1,0,2,1,1,1,1,2,0,0,2,0,1,2,0,2,0,1,0,2,0,0,1,0,1,2,0,0,1,1,1,0,2,1,1,0,1
"PTHR24387_SF4",1,1,1,1,1,1,1,1,1,1,1,1,1,1,1,1,1,1,1,1,1,1,1,1,1,1,1,1,1,1,1,1,0,1,1,1,1,1,2,1,1,1,1,1,1
"PTHR24387_SF40",1,1,1,1,1,1,1,0,0,2,1,1,1,1,0,1,1,0,1,0,1,1,0,1,0,1,0,1,2,1,1,0,1,1,0,0,0,1,0,0,1,1,0,0,1
"PTHR24387_SF42",1,1,1,1,1,1,1,0,1,1,1,1,1,1,1,1,0,0,1,0,1,1,0,1,0,1,0,1,1,1,1,0,1,1,0,0,1,1,1,0,1,1,1,0,0
"PTHR24387_SF6",1,1,1,1,1,1,1,1,1,1,1,1,1,1,1,1,1,1,1,1,1,1,1,1,1,1,2,1,1,1,0,1,1,1,1,1,1,1,1,1,1,1,1,1,1
"PTHR24387_SF7",1,1,1,1,1,1,1,2,2,1,1,1,1,1,3,1,1,1,1,1,1,1,1,1,1,1,1,1,1,1,2,2,1,1,1,2,1,1,1,2,1,1,1,1,1
"PTHR24387_SF75",2,3,4,4,7,3,3,0,0,4,3,3,3,5,1,4,0,0,3,0,3,1,0,3,0,3,0,3,2,4,1,0,1,4,0,0,3,1,3,0,3,3,2,0,3
"PTHR24387_SF9",1,1,1,1,1,1,1,1,1,1,1,1,1,1,1,1,1,1,1,1,1,1,1,1,1,1,1,1,1,1,1,1,1,1,1,1,1,2,1,1,1,1,1,1,1
"PTHR24388",1,1,1,1,1,1,1,1,1,1,1,1,1,2,1,1,1,1,1,1,1,1,1,1,1,1,1,2,1,1,1,1,1,1,1,1,2,1,2,1,1,1,1,1,1
"PTHR24390_SF38",1,1,1,1,1,1,1,2,1,1,1,1,1,1,1,1,1,1,2,1,2,1,2,2,1,1,1,1,1,1,1,1,1,2,1,1,1,1,1,1,1,1,1,1,0
"PTHR24390_SF39",1,0,1,0,1,0,0,0,0,0,1,1,1,1,0,1,0,0,1,0,1,1,0,1,0,1,0,1,1,0,0,0,0,1,0,0,1,1,1,0,1,1,1,0,1
"PTHR24390_SF40",1,1,1,1,1,1,1,1,0,1,1,1,1,1,0,1,0,1,1,1,1,1,0,1,0,1,1,1,1,0,1,0,1,1,2,1,1,1,1,0,1,1,1,2,1
"PTHR24390_SF42",1,2,1,1,1,1,1,1,1,1,1,1,1,1,1,1,1,1,1,1,1,2,2,1,1,0,1,1,1,1,1,1,1,1,3,1,1,1,1,1,1,1,1,1,1
"PTHR24390_SF43",1,1,1,1,1,1,1,0,1,1,1,1,1,1,1,1,1,1,0,1,0,1,0,0,1,1,2,1,1,1,1,0,1,0,1,1,1,1,1,1,1,1,1,1,1
"PTHR24390_SF44",1,0,1,1,1,0,1,0,0,1,1,1,1,1,0,1,1,0,1,0,1,2,0,1,0,1,0,1,1,0,0,0,1,1,0,0,1,1,1,0,1,1,1,0,1
"PTHR24390_SF46",1,1,1,1,1,1,1,1,1,1,1,1,1,1,1,1,1,1,1,2,1,1,1,1,1,1,1,1,1,1,1,1,1,1,0,1,1,1,1,1,1,1,1,0,1
"PTHR24390_SF47",1,1,0,0,1,1,0,0,1,1,1,1,1,0,0,1,1,1,1,0,0,0,1,1,0,1,0,0,0,0,0,0,1,0,1,1,0,1,0,1,0,1,0,0,1
"PTHR24391",1,1,1,1,1,1,1,1,1,1,1,1,1,1,1,1,1,1,1,1,1,1,1,1,1,1,1,1,1,1,1,1,1,1,2,1,1,1,1,1,1,1,1,1,1
"PTHR24393_SF0",1,1,1,1,1,1,1,1,1,1,1,1,1,1,1,1,1,1,1,1,1,1,1,1,1,1,1,1,1,1,1,1,1,1,1,1,1,1,1,1,1,1,1,1,1
"PTHR24393_SF4",1,1,1,1,1,1,1,1,1,1,1,1,1,1,1,1,1,1,1,0,1,1,1,1,1,1,1,1,1,1,0,1,1,1,1,1,1,1,1,1,1,1,1,2,1
"PTHR24394",1,1,1,1,1,1,1,1,1,1,1,1,1,1,1,1,1,1,1,1,1,1,1,1,1,1,1,1,1,1,1,1,1,1,1,1,1,1,1,1,1,1,1,1,1
"PTHR24396",1,1,1,1,1,1,1,1,1,1,1,1,1,1,1,1,1,1,1,1,1,1,1,1,1,2,2,1,1,1,1,1,1,1,1,1,1,1,1,1,1,1,1,1,1
"PTHR24397_SF2",1,1,1,1,1,1,1,1,1,1,1,1,1,1,1,1,1,1,1,1,1,1,1,1,1,1,1,1,1,1,0,1,1,1,1,1,1,1,1,1,1,1,1,1,1
"PTHR24397_SF23",1,1,1,0,1,1,1,1,1,1,1,1,1,0,1,1,1,0,1,1,1,1,1,0,1,1,1,1,1,1,1,1,1,1,1,1,0,1,1,1,0,1,0,1,1
"PTHR24399",1,1,1,1,1,1,1,1,1,1,2,1,1,1,2,2,1,1,1,1,1,1,1,1,1,1,1,1,1,2,1,1,1,0,1,1,1,1,1,1,1,1,1,1,1
"PTHR24402_SF108",1,1,1,1,1,1,1,1,1,1,1,1,1,1,1,1,1,1,1,1,1,1,1,1,1,1,1,1,1,1,1,1,1,1,1,1,1,1,1,1,1,1,1,2,1
"PTHR24402_SF112",1,1,1,1,1,1,1,1,1,1,1,1,1,1,1,1,1,1,1,1,1,1,1,1,1,1,2,1,1,1,2,1,1,1,1,1,1,1,1,1,1,1,1,1,1
"PTHR24402_SF13",1,1,1,1,1,1,2,1,1,1,1,1,1,1,1,1,1,1,1,1,1,1,1,1,1,1,1,1,1,1,1,1,1,1,1,1,1,1,2,1,1,0,1,1,1
"PTHR24402_SF14",1,1,1,1,1,1,1,1,1,1,1,1,1,1,1,1,1,1,1,0,1,1,1,1,1,1,1,0,0,1,1,1,1,1,1,1,1,1,2,1,1,1,1,1,1
"PTHR24402_SF160",1,1,0,0,0,1,0,1,1,0,1,1,1,0,0,0,1,0,0,0,1,1,0,0,1,0,1,0,0,1,1,0,0,0,0,2,0,2,0,1,0,0,1,0,0
"PTHR24402_SF161",1,1,1,1,1,1,1,1,1,1,1,1,1,1,2,1,1,1,1,1,1,1,1,1,1,1,1,1,1,1,1,1,1,1,1,1,1,1,1,1,1,1,1,1,1
"PTHR24402_SF162",1,1,1,1,1,1,1,1,1,1,2,1,1,1,1,1,1,1,1,1,3,1,1,1,1,1,1,1,1,1,1,1,1,1,2,1,1,1,1,1,1,1,1,1,1
"PTHR24402_SF165",1,1,1,1,1,1,1,1,1,1,1,1,1,1,1,1,1,1,1,1,1,1,1,1,1,1,1,1,1,1,1,1,1,1,1,1,1,1,1,1,1,1,1,1,1
"PTHR24402_SF170",1,1,1,1,1,1,1,1,1,1,1,1,1,1,1,1,1,1,1,1,1,1,1,1,1,1,1,1,1,1,2,1,1,1,2,1,1,1,1,1,1,1,1,3,1
"PTHR24402_SF175",1,1,1,1,1,1,1,0,0,1,1,1,1,1,1,1,1,1,1,1,1,1,1,1,0,1,1,1,1,1,1,0,1,1,0,1,1,1,1,0,1,1,1,0,1
"PTHR24402_SF176",1,0,2,1,1,0,2,0,0,0,1,1,0,2,0,6,0,0,2,0,1,0,0,2,0,0,0,2,0,0,0,0,0,2,0,0,2,0,2,0,1,1,0,0,0
"PTHR24402_SF179",1,1,1,1,1,1,1,0,1,0,0,1,1,1,0,8,0,1,1,0,1,1,1,1,0,1,1,1,1,1,1,0,1,1,0,0,1,0,1,1,1,0,1,0,1
"PTHR24402_SF180",1,1,1,1,1,1,1,1,1,1,1,1,1,1,1,1,1,1,1,1,1,1,1,1,1,1,1,1,1,1,2,1,1,1,1,1,1,1,1,1,1,1,1,1,1
"PTHR24402_SF182",1,1,1,1,1,1,1,1,1,1,1,1,1,1,1,1,1,1,1,1,1,1,1,1,1,1,1,1,1,1,1,1,1,1,1,1,1,1,1,1,1,1,1,1,1
"PTHR24402_SF183",1,1,1,1,1,1,1,1,0,1,1,1,1,1,0,1,0,0,1,1,1,1,0,1,0,1,0,1,1,1,1,0,1,1,0,0,1,1,2,0,1,1,1,0,1
"PTHR24402_SF189",1,1,1,1,1,1,1,0,0,0,1,1,0,0,0,0,0,1,1,1,1,1,0,1,0,1,0,1,1,1,1,0,1,1,0,0,0,1,0,0,1,1,0,0,1
"PTHR24402_SF193",1,1,1,1,1,1,1,1,1,1,1,1,1,1,1,1,1,1,1,1,1,1,1,1,1,1,1,1,1,1,1,1,1,1,1,1,1,1,1,1,1,1,1,2,1
"PTHR24402_SF194",1,1,0,0,1,0,0,0,0,0,1,2,2,0,0,0,0,0,0,0,0,0,0,0,0,2,0,0,2,1,2,0,1,0,0,0,0,2,0,0,0,2,1,0,1
"PTHR24402_SF199",1,1,1,1,1,1,1,1,1,1,1,1,1,1,1,1,1,1,1,1,1,1,1,1,1,1,1,1,1,1,1,1,1,1,1,1,1,1,1,1,1,1,1,1,1
"PTHR24402_SF201",1,1,1,1,1,1,1,1,1,1,1,1,1,1,1,1,1,1,1,1,1,1,1,1,1,1,1,1,1,1,1,1,0,1,0,1,1,1,1,1,1,1,0,0,1
"PTHR24402_SF202",1,0,1,2,1,1,1,1,1,1,1,1,1,1,1,1,1,1,1,1,1,1,1,1,1,1,1,1,1,1,1,1,1,1,1,1,1,1,1,1,1,1,1,1,1
"PTHR24402_SF204",1,1,1,1,1,2,1,1,1,2,1,1,1,1,2,2,2,1,1,1,2,1,2,1,2,1,2,2,1,1,1,1,2,1,1,2,1,1,1,1,1,1,1,1,1
"PTHR24402_SF208",1,2,1,1,1,1,1,1,1,1,1,1,1,1,1,1,1,1,1,0,1,1,1,1,1,0,1,1,1,1,0,2,1,1,1,1,1,1,1,1,1,1,1,1,1
"PTHR24402_SF4",1,1,1,1,1,1,1,1,1,1,1,1,1,1,1,1,1,1,1,1,1,1,1,1,2,1,1,1,1,1,1,1,1,1,1,1,1,1,1,1,1,1,1,1,1
"PTHR24402_SF42",1,0,1,0,0,0,0,0,0,1,1,1,0,1,0,1,0,0,1,0,1,1,5,0,0,1,3,0,0,0,0,0,1,1,0,0,1,0,1,0,0,0,1,0,0
"PTHR24402_SF5",1,2,1,1,1,1,1,1,1,2,0,1,1,1,1,1,1,1,1,1,1,1,1,1,1,1,1,1,1,1,1,2,1,1,2,1,2,2,1,1,1,1,1,1,1
"PTHR24402_SF54",1,1,1,1,1,1,1,0,0,1,1,1,1,1,0,1,1,0,1,0,1,1,0,1,0,1,0,1,1,1,1,0,1,1,0,0,1,1,1,0,1,0,1,0,1
"PTHR24402_SF55",1,1,1,1,1,1,1,1,1,1,1,1,1,1,1,1,1,1,1,1,1,1,1,1,1,1,1,1,1,1,1,1,1,1,1,1,0,1,1,2,1,1,1,1,1
"PTHR24402_SF57",1,0,1,2,1,1,1,1,0,1,1,1,0,1,1,1,0,1,1,0,1,1,38,1,4,1,4,1,1,1,1,1,0,1,0,8,1,0,1,6,1,1,1,2,1
"PTHR24402_SF6",1,1,1,1,1,1,0,1,1,1,1,1,1,1,1,1,1,1,1,0,1,1,1,1,1,1,1,1,1,1,1,1,1,1,1,1,1,1,1,1,1,1,1,1,1
"PTHR24402_SF64",1,1,1,1,1,1,1,1,1,1,1,1,1,1,1,1,1,0,1,1,1,1,0,1,0,1,0,1,1,1,1,0,1,1,1,0,1,1,1,0,1,1,1,2,1
"PTHR24402_SF66",1,1,1,1,1,1,2,0,0,1,0,1,1,1,1,1,1,0,1,1,1,1,0,1,0,1,0,1,1,0,0,0,1,1,1,0,1,1,1,0,1,1,1,1,1
"PTHR24402_SF71",1,1,1,1,1,1,1,1,1,2,1,1,1,1,1,1,1,1,0,0,1,1,0,1,0,1,0,1,1,1,1,0,1,1,0,0,1,1,1,0,1,1,1,0,1
"PTHR24402_SF9",1,1,1,1,1,1,1,1,1,1,1,1,1,1,1,1,1,1,1,1,1,1,1,1,1,1,1,1,1,1,1,1,1,1,1,1,1,2,2,1,1,1,1,2,1
"PTHR24403_SF27",2,2,1,1,1,1,1,1,1,2,1,1,1,1,1,1,1,1,1,2,1,1,1,1,1,1,1,1,1,2,2,1,1,1,1,1,1,2,1,2,1,1,1,1,1
"PTHR24403_SF31",1,1,1,1,1,1,1,1,1,1,1,1,1,1,1,1,1,1,1,1,1,1,1,1,1,1,1,1,1,1,1,1,1,1,1,0,1,1,1,1,1,1,1,1,1
"PTHR24404_SF1",1,1,1,1,1,1,1,1,1,1,1,1,1,1,1,1,1,1,1,1,1,1,1,1,1,1,3,1,1,1,1,1,1,1,1,1,1,1,1,1,1,1,1,1,1
"PTHR24404_SF11",1,2,1,1,1,2,1,1,1,2,1,2,1,1,1,1,0,0,1,1,1,1,0,1,0,1,0,1,1,1,1,0,1,1,0,0,1,1,1,0,1,3,2,0,1
"PTHR24404_SF22",1,1,1,1,1,1,1,1,1,1,1,1,1,1,1,1,1,1,1,1,1,1,1,1,1,1,1,1,1,1,1,1,1,1,0,1,1,1,1,1,1,1,1,0,1
"PTHR24404_SF23",1,1,1,1,1,1,1,1,1,1,1,1,1,1,1,1,1,1,1,1,1,1,1,1,1,1,1,1,1,1,1,1,1,1,1,1,1,1,1,1,1,1,1,1,1
"PTHR24404_SF26",1,1,1,1,1,1,1,0,0,1,1,1,1,1,1,1,1,0,1,0,1,1,0,1,0,1,0,1,1,1,1,0,1,1,0,0,1,1,1,0,1,1,1,0,1
"PTHR24404_SF28",1,1,1,1,1,1,1,1,1,1,1,1,1,1,1,1,1,1,1,1,1,1,1,1,1,1,1,1,1,1,1,1,1,1,1,1,1,1,1,1,1,1,1,1,1
"PTHR24404_SF29",1,1,1,1,1,1,1,1,1,1,1,1,1,1,1,1,1,1,1,1,1,1,1,1,1,1,1,1,1,1,1,1,1,1,1,1,1,1,1,1,1,1,1,1,1
"PTHR24404_SF3",1,1,2,1,1,1,1,1,1,1,1,1,1,1,3,1,1,1,2,1,1,3,1,2,1,1,1,1,1,2,1,1,2,1,1,1,1,1,1,1,1,1,1,1,1
"PTHR24404_SF31",1,1,1,1,1,1,1,1,1,2,1,2,1,1,1,1,1,1,1,2,1,1,1,1,1,1,1,1,1,1,1,1,1,1,1,1,1,1,1,1,1,1,1,1,1
"PTHR24407_SF12",1,0,8,6,1,0,7,0,0,0,0,0,1,9,0,19,0,0,9,0,3,2,0,7,0,0,0,8,1,0,1,0,0,8,0,0,12,0,10,0,2,0,0,0,0
"PTHR24408_SF1",1,1,0,1,1,1,1,0,1,1,1,1,1,1,1,1,1,1,1,0,1,1,1,1,1,1,1,0,1,1,0,1,1,1,1,0,0,1,0,1,1,1,1,1,1
"PTHR24409_SF10",3,2,1,1,1,2,1,0,1,1,1,3,3,0,1,1,1,1,0,0,2,0,2,1,1,0,3,1,0,0,2,0,13,2,15,3,0,0,1,1,0,1,0,7,1
"PTHR24409_SF11",1,0,0,0,0,0,0,1,1,1,0,0,0,0,0,0,0,1,0,0,0,0,3,0,0,1,1,1,0,0,0,1,0,0,2,1,0,0,0,1,0,1,1,1,2
"PTHR24409_SF15",1,1,1,1,1,1,1,1,1,1,1,1,1,1,1,1,1,1,1,1,1,1,1,1,1,1,2,2,1,1,1,1,1,1,1,1,1,1,1,1,1,1,1,1,1
"PTHR24409_SF17",1,1,1,1,1,1,1,1,1,1,1,2,1,1,1,1,1,1,1,1,1,1,1,1,1,1,0,1,1,1,1,1,1,1,1,1,1,1,1,1,1,1,1,1,1
"PTHR24410",4,6,2,3,3,3,4,3,3,3,3,3,2,4,3,3,3,3,3,2,3,3,3,3,3,3,3,4,2,3,2,3,3,3,3,3,3,4,3,3,3,3,1,4,3
"PTHR24411",5,5,6,6,5,5,5,4,5,4,5,5,5,7,6,6,5,5,6,4,4,6,5,6,5,4,4,7,4,4,4,5,5,6,3,5,7,6,7,6,6,4,4,5,4
"PTHR24412_SF10",1,1,1,1,1,1,1,1,1,1,1,1,1,1,1,1,1,1,1,1,1,1,1,1,1,1,1,1,1,1,1,1,1,1,0,1,1,1,1,1,1,1,1,1,1
"PTHR24412_SF11",2,1,2,2,2,1,2,1,2,1,1,1,2,2,1,2,2,1,2,2,2,1,2,2,2,2,2,1,2,1,2,1,2,2,2,1,2,2,2,2,2,1,1,2,2
"PTHR24412_SF123",1,1,1,1,1,1,1,1,1,1,1,1,1,1,1,1,1,1,1,1,1,1,1,1,1,1,1,1,1,1,1,1,1,1,1,1,1,1,1,1,1,1,1,1,1
"PTHR24412_SF124",1,1,1,1,1,1,1,2,1,1,1,1,1,1,2,1,1,1,1,1,1,1,1,1,1,1,1,1,1,1,1,2,1,1,1,2,1,1,2,1,1,1,2,1,1
"PTHR24412_SF129",1,1,1,1,1,1,1,1,1,2,1,1,1,1,3,1,1,1,1,1,1,1,1,1,1,1,1,1,1,1,1,1,1,1,1,1,1,1,1,1,1,1,1,1,1
"PTHR24412_SF132",2,2,2,1,2,2,2,1,1,1,2,2,2,2,1,2,1,2,2,2,1,1,2,2,1,2,1,2,2,2,2,1,1,2,0,1,2,2,2,2,2,2,1,0,2
"PTHR24412_SF135",1,1,1,1,1,2,1,1,1,1,1,1,1,1,3,1,1,1,1,1,1,1,1,1,1,1,1,2,1,1,1,1,1,1,1,1,3,1,4,1,1,1,1,1,1
"PTHR24412_SF138",1,1,1,1,1,1,1,1,1,1,1,1,1,1,1,1,1,1,1,1,1,1,1,1,1,1,1,1,1,1,1,1,1,1,1,1,1,1,1,1,1,1,1,1,1
"PTHR24412_SF139",1,1,1,1,1,1,1,1,1,1,1,1,1,1,1,1,1,1,1,1,1,1,1,1,1,1,1,1,1,1,1,1,1,1,1,1,1,1,1,1,1,1,1,1,1
"PTHR24412_SF144",1,1,0,0,1,1,1,0,0,1,1,1,0,1,1,1,1,0,1,1,1,0,1,1,1,1,1,0,1,0,0,0,1,0,1,1,1,0,1,1,1,1,1,2,0
"PTHR24412_SF146",1,1,1,1,1,1,1,1,1,1,1,1,1,1,1,1,1,1,1,1,1,1,1,1,1,0,1,1,1,1,1,1,0,1,1,1,1,1,1,1,1,1,1,1,1
"PTHR24412_SF147",1,1,0,0,0,1,1,0,1,1,0,1,1,1,1,1,0,1,0,1,0,1,1,0,0,0,1,0,0,1,1,1,1,0,0,1,1,0,1,1,0,1,0,1,0
"PTHR24412_SF151",1,2,1,1,1,3,1,1,1,1,1,1,1,1,2,1,1,1,1,1,1,1,1,1,1,1,1,1,1,2,1,1,1,1,1,1,1,1,1,1,1,1,1,2,1
"PTHR24412_SF152",1,1,1,1,1,1,1,1,1,1,1,1,1,1,1,1,1,1,1,0,1,1,1,1,1,1,1,1,1,1,1,1,1,1,1,1,1,1,1,1,1,1,1,1,1
"PTHR24412_SF155",1,1,1,2,1,1,1,1,1,1,1,1,1,1,1,1,1,1,1,1,1,1,1,1,1,1,1,1,1,1,1,2,1,1,1,1,1,1,1,1,1,1,1,1,1
"PTHR24412_SF158",1,1,1,1,1,1,1,1,1,1,1,1,1,1,1,1,1,1,1,1,1,1,1,1,1,1,1,1,1,1,1,1,1,1,1,1,1,1,1,1,1,1,1,1,1
"PTHR24412_SF161",1,1,1,1,1,1,1,1,1,1,1,1,1,1,2,1,1,1,1,3,1,1,1,1,1,1,1,1,1,1,1,1,1,1,1,1,1,1,1,1,1,1,1,1,1
"PTHR24412_SF162",1,1,1,1,1,1,1,1,1,1,1,1,1,1,1,1,1,1,1,1,1,1,1,1,1,1,1,1,1,1,1,1,1,1,1,1,1,1,1,1,1,1,1,2,1
"PTHR24412_SF163",1,1,0,0,0,1,1,0,2,1,1,5,1,1,2,1,1,1,0,1,1,0,1,0,1,1,1,1,1,1,1,2,1,0,1,1,1,1,1,1,0,1,1,1,1
"PTHR24412_SF165",1,1,1,1,1,1,2,1,1,1,1,1,1,1,1,1,1,1,1,1,1,1,1,1,0,1,1,1,1,1,1,1,1,1,1,1,1,1,1,1,1,1,1,1,1
"PTHR24412_SF167",1,1,1,1,1,1,1,1,1,1,1,1,1,1,1,1,1,1,1,1,1,1,1,1,1,1,1,1,1,1,1,1,1,2,1,1,1,2,1,1,1,1,1,1,1
"PTHR24412_SF168",1,1,1,1,1,1,1,1,1,1,1,1,1,1,1,1,1,1,1,0,1,1,1,1,1,1,1,1,1,1,1,1,1,1,1,1,1,1,2,1,1,1,1,1,1
"PTHR24412_SF176",1,1,1,1,1,1,1,1,1,1,1,1,1,1,1,1,1,1,1,1,1,1,1,1,1,1,1,1,1,1,1,1,1,1,1,1,1,1,1,1,1,1,1,1,1
"PTHR24412_SF177",1,1,1,1,1,1,1,1,1,1,1,1,2,1,2,2,1,1,1,1,1,1,1,2,1,1,2,1,1,1,2,1,1,1,3,1,1,1,1,1,2,1,1,1,1
"PTHR24412_SF178",1,1,1,1,0,1,1,1,1,1,1,1,1,2,1,1,1,1,2,1,1,1,1,2,1,1,1,2,1,1,1,2,1,1,1,1,2,1,2,1,1,1,1,1,1
"PTHR24412_SF179",1,1,1,1,1,1,1,1,1,1,1,1,1,1,1,1,1,1,1,1,1,1,1,1,1,1,1,1,1,1,1,1,1,1,1,1,1,1,1,1,1,1,1,1,1
"PTHR24412_SF180",1,1,1,1,1,1,1,1,1,1,1,1,1,1,1,2,1,1,1,1,1,1,1,1,1,1,1,1,1,1,0,1,1,1,1,1,1,1,1,1,1,1,1,1,1
"PTHR24412_SF182",1,1,1,1,1,1,1,1,1,1,1,1,1,1,1,1,1,1,1,1,1,1,1,1,1,1,1,1,1,1,1,1,1,1,1,1,1,1,1,1,1,1,1,1,1
"PTHR24412_SF183",1,0,1,1,1,1,1,1,1,1,1,1,1,1,1,1,1,0,1,2,2,1,1,1,1,1,1,1,1,1,1,1,2,1,1,1,1,1,1,1,1,1,0,1,1
"PTHR24412_SF187",1,1,1,1,1,1,1,1,1,1,1,1,1,1,1,1,1,1,1,1,1,1,1,1,1,1,1,1,1,1,1,1,1,1,1,1,1,1,1,1,1,1,1,1,1
"PTHR24412_SF22",1,1,1,1,1,1,1,1,1,1,1,1,1,1,1,1,1,1,1,1,1,1,1,1,1,1,1,1,1,1,1,1,1,1,1,1,1,1,1,1,1,1,1,1,1
"PTHR24412_SF24",1,1,1,1,1,1,1,1,1,1,1,1,1,1,1,1,1,1,1,1,1,1,1,1,1,1,1,1,1,1,2,1,1,1,1,2,1,1,1,1,1,1,1,1,1
"PTHR24412_SF25",1,1,1,1,1,1,1,1,1,1,1,1,1,1,1,1,1,1,1,1,1,0,1,1,1,1,2,1,1,1,1,1,1,1,1,1,1,1,1,1,1,1,1,1,1
"PTHR24412_SF30",1,1,1,1,1,1,1,1,1,1,1,1,1,1,1,1,1,1,1,1,1,1,1,1,1,2,1,1,1,1,1,1,1,1,1,1,1,1,1,1,1,1,1,2,1
"PTHR24412_SF35",1,1,1,1,1,1,1,1,1,1,1,1,1,1,1,1,1,1,1,1,1,1,1,1,1,1,1,1,1,1,1,1,1,1,1,1,1,1,1,1,1,1,1,1,1
"PTHR24412_SF5",1,1,1,1,1,1,1,1,1,1,1,1,1,1,1,1,1,1,1,2,1,1,1,1,1,1,1,1,1,1,1,1,1,1,1,1,1,1,1,1,1,1,1,1,1
"PTHR24412_SF54",1,1,1,1,1,1,1,1,1,1,1,1,1,1,1,1,1,1,1,1,1,1,1,1,1,1,1,1,1,1,1,1,1,1,1,1,1,1,1,1,1,1,1,1,1
"PTHR24412_SF56",1,1,1,1,1,1,1,1,1,1,1,1,1,1,1,1,1,1,1,1,1,1,1,1,1,1,1,1,1,1,2,1,1,1,1,1,1,1,1,1,1,1,1,1,1
"PTHR24412_SF58",1,1,1,1,1,1,1,1,1,1,1,1,1,1,1,1,1,1,1,1,1,1,1,1,1,1,1,1,1,1,1,1,1,1,1,1,1,1,1,1,1,1,1,1,1
"PTHR24412_SF59",1,1,0,1,0,1,0,0,1,1,1,2,1,1,1,2,1,1,1,0,0,1,1,1,0,1,1,1,0,0,0,1,1,1,1,1,0,1,1,1,0,1,1,1,0
"PTHR24412_SF60",2,1,1,1,1,1,1,1,1,1,1,1,1,1,1,1,1,1,1,1,1,1,1,1,1,1,1,1,1,1,1,1,1,1,1,1,1,1,1,1,1,1,1,2,1
"PTHR24412_SF61",1,1,1,1,1,1,1,1,1,1,1,1,1,1,1,1,1,1,1,1,1,1,1,1,1,1,1,1,1,1,1,1,1,1,1,1,1,1,1,1,1,1,1,1,1
"PTHR24412_SF62",1,1,1,1,1,1,1,1,1,1,1,1,1,1,1,1,1,1,1,1,1,1,1,1,1,1,1,1,1,1,1,1,1,1,1,1,1,1,1,1,1,1,1,1,1
"PTHR24412_SF65",2,1,1,1,1,1,1,1,1,1,2,1,1,1,1,1,1,1,1,1,1,1,1,1,1,2,2,1,1,1,1,1,1,1,1,1,1,1,1,1,1,1,1,1,1
"PTHR24412_SF66",1,0,1,0,1,1,1,1,1,1,0,1,0,1,1,1,0,1,1,0,1,1,1,1,0,1,1,0,0,1,1,0,1,1,0,1,1,1,1,1,0,1,0,0,1
"PTHR24412_SF68",1,2,2,2,3,3,2,1,1,1,2,2,2,2,2,2,1,1,2,2,2,2,2,2,2,2,2,2,2,1,2,2,2,1,3,2,2,1,2,2,2,2,2,3,2
"PTHR24412_SF7",1,1,1,1,1,1,1,1,1,1,1,1,1,1,1,1,1,1,1,1,1,1,1,1,1,1,1,1,1,1,1,1,1,1,1,1,1,1,1,1,1,1,1,1,1
"PTHR24412_SF74",1,1,1,1,1,1,1,1,1,0,1,1,0,1,1,1,1,1,1,1,1,1,1,1,1,1,1,1,1,1,1,1,0,1,1,1,1,1,1,1,1,1,1,1,1
"PTHR24412_SF75",1,1,1,1,1,1,1,1,1,1,1,1,1,1,1,1,1,1,1,1,1,1,1,1,1,2,1,1,1,1,1,0,1,2,1,1,1,1,1,1,1,1,1,1,1
"PTHR24412_SF8",1,1,1,1,1,1,1,1,1,1,1,1,1,1,1,1,1,1,1,1,1,1,2,1,1,1,0,1,1,1,1,1,1,1,1,1,1,1,1,1,1,1,1,1,1
"PTHR24412_SF9",1,1,1,1,1,1,1,1,1,1,1,1,1,1,1,1,1,1,1,1,1,1,1,1,1,1,1,1,1,1,1,1,1,1,1,1,1,1,1,1,1,1,1,1,1
"PTHR24413_SF101",1,1,1,1,1,1,1,1,1,1,1,1,1,1,1,1,1,1,1,1,1,1,1,1,1,1,0,1,1,1,1,1,1,1,1,1,1,1,1,1,1,1,1,1,1
"PTHR24413_SF102",1,1,1,1,1,1,1,1,1,1,1,1,1,1,1,1,1,1,1,1,1,1,1,1,1,1,2,1,1,1,1,1,1,1,1,1,1,1,1,1,1,1,1,1,1
"PTHR24413_SF104",1,1,1,1,1,1,1,1,1,1,1,1,1,1,2,1,1,1,1,1,1,2,1,1,1,1,1,1,1,1,1,1,1,1,1,1,1,1,1,1,1,1,1,1,1
"PTHR24413_SF15",1,1,1,1,1,1,1,1,1,2,1,1,1,1,3,2,1,1,1,1,1,1,1,1,1,1,1,1,1,1,1,1,1,1,1,1,1,1,1,1,1,1,1,1,1
"PTHR24413_SF16",2,1,1,1,1,1,1,1,1,1,1,1,1,1,2,1,1,1,1,1,1,1,1,1,1,2,1,1,0,1,0,1,1,1,1,1,1,1,1,1,1,1,0,1,1
"PTHR24413_SF24",1,1,1,1,1,1,1,1,1,1,1,1,1,1,1,2,1,1,1,1,1,1,2,1,1,1,1,1,1,2,1,1,1,1,1,1,1,1,1,1,1,1,1,1,1
"PTHR24413_SF4",1,1,1,1,1,1,1,1,1,1,1,1,1,2,1,1,1,1,2,2,1,1,1,2,1,1,1,1,1,1,1,1,1,2,1,1,2,1,2,1,1,1,1,1,1
"PTHR24413_SF76",1,1,1,1,1,1,1,1,1,1,1,1,1,1,1,1,1,1,1,1,1,1,1,1,1,1,1,1,1,1,1,1,1,1,1,1,1,1,1,1,1,1,1,1,1
"PTHR24413_SF83",1,1,1,1,1,1,0,1,1,1,1,1,1,1,1,1,1,1,1,1,1,1,1,1,1,1,1,1,1,2,1,1,1,1,1,1,1,1,1,1,1,1,1,1,1
"PTHR24413_SF9",1,1,1,1,1,1,1,1,1,1,1,1,1,1,1,1,1,1,1,1,1,1,1,1,0,1,1,1,1,1,1,1,2,1,1,1,1,1,1,1,1,1,0,1,1
"PTHR24413_SF91",1,1,1,1,1,1,1,1,1,1,1,1,1,1,1,1,1,1,1,1,1,2,1,2,1,1,0,1,1,1,1,1,1,1,1,1,1,1,1,1,1,1,1,1,1
"PTHR24413_SF97",1,1,1,1,1,1,1,1,1,1,1,1,1,1,4,1,1,1,1,6,1,1,15,1,4,1,7,1,1,1,1,2,1,1,1,13,1,1,1,12,1,1,1,1,1
"PTHR24414_SF24",1,1,1,1,1,1,1,1,1,1,1,1,1,1,1,2,1,1,1,0,1,0,2,1,1,1,1,1,1,1,1,1,1,1,1,1,1,1,1,1,1,0,1,0,1
"PTHR24414_SF25",1,1,1,1,1,1,2,1,1,1,1,1,1,1,3,1,1,1,1,1,1,1,1,1,1,1,1,1,1,1,1,1,1,1,1,1,1,1,1,1,1,1,1,1,1
"PTHR24414_SF26",1,2,2,2,2,1,2,1,1,2,2,2,2,2,1,3,1,1,2,1,2,2,1,2,1,1,1,1,2,1,1,1,1,2,2,1,2,2,2,1,2,2,1,1,2
"PTHR24414_SF27",1,1,1,1,1,1,1,1,1,1,1,1,1,1,1,1,1,1,1,4,1,1,1,1,1,1,1,1,1,1,1,1,1,1,1,1,1,1,1,1,1,1,1,2,1
"PTHR24414_SF4",1,1,1,1,1,1,1,0,1,0,1,1,2,1,1,5,1,1,1,1,1,0,1,1,0,1,1,1,1,1,0,0,1,0,1,1,1,1,1,1,1,1,1,1,1
"PTHR24416_SF106",1,1,1,1,1,1,1,1,1,1,1,1,1,1,1,1,1,1,1,1,1,1,1,1,1,1,1,1,1,1,1,1,1,1,1,1,1,1,1,1,1,1,1,1,1
"PTHR24416_SF107",2,1,1,1,1,1,1,1,1,1,1,1,1,1,1,1,1,1,1,1,1,1,1,1,1,1,1,1,1,1,1,1,1,1,1,1,1,1,1,1,1,1,1,1,1
"PTHR24416_SF113",1,1,1,1,1,1,1,1,1,1,1,0,0,1,1,1,1,1,1,1,1,1,1,1,1,1,1,1,1,1,1,1,0,1,1,1,1,1,1,1,1,1,1,1,1
"PTHR24416_SF120",1,1,1,1,1,1,1,1,1,1,1,1,1,1,1,1,1,1,1,1,1,1,1,1,1,1,1,1,1,1,1,1,1,1,1,1,1,1,1,1,1,1,1,1,1
"PTHR24416_SF123",1,2,1,1,1,1,1,1,1,1,1,1,1,1,1,1,1,1,1,2,1,1,1,1,1,1,1,1,1,1,1,1,1,1,1,1,1,1,1,1,1,1,1,1,1
"PTHR24416_SF125",1,1,2,1,1,1,1,1,1,1,1,1,1,1,2,1,1,1,1,1,1,1,1,1,1,1,2,1,1,1,1,1,1,1,1,1,1,1,1,1,1,1,1,1,1
"PTHR24416_SF126",1,1,1,1,1,1,1,1,1,0,1,1,1,1,1,1,1,1,1,1,1,1,1,1,1,1,0,1,1,1,1,1,1,1,1,1,1,1,1,1,1,1,1,1,1
"PTHR24416_SF128",1,1,1,1,1,1,1,1,1,1,1,1,1,1,1,1,1,1,1,0,1,1,1,1,1,1,1,1,2,1,0,1,1,1,1,2,1,1,1,1,1,1,1,1,1
"PTHR24416_SF130",1,1,1,1,1,1,1,2,1,1,1,1,1,1,1,1,1,1,1,2,1,1,1,1,1,1,1,1,1,1,1,1,1,1,1,1,1,2,1,1,1,1,1,1,1
"PTHR24416_SF131",1,1,1,1,1,1,1,1,1,1,1,1,1,1,1,1,1,1,1,1,1,1,1,1,1,1,1,1,1,1,1,1,1,1,1,1,1,1,1,1,1,1,1,1,1
"PTHR24416_SF132",2,2,2,2,2,2,5,2,2,3,2,2,2,2,2,2,2,2,2,2,2,2,2,2,2,2,2,2,2,2,2,2,2,2,2,2,2,2,2,2,2,2,2,2,3
"PTHR24416_SF133",1,1,1,1,1,1,1,1,1,1,1,1,1,1,1,1,1,1,1,1,1,1,1,1,1,1,1,1,1,1,1,1,1,1,1,1,1,1,1,1,1,1,1,1,1
"PTHR24416_SF136",1,1,1,1,1,1,1,1,1,1,1,1,1,1,1,1,1,1,1,1,1,1,1,1,1,1,1,1,1,1,1,1,1,1,1,1,1,1,1,1,1,1,1,2,1
"PTHR24416_SF137",1,1,1,1,1,1,1,1,1,1,1,1,1,1,1,1,1,1,1,1,1,1,1,1,1,1,1,1,1,1,1,1,1,1,1,1,1,1,1,2,1,1,1,1,1
"PTHR24416_SF138",1,0,1,1,0,0,1,1,1,0,1,1,0,1,1,1,1,1,1,0,1,1,1,1,1,0,1,1,0,1,1,0,1,1,1,1,1,1,1,1,1,0,1,1,0
"PTHR24416_SF140",1,1,1,1,1,1,1,1,1,1,1,1,1,1,1,1,1,1,1,1,1,1,1,1,1,1,0,1,1,1,1,1,1,1,1,1,1,1,1,1,1,1,1,1,1
"PTHR24416_SF17",1,1,1,1,1,1,1,1,2,3,1,1,1,1,1,1,1,1,1,1,1,2,1,1,1,1,1,1,1,1,2,1,1,1,1,1,2,1,1,1,1,1,1,1,1
"PTHR24416_SF173",1,1,1,1,1,1,1,1,2,1,1,1,1,1,1,1,1,2,1,1,1,1,1,1,1,1,2,1,1,1,1,1,1,1,2,1,1,1,1,1,1,1,1,2,1
"PTHR24416_SF18",1,1,1,2,1,1,1,1,1,1,1,1,1,1,1,1,1,1,1,1,1,1,1,1,1,1,2,1,1,1,1,1,1,1,1,1,1,1,1,1,1,1,1,1,1
"PTHR24416_SF24",1,2,1,1,3,2,1,1,2,2,1,4,1,1,1,1,1,1,1,2,1,2,1,1,1,2,0,1,1,2,1,2,3,2,2,1,1,2,1,1,1,1,1,2,2
"PTHR24416_SF25",1,1,1,1,1,1,1,1,1,1,1,1,1,1,2,1,1,1,1,1,1,1,1,1,1,1,1,1,1,1,1,1,1,1,1,1,1,1,1,1,1,1,1,1,1
"PTHR24416_SF256",1,1,1,1,1,1,1,1,1,1,1,1,1,1,2,1,1,1,2,1,1,2,1,2,1,1,1,2,1,1,1,2,1,2,1,1,1,1,1,1,1,1,1,1,1
"PTHR24416_SF257",1,1,1,1,1,1,1,1,1,1,1,1,1,1,1,1,1,1,1,1,1,1,1,1,1,1,1,1,1,1,1,1,1,1,1,1,1,1,1,1,1,1,1,1,1
"PTHR24416_SF261",1,1,1,1,1,1,1,1,1,1,1,1,1,1,1,1,1,1,1,1,1,1,1,1,1,1,1,1,1,1,1,1,1,1,1,1,1,1,1,1,1,1,1,1,2
"PTHR24416_SF264",1,2,1,1,1,1,1,1,1,1,1,1,1,1,1,1,1,1,1,1,1,1,1,1,1,1,2,1,1,1,1,1,1,1,1,1,1,1,1,1,1,1,1,1,1
"PTHR24416_SF265",1,1,1,1,1,1,1,1,1,1,1,1,1,1,1,1,1,1,1,1,1,1,1,1,1,1,1,1,1,1,1,1,1,1,1,1,1,1,2,1,1,1,1,2,1
"PTHR24416_SF266",1,1,1,1,1,1,1,1,1,1,2,1,1,1,1,1,1,1,1,1,1,1,1,1,1,1,1,1,1,1,1,1,1,1,1,1,1,1,1,1,1,1,1,1,1
"PTHR24416_SF267",1,1,1,1,1,1,1,2,2,1,1,1,1,1,2,1,2,1,2,1,1,1,1,1,1,1,2,1,2,1,3,1,1,1,1,2,1,1,1,1,1,1,1,1,2
"PTHR24416_SF274",1,1,1,1,1,1,1,1,1,1,1,1,1,1,1,1,1,1,1,1,1,1,1,1,1,1,1,1,1,1,1,1,1,1,1,1,1,1,1,1,1,1,1,1,1
"PTHR24416_SF276",1,1,1,1,1,1,1,1,1,1,1,1,1,1,1,1,1,1,1,1,1,1,1,1,1,1,1,1,1,1,1,1,1,1,1,1,1,1,1,1,1,2,1,1,1
"PTHR24416_SF278",1,1,1,1,1,1,1,1,1,1,1,1,1,1,1,1,1,1,1,1,1,1,1,1,1,1,0,1,1,1,1,1,1,1,1,1,1,1,1,1,1,1,1,1,1
"PTHR24416_SF279",1,1,2,1,1,1,1,1,1,1,1,1,1,2,1,1,1,1,2,1,1,1,1,2,1,1,1,2,1,1,1,2,1,1,1,1,2,1,2,1,1,1,1,1,1
"PTHR24416_SF28",1,1,1,1,1,1,1,1,1,1,1,1,1,1,1,2,1,1,1,1,1,1,1,1,1,1,1,1,1,1,1,1,1,1,1,1,1,1,2,1,1,1,1,1,1
"PTHR24416_SF296",1,1,1,1,1,1,1,1,1,1,1,1,1,1,1,1,1,1,1,1,1,1,1,1,1,1,1,1,1,1,1,1,1,1,1,1,1,1,2,1,1,1,1,1,1
"PTHR24416_SF297",1,1,1,1,1,1,1,1,1,1,1,1,1,1,1,1,1,1,1,1,1,1,1,1,1,1,1,1,1,1,1,1,1,1,1,1,1,1,1,1,1,1,1,1,1
"PTHR24416_SF3",1,1,1,1,1,1,1,1,1,1,1,1,1,1,1,1,1,1,1,1,1,1,1,1,1,1,1,1,1,1,1,1,1,1,1,1,1,1,1,1,1,1,1,1,1
"PTHR24416_SF300",1,1,1,1,1,1,1,1,1,1,1,1,1,1,3,2,1,2,1,1,1,1,1,1,1,1,1,1,1,1,1,1,1,1,1,1,1,1,1,1,1,1,1,1,1
"PTHR24416_SF304",1,1,1,1,1,1,1,1,1,1,1,1,1,1,0,1,1,1,1,1,1,1,1,1,1,1,1,1,1,1,1,1,1,1,0,1,1,1,1,1,1,1,1,0,1
"PTHR24416_SF306",1,1,1,1,1,1,1,1,1,1,1,1,1,1,1,1,1,1,1,1,1,1,1,1,1,1,1,1,1,1,1,1,1,1,1,1,1,1,1,1,1,1,1,2,1
"PTHR24416_SF312",1,1,1,1,1,1,1,1,1,1,1,1,1,1,1,1,1,1,1,1,1,1,1,1,1,1,1,1,1,1,1,1,1,1,1,1,1,1,1,1,1,1,1,1,1
"PTHR24416_SF40",1,1,1,1,1,1,1,1,1,0,1,1,1,1,1,1,1,1,1,1,1,1,1,1,1,1,1,1,1,1,1,1,1,1,1,1,1,1,1,1,1,1,1,1,1
"PTHR24416_SF45",1,1,1,1,1,1,1,1,1,1,1,1,1,1,1,1,1,1,2,1,1,1,1,2,1,1,1,1,1,1,1,1,1,1,1,1,2,1,2,1,1,1,1,1,1
"PTHR24416_SF46",1,1,1,1,1,1,1,1,1,1,1,1,1,1,2,1,1,1,1,1,1,1,1,1,1,1,1,1,1,1,1,1,1,1,1,1,1,1,1,1,1,1,1,1,1
"PTHR24416_SF47",1,1,1,1,1,1,1,1,1,1,1,1,1,1,1,1,1,1,1,1,1,1,1,1,1,1,1,1,1,1,1,1,1,1,1,1,1,1,1,1,1,1,1,1,1
"PTHR24416_SF49",1,1,1,1,1,1,1,1,1,1,1,1,1,1,1,1,1,1,1,1,1,1,1,1,1,1,1,1,1,1,1,1,1,1,1,1,1,1,1,1,1,1,1,1,1
"PTHR24416_SF52",1,1,1,1,1,1,1,1,1,1,1,1,1,1,1,2,1,1,1,1,1,1,1,1,1,1,1,1,1,1,1,1,1,1,1,1,1,1,1,1,1,1,1,1,1
"PTHR24416_SF53",1,1,1,1,1,1,1,1,1,1,1,1,1,1,1,1,1,1,1,1,1,1,1,1,1,1,1,1,1,1,1,1,1,1,1,1,1,1,1,1,1,1,1,1,1
"PTHR24416_SF63",1,1,1,1,1,1,1,1,1,1,1,1,1,1,1,1,1,1,1,1,1,1,1,1,1,1,1,1,1,1,1,1,1,1,1,1,1,1,1,1,1,1,1,1,1
"PTHR24416_SF65",1,1,1,1,1,1,1,1,1,1,1,1,1,1,1,6,1,1,1,1,1,1,1,1,1,1,1,1,1,1,1,1,1,1,1,1,1,1,1,1,1,1,1,2,1
"PTHR24416_SF66",1,1,1,1,1,1,1,1,1,1,1,1,1,1,2,1,1,1,1,1,1,1,1,1,1,1,1,1,1,2,1,1,1,1,1,1,1,1,1,1,1,1,1,1,1
"PTHR24416_SF88",1,1,1,1,1,1,1,1,1,1,1,1,1,2,1,1,1,1,1,1,1,1,1,1,1,1,1,1,1,1,1,1,1,1,2,1,1,1,1,1,1,1,1,1,1
"PTHR24416_SF90",1,2,1,1,1,1,1,1,1,1,1,1,1,1,1,1,1,3,1,3,1,1,1,1,1,1,1,1,1,1,1,1,2,1,1,1,1,1,1,1,1,1,1,1,1
"PTHR24417",1,2,2,2,1,2,2,2,2,2,2,2,2,2,2,2,2,2,2,0,2,2,2,3,2,2,2,2,2,3,0,2,1,2,2,2,2,1,2,1,2,2,2,2,2
"PTHR24418_SF159",1,1,1,1,1,1,1,1,1,1,1,1,1,1,1,1,1,1,1,1,1,1,1,1,1,1,2,1,1,1,1,1,1,1,1,1,1,1,2,1,1,1,1,1,1
"PTHR24418_SF179",1,0,1,1,1,1,1,1,1,1,1,1,1,1,1,1,1,1,1,1,1,1,1,1,1,1,1,1,1,1,1,1,1,1,1,1,1,1,1,1,0,1,1,1,1
"PTHR24418_SF181",1,1,1,1,1,1,1,1,1,1,1,1,1,1,1,1,1,1,1,1,1,1,1,1,1,1,1,1,1,1,1,1,1,1,1,1,1,1,1,1,1,1,1,1,1
"PTHR24418_SF187",1,1,1,1,1,1,1,1,1,1,1,1,1,1,1,2,1,1,1,1,1,1,1,1,1,1,1,1,1,1,1,1,1,1,0,1,1,1,1,1,1,1,1,0,1
"PTHR24418_SF197",1,1,1,1,1,1,1,1,1,1,1,1,1,2,1,1,1,1,1,0,1,1,1,1,1,1,2,1,1,1,1,1,1,1,1,1,1,1,1,1,1,1,1,1,1
"PTHR24418_SF204",1,1,1,1,1,1,1,1,1,1,1,1,1,1,1,1,1,1,1,1,1,1,1,1,1,1,1,1,1,1,1,1,1,1,1,1,1,1,1,1,1,1,1,1,1
"PTHR24418_SF214",1,1,1,1,1,1,1,1,1,1,1,1,1,1,1,1,1,1,1,1,2,1,1,1,1,1,1,1,1,1,0,1,1,1,1,1,1,0,1,1,1,1,1,1,1
"PTHR24418_SF216",1,1,1,1,1,1,1,1,1,1,1,1,1,1,1,1,1,1,1,1,1,1,1,1,1,1,0,1,1,1,1,1,1,1,1,1,1,1,1,1,1,1,1,1,1
"PTHR24418_SF219",1,2,1,1,1,1,1,1,1,1,1,1,1,1,4,1,1,1,1,1,1,2,1,1,1,1,1,1,1,1,1,1,1,1,1,1,1,1,2,1,1,1,1,1,1
"PTHR24418_SF22",1,1,1,1,1,1,1,1,1,1,1,1,1,1,1,1,1,1,1,1,1,1,1,1,1,1,1,1,1,1,1,1,1,1,1,1,1,1,1,1,1,1,1,1,1
"PTHR24418_SF224",1,1,1,1,1,1,1,1,1,1,1,1,1,1,1,1,1,1,1,1,1,1,1,1,1,1,1,1,1,1,1,1,1,1,1,1,1,1,2,1,1,1,1,2,1
"PTHR24418_SF227",1,1,1,1,1,1,1,1,1,1,1,1,2,1,3,1,1,2,1,2,1,1,1,1,1,1,1,1,1,2,1,1,1,1,1,1,1,2,1,1,1,1,1,1,1
"PTHR24418_SF23",1,1,1,1,1,1,1,1,1,0,1,1,1,1,1,1,1,0,1,1,1,1,1,1,1,1,2,1,1,1,0,1,1,1,1,1,1,1,1,1,1,1,1,1,1
"PTHR24418_SF39",1,1,1,1,1,1,1,1,1,1,1,1,1,1,1,2,1,1,1,1,1,1,1,1,1,1,1,1,1,1,1,1,1,1,1,1,1,1,1,1,1,1,1,1,1
"PTHR24418_SF42",1,1,1,1,1,1,1,1,1,1,1,1,1,1,1,1,1,1,1,1,1,1,1,1,1,1,1,1,1,1,1,1,1,1,1,1,1,1,1,1,1,1,1,2,1
"PTHR24418_SF43",1,1,1,1,0,1,1,1,1,0,1,1,1,1,1,1,1,1,1,1,1,0,1,1,1,1,2,1,0,1,0,1,0,1,1,1,1,1,1,1,1,1,1,1,0
"PTHR24418_SF44",1,1,1,1,1,1,1,1,1,1,1,1,1,1,3,1,1,1,1,1,1,1,1,1,1,1,1,1,1,1,1,1,1,1,1,1,1,1,1,1,1,1,1,1,1
"PTHR24418_SF50",1,1,1,1,1,1,1,1,1,0,1,1,1,1,1,1,1,1,1,1,1,1,1,1,1,1,1,1,1,1,0,1,1,1,1,1,1,1,1,1,1,1,1,1,1
"PTHR24418_SF52",1,1,1,1,1,1,1,1,1,1,1,1,1,1,1,1,1,1,1,1,1,1,1,1,1,1,1,1,1,1,0,1,1,1,1,1,1,1,1,1,1,1,1,1,1
"PTHR24418_SF53",1,1,1,1,1,1,1,1,1,1,1,1,1,1,1,1,1,1,1,1,1,1,1,1,1,1,1,1,1,1,1,1,1,1,1,1,1,1,1,1,1,1,1,1,1
"PTHR24418_SF61",1,1,1,1,1,1,1,1,1,1,1,1,1,1,1,1,1,1,1,1,1,1,1,1,0,1,1,1,1,1,1,1,1,1,1,1,1,1,1,1,1,1,1,1,1
"PTHR24418_SF66",1,1,1,1,1,1,1,1,1,1,1,1,1,1,1,1,1,1,1,1,1,1,1,1,1,1,2,1,1,1,1,0,1,1,1,1,0,1,1,1,1,1,1,1,1
"PTHR24418_SF67",1,1,1,1,1,1,1,1,1,1,1,1,1,1,1,1,1,1,1,1,1,1,1,1,1,1,1,1,1,1,1,1,1,1,1,1,1,1,1,1,1,1,1,2,1
"PTHR24418_SF68",1,1,1,1,1,1,1,1,1,1,1,1,1,1,1,1,1,1,1,1,1,1,1,1,1,1,1,1,1,1,1,1,1,1,1,1,1,1,1,1,1,1,1,2,1
"PTHR24418_SF78",1,1,1,1,1,1,1,1,1,1,1,1,1,1,1,1,1,1,1,1,1,1,1,1,1,1,1,1,1,1,2,2,1,1,1,1,1,1,1,1,1,1,1,3,1
"PTHR24418_SF79",1,1,1,1,1,1,1,1,1,1,1,1,1,1,1,1,1,1,1,1,1,1,1,1,1,1,1,1,1,1,1,1,1,1,1,1,1,1,1,1,1,1,1,1,1
"PTHR24418_SF80",1,1,1,1,1,1,1,1,1,1,1,1,1,1,1,1,1,1,1,1,1,1,1,1,1,1,1,1,1,1,1,1,1,1,1,1,1,1,1,3,1,1,1,1,1
"PTHR24418_SF87",2,2,2,2,2,2,2,2,2,2,2,2,2,2,2,2,2,2,2,2,2,2,2,2,2,2,2,2,2,2,2,1,2,2,2,2,2,2,3,3,2,2,2,2,2
"PTHR24418_SF90",1,1,1,2,1,1,1,1,1,1,1,1,1,1,4,1,0,1,1,1,1,1,1,1,1,1,1,1,1,1,2,1,1,1,1,2,2,1,2,1,1,1,1,2,1
"PTHR24418_SF91",1,1,1,1,1,1,1,1,1,1,1,1,1,1,1,1,1,1,1,1,1,1,1,1,1,1,1,1,1,2,1,1,1,1,1,1,1,1,1,1,1,1,1,1,1
"PTHR24418_SF92",1,1,1,1,1,1,1,1,1,1,1,1,1,1,1,1,1,1,1,1,1,1,1,1,1,1,1,1,1,1,1,2,1,1,1,1,1,1,2,1,1,1,1,1,1
"PTHR24418_SF94",1,1,1,1,1,1,1,1,1,1,1,1,1,1,1,1,1,1,1,1,1,1,1,1,1,1,1,1,1,1,1,1,1,1,1,1,1,1,1,1,1,1,1,2,1
"PTHR24419_SF0",1,1,1,1,1,1,1,1,1,1,1,1,1,1,1,1,1,1,1,1,1,1,1,1,0,1,1,1,1,1,1,0,1,1,1,1,1,1,1,1,1,1,1,1,1
"PTHR24419_SF1",1,1,1,1,1,1,1,1,1,1,1,1,1,1,1,1,1,1,1,1,1,1,1,1,1,1,1,1,1,1,1,1,1,1,1,1,1,1,2,1,1,1,1,1,1
"PTHR24419_SF2",2,1,2,1,2,1,1,1,1,1,2,2,2,2,1,2,1,1,1,1,1,2,1,2,1,2,1,2,1,1,1,1,2,2,1,1,2,2,2,1,2,1,1,1,2
"PTHR24419_SF20",1,1,0,0,1,1,1,1,1,1,1,1,1,1,1,1,1,1,0,1,1,1,1,0,0,1,1,1,1,1,1,1,1,0,1,1,1,1,1,1,1,0,1,0,1
"PTHR24419_SF7",1,1,1,1,1,1,1,1,1,1,1,1,1,0,1,1,1,1,1,1,1,1,1,1,1,1,1,1,1,1,1,1,1,1,1,1,1,1,1,1,1,1,1,1,1
"PTHR24543_SF123",1,1,1,1,2,1,1,1,1,1,1,1,1,1,1,1,1,1,1,1,1,1,1,1,1,1,1,1,2,1,1,0,0,1,2,1,1,1,1,1,1,1,1,2,1
"PTHR24543_SF244",1,1,1,1,1,1,1,1,1,1,1,1,1,1,1,1,1,1,1,1,1,1,1,1,1,1,1,1,0,1,1,1,1,1,0,1,1,1,1,1,1,1,1,0,0
"PTHR24559_SF171",1,1,0,0,0,1,0,0,0,0,0,0,0,0,0,0,0,0,0,0,0,0,1,0,1,1,1,0,0,0,0,0,0,0,0,1,0,0,0,1,0,0,0,0,1
"PTHR24619_SF120",3,2,4,3,2,2,2,2,2,3,2,2,2,2,6,2,2,2,3,2,2,4,2,4,2,2,1,3,2,2,2,2,2,3,2,2,2,2,3,4,2,2,2,3,2
"PTHR24619_SF122",1,1,1,1,1,1,1,1,1,1,1,1,1,1,1,1,1,1,1,1,1,1,2,1,1,1,1,1,2,1,1,1,1,1,1,1,1,1,1,1,1,1,1,1,1
"PTHR24622_SF163",1,1,1,1,1,1,1,1,1,1,1,1,1,1,1,1,1,1,1,1,1,1,1,1,1,1,1,1,1,1,1,2,1,1,1,1,1,1,1,1,1,1,1,1,1
"PTHR24622_SF164",1,1,1,1,1,1,1,1,1,1,1,1,1,1,1,1,1,1,1,1,1,1,1,1,1,1,1,1,1,1,1,1,1,1,1,1,1,1,1,1,1,2,1,1,1
"PTHR24622_SF169",1,1,1,1,1,2,1,1,1,1,1,1,2,3,1,2,1,1,2,2,2,2,2,2,2,1,2,1,1,1,1,1,1,1,1,1,2,2,1,2,1,1,1,2,2
"PTHR24622_SF175",1,2,1,0,0,2,1,0,1,1,1,1,1,0,0,2,0,0,0,0,1,2,1,1,0,0,0,1,1,1,0,0,0,0,0,0,0,0,0,0,1,0,1,1,2
"PTHR24622_SF179",1,1,1,1,1,1,1,1,1,1,1,1,1,1,2,1,1,1,1,1,1,1,2,1,1,1,1,1,1,1,1,1,1,1,1,1,1,1,1,1,1,1,1,1,1
"PTHR24622_SF180",3,4,1,2,4,2,2,2,1,3,2,2,2,1,2,4,2,2,1,1,2,2,2,1,1,2,2,2,2,2,1,2,2,2,2,2,1,1,2,2,2,2,2,2,4
"PTHR24622_SF181",1,1,1,1,1,1,1,1,1,1,1,1,1,1,1,1,1,1,1,1,1,1,1,1,1,1,1,1,1,1,1,1,1,1,1,1,1,2,1,1,1,1,1,1,1
"PTHR24637_SF13",1,1,1,1,1,1,1,1,1,1,1,1,1,1,1,1,1,1,1,1,1,1,1,1,1,1,1,1,1,1,1,1,1,1,1,1,1,1,1,1,1,1,1,1,1
"PTHR24637_SF208",1,1,1,1,1,1,1,1,1,1,1,1,1,1,1,1,1,1,1,2,1,1,2,1,1,1,2,1,1,1,1,1,1,1,1,1,1,1,1,1,1,1,1,1,1
"PTHR24637_SF210",1,1,1,1,1,1,1,1,1,1,1,1,1,1,1,1,1,1,1,1,1,1,1,1,1,1,1,1,1,1,1,1,1,1,1,1,1,1,1,1,1,1,1,1,1
"PTHR24652_SF54",1,0,1,1,1,0,1,0,0,1,0,1,1,1,0,1,0,1,1,0,1,1,1,1,0,1,0,1,0,1,1,0,1,1,0,0,1,1,1,0,0,1,1,1,0
"PTHR24652_SF56",1,1,1,1,1,1,1,1,1,1,1,1,1,1,1,1,1,1,1,1,1,1,1,1,0,1,1,1,1,1,1,1,1,1,0,1,1,0,1,1,1,1,1,0,1
"PTHR24838_SF115",1,1,1,1,0,1,1,1,1,1,1,1,1,1,1,1,1,1,1,0,1,1,1,1,1,1,1,1,0,1,1,1,1,1,1,1,1,1,2,1,1,1,1,1,0
"PTHR24838_SF17",1,1,1,1,1,1,1,1,1,0,1,1,1,1,1,1,1,1,1,1,2,1,1,1,1,1,1,1,1,1,1,1,1,1,1,1,1,1,1,1,1,1,1,1,1
"PTHR24838_SF251",1,1,1,1,0,1,1,1,1,1,1,1,0,1,1,1,1,1,1,1,1,1,1,1,1,1,1,1,2,1,1,1,1,1,1,1,1,1,1,1,1,1,1,1,1
"PTHR24838_SF252",1,1,1,1,1,1,1,1,1,1,1,1,1,1,1,1,1,1,1,0,1,1,1,1,1,1,1,1,1,1,0,1,1,1,1,1,1,1,1,1,1,1,1,1,1
"PTHR24838_SF258",1,1,1,0,1,1,1,0,1,1,1,1,1,1,1,1,1,1,0,1,1,1,1,0,1,1,1,1,1,1,1,0,1,0,0,1,1,1,1,1,0,1,0,0,1
"PTHR24838_SF261",1,1,1,1,1,1,1,1,1,1,1,1,1,1,1,1,1,1,1,1,1,1,1,1,1,1,1,1,1,1,1,1,1,1,1,1,1,1,1,0,1,1,1,1,1
"PTHR24838_SF269",1,1,1,1,1,1,1,1,1,1,0,1,1,1,1,1,0,1,1,1,1,1,1,1,1,0,1,0,1,1,1,1,1,1,1,1,1,1,1,3,1,1,1,0,1
"PTHR24838_SF277",1,1,1,1,1,1,1,1,1,0,1,1,1,1,1,1,1,1,1,1,1,1,1,1,1,1,1,1,1,1,1,1,1,1,1,1,1,1,1,1,1,1,1,1,1
"PTHR24838_SF30",1,1,1,1,1,1,1,1,1,1,1,1,1,1,1,1,1,1,1,1,1,1,1,1,1,1,1,1,1,1,1,1,1,1,1,1,1,1,1,1,1,1,1,1,1
"PTHR25042_SF10",1,1,0,1,1,1,1,1,0,1,1,0,1,1,1,1,1,1,1,1,1,1,1,1,1,1,1,1,1,1,1,1,1,0,1,1,1,1,1,0,1,1,1,1,1
"PTHR25042_SF11",1,1,1,1,1,1,1,1,1,1,1,1,1,1,1,1,1,1,1,1,1,1,1,1,1,1,1,1,1,1,1,1,1,1,1,1,1,1,1,1,1,1,1,1,1
"PTHR25042_SF12",1,0,1,1,1,2,1,1,1,2,2,1,1,1,1,2,1,1,1,1,1,1,2,1,1,1,2,1,1,1,1,1,1,2,1,1,1,2,1,1,1,1,1,1,2
"PTHR25042_SF13",1,2,1,1,1,1,1,1,1,1,1,1,1,1,1,1,2,1,1,1,1,1,3,1,1,1,1,1,1,1,0,1,1,1,1,1,1,1,2,1,2,1,1,2,1
"PTHR25042_SF8",1,1,1,1,0,1,1,1,0,1,1,1,1,0,1,1,1,1,1,1,1,0,2,0,1,1,1,0,1,1,1,1,1,1,1,1,1,1,1,1,1,1,0,2,1
"PTHR25069_SF112",1,1,1,1,1,1,1,1,1,1,1,1,1,1,1,1,1,1,1,1,1,1,1,1,1,1,1,1,1,1,0,1,1,1,1,1,1,1,1,1,1,1,1,1,1
"PTHR25069_SF114",1,1,1,1,1,1,1,1,1,1,1,1,1,2,1,1,1,1,1,2,1,1,1,1,1,1,1,1,1,1,1,1,1,1,1,1,1,1,1,1,1,1,1,1,1
"PTHR25069_SF115",1,1,1,1,1,1,1,1,1,1,1,1,1,1,1,1,1,0,1,1,1,1,1,1,0,1,2,1,1,1,1,1,1,1,1,1,1,1,1,1,1,1,1,1,1
"PTHR25069_SF117",1,1,1,1,1,1,1,1,1,1,1,1,1,1,1,1,1,1,1,1,1,1,1,1,1,1,1,1,1,0,1,1,1,1,1,1,1,1,1,1,1,1,1,1,1
"PTHR25069_SF123",1,1,1,1,1,1,1,1,2,1,2,2,1,1,2,2,2,1,1,1,1,2,2,1,1,1,2,1,1,1,1,2,1,1,2,1,1,2,1,1,1,1,1,3,2
"PTHR25069_SF124",1,1,1,1,1,1,1,1,1,1,1,1,1,1,1,1,1,0,1,1,1,1,1,1,1,1,2,1,1,1,1,1,1,1,1,1,1,1,1,1,1,1,1,1,1
"PTHR25069_SF33",1,1,1,1,1,1,1,1,1,1,1,1,1,1,1,1,1,1,1,1,1,1,1,1,1,1,1,1,1,1,1,1,2,1,1,1,1,1,1,1,1,1,1,1,1
"PTHR25069_SF96",1,1,1,1,1,1,1,1,1,0,1,1,1,1,1,1,1,1,1,0,1,1,1,1,1,1,1,1,1,1,0,1,1,1,1,1,1,1,1,1,1,1,1,1,1
"PTHR25462_SF200",1,1,1,1,1,1,1,1,1,1,1,1,1,1,1,1,1,1,1,2,1,1,0,1,1,1,0,0,1,1,1,1,1,1,0,1,1,1,1,0,1,1,1,0,1
"PTHR25462_SF203",1,1,1,1,1,1,1,1,1,1,1,1,1,1,1,1,1,1,1,1,1,1,1,1,1,1,1,1,1,1,1,0,1,1,1,1,1,1,1,1,1,1,1,1,1
"PTHR25462_SF205",1,1,2,1,1,1,1,1,1,1,1,1,1,0,1,1,1,1,1,1,1,0,1,1,1,0,1,2,0,0,1,1,1,2,1,1,2,1,2,1,1,1,1,1,2
"PTHR25462_SF208",1,1,1,1,1,1,1,1,1,2,1,1,1,1,1,1,1,1,1,1,1,1,1,1,1,1,1,1,1,1,1,1,1,1,1,1,1,1,1,1,1,1,1,1,1
"PTHR25462_SF213",1,0,0,0,1,0,0,0,0,15,2,2,1,0,0,0,0,2,0,1,1,2,0,0,0,0,1,0,1,1,1,0,3,1,0,1,0,1,0,1,0,1,0,0,1
"PTHR25462_SF214",1,1,1,1,1,1,1,1,0,1,1,1,1,1,1,1,0,1,1,1,1,1,1,1,1,1,1,1,1,1,1,0,0,1,1,1,1,1,1,1,1,1,1,1,1
"PTHR25462_SF215",1,0,1,1,1,1,1,1,1,1,1,1,1,1,1,1,1,1,1,1,1,1,1,1,1,1,1,1,1,1,1,1,1,1,1,1,1,1,1,1,1,1,1,1,1
"PTHR25462_SF216",1,0,0,0,1,0,0,0,0,5,0,1,0,0,0,2,0,1,0,2,0,0,1,0,0,1,0,0,1,0,0,0,5,0,0,0,0,0,0,0,0,0,1,0,0
"PTHR25462_SF56",1,0,1,1,1,1,1,0,0,1,1,1,1,1,1,1,1,1,1,1,1,1,1,1,1,1,1,1,1,1,0,0,1,1,1,1,1,1,1,1,1,1,1,2,1
"PTHR25480_SF182",1,1,1,1,1,1,1,1,1,1,1,1,1,1,1,1,1,1,1,1,1,1,1,1,1,1,1,1,1,1,1,1,1,1,1,1,1,1,1,1,1,1,1,1,1
"PTHR26266",1,2,2,1,1,2,1,1,1,1,1,1,1,2,1,2,1,1,2,1,1,1,1,1,1,1,1,2,2,1,1,1,1,2,1,1,2,2,2,1,0,1,1,1,2
"PTHR26312_SF69",1,1,1,1,1,1,1,1,1,1,1,1,1,1,1,1,1,1,1,1,1,1,1,1,1,1,1,1,1,1,1,1,1,1,1,1,1,1,1,1,1,1,1,1,1
"PTHR26374_SF156",1,1,1,1,1,3,1,1,1,1,1,1,1,1,1,1,1,1,1,1,1,1,0,1,0,1,0,1,1,1,1,1,1,1,1,0,1,1,2,0,1,1,1,1,1
"PTHR26374_SF163",1,1,4,1,1,1,1,1,1,1,1,1,1,2,1,1,1,1,4,1,1,1,1,4,2,1,1,3,1,1,1,2,1,4,1,1,4,1,4,1,1,1,1,1,1
"PTHR26379_SF139",1,0,0,0,0,1,0,1,0,1,0,0,0,0,0,0,0,1,0,0,0,0,1,0,0,1,1,0,0,1,1,1,0,0,1,0,0,0,0,0,0,0,0,1,1
"PTHR26379_SF54",1,1,1,1,1,1,1,1,1,1,1,1,1,1,1,1,1,1,1,1,1,1,1,1,1,1,1,1,1,1,1,1,1,1,1,1,1,1,1,1,1,1,0,1,1
"PTHR26391_SF14",1,1,1,1,1,1,1,1,1,1,1,1,1,1,1,1,1,1,1,1,1,1,1,1,1,1,1,1,1,1,1,1,1,1,1,1,1,1,1,1,1,1,1,1,1
"PTHR26392_SF36",1,1,1,1,1,1,1,1,1,1,1,1,1,1,2,1,1,1,1,1,1,1,1,1,1,1,2,1,1,1,1,1,1,1,1,1,1,1,1,2,1,1,1,1,1
"PTHR26392_SF71",1,1,1,1,1,1,1,1,1,1,1,1,1,1,1,1,1,1,1,1,1,1,1,1,1,1,1,1,1,1,1,1,1,1,1,1,1,1,1,1,1,1,1,1,1
"PTHR26392_SF72",1,1,1,1,1,1,1,0,1,1,1,1,1,1,0,1,1,1,1,0,1,1,0,1,1,1,0,1,1,1,1,0,1,1,0,1,1,1,1,1,1,1,1,0,1
"PTHR26450",111,144,15,17,116,100,68,67,129,160,109,122,102,44,77,50,93,195,33,102,22,21,129,31,35,96,68,29,105,103,84,24,144,27,93,112,38,107,42,134,17,123,4,104,96
"PTHR26451_SF10",2,1,0,0,7,1,0,0,0,10,0,1,3,1,1,0,1,2,0,1,0,0,3,0,0,2,1,1,4,1,1,1,1,0,0,0,0,6,0,7,0,2,0,1,6
"PTHR26451_SF100",2,2,0,0,3,1,0,0,2,2,2,3,2,0,1,0,3,2,0,0,0,0,2,0,1,0,2,0,2,1,4,0,2,0,0,1,0,2,1,2,0,2,0,0,1
"PTHR26451_SF102",1,1,0,0,1,0,0,1,1,0,0,1,1,0,1,0,1,1,0,0,0,0,1,0,0,1,1,0,0,0,1,0,1,0,0,1,0,0,0,1,0,1,0,0,1
"PTHR26451_SF104",1,3,0,0,1,3,0,1,2,1,5,6,2,0,0,0,2,5,0,1,0,0,8,0,1,1,7,0,2,2,2,0,2,0,3,4,0,2,0,11,0,8,0,8,0
"PTHR26451_SF106",1,1,0,0,0,0,0,0,0,0,1,2,1,0,0,0,0,0,0,0,0,0,0,0,0,0,0,0,1,0,0,0,0,0,0,0,0,1,0,0,0,1,0,0,0
"PTHR26451_SF107",1,1,0,0,1,0,1,0,1,1,1,1,1,0,1,1,1,0,0,0,0,0,0,0,0,1,0,0,1,0,1,0,1,0,1,0,0,1,0,0,0,1,0,1,1
"PTHR26451_SF108",1,0,0,0,0,0,1,0,0,3,0,0,1,1,0,1,0,2,0,0,1,0,0,1,0,0,0,0,0,0,0,0,2,0,0,0,1,0,1,0,0,0,0,0,0
"PTHR26451_SF110",1,2,0,1,1,0,1,1,1,2,1,1,1,1,6,1,7,1,1,1,1,0,2,1,0,1,1,1,1,0,1,0,1,1,1,1,1,1,1,1,1,5,0,0,1
"PTHR26451_SF111",1,4,0,1,1,3,1,1,4,1,0,2,1,2,2,1,1,0,0,1,1,0,3,0,1,1,2,1,1,2,1,3,1,0,1,1,2,1,2,2,0,0,0,0,1
"PTHR26451_SF112",1,3,0,0,1,4,1,2,2,0,3,3,1,0,0,1,4,2,1,0,1,0,1,0,0,0,1,1,0,3,2,2,2,0,2,1,1,1,1,1,0,3,0,3,3
"PTHR26451_SF119",1,6,0,0,1,0,1,1,1,1,0,0,1,0,0,0,0,9,0,1,0,0,1,0,0,1,0,0,1,5,1,1,1,0,0,0,0,0,0,1,0,15,0,0,1
"PTHR26451_SF125",1,1,0,1,0,1,1,0,1,1,0,0,1,0,0,0,0,7,0,0,0,1,1,0,0,1,1,0,1,1,1,0,1,0,0,1,0,1,1,0,0,0,0,0,0
"PTHR26451_SF126",1,1,0,0,1,1,0,1,0,1,1,1,1,0,0,0,0,1,0,1,0,0,1,0,0,1,1,0,0,1,0,0,0,0,0,1,0,1,0,1,0,0,0,0,1
"PTHR26451_SF127",2,2,0,0,2,1,0,0,1,3,2,2,2,0,1,0,1,2,0,1,0,0,2,0,1,2,1,0,2,1,3,1,0,0,0,3,0,2,0,2,0,1,0,0,2
"PTHR26451_SF129",1,1,1,0,0,1,1,0,1,1,1,1,1,0,0,1,1,1,0,1,1,0,1,0,1,2,1,1,2,1,0,0,1,0,0,1,1,1,1,1,0,3,0,0,0
"PTHR26451_SF13",1,1,1,0,1,2,0,0,0,1,0,1,1,0,1,0,1,1,0,1,0,1,2,0,0,1,1,2,1,2,2,1,1,0,2,2,0,1,0,2,1,1,0,3,1
"PTHR26451_SF132",1,1,0,0,1,1,1,1,1,2,2,1,2,1,1,1,1,2,0,1,1,0,1,0,1,1,1,1,1,1,1,0,2,0,1,1,1,0,1,1,0,1,0,1,1
"PTHR26451_SF138",1,1,1,0,1,2,0,1,1,1,1,1,1,1,1,1,0,0,1,0,0,1,4,1,1,0,0,0,1,1,1,1,1,1,0,2,1,1,1,3,0,0,0,0,1
"PTHR26451_SF139",2,1,0,0,0,2,1,0,0,3,2,3,2,0,1,0,0,3,0,0,0,0,6,0,2,3,3,0,3,0,1,0,1,0,0,0,0,2,0,4,0,1,0,0,0
"PTHR26451_SF14",1,2,0,0,1,2,0,1,3,1,0,2,0,0,5,1,5,23,0,1,0,0,19,0,4,1,7,1,0,0,3,0,1,0,1,22,1,0,1,23,0,3,0,7,1
"PTHR26451_SF142",2,9,0,0,1,2,0,0,0,1,4,6,1,0,0,1,1,16,0,2,0,0,0,0,0,1,0,0,2,2,4,0,0,0,0,1,1,2,1,0,0,9,0,0,1
"PTHR26451_SF145",1,1,0,0,0,1,0,0,1,0,0,1,0,0,0,0,2,1,0,1,0,0,1,0,0,0,1,0,0,1,1,0,0,0,0,1,0,0,0,1,0,0,0,0,0
"PTHR26451_SF146",2,2,0,0,2,3,2,1,2,0,3,3,2,1,0,9,2,1,0,3,2,0,2,0,2,2,2,1,2,0,1,0,2,1,3,2,0,2,0,2,0,1,0,4,2
"PTHR26451_SF15",1,0,0,0,1,1,1,0,1,1,1,1,1,1,1,1,1,1,2,0,1,0,1,2,1,1,1,0,1,0,1,1,1,1,0,1,1,0,1,1,0,1,0,0,1
"PTHR26451_SF150",7,3,0,0,3,2,0,0,0,0,1,0,1,0,0,0,0,0,0,2,0,0,0,0,0,2,0,0,0,1,0,0,0,0,0,0,0,2,0,0,0,0,0,0,3
"PTHR26451_SF151",1,0,0,0,1,0,0,0,0,0,0,0,1,0,0,0,0,0,0,1,0,0,0,0,0,1,0,0,1,0,0,0,0,0,0,0,0,1,0,0,0,1,0,0,0
"PTHR26451_SF156",2,1,0,0,0,1,1,1,2,1,1,2,0,1,1,1,1,3,0,0,0,0,1,0,1,1,0,0,1,0,0,1,1,0,1,1,1,0,1,1,1,1,0,0,0
"PTHR26451_SF159",1,0,0,0,2,0,0,0,0,0,0,0,0,0,1,0,0,4,0,0,0,0,1,0,0,0,0,0,1,0,1,0,0,1,0,1,0,1,0,1,0,1,0,0,1
"PTHR26451_SF162",1,1,0,1,1,1,1,1,1,2,1,1,1,1,0,1,0,1,0,1,0,0,1,0,1,1,1,0,1,1,1,1,1,0,1,2,2,0,2,1,1,0,0,1,1
"PTHR26451_SF164",1,1,0,0,0,1,0,2,2,0,4,8,1,0,9,0,8,6,0,0,0,0,12,0,5,0,3,0,0,0,1,1,0,0,0,2,0,1,0,15,0,1,0,0,0
"PTHR26451_SF169",2,4,0,0,1,2,0,0,1,2,3,5,2,0,0,0,1,9,0,1,0,0,3,0,0,1,3,0,2,2,2,0,2,0,2,1,0,1,0,4,0,2,0,3,1
"PTHR26451_SF17",1,0,0,0,1,0,0,1,0,0,0,1,1,0,1,0,1,7,0,0,0,0,1,0,0,1,1,0,1,0,1,0,0,0,0,1,0,1,0,1,0,2,0,0,1
"PTHR26451_SF173",1,0,0,0,1,0,3,1,8,0,1,3,0,0,35,1,14,0,1,3,1,0,6,1,2,1,1,0,0,0,16,4,0,0,0,5,1,1,1,7,0,1,0,0,1
"PTHR26451_SF176",1,2,1,1,1,3,0,1,0,1,2,1,4,2,0,1,2,3,1,1,1,1,1,2,2,2,1,0,3,1,2,0,3,1,0,2,2,4,2,1,1,1,0,0,2
"PTHR26451_SF179",2,0,0,0,0,1,0,0,1,2,1,0,1,0,2,0,1,1,0,0,0,0,0,0,0,2,0,0,1,0,1,0,0,0,2,0,0,1,0,0,0,3,0,2,0
"PTHR26451_SF180",1,1,0,0,0,0,1,0,1,1,3,3,1,0,1,2,1,7,0,1,1,0,1,0,0,1,1,1,0,0,1,0,1,0,0,1,2,0,1,1,1,2,0,1,1
"PTHR26451_SF181",1,0,0,0,1,0,1,0,2,2,0,3,0,0,0,1,0,0,0,1,1,0,1,0,0,1,1,0,1,1,0,0,0,0,0,1,0,0,0,0,0,5,0,0,0
"PTHR26451_SF182",1,1,0,0,2,1,1,1,0,1,1,1,1,1,2,1,1,1,0,1,1,0,1,0,1,2,1,1,0,1,2,0,1,0,1,1,1,1,1,0,0,3,0,3,1
"PTHR26451_SF183",2,1,0,0,1,1,0,1,1,2,1,0,1,0,0,0,1,1,0,0,0,0,1,0,1,1,1,0,1,1,1,1,1,0,0,1,0,1,0,0,0,1,0,1,1
"PTHR26451_SF185",1,1,0,0,1,0,1,0,6,0,4,4,1,0,12,1,8,7,0,3,0,0,12,0,1,1,3,1,1,1,1,0,0,0,0,9,0,1,0,13,0,3,0,0,1
"PTHR26451_SF191",1,1,0,0,1,0,0,0,0,1,0,2,0,0,1,0,1,1,0,1,0,0,0,0,0,2,0,0,0,1,1,0,1,0,0,0,0,0,0,0,0,1,0,0,0
"PTHR26451_SF192",3,0,0,0,0,0,0,0,2,2,0,1,1,0,2,0,1,3,0,3,0,0,2,0,0,1,1,0,3,0,1,0,0,0,2,1,0,1,0,3,0,1,0,3,1
"PTHR26451_SF193",2,3,0,0,0,3,0,0,0,5,3,5,1,1,0,6,2,2,1,0,1,0,1,0,0,0,1,0,0,1,1,0,1,0,1,1,1,0,1,1,0,3,0,1,0
"PTHR26451_SF198",1,1,0,0,0,0,1,1,0,1,1,1,2,1,1,1,0,2,0,0,0,4,0,0,0,1,0,1,1,1,1,1,2,0,0,0,1,1,1,0,0,4,0,0,0
"PTHR26451_SF199",1,0,0,0,0,0,1,0,1,0,3,1,0,0,0,1,1,1,1,0,1,1,1,1,2,1,1,0,1,0,0,0,0,0,2,0,1,0,1,2,0,4,0,2,0
"PTHR26451_SF200",1,0,0,0,1,0,1,1,2,1,0,2,0,0,0,1,1,0,1,1,1,0,1,0,1,1,1,0,1,0,1,0,0,0,0,1,1,1,1,1,0,2,0,0,1
"PTHR26451_SF201",2,0,0,0,2,0,0,0,0,1,0,0,0,0,2,0,2,8,0,0,0,0,1,0,0,2,1,0,1,0,0,0,0,0,0,1,0,0,0,2,0,0,0,0,0
"PTHR26451_SF203",2,1,0,0,0,0,1,0,1,2,2,0,1,0,2,0,1,2,0,1,0,0,0,0,0,4,0,0,1,1,2,0,2,0,1,1,0,0,0,1,0,3,0,0,0
"PTHR26451_SF204",1,1,0,0,0,1,0,0,1,0,0,0,1,0,0,0,0,0,0,1,0,0,1,0,0,0,0,0,0,0,1,0,0,0,0,1,0,1,0,1,0,0,0,0,0
"PTHR26451_SF205",1,1,0,0,0,1,0,0,0,0,1,2,1,0,0,0,0,1,0,0,0,1,1,0,0,0,1,0,0,0,1,0,1,0,0,1,0,1,0,1,0,2,0,0,0
"PTHR26451_SF207",1,6,0,1,0,5,1,1,1,1,0,0,1,0,1,1,1,2,0,0,1,0,1,0,0,1,1,0,1,1,1,1,0,0,0,1,1,1,1,1,1,8,0,4,0
"PTHR26451_SF208",1,1,1,0,2,0,1,0,1,0,0,1,1,1,1,1,1,0,1,1,1,0,1,0,0,1,1,0,1,1,1,1,1,0,1,1,0,0,0,0,0,2,0,1,2
"PTHR26451_SF211",2,4,0,0,0,0,0,0,0,4,2,0,1,0,0,0,0,4,0,1,0,0,0,0,0,0,0,0,1,0,0,0,0,0,0,0,0,1,0,0,0,21,0,0,0
"PTHR26451_SF212",1,2,0,0,1,1,0,0,1,0,1,0,1,1,1,0,1,3,1,0,0,0,1,1,0,1,2,2,1,2,1,0,1,1,0,1,0,1,0,2,0,1,0,0,0
"PTHR26451_SF213",1,0,0,0,0,1,0,1,1,1,3,5,0,1,1,1,1,2,1,1,1,0,1,1,1,1,1,1,1,1,1,1,1,0,0,1,0,1,0,1,0,2,0,0,0
"PTHR26451_SF222",3,1,0,0,2,0,1,0,0,1,0,0,0,0,0,0,0,0,0,0,0,0,0,0,0,1,0,0,0,0,0,0,0,0,0,0,0,0,0,0,0,3,0,0,0
"PTHR26451_SF223",3,2,0,0,3,2,2,1,2,1,2,4,1,0,5,1,1,15,0,0,0,0,3,0,0,3,4,0,3,1,2,0,2,0,0,2,1,1,0,4,1,8,0,0,2
"PTHR26451_SF224",1,0,0,0,0,0,0,1,0,3,1,0,1,0,0,0,4,2,0,0,0,0,3,0,0,1,0,0,1,0,2,1,0,0,0,1,0,0,0,8,0,0,0,0,0
"PTHR26451_SF225",1,6,0,0,0,4,0,0,0,11,5,6,3,2,0,2,2,4,2,0,2,0,6,1,0,0,2,0,0,2,2,0,1,1,0,3,2,4,2,5,0,0,0,0,0
"PTHR26451_SF226",1,1,0,0,1,0,0,0,0,1,0,0,1,1,0,1,0,2,0,1,0,0,0,0,0,0,0,0,0,0,0,0,1,0,0,0,1,1,1,0,0,2,0,0,1
"PTHR26451_SF227",1,2,0,0,0,0,0,0,0,36,0,1,6,0,0,0,0,7,0,0,0,0,0,0,0,1,0,0,0,1,0,0,0,0,0,0,0,3,0,0,0,3,0,0,1
"PTHR26451_SF23",1,2,0,0,0,2,1,3,4,4,2,3,1,2,2,1,3,5,0,0,0,0,6,0,0,1,3,0,1,0,3,2,0,1,1,5,1,1,1,5,0,1,0,2,1
"PTHR26451_SF230",1,0,0,0,1,0,0,0,0,1,1,0,1,0,0,0,0,1,0,0,0,0,1,0,0,1,1,0,1,0,0,0,0,0,2,1,0,1,0,1,0,0,0,2,1
"PTHR26451_SF233",2,0,0,0,1,0,0,0,0,0,1,0,2,0,0,0,0,1,0,0,0,0,0,0,0,0,0,0,0,0,0,0,0,0,0,0,0,1,0,0,0,1,0,0,1
"PTHR26451_SF238",1,0,0,0,1,0,1,2,2,2,1,1,1,0,3,0,1,1,0,0,0,0,3,0,0,1,3,0,1,0,0,1,0,0,1,4,0,2,0,4,0,2,0,0,1
"PTHR26451_SF239",6,2,1,0,2,1,0,0,1,5,0,3,5,1,1,1,1,11,1,0,1,0,1,1,0,4,1,0,2,0,0,0,1,1,0,0,1,3,1,0,0,4,0,0,3
"PTHR26451_SF240",3,4,0,0,4,1,0,1,1,3,2,2,0,0,1,0,1,4,0,0,0,0,2,0,0,1,4,0,2,3,0,0,0,0,0,2,0,2,0,2,0,4,0,0,3
"PTHR26451_SF241",1,1,0,0,0,0,0,0,0,0,0,1,1,0,0,0,0,1,0,0,0,0,0,0,0,0,0,0,0,1,0,0,0,0,0,0,0,0,0,0,0,1,0,0,0
"PTHR26451_SF245",2,6,0,0,2,9,1,2,3,2,6,6,2,0,3,0,9,3,0,7,1,0,22,0,6,1,3,0,1,4,5,1,2,0,1,18,0,3,0,24,0,0,0,2,1
"PTHR26451_SF250",1,1,0,0,0,0,0,0,0,1,0,0,0,0,0,0,0,1,0,1,0,0,0,0,0,0,0,0,0,1,0,0,1,0,1,0,0,0,0,0,0,1,0,3,0
"PTHR26451_SF251",2,2,0,1,3,2,1,2,2,4,1,3,3,0,0,0,1,2,1,1,0,0,2,0,0,3,3,0,3,1,1,1,1,1,0,3,0,3,0,3,1,1,0,0,0
"PTHR26451_SF252",5,1,0,0,2,0,0,2,2,5,0,2,2,0,1,1,2,1,0,0,0,0,3,0,0,5,1,0,4,0,4,0,1,1,0,4,0,1,0,3,0,5,0,0,2
"PTHR26451_SF253",1,1,0,0,0,0,0,0,0,1,1,1,1,0,1,1,0,4,0,0,0,0,0,0,0,1,0,0,1,0,1,0,1,0,0,0,0,1,0,0,0,3,0,0,0
"PTHR26451_SF254",1,2,0,1,1,1,0,0,0,1,0,1,1,0,0,0,1,0,0,0,0,0,0,0,0,1,0,0,1,1,0,0,0,0,0,1,0,1,0,0,0,1,0,0,1
"PTHR26451_SF26",1,0,0,0,1,0,0,0,2,1,1,2,1,0,0,0,1,1,1,1,0,0,2,0,0,0,2,0,1,0,4,1,0,0,0,1,0,0,0,3,0,2,0,0,1
"PTHR26451_SF261",1,0,0,0,1,0,1,1,1,32,1,1,1,1,0,1,1,1,0,1,0,0,1,0,0,1,1,0,1,0,1,0,1,0,0,1,1,1,1,1,1,0,0,0,0
"PTHR26451_SF262",4,0,0,0,2,0,0,0,0,0,0,1,1,0,0,0,0,4,0,0,0,0,0,0,0,6,0,0,0,1,1,0,0,0,0,0,0,0,0,0,0,5,0,0,1
"PTHR26451_SF263",15,1,0,0,11,0,1,2,0,28,0,0,13,5,5,3,7,0,1,8,3,0,4,2,1,14,1,2,10,0,4,0,6,1,0,3,5,6,4,3,0,1,0,0,7
"PTHR26451_SF264",1,1,0,0,2,1,0,0,0,0,1,2,2,0,4,0,2,22,0,1,0,0,1,0,0,1,0,0,2,0,1,0,0,0,0,1,0,1,0,2,0,1,0,0,2
"PTHR26451_SF265",3,2,1,1,3,2,1,1,1,3,2,1,0,1,2,1,2,1,0,1,0,1,2,1,1,1,2,1,2,2,2,0,3,1,3,2,1,2,1,2,0,2,1,3,1
"PTHR26451_SF266",1,1,0,0,0,0,0,0,0,1,0,1,1,0,0,0,0,1,0,1,0,0,0,0,0,0,0,0,0,1,1,0,1,0,0,0,0,0,0,0,0,0,0,0,0
"PTHR26451_SF271",1,1,0,1,0,0,0,0,0,1,0,0,1,0,1,1,1,0,0,0,0,0,1,0,0,0,1,0,1,0,1,0,0,1,0,1,1,1,0,1,0,0,0,0,1
"PTHR26451_SF272",1,1,0,0,1,1,1,1,0,1,1,1,1,1,0,1,0,0,0,0,1,0,0,0,0,1,0,0,1,0,1,0,0,0,0,0,1,0,1,0,0,0,0,0,1
"PTHR26451_SF273",4,1,0,0,2,1,0,0,0,0,1,1,3,0,0,0,0,0,0,5,0,0,0,0,0,3,0,0,3,0,0,0,0,0,0,0,0,2,0,0,0,6,0,0,2
"PTHR26451_SF274",2,2,0,0,2,2,0,1,2,2,2,1,0,1,5,0,0,2,1,0,1,0,2,1,0,0,2,1,1,2,2,0,1,1,0,2,1,1,1,2,0,1,0,2,2
"PTHR26451_SF276",2,9,0,0,1,6,0,1,1,1,2,2,1,0,0,0,0,3,0,1,0,0,1,0,0,3,1,0,2,2,0,1,0,0,0,1,0,3,0,0,0,2,0,0,2
"PTHR26451_SF277",1,1,0,0,0,0,0,0,0,0,0,0,0,0,0,1,0,1,0,0,0,0,0,0,0,0,0,1,0,0,0,0,1,0,0,0,1,1,1,1,0,1,0,0,0
"PTHR26451_SF280",1,1,0,0,1,1,0,1,1,1,1,1,0,0,1,0,0,1,0,0,0,0,1,0,0,0,1,0,1,0,1,0,1,0,0,1,0,0,0,0,0,0,0,0,1
"PTHR26451_SF282",1,0,0,0,1,0,0,1,0,0,1,1,0,0,0,0,0,8,0,0,0,0,6,0,0,4,1,0,0,0,0,0,0,0,0,1,0,1,0,7,0,10,0,0,1
"PTHR26451_SF284",5,7,0,0,4,4,2,3,1,5,2,1,2,3,3,2,5,2,1,0,2,1,4,0,0,6,2,0,7,6,3,0,1,1,0,5,2,3,3,3,0,26,0,4,2
"PTHR26451_SF287",2,1,0,1,1,1,1,2,0,8,2,1,1,2,2,1,1,2,0,0,1,0,3,1,2,2,2,1,2,1,1,1,1,0,1,2,1,1,2,2,1,5,0,2,1
"PTHR26451_SF290",1,1,0,0,1,1,1,0,0,2,0,0,0,0,2,1,2,7,0,0,0,0,2,1,0,0,1,0,2,0,2,1,1,0,0,2,0,0,0,2,0,0,0,5,1
"PTHR26451_SF292",1,0,0,0,1,0,0,0,0,0,0,0,1,0,1,0,0,0,0,0,0,0,2,0,0,1,1,0,0,0,0,0,1,0,0,1,0,0,0,3,0,0,0,0,0
"PTHR26451_SF294",4,6,1,1,7,7,3,2,3,6,9,11,6,4,3,13,2,10,2,3,6,2,9,2,1,4,4,2,4,4,4,3,6,2,4,6,5,6,5,6,1,6,0,3,7
"PTHR26451_SF295",1,2,0,0,1,2,1,1,1,1,1,1,2,0,0,1,1,1,0,0,1,1,1,0,1,1,1,0,1,1,1,1,1,0,1,1,0,1,0,1,0,1,0,0,1
"PTHR26451_SF296",1,1,0,0,0,1,0,2,1,1,0,1,1,0,1,0,1,1,0,1,0,0,3,0,0,1,2,0,1,0,0,1,1,0,0,1,0,1,0,4,0,2,0,4,0
"PTHR26451_SF299",1,0,0,2,2,0,3,0,6,1,2,1,1,0,4,2,1,13,0,0,1,2,4,1,1,0,1,0,0,0,2,0,11,2,0,5,1,0,1,3,1,0,0,0,1
"PTHR26451_SF300",1,0,0,0,1,0,1,0,1,1,0,0,0,1,1,1,0,1,0,1,1,0,1,0,0,1,1,0,1,1,1,0,1,0,1,1,1,1,1,1,0,2,0,1,1
"PTHR26451_SF304",3,5,0,1,2,3,0,3,3,9,4,4,5,0,2,2,2,7,1,0,2,4,1,1,5,4,4,0,3,2,5,3,0,1,3,4,1,5,2,20,0,3,0,3,3
"PTHR26451_SF306",1,6,1,0,1,4,1,2,7,1,1,3,3,0,6,0,1,16,0,1,1,0,2,0,1,4,0,0,4,1,1,0,5,0,2,2,0,3,0,3,0,0,0,5,2
"PTHR26451_SF307",2,0,0,0,2,3,1,0,0,7,1,1,2,2,2,2,2,1,0,1,2,0,1,0,0,5,1,0,2,1,0,0,1,0,0,0,2,1,2,1,1,5,0,0,2
"PTHR26451_SF309",1,1,0,0,0,0,0,2,2,2,1,1,1,0,2,0,1,0,0,0,0,0,2,0,0,0,2,0,1,0,0,0,0,0,1,1,0,1,0,2,0,2,0,3,0
"PTHR26451_SF315",4,8,1,0,3,6,0,3,3,1,3,2,3,1,1,2,1,3,1,2,2,1,3,0,2,4,2,1,4,4,2,2,2,1,3,3,0,3,1,2,0,6,0,4,3
"PTHR26451_SF316",1,2,0,0,0,1,0,0,0,0,0,2,1,0,0,0,1,1,0,0,0,0,5,0,0,1,1,0,1,1,1,0,1,0,0,1,0,1,0,2,0,1,0,0,0
"PTHR26451_SF318",1,1,0,0,0,1,0,0,0,0,0,1,1,0,0,0,1,2,0,1,0,0,0,0,0,1,0,0,0,1,1,0,0,0,0,1,0,1,0,1,0,7,0,0,0
"PTHR26451_SF319",3,3,2,0,1,3,0,1,0,14,6,5,3,2,1,2,1,9,1,5,1,1,2,1,2,3,0,0,1,3,1,1,3,1,0,2,1,3,1,2,0,5,0,0,1
"PTHR26451_SF325",1,1,0,0,1,0,0,0,0,0,1,1,1,1,0,1,0,0,0,0,0,0,0,0,0,1,0,1,1,0,0,0,0,0,0,0,1,1,1,0,0,1,0,0,0
"PTHR26451_SF326",2,2,0,0,5,1,0,1,0,0,6,7,4,1,5,1,5,27,0,0,0,0,4,0,0,6,0,0,3,1,1,0,0,0,0,4,1,4,1,13,0,6,0,0,3
"PTHR26451_SF33",8,0,0,0,5,0,1,1,1,5,1,3,1,0,1,1,3,10,0,0,0,0,3,0,1,7,1,0,7,0,0,0,1,0,1,1,1,1,0,1,0,6,0,7,4
"PTHR26451_SF34",2,3,0,0,1,0,0,0,0,3,0,3,2,0,0,0,0,1,0,0,0,0,0,0,0,1,0,0,0,0,0,0,0,0,0,0,0,2,0,0,0,3,0,0,1
"PTHR26451_SF35",1,1,1,0,2,1,2,1,1,2,1,2,2,1,0,1,0,1,0,0,2,0,1,1,1,0,1,0,1,1,1,0,2,1,0,1,1,1,1,1,0,2,0,0,2
"PTHR26451_SF36",1,1,0,0,1,1,0,0,0,3,0,1,0,0,3,0,2,2,0,0,0,0,1,0,0,1,0,0,0,1,1,0,0,0,0,1,0,0,0,1,0,0,0,0,1
"PTHR26451_SF37",1,1,0,0,1,1,1,1,0,0,1,0,1,0,0,0,1,1,0,1,0,0,1,0,0,1,1,0,1,1,1,0,1,0,0,1,0,1,0,1,0,2,0,1,0
"PTHR26451_SF39",1,2,0,0,0,2,1,0,0,0,1,2,1,1,0,1,0,1,1,0,0,0,0,1,0,0,0,1,0,1,0,0,0,1,0,0,0,0,1,0,1,0,0,0,0
"PTHR26451_SF40",1,1,0,0,1,1,1,1,1,0,1,1,2,1,2,1,1,1,0,1,1,0,1,0,1,1,1,0,0,0,1,0,1,0,2,1,0,1,1,1,0,1,0,2,1
"PTHR26451_SF42",3,5,1,1,5,3,3,0,5,2,4,6,2,1,2,1,3,8,1,0,1,1,1,1,0,3,4,1,1,5,5,1,5,1,1,0,1,2,1,0,0,8,1,4,5
"PTHR26451_SF45",1,1,0,0,2,1,0,0,1,1,1,0,1,0,0,0,0,2,0,0,0,0,1,0,0,1,0,0,1,1,1,0,0,0,0,1,0,1,0,1,0,0,0,0,0
"PTHR26451_SF47",1,1,0,0,0,1,0,0,1,0,2,0,0,0,1,0,1,2,0,1,0,0,1,0,1,0,1,1,0,1,1,0,0,0,2,1,0,0,0,1,0,1,0,4,0
"PTHR26451_SF49",1,1,0,0,1,1,1,1,1,1,1,1,1,1,1,1,1,1,0,1,1,0,1,0,1,1,1,1,1,1,1,0,1,0,1,1,0,1,1,1,0,1,0,1,1
"PTHR26451_SF55",1,1,0,0,1,1,1,0,0,1,1,1,1,1,0,1,1,1,0,0,1,0,1,0,1,0,1,0,1,1,1,0,1,0,2,1,1,1,1,1,0,0,0,2,0
"PTHR26451_SF58",2,1,0,0,0,0,0,0,0,4,3,9,2,0,0,0,0,1,0,14,0,0,1,0,0,0,0,0,0,1,1,0,0,0,0,1,0,3,0,1,0,6,0,0,0
"PTHR26451_SF63",1,0,0,0,1,1,0,1,1,0,0,0,1,0,1,1,0,0,0,1,0,0,1,0,0,0,1,0,1,0,5,1,2,0,0,2,1,0,2,2,0,0,0,0,1
"PTHR26451_SF68",2,2,0,0,2,1,2,2,1,1,2,2,3,1,2,2,2,2,0,0,2,0,2,0,1,2,2,1,2,2,2,0,2,0,2,2,2,2,2,2,0,1,0,2,1
"PTHR26451_SF7",1,1,0,0,1,1,0,0,0,5,2,3,1,1,0,1,1,1,0,4,1,0,0,0,0,0,0,0,1,1,2,0,2,0,0,0,1,1,1,0,0,1,0,0,1
"PTHR26451_SF70",3,0,0,0,0,0,0,1,4,4,0,1,0,0,3,0,1,0,0,0,0,0,3,0,0,1,0,0,0,0,0,0,0,0,1,0,0,0,0,3,0,2,0,1,0
"PTHR26451_SF73",1,1,0,0,1,1,1,1,2,1,1,2,1,1,1,1,1,1,0,0,1,0,1,1,1,1,1,0,1,0,2,1,1,1,0,1,1,1,1,1,0,1,0,0,1
"PTHR26451_SF74",1,0,0,0,0,0,0,0,0,3,1,1,1,0,0,0,0,2,0,1,0,0,0,0,0,1,0,0,1,0,0,0,1,0,0,0,0,1,0,0,0,1,0,2,0
"PTHR26451_SF77",1,1,0,0,0,2,0,0,0,0,0,0,2,0,0,0,0,0,0,0,0,0,0,0,0,2,0,0,2,2,0,0,0,0,0,0,0,2,0,0,0,6,0,0,1
"PTHR26451_SF80",2,2,1,0,2,2,2,1,1,5,1,4,2,1,2,1,3,9,0,0,0,4,2,0,0,1,1,0,1,0,0,1,6,0,4,4,0,0,1,3,0,2,0,5,3
"PTHR26451_SF81",14,32,0,0,4,7,1,0,7,29,4,10,4,0,9,0,8,1,0,39,1,0,2,1,0,8,0,0,3,10,16,0,1,1,0,1,0,7,0,4,0,24,0,0,3
"PTHR26451_SF84",1,1,0,0,1,1,0,0,0,1,1,3,1,0,0,0,0,3,0,1,0,0,0,0,0,1,0,0,1,1,1,0,0,0,0,1,0,1,0,0,0,0,0,0,1
"PTHR26451_SF85",1,1,0,1,0,1,0,1,3,1,1,1,0,0,1,0,1,1,0,0,0,0,1,0,1,0,1,0,0,0,1,0,1,0,0,1,1,1,1,1,0,0,0,0,0
"PTHR26451_SF87",3,7,1,0,4,1,0,0,2,3,3,3,1,1,1,1,4,2,1,0,1,0,1,0,0,0,0,0,4,2,5,0,0,0,0,1,1,4,2,1,0,9,0,0,2
"PTHR26451_SF9",2,3,0,0,1,2,1,0,1,1,0,1,0,0,0,2,1,1,0,1,0,0,2,0,1,0,1,0,1,1,2,1,1,0,3,2,1,1,1,1,0,2,0,3,1
"PTHR26451_SF90",1,1,0,0,1,1,1,1,0,1,1,0,1,1,1,1,1,1,1,1,1,0,3,1,2,1,1,0,1,1,1,1,0,1,0,2,1,0,1,3,0,1,0,0,1
"PTHR26451_SF92",1,1,0,0,0,1,1,0,0,1,1,1,1,1,0,1,1,1,0,0,1,0,1,0,0,0,1,0,1,1,1,0,1,0,0,1,1,0,1,1,0,1,0,0,0
"PTHR26451_SF95",1,1,0,0,0,2,0,1,1,1,1,0,0,0,1,1,1,1,0,0,1,0,1,0,0,0,1,1,1,1,1,0,1,0,0,1,0,1,0,1,0,1,0,4,0
"PTHR26451_SF96",1,4,0,1,0,3,1,0,1,1,3,4,1,1,0,1,3,3,1,0,1,2,6,1,1,1,2,0,1,0,3,2,1,1,2,2,1,1,1,4,1,5,0,1,1
"PTHR26451_SF98",1,1,0,0,1,0,0,0,0,1,0,1,0,1,0,1,1,1,0,0,0,0,0,0,0,1,0,0,1,1,1,0,1,0,1,0,0,0,1,0,0,1,0,1,0
"PTHR26451_SF99",2,1,0,0,1,1,1,0,1,0,1,1,1,1,0,0,0,0,0,0,0,1,0,0,1,1,1,0,1,1,1,1,1,0,0,1,0,1,0,0,1,1,0,0,1
"PTHR26452",155,234,17,24,155,170,88,103,206,508,171,238,142,78,288,114,171,585,28,82,56,55,395,31,82,126,168,40,126,120,172,48,134,30,137,293,77,134,80,469,15,270,5,196,135
"PTHR26453",158,223,32,20,135,174,65,76,146,273,145,229,146,74,184,168,152,370,50,64,62,33,223,54,93,142,147,35,129,144,160,56,160,52,99,199,75,134,82,253,17,288,7,168,116
"PTHR26454",38,59,6,3,53,38,17,23,48,100,55,76,37,16,16,20,43,114,10,41,10,5,60,7,6,46,33,6,42,33,39,10,51,5,30,43,12,43,14,82,2,101,0,38,41
"PTHR30575",1,1,1,1,1,1,1,1,1,2,1,1,1,1,1,1,1,1,1,1,1,1,1,1,1,1,1,0,1,1,1,1,1,1,1,1,1,1,1,1,1,1,1,1,1
"PTHR30616",1,1,1,1,1,1,1,1,1,1,1,1,1,1,1,2,1,1,1,1,1,1,1,1,1,1,1,1,1,1,1,1,1,1,1,1,1,1,1,1,1,1,1,1,1
"PTHR31004",1,1,1,1,1,1,1,1,1,1,1,0,1,1,1,1,1,1,1,1,1,1,1,1,1,1,1,1,0,1,1,1,1,1,1,1,1,1,2,1,1,1,1,1,1
"PTHR31007",2,2,1,2,0,2,2,2,1,3,2,2,1,2,2,2,2,2,2,0,2,2,2,2,2,1,2,1,2,0,1,2,2,2,2,2,2,2,2,2,2,2,1,2,2
"PTHR31017",1,1,1,1,1,1,1,1,1,1,1,1,1,1,1,1,1,1,1,1,1,1,1,1,1,1,1,1,1,1,1,1,1,1,1,1,1,1,2,1,1,1,1,1,1
"PTHR31019",1,1,1,1,1,1,0,1,0,1,1,1,1,1,1,1,1,1,1,1,1,2,1,1,1,1,1,1,1,1,1,0,1,1,1,1,1,1,2,1,1,1,1,1,1
"PTHR31020",1,1,1,1,1,1,1,1,1,1,1,1,1,1,1,1,1,1,1,1,1,1,1,1,1,1,2,1,1,1,1,1,1,1,1,1,1,1,1,1,1,1,1,1,1
"PTHR31021",2,2,2,2,2,2,2,1,1,2,2,2,2,2,1,2,1,2,2,2,2,2,1,2,1,2,1,2,2,2,1,1,2,2,2,2,2,2,2,2,2,2,1,3,2
"PTHR31022",1,1,1,1,1,1,1,1,1,1,1,1,1,1,1,1,1,1,1,0,1,1,1,1,2,1,1,1,1,1,1,1,2,1,1,1,0,1,1,1,1,1,1,2,1
"PTHR31034",1,1,1,1,1,1,1,1,1,1,1,1,1,1,1,1,1,1,1,1,1,1,1,1,1,1,1,1,1,1,1,1,1,1,1,1,1,1,1,1,1,1,1,1,1
"PTHR31036",1,1,1,1,1,1,1,1,1,1,1,1,1,1,1,1,1,1,1,1,1,0,1,1,1,1,2,1,1,1,1,1,1,1,1,2,1,1,1,3,1,1,0,1,1
"PTHR31037",1,1,1,1,1,1,2,1,1,1,1,1,1,1,1,1,1,1,1,1,1,1,1,1,1,1,1,1,1,1,1,1,1,1,1,1,1,1,1,1,1,1,1,1,1
"PTHR31040",1,1,1,1,1,1,1,1,1,1,1,1,1,1,1,7,1,1,1,1,1,1,1,1,1,0,1,1,1,1,1,1,1,1,1,1,1,1,1,1,1,1,1,1,1
"PTHR31043",1,1,1,1,1,1,1,1,1,1,1,1,1,1,1,1,1,2,1,1,1,1,1,1,0,1,2,1,1,3,2,1,1,1,1,1,1,1,1,1,1,1,1,1,1
"PTHR31046",1,1,1,1,1,1,1,1,1,1,1,1,1,1,1,1,1,1,1,0,1,1,1,1,1,0,1,1,1,2,0,1,1,1,1,1,0,1,1,1,1,0,0,2,1
"PTHR31051_SF1",1,1,1,1,1,2,1,1,1,1,1,1,1,1,1,1,1,1,1,0,1,1,1,1,1,1,1,1,1,1,1,1,2,1,1,1,1,1,1,1,1,1,1,1,1
"PTHR31054",2,2,2,4,1,2,5,1,0,1,2,2,2,2,2,2,2,1,2,2,2,2,2,2,2,1,1,2,2,2,2,2,1,2,2,2,2,2,2,2,3,2,1,2,3
"PTHR31056",1,1,1,1,1,1,1,1,1,1,1,1,1,1,1,1,1,1,1,1,1,1,1,1,1,1,1,1,1,1,1,0,1,1,1,1,1,1,1,1,1,1,1,1,1
"PTHR31057",1,1,1,1,1,1,1,1,1,1,1,1,1,1,1,1,1,1,1,1,1,1,1,1,1,1,1,1,1,1,1,1,1,1,1,1,1,1,1,1,1,1,1,1,1
"PTHR31058",1,1,1,1,1,1,1,1,2,1,1,1,1,1,1,1,1,1,1,1,1,1,1,1,1,1,1,1,1,1,1,2,1,1,1,1,1,1,1,1,1,1,1,1,1
"PTHR31061",1,1,1,2,1,1,1,1,1,1,1,1,1,1,1,1,1,1,2,1,1,1,1,1,1,1,1,1,1,1,1,0,1,1,2,1,1,1,1,1,1,2,1,1,1
"PTHR31075",2,2,2,2,2,2,2,2,2,2,2,2,2,2,2,2,2,2,2,2,2,2,2,3,2,2,2,2,2,2,2,2,2,3,2,2,2,2,2,3,2,2,2,2,2
"PTHR31078",1,2,1,1,1,1,1,1,1,1,1,1,1,1,1,1,1,1,1,1,1,1,1,1,1,1,1,1,1,1,1,1,1,1,1,1,1,1,1,1,1,1,1,1,1
"PTHR31092",1,1,1,1,1,1,1,1,1,1,1,1,1,1,1,1,1,1,1,1,1,1,1,1,1,1,1,1,1,1,1,1,1,1,1,2,1,1,1,1,1,1,1,0,1
"PTHR31094",1,1,1,1,1,1,1,1,1,1,1,1,1,1,1,7,1,1,1,1,1,1,1,1,1,1,1,2,1,1,1,1,1,1,1,1,1,1,1,1,1,1,1,1,1
"PTHR31095",1,0,1,1,1,1,1,1,1,1,1,1,1,1,1,1,1,2,1,2,1,1,1,1,1,1,1,1,1,1,1,1,2,1,1,1,1,1,1,1,1,1,1,1,1
"PTHR31097",1,1,1,1,1,1,1,1,1,1,1,1,1,1,1,1,1,1,1,0,1,1,1,1,1,1,1,1,1,1,1,1,1,1,1,1,1,1,2,1,1,1,1,1,1
"PTHR31101",1,1,1,1,2,1,1,2,1,1,1,1,1,1,3,1,1,1,1,1,1,1,1,1,1,1,1,1,1,2,1,2,1,1,1,1,1,1,1,1,1,1,1,1,1
"PTHR31102",2,2,2,2,2,2,2,2,2,1,1,2,1,2,2,2,2,3,2,2,2,1,2,2,2,2,2,2,2,2,2,2,2,2,2,2,2,2,3,2,2,2,2,2,2
"PTHR31108",2,2,2,2,2,2,2,2,2,2,2,2,2,2,2,2,3,2,2,1,3,2,2,2,2,2,2,2,2,2,1,2,2,2,2,2,2,2,2,2,2,2,2,4,3
"PTHR31109",1,1,1,1,1,1,1,1,1,1,0,1,1,2,1,1,1,1,1,1,1,1,1,1,1,1,1,1,1,1,1,0,1,1,1,1,2,1,3,1,1,1,0,1,1
"PTHR31120_SF2",2,1,1,1,1,1,1,1,1,1,1,1,1,1,1,1,1,1,1,1,1,1,1,1,1,1,1,1,1,2,1,1,0,1,1,1,1,1,1,1,1,1,1,1,1
"PTHR31120_SF4",1,0,1,1,1,0,1,0,0,0,1,1,1,1,0,1,0,0,1,0,1,1,0,1,0,1,0,1,1,0,1,0,0,1,1,0,1,1,1,0,1,0,1,0,1
"PTHR31129",1,1,1,1,1,1,0,1,1,0,1,1,1,1,1,1,1,1,1,1,1,1,2,1,1,1,1,1,1,1,0,1,1,1,1,1,1,1,1,1,1,1,1,1,1
"PTHR31131",2,3,2,3,2,3,2,2,2,2,2,2,2,4,2,3,2,2,2,2,2,2,2,2,2,2,2,2,2,2,2,2,2,2,2,2,3,2,4,2,3,2,2,2,2
"PTHR31134",1,1,1,1,1,1,1,1,1,1,1,1,1,1,1,1,1,1,1,2,1,1,1,1,1,1,1,1,1,1,1,1,1,1,1,1,1,1,1,1,1,1,1,1,1
"PTHR31139_SF4",1,1,1,1,1,1,1,1,1,2,1,1,1,1,1,1,1,1,1,1,1,1,2,1,1,1,1,1,1,1,1,1,1,1,1,1,1,1,1,1,1,1,1,1,1
"PTHR31139_SF5",2,1,2,1,2,2,2,2,2,2,2,2,2,2,2,2,2,2,2,2,2,2,2,2,2,2,2,2,2,2,3,2,2,2,2,2,2,2,2,2,2,2,1,2,2
"PTHR31144",1,1,1,1,1,1,1,1,1,1,1,1,1,1,1,1,1,1,1,1,1,1,1,1,1,1,1,1,1,1,1,1,1,1,1,1,1,1,1,1,1,1,0,1,1
"PTHR31148_SF1",1,1,1,5,4,2,2,2,1,2,1,1,3,1,3,1,1,1,2,1,2,4,1,1,1,1,1,1,1,1,5,6,3,2,1,4,1,3,1,1,4,1,1,1,3
"PTHR31156",2,1,2,4,3,1,5,1,1,3,2,4,2,6,1,17,2,1,3,2,2,1,3,3,2,2,2,5,0,2,2,1,1,4,2,1,2,1,10,3,2,2,1,0,2
"PTHR31158",1,2,2,2,2,2,2,2,2,2,2,2,2,2,2,2,2,2,2,2,2,2,2,2,2,2,2,2,2,2,2,2,2,2,2,2,2,2,2,2,2,2,2,2,2
"PTHR31159",1,1,1,1,1,1,1,1,1,1,1,1,1,1,2,2,1,1,1,1,1,1,1,1,1,1,1,1,1,1,1,1,1,1,1,1,1,1,1,1,1,1,1,1,1
"PTHR31164",1,1,1,1,3,1,1,1,1,2,1,1,1,1,1,2,1,1,1,0,1,1,1,1,1,1,1,1,1,0,1,1,1,1,1,1,1,0,1,1,1,1,2,1,0
"PTHR31167",1,1,1,1,1,1,1,1,1,1,1,1,1,1,1,2,1,1,1,1,1,1,1,1,1,1,1,1,1,1,1,1,1,1,1,1,1,1,1,1,1,1,1,1,1
"PTHR31169_SF2",1,1,1,3,2,1,1,1,1,1,1,1,1,1,1,1,2,1,1,1,1,1,1,1,1,1,2,1,1,1,1,1,1,1,1,1,1,1,1,1,4,1,1,2,1
"PTHR31169_SF4",1,1,1,1,1,1,1,1,1,1,1,1,1,1,1,1,1,1,1,1,1,1,1,1,1,1,1,1,1,1,1,1,1,1,1,1,1,1,1,1,1,1,1,2,1
"PTHR31171",2,2,2,2,1,2,2,2,2,2,2,2,2,2,2,2,2,2,2,2,2,2,2,2,2,2,3,2,2,2,2,2,2,2,2,2,2,2,2,2,2,1,1,2,2
"PTHR31179",2,2,2,2,2,2,2,2,2,2,2,2,2,2,4,2,2,2,2,2,2,2,2,2,2,2,2,2,2,2,2,2,2,2,2,2,2,2,3,2,2,2,2,2,2
"PTHR31180",1,1,1,1,1,1,1,1,1,1,1,1,1,1,1,1,1,1,1,1,1,1,1,1,1,1,1,1,1,1,1,1,1,1,2,1,1,1,1,1,1,1,1,0,1
"PTHR31184",1,1,2,1,1,1,2,1,1,1,1,1,1,2,1,1,1,1,1,1,1,2,1,1,2,1,1,2,1,1,1,1,1,1,1,1,1,1,1,1,2,1,1,1,1
"PTHR31185",1,1,0,0,1,1,1,1,1,1,1,1,1,0,0,1,2,1,0,1,1,1,1,0,1,0,1,0,1,1,1,1,1,0,1,1,0,1,0,1,0,1,1,1,1
"PTHR31186",1,1,2,1,1,1,1,1,1,1,1,2,1,2,4,2,2,1,1,1,1,1,1,1,1,0,1,1,1,1,1,1,0,1,1,1,1,1,1,1,2,1,1,2,1
"PTHR31191",1,1,1,1,1,1,1,1,1,1,1,1,1,1,1,1,1,1,1,1,1,1,1,1,1,1,1,1,1,1,1,1,1,1,1,1,1,1,1,1,1,1,1,1,1
"PTHR31193",1,1,1,1,1,1,1,1,1,1,1,1,1,1,1,1,1,1,1,1,1,1,1,1,1,1,1,1,1,1,1,1,1,1,1,1,1,1,1,1,1,1,1,2,1
"PTHR31195",1,1,1,4,1,1,1,1,1,1,1,1,1,1,1,2,1,1,2,1,1,2,1,1,2,1,1,1,1,1,1,1,0,1,1,0,1,1,2,1,2,1,1,1,1
"PTHR31196",1,1,1,1,1,1,1,1,1,1,1,1,1,1,1,1,1,1,1,3,1,1,1,1,1,1,1,1,1,1,1,1,1,1,1,1,1,1,1,1,1,1,1,1,1
"PTHR31198",1,1,1,1,1,1,1,1,1,1,1,1,1,1,1,2,1,1,2,1,1,1,1,1,1,1,1,1,1,1,1,1,1,1,1,1,1,1,1,1,1,1,1,1,1
"PTHR31199",1,1,1,1,1,1,1,1,1,1,1,1,1,1,1,2,1,1,1,1,1,1,1,1,1,1,1,1,1,1,1,1,1,1,1,1,1,1,1,1,1,1,1,1,1
"PTHR31200_SF1",1,1,2,2,1,1,1,1,1,1,1,1,1,1,1,1,1,1,2,2,1,1,1,2,1,1,1,1,1,1,1,2,1,2,1,1,1,1,1,1,1,1,0,1,1
"PTHR31204_SF1",1,1,1,2,1,1,1,1,1,1,1,1,1,1,1,1,1,1,1,1,1,1,1,1,1,1,1,2,1,1,1,1,1,2,1,1,1,1,1,1,1,1,1,1,1
"PTHR31206",2,3,2,2,2,2,3,1,1,2,1,2,2,1,1,2,1,2,2,1,2,2,2,2,1,2,1,2,2,2,1,1,1,2,2,1,2,2,2,2,2,2,2,1,2
"PTHR31212",1,1,1,1,1,1,1,1,1,1,1,1,1,1,1,1,1,1,1,1,1,1,2,1,1,1,1,1,1,1,1,1,1,1,1,1,1,1,1,1,1,1,1,1,1
"PTHR31214",2,2,2,2,2,2,2,2,2,1,2,2,2,2,1,2,3,2,2,2,2,2,2,2,2,2,2,1,2,2,2,1,2,2,2,2,2,1,3,2,2,2,2,2,2
"PTHR31219",1,1,1,3,1,1,1,1,1,1,1,1,1,1,1,1,1,1,2,2,1,2,1,1,1,1,2,1,1,1,1,2,1,1,1,1,1,1,1,1,1,1,1,1,1
"PTHR31220",2,2,2,2,2,2,2,2,2,2,2,2,2,2,3,2,2,2,2,3,2,3,2,2,2,2,2,2,2,2,2,2,2,2,2,3,2,2,2,2,2,2,2,3,2
"PTHR31224",1,1,1,1,0,1,1,1,1,1,1,1,1,1,1,1,1,1,1,1,1,1,1,1,1,1,1,1,1,1,1,1,1,1,1,1,1,1,1,1,1,1,1,1,1
"PTHR31226",1,1,1,1,1,1,1,1,1,1,1,1,1,1,1,1,1,1,1,2,1,1,1,1,0,1,0,1,1,1,1,1,1,1,1,1,1,1,1,1,1,1,1,1,1
"PTHR31230",1,1,1,1,1,1,1,1,0,1,0,1,1,0,1,1,1,1,1,1,1,1,1,1,1,1,1,1,1,1,0,1,1,1,1,1,1,1,1,1,1,1,1,1,1
"PTHR31233",2,2,2,2,2,3,2,2,2,2,2,2,2,2,2,2,2,2,2,2,2,2,2,2,2,2,2,2,2,2,2,3,2,2,3,2,2,2,2,2,2,2,2,3,2
"PTHR31239",1,1,1,1,1,1,1,1,1,1,1,1,1,2,1,2,1,1,2,1,1,1,1,2,1,1,1,2,1,1,1,2,1,2,1,1,2,1,2,1,1,1,1,1,1
"PTHR31247",2,2,2,2,2,2,2,2,2,2,2,2,2,2,2,1,2,2,2,2,2,2,2,2,2,2,3,3,2,2,1,2,2,1,2,2,2,2,2,2,1,2,1,2,2
"PTHR31253",1,1,1,1,0,1,1,1,1,2,1,1,1,1,1,1,1,1,1,0,1,1,1,1,1,1,1,1,1,1,0,0,1,1,1,1,1,1,1,1,1,1,1,1,0
"PTHR31254",1,1,1,1,1,1,1,1,1,1,0,1,1,1,1,1,1,1,1,0,1,1,1,1,1,0,1,1,1,1,0,1,0,1,1,1,1,1,1,1,1,1,1,1,1
"PTHR31258",2,2,2,2,2,2,2,2,2,1,2,2,2,2,2,2,2,2,2,2,2,3,2,2,2,2,2,2,2,2,2,2,2,2,2,2,2,2,2,2,2,2,2,2,2
"PTHR31259",1,1,1,1,1,1,3,1,1,1,1,1,1,3,2,1,3,1,1,1,1,2,1,1,1,1,1,3,1,1,0,2,4,1,1,1,2,1,3,1,1,1,1,1,1
"PTHR31266",1,2,2,0,2,2,2,1,1,2,2,2,2,2,1,2,1,1,1,2,2,0,2,1,2,2,2,2,2,3,2,0,2,2,2,2,2,2,2,2,0,2,2,2,2
"PTHR31278",1,1,1,1,1,1,1,1,1,1,1,1,1,1,1,1,1,1,1,1,1,1,1,1,1,1,1,1,1,1,1,1,1,1,1,1,1,1,1,1,2,1,0,1,1
"PTHR31281",2,2,2,2,2,2,2,2,2,2,2,2,2,2,2,2,2,2,2,2,2,2,2,2,2,2,2,2,2,2,2,2,2,2,2,2,2,2,2,2,2,2,2,3,1
"PTHR31283",1,4,2,2,5,2,1,1,1,10,1,4,1,4,1,4,1,1,4,1,5,1,4,3,4,0,5,1,1,2,1,1,0,5,1,5,4,1,7,4,2,3,1,2,2
"PTHR31291",1,1,2,1,1,1,1,1,1,1,1,1,1,1,1,1,1,1,1,1,1,1,1,1,1,1,1,1,1,1,1,1,1,1,1,1,1,1,1,1,1,1,1,1,1
"PTHR31296",1,1,1,1,1,2,1,1,1,1,1,1,0,1,1,1,1,1,1,1,1,1,1,1,1,1,1,1,1,1,1,1,1,1,1,1,1,1,1,1,1,1,1,1,1
"PTHR31302",1,0,0,0,0,0,1,1,1,1,0,0,0,0,1,1,0,1,1,1,1,0,1,0,0,0,0,0,0,1,0,0,1,0,0,1,0,0,0,0,0,1,1,0,1
"PTHR31305_SF2",1,1,1,1,1,1,1,1,1,1,1,1,1,1,1,1,1,1,1,1,1,1,1,1,1,1,1,1,1,1,1,1,1,0,1,1,1,1,2,1,1,1,1,2,1
"PTHR31322",1,1,1,1,1,1,1,1,1,1,1,1,1,1,1,1,1,1,1,1,1,1,1,1,1,1,1,1,1,1,0,1,1,1,1,1,1,1,1,1,1,1,1,1,1
"PTHR31324",2,1,2,3,1,1,3,0,1,4,3,3,5,3,0,3,1,1,1,1,4,0,1,3,1,2,1,3,3,1,0,1,2,2,0,1,3,4,3,1,2,2,1,0,2
"PTHR31328",1,1,1,1,1,1,1,1,1,1,2,1,1,1,1,1,1,1,1,2,1,1,1,1,1,1,1,1,1,1,1,1,3,1,1,1,1,1,1,1,1,1,1,1,1
"PTHR31333",3,3,1,1,4,2,4,2,2,4,3,3,3,1,2,3,2,7,1,4,4,2,6,1,2,3,7,1,3,3,2,1,4,1,1,3,1,3,2,4,2,2,2,1,7
"PTHR31334",1,1,1,1,1,1,1,1,1,1,1,1,1,1,1,2,1,1,1,1,1,1,1,1,1,1,1,1,1,1,1,1,1,1,1,1,1,1,1,1,1,1,1,1,1
"PTHR31336",1,1,1,1,1,1,1,1,1,1,1,1,1,1,1,1,1,1,1,1,1,1,1,1,1,1,1,1,1,1,1,1,1,1,1,1,1,1,1,1,2,1,1,1,1
"PTHR31337",1,1,0,0,1,1,1,1,0,1,1,1,1,1,0,1,0,1,0,5,1,0,1,0,1,1,1,1,1,1,1,1,1,0,1,1,1,1,1,1,0,1,1,2,1
"PTHR31340",1,1,1,1,1,1,1,1,1,1,1,1,1,1,1,1,1,1,1,2,1,2,1,1,1,1,1,1,1,1,1,1,3,1,1,2,1,1,1,1,1,1,1,2,1
"PTHR31344",1,1,1,1,1,1,1,1,1,1,1,1,1,1,1,1,1,1,1,1,1,1,1,1,1,1,1,1,1,1,1,1,1,1,1,1,1,1,1,1,1,1,1,1,1
"PTHR31345",1,1,1,1,1,1,1,1,1,2,1,1,1,1,1,1,1,1,1,1,1,1,1,1,1,1,1,1,1,1,2,1,1,1,1,1,1,2,1,1,1,1,1,1,1
"PTHR31350_SF1",1,1,1,1,1,1,2,1,2,1,1,1,1,1,2,1,1,1,1,1,1,1,1,1,1,1,1,1,1,1,1,1,1,1,1,1,1,1,1,1,1,1,1,1,1
"PTHR31353",3,3,4,3,2,4,2,3,3,4,3,3,3,3,4,3,3,3,3,3,3,4,3,3,3,3,3,3,4,3,3,7,3,3,2,4,3,3,4,3,4,3,3,3,3
"PTHR31363",1,1,1,1,1,1,1,1,1,1,1,1,1,1,1,1,1,1,1,0,1,1,1,1,1,1,1,1,1,1,0,1,1,1,1,1,1,1,1,1,1,1,1,2,1
"PTHR31366",1,1,1,1,1,1,1,1,0,1,1,1,1,1,1,1,1,0,1,1,1,0,1,1,1,1,1,1,0,1,1,0,1,1,1,1,1,1,1,1,2,1,1,1,1
"PTHR31367",2,2,2,2,2,2,2,2,2,2,2,2,2,2,2,3,2,2,2,2,2,2,2,2,2,2,2,2,2,2,2,2,2,2,2,2,2,2,2,2,2,2,2,3,2
"PTHR31368",1,0,5,3,3,0,5,0,0,5,0,0,1,4,0,4,2,2,4,1,4,4,4,3,1,0,2,4,2,0,6,0,2,5,0,1,4,1,7,7,3,1,1,0,3
"PTHR31383",1,1,1,1,1,1,1,1,1,1,1,1,1,1,2,1,1,1,1,1,1,1,1,1,1,1,1,1,1,1,1,1,1,1,1,1,1,1,1,1,2,1,1,1,1
"PTHR31386",1,1,1,1,1,1,1,1,1,1,1,1,1,1,1,1,1,1,1,1,1,1,1,1,1,1,1,1,1,1,0,1,1,1,1,1,1,1,4,1,1,1,1,1,0
"PTHR31387",1,2,0,0,0,0,0,0,0,0,1,1,1,1,0,1,1,2,0,0,1,0,2,0,1,0,2,1,1,2,0,0,1,0,0,1,1,0,1,2,0,1,1,0,0
"PTHR31393",1,1,1,1,1,1,1,1,1,1,1,1,1,1,1,1,1,2,1,1,1,1,1,1,1,1,1,0,1,1,1,1,1,1,1,1,1,1,1,1,1,1,0,2,1
"PTHR31394",1,1,1,1,1,1,1,1,1,0,1,1,1,1,1,1,1,1,1,1,1,1,1,1,1,1,1,1,1,1,1,1,1,1,1,1,1,1,1,1,1,1,1,1,0
"PTHR31395_SF0",1,1,1,1,1,2,1,1,1,1,1,1,1,1,1,1,1,1,1,1,1,1,1,1,1,1,1,1,1,1,2,1,1,1,1,1,1,1,1,1,1,1,1,1,0
"PTHR31395_SF2",1,1,1,1,1,1,1,1,1,1,1,1,1,1,1,1,1,1,1,1,1,1,1,1,1,1,2,1,1,1,1,1,1,1,1,1,1,1,1,1,1,1,1,1,1
"PTHR31395_SF3",1,1,1,1,1,1,1,1,0,1,0,1,1,1,1,1,1,0,1,1,1,1,1,1,1,1,1,1,1,1,1,1,1,1,1,1,1,1,1,1,1,1,0,1,1
"PTHR31395_SF4",1,1,1,1,1,1,1,1,1,1,1,1,1,1,1,1,1,1,1,0,1,1,1,1,1,1,1,1,1,1,2,1,1,1,1,1,1,1,1,1,1,1,1,1,1
"PTHR31395_SF5",1,1,1,1,0,1,1,1,1,1,1,1,1,1,1,1,1,1,1,0,1,1,1,1,1,1,1,1,1,1,1,1,1,1,1,1,1,1,1,1,1,1,1,1,1
"PTHR31395_SF6",1,1,1,1,1,1,1,1,1,2,1,1,1,1,1,1,1,1,1,0,1,1,1,1,1,1,1,1,1,1,0,1,1,1,1,1,1,1,1,1,1,1,1,1,1
"PTHR31396",1,1,1,1,1,1,1,1,1,1,1,1,1,1,1,1,1,1,1,0,1,1,1,1,1,1,1,1,1,1,3,1,1,1,1,1,1,1,1,1,1,1,1,1,1
"PTHR31397",1,1,1,1,1,1,1,1,1,1,1,1,1,1,1,2,1,2,1,1,1,2,1,1,1,1,1,1,1,1,2,1,1,1,1,1,1,1,1,1,0,1,1,1,1
"PTHR31398",1,1,1,4,1,1,1,1,1,1,1,1,1,1,2,1,1,1,1,1,0,3,1,1,1,2,1,1,1,1,3,1,2,1,1,1,1,1,1,1,4,1,1,1,2
"PTHR31399_SF0",1,1,1,2,1,1,1,1,1,1,1,1,1,1,1,1,1,1,1,1,1,1,1,1,1,1,1,1,1,1,2,1,1,1,1,1,1,1,1,1,1,1,1,2,1
"PTHR31400",1,1,1,1,2,1,1,1,1,1,1,1,2,1,1,1,1,1,1,0,1,1,1,1,1,1,1,1,1,1,1,1,1,1,1,1,1,2,1,1,1,1,1,1,2
"PTHR31402",1,1,1,1,2,1,1,1,1,1,1,1,1,1,1,1,1,1,1,0,1,1,1,1,2,1,1,1,1,1,2,0,1,1,1,1,1,2,1,1,1,1,1,1,1
"PTHR31408",1,2,1,1,1,1,1,1,1,1,1,1,1,1,2,1,1,0,1,1,1,1,2,1,1,1,1,1,1,1,1,1,1,1,1,1,1,1,1,1,1,1,1,2,1
"PTHR31409",1,1,1,1,1,1,1,1,1,1,2,1,1,1,2,1,1,1,1,1,1,1,1,1,1,1,1,1,1,1,1,1,1,1,1,1,1,1,1,1,1,1,1,1,1
"PTHR31410",1,1,1,1,1,1,1,1,1,1,1,1,1,1,2,1,1,1,1,1,1,1,1,1,1,1,2,1,1,0,0,2,1,1,1,1,1,1,1,1,1,1,0,1,1
"PTHR31416",1,1,1,1,1,1,1,1,1,1,1,1,0,1,1,1,1,1,1,1,1,0,1,1,1,1,1,0,1,0,1,1,1,1,1,1,1,1,1,1,1,1,1,1,1
"PTHR31423",1,1,1,1,1,1,1,1,1,1,1,1,1,1,1,0,1,1,1,1,1,1,1,1,0,1,1,1,0,1,1,1,0,1,1,1,1,1,1,1,1,1,1,1,1
"PTHR31428",3,3,3,3,3,3,3,3,3,3,3,3,3,3,3,3,3,3,3,3,3,3,3,3,3,3,4,2,3,3,3,3,3,3,3,3,3,3,4,3,3,3,3,5,3
"PTHR31431",1,1,1,1,1,1,1,1,1,1,1,2,1,1,1,2,1,1,1,1,1,1,2,1,1,1,1,1,1,1,1,1,2,1,1,1,1,1,2,1,1,1,1,1,1
"PTHR31432",1,1,1,1,1,1,1,1,1,1,2,1,1,1,1,1,1,1,1,1,1,2,1,1,1,1,1,2,1,1,1,1,1,1,1,1,1,1,1,1,1,1,1,1,1
"PTHR31433",1,1,1,1,1,1,1,1,1,1,2,1,1,1,1,1,1,1,1,1,1,1,1,1,1,1,1,1,1,1,1,1,1,1,1,1,1,1,1,1,1,1,1,1,1
"PTHR31434",1,2,1,2,1,1,1,1,1,1,1,1,1,1,1,1,1,1,1,1,1,1,1,1,1,1,3,1,3,1,1,1,1,1,1,1,1,1,1,1,1,1,1,1,1
"PTHR31435",1,0,1,1,0,1,1,1,1,1,1,1,1,1,1,1,1,0,1,1,1,1,1,1,1,1,1,1,1,1,1,1,1,1,1,1,1,1,1,2,1,1,0,1,1
"PTHR31441",1,1,1,1,1,1,1,1,1,1,1,1,1,1,2,2,1,1,1,1,1,2,1,1,1,1,1,1,1,1,1,1,1,1,1,1,1,1,1,1,1,1,1,1,1
"PTHR31443",1,1,1,1,1,1,1,1,1,1,1,1,1,1,2,1,1,1,1,1,1,4,1,1,1,1,1,1,1,1,1,2,1,1,3,1,1,1,1,1,1,1,1,2,1
"PTHR31449",1,1,1,1,0,1,1,1,1,1,1,1,1,1,1,1,1,1,1,2,1,1,1,1,1,1,1,1,1,1,0,1,1,1,1,1,1,1,1,1,1,1,1,1,1
"PTHR31450",1,1,1,1,1,1,2,1,1,2,1,1,1,1,1,1,1,0,1,2,1,1,1,1,1,0,1,0,1,1,1,1,2,1,1,1,1,1,1,1,1,1,1,1,1
"PTHR31453",1,1,1,1,1,1,1,1,1,1,1,1,1,2,1,1,1,1,1,1,1,1,1,1,1,2,1,1,1,1,1,1,1,1,1,1,1,1,1,1,1,1,1,1,1
"PTHR31454",1,1,1,1,1,1,1,1,1,2,1,1,1,1,1,1,1,1,1,1,1,1,1,1,1,1,2,1,1,1,1,1,1,1,1,1,1,1,1,1,1,0,1,1,1
"PTHR31457",1,1,1,1,1,1,1,1,1,1,1,1,1,1,1,1,1,1,1,1,1,1,1,1,0,1,1,1,1,1,1,1,2,2,1,1,1,1,1,1,1,1,1,1,1
"PTHR31462",1,1,1,1,1,1,3,1,1,1,1,1,1,1,1,1,1,1,1,0,1,1,1,1,1,1,1,1,1,1,0,1,1,1,1,1,1,1,1,1,1,1,1,1,1
"PTHR31463",1,1,2,1,1,1,1,1,1,1,2,2,1,2,1,1,1,1,2,1,1,0,2,1,1,1,2,2,1,2,1,0,1,0,1,2,2,1,2,1,1,1,1,1,1
"PTHR31466",1,1,0,0,1,0,6,0,0,1,2,5,1,1,0,1,0,1,1,13,1,1,5,1,0,1,5,1,1,1,3,0,1,1,1,7,1,1,1,3,1,1,2,1,1
"PTHR31475",1,1,1,1,1,1,1,1,1,2,1,1,1,1,3,1,1,1,1,0,1,1,1,1,1,1,1,1,1,0,1,1,1,1,1,1,1,1,1,1,1,2,1,3,2
"PTHR31477",1,1,1,1,1,1,1,1,1,1,1,1,1,1,2,1,1,1,1,1,1,1,1,1,1,1,1,1,1,1,1,1,1,1,1,1,1,1,1,1,1,1,1,1,1
"PTHR31481",1,1,1,1,1,1,1,1,1,1,2,1,1,1,1,1,1,1,1,1,1,1,1,1,1,1,1,1,1,1,1,1,1,1,1,1,1,1,1,1,1,1,1,1,1
"PTHR31488",3,4,4,4,4,4,4,5,4,3,4,4,3,4,4,4,4,3,5,5,3,4,4,5,4,4,3,4,4,4,4,4,4,6,4,4,3,4,9,4,4,4,4,4,4
"PTHR31489",1,1,1,1,1,1,1,1,1,1,1,1,1,1,3,1,2,1,1,1,1,1,1,1,1,1,1,1,1,1,1,2,1,1,1,1,1,1,1,1,2,1,1,1,1
"PTHR31493",3,2,1,2,1,2,1,1,1,1,1,1,1,1,1,1,1,1,1,4,1,1,1,1,1,3,1,1,4,2,1,1,1,1,1,1,1,1,1,1,2,1,1,1,1
"PTHR31501",3,3,3,3,3,3,3,3,3,3,3,3,3,2,3,3,2,3,3,2,3,3,3,2,3,3,4,2,3,3,3,3,3,3,4,4,3,3,4,3,3,3,2,3,3
"PTHR31504",1,2,1,1,1,1,1,1,1,1,1,1,1,1,1,1,0,1,1,2,1,1,1,1,1,1,1,1,1,1,1,1,1,1,1,1,1,1,1,1,1,1,1,0,1
"PTHR31508",1,2,1,1,2,2,1,1,1,1,1,1,1,1,1,1,1,1,1,1,1,1,1,1,1,1,1,1,1,2,1,1,1,1,2,1,1,1,1,1,1,2,1,1,2
"PTHR31514",1,1,1,1,1,1,1,1,1,1,1,1,1,1,1,1,1,1,1,1,1,1,1,1,1,1,1,1,1,1,1,1,1,1,1,1,1,1,1,1,1,1,1,1,1
"PTHR31516",2,2,3,1,2,2,2,2,1,2,2,3,2,2,2,2,1,2,3,1,2,2,2,3,2,2,3,3,1,2,1,1,2,3,2,3,3,2,3,3,2,2,2,2,2
"PTHR31518",1,1,1,1,1,1,1,1,1,1,2,1,1,1,3,1,1,1,1,1,1,1,1,1,1,1,1,1,1,1,1,4,2,1,1,1,1,1,1,1,1,1,1,1,1
"PTHR31520",1,1,1,1,1,1,1,1,1,1,1,1,1,1,1,1,1,1,1,1,1,1,1,1,1,1,1,1,1,1,1,1,1,1,1,1,1,1,1,1,1,1,1,4,1
"PTHR31525",1,1,1,1,1,1,1,1,1,0,1,1,1,1,1,1,1,1,1,1,1,1,1,1,1,1,1,1,1,1,1,1,1,1,1,1,1,1,1,1,1,1,0,1,0
"PTHR31526",1,1,1,1,1,1,1,1,1,2,2,2,1,2,4,1,1,1,1,1,2,1,1,1,2,0,1,1,1,1,1,5,1,1,1,1,1,1,1,1,3,1,1,1,2
"PTHR31530",2,2,2,2,2,2,2,2,2,2,2,2,2,2,2,2,2,2,2,2,2,2,2,2,2,2,2,3,2,2,2,2,2,2,2,2,2,2,2,2,2,2,2,2,2
"PTHR31531",1,1,1,1,1,1,1,1,1,1,1,1,1,1,1,1,1,1,1,1,1,1,1,1,1,1,1,1,1,1,1,0,1,1,1,1,1,1,1,1,1,1,1,1,1
"PTHR31532_SF2",1,1,2,3,1,2,3,1,1,3,1,1,1,2,3,2,1,1,2,1,1,1,1,3,2,1,2,2,1,2,1,2,1,3,2,2,2,1,2,1,1,1,1,1,1
"PTHR31532_SF3",1,1,1,1,1,2,1,1,1,1,1,1,1,1,1,2,1,1,1,1,1,1,1,1,1,1,1,1,2,1,1,1,1,1,2,1,1,1,1,1,1,1,1,1,1
"PTHR31535",1,1,1,1,1,1,1,1,1,1,1,1,1,1,0,1,1,1,1,1,1,1,1,1,1,1,1,1,1,1,0,1,1,1,1,1,1,1,1,1,1,1,1,1,1
"PTHR31539",1,1,1,1,1,1,2,1,1,1,1,1,1,1,1,1,1,1,1,1,1,1,1,1,1,1,1,1,1,1,1,1,1,1,1,1,1,1,1,1,1,1,1,1,1
"PTHR31540",1,1,1,1,1,1,1,1,1,1,1,1,1,1,1,1,1,1,1,0,1,1,1,1,1,1,1,1,1,1,0,1,1,1,1,1,1,1,1,1,1,1,1,1,1
"PTHR31542",1,1,1,1,1,1,1,1,1,1,1,0,1,2,1,1,1,1,1,1,1,3,1,1,1,1,3,2,1,1,1,1,1,3,1,1,2,1,2,1,1,1,1,1,1
"PTHR31543",1,1,1,1,1,1,1,1,1,1,1,1,1,1,1,1,2,1,1,1,1,1,1,1,1,1,1,1,1,1,1,1,1,1,1,1,1,1,1,1,2,1,1,1,1
"PTHR31545",2,2,2,2,2,2,2,1,1,2,2,3,2,2,1,2,1,2,2,4,2,2,1,2,1,0,1,2,2,2,1,1,2,2,2,1,2,2,2,1,2,2,1,2,3
"PTHR31547",1,1,1,1,1,1,1,1,1,1,1,1,1,1,1,1,1,1,1,1,1,1,1,1,1,1,2,1,1,1,1,1,1,1,1,1,1,1,1,1,1,1,1,2,1
"PTHR31548",3,3,3,3,3,3,3,3,3,1,3,3,3,3,3,3,3,3,3,3,3,3,3,3,3,3,3,3,3,3,3,3,3,3,3,3,3,3,3,3,3,3,3,3,3
"PTHR31551_SF1",1,1,1,1,1,1,2,1,1,1,1,1,1,1,1,1,1,2,1,1,1,1,1,1,1,1,1,1,1,1,1,1,1,1,1,2,1,1,1,1,1,1,1,1,1
"PTHR31553",2,2,2,2,2,2,2,2,2,2,2,2,2,3,2,2,2,2,2,2,2,2,2,2,2,2,2,2,2,2,2,2,2,1,2,2,2,2,3,2,3,2,2,2,2
"PTHR31554",1,1,1,1,1,0,1,1,1,1,1,1,1,1,1,1,1,0,1,1,1,0,1,1,1,1,1,1,1,1,1,1,1,1,1,1,1,1,1,1,1,1,1,0,1
"PTHR31564",1,1,1,1,1,1,1,1,1,2,1,1,1,1,1,1,1,1,1,1,1,1,1,1,1,1,1,1,1,1,1,4,2,1,1,1,1,1,1,1,1,1,1,1,1
"PTHR31569",2,2,2,1,2,2,2,2,2,2,1,2,2,2,2,2,2,1,2,1,2,1,2,2,2,2,2,2,2,1,2,2,2,2,2,0,2,1,2,2,1,2,1,1,2
"PTHR31570",1,1,1,1,1,1,1,1,1,1,1,1,1,1,4,1,1,2,2,1,1,1,2,3,1,1,1,2,1,1,1,2,1,2,1,1,1,1,1,2,2,1,1,1,1
"PTHR31573",1,1,1,1,1,1,1,1,1,1,1,1,1,1,1,1,1,1,1,1,1,1,1,1,1,2,2,1,1,1,1,1,1,1,1,1,1,1,2,1,1,1,1,1,1
"PTHR31576",1,1,1,1,1,1,1,1,1,1,1,1,1,1,1,1,1,1,1,1,1,1,1,1,1,1,1,2,1,1,1,1,1,1,1,1,1,1,1,1,1,1,1,1,1
"PTHR31581",1,1,1,1,1,1,1,1,1,1,1,1,1,1,1,1,1,1,1,1,1,1,1,1,1,1,1,1,1,1,1,1,1,1,1,1,1,1,1,1,1,1,1,1,1
"PTHR31584",1,1,1,1,1,1,1,1,1,1,1,1,1,1,1,1,1,1,1,1,1,1,1,1,1,1,1,1,1,1,1,1,1,1,1,1,1,1,1,1,1,1,1,1,1
"PTHR31592",1,1,1,1,1,1,1,1,1,1,1,1,1,1,1,1,1,1,1,1,1,1,1,1,1,1,1,1,0,1,1,1,1,1,1,1,1,1,1,1,1,1,1,1,1
"PTHR31596",1,1,1,1,1,1,1,1,1,1,1,1,1,1,1,1,1,1,1,1,1,2,1,1,1,1,1,1,0,1,1,1,1,1,1,1,1,1,1,1,1,1,1,2,1
"PTHR31598",1,1,1,1,1,1,1,1,1,1,1,1,1,1,1,1,1,1,1,1,1,1,1,1,1,1,1,1,1,0,1,1,1,1,1,1,1,1,1,1,1,1,0,1,1
"PTHR31601",1,1,4,1,4,4,1,8,1,2,1,1,1,2,2,2,1,1,3,0,2,5,1,2,4,1,2,2,1,1,1,4,1,3,1,1,0,2,2,1,1,1,1,1,3
"PTHR31606",2,2,2,3,2,2,4,2,2,1,1,2,2,2,3,2,2,1,2,1,2,2,2,2,2,2,2,2,2,2,1,2,1,2,2,2,2,2,2,2,2,2,2,3,2
"PTHR31609",1,1,1,1,1,1,1,1,1,1,1,1,1,0,1,1,1,1,1,1,1,1,1,1,1,1,1,1,1,1,1,1,1,1,1,1,1,1,1,1,1,1,1,1,1
"PTHR31612",1,1,1,1,1,1,1,1,1,1,1,1,1,1,1,1,1,1,1,1,1,1,1,1,1,1,1,1,1,1,0,1,1,1,1,1,1,1,1,1,1,1,1,1,1
"PTHR31613",1,1,1,1,1,1,1,1,1,1,1,1,1,1,1,1,0,1,1,1,1,1,1,1,1,1,1,1,1,1,1,1,1,1,1,1,1,1,1,1,1,1,1,2,1
"PTHR31617",1,1,1,1,1,1,1,1,1,1,1,1,1,1,1,1,1,1,1,1,1,1,1,1,1,1,2,1,1,1,1,1,1,1,1,1,1,1,1,1,1,1,1,1,1
"PTHR31622",1,1,1,1,1,1,1,1,1,1,1,1,1,1,1,1,1,1,1,1,1,2,1,1,1,1,1,1,1,1,1,1,0,1,2,1,1,1,1,1,1,0,1,2,1
"PTHR31624",2,2,2,2,2,2,2,1,1,2,1,2,2,2,1,1,1,1,2,2,1,1,1,2,1,2,2,2,2,2,2,1,2,2,1,2,2,1,2,2,2,1,1,1,1
"PTHR31626",3,3,2,3,3,3,3,2,3,3,3,3,3,3,3,3,3,3,3,1,3,3,3,3,4,3,2,3,3,3,3,3,3,3,3,3,2,3,3,3,3,3,3,3,3
"PTHR31634",1,1,2,1,1,1,1,1,1,2,1,1,1,1,1,2,1,1,1,1,1,1,1,1,1,1,1,1,1,1,1,2,1,1,1,1,1,1,1,1,1,1,1,1,1
"PTHR31638",2,1,2,4,1,1,2,1,1,1,1,1,1,2,1,1,1,1,2,2,1,1,1,2,1,1,1,1,1,1,2,1,1,2,1,1,2,1,2,1,5,1,1,1,2
"PTHR31640",1,2,1,1,1,1,1,1,1,3,3,1,1,1,2,1,1,1,1,2,1,1,1,1,1,1,3,1,1,1,1,1,1,1,1,1,1,1,1,1,1,1,1,1,3
"PTHR31641",1,1,2,1,2,1,1,0,0,1,1,1,1,1,0,1,1,1,1,0,1,1,1,2,1,0,1,2,1,1,0,0,1,2,1,1,1,1,2,1,1,1,1,1,1
"PTHR31655",2,2,2,2,2,2,2,2,2,3,2,2,2,2,2,2,2,2,2,2,2,2,2,2,2,2,2,2,2,2,2,2,2,2,2,2,2,2,2,2,2,2,2,2,2
"PTHR31658",1,1,1,1,1,1,1,1,3,1,1,1,1,1,1,1,1,1,1,1,1,1,1,1,1,1,1,1,1,1,1,1,1,1,1,1,1,1,1,1,1,1,1,1,1
"PTHR31661",1,1,1,1,1,1,1,1,1,1,1,1,1,1,1,1,1,1,1,1,1,1,1,1,1,1,1,1,1,1,1,1,1,1,1,1,1,2,1,1,1,1,1,1,1
"PTHR31663",1,3,1,1,1,1,2,1,0,1,1,1,1,1,1,1,1,1,1,1,1,1,1,1,1,0,1,1,1,1,1,1,1,1,1,1,1,2,1,1,1,1,1,1,1
"PTHR31665",2,2,2,2,2,2,3,1,1,1,2,2,2,2,2,2,2,1,2,3,2,2,2,2,2,2,2,2,2,2,2,1,2,2,0,2,2,2,2,2,2,2,2,0,2
"PTHR31666",1,2,1,1,2,3,1,1,1,1,0,4,2,1,1,2,1,1,1,2,2,2,1,1,1,1,1,1,1,5,2,0,0,2,1,1,2,1,1,1,1,2,1,1,1
"PTHR31667",1,1,1,1,1,1,1,1,0,0,1,1,1,1,0,1,0,1,1,1,1,1,1,1,1,1,1,1,1,1,1,0,0,1,0,1,1,0,1,1,1,1,1,0,1
"PTHR31671",2,2,2,2,2,2,2,2,2,2,2,2,2,2,4,2,2,2,2,2,2,2,2,2,2,2,2,2,2,2,1,2,2,2,2,2,2,2,2,2,2,2,2,2,1
"PTHR31684",1,1,1,1,1,1,1,1,1,1,1,1,1,1,1,1,2,1,1,1,1,1,1,1,2,1,1,1,1,1,1,2,1,1,1,1,1,1,1,1,1,1,1,1,1
"PTHR31690",1,1,1,1,1,1,1,1,1,0,1,1,1,1,1,1,0,1,1,1,1,0,1,1,1,0,1,1,1,1,1,1,0,1,1,1,1,1,1,2,1,1,0,1,1
"PTHR31691",1,1,1,1,1,1,1,1,1,1,1,1,1,1,1,1,1,1,1,1,1,1,1,1,1,1,1,1,1,2,1,1,1,1,2,1,1,1,1,1,1,1,1,2,1
"PTHR31697",1,1,1,1,1,1,1,1,1,1,1,1,1,1,1,1,1,1,1,1,1,1,1,1,1,1,1,1,1,1,1,1,1,1,1,1,1,1,1,1,1,1,1,1,1
"PTHR31698",2,0,2,2,2,2,2,2,2,2,2,2,2,2,2,2,2,2,2,3,2,2,2,2,2,2,2,2,2,1,2,2,2,2,2,2,2,2,2,4,2,1,1,2,2
"PTHR31699",2,2,1,3,2,2,3,3,3,2,2,2,1,3,3,2,1,2,2,2,1,3,3,2,3,1,3,1,1,2,1,3,2,3,2,3,3,2,3,3,2,2,2,2,1
"PTHR31701",1,1,1,1,2,1,1,1,1,1,1,1,1,1,1,2,1,2,1,1,1,1,3,1,1,1,2,1,1,1,1,1,1,1,1,2,1,1,1,1,1,1,1,1,1
"PTHR31702",1,1,1,1,1,1,1,1,1,1,1,1,1,0,1,1,1,1,1,1,1,1,1,1,1,1,1,1,1,1,1,1,1,1,1,1,1,1,1,1,1,1,1,1,1
"PTHR31703",1,1,1,1,1,1,3,1,1,1,1,1,1,1,1,1,1,1,1,1,1,0,1,1,1,1,2,1,1,1,1,1,1,1,1,1,1,1,1,1,1,1,0,1,1
"PTHR31705",1,1,1,1,1,1,1,1,1,1,1,1,1,1,1,1,1,1,1,1,1,1,1,1,1,1,1,1,1,1,1,1,1,1,1,1,1,1,1,1,1,1,1,1,1
"PTHR31708",1,6,0,0,0,0,0,1,0,1,1,1,0,0,0,0,1,0,0,2,0,0,12,0,2,1,0,0,0,4,0,0,0,0,0,1,0,1,0,2,0,0,0,0,1
"PTHR31711_SF1",1,1,1,1,1,1,1,1,1,1,1,1,1,1,2,1,1,1,1,1,1,1,1,1,1,1,1,1,1,1,1,1,1,1,1,1,1,1,1,1,1,1,1,2,1
"PTHR31728",2,2,2,2,2,3,2,2,3,2,2,2,2,3,6,2,2,2,3,2,2,2,2,2,2,2,3,2,2,2,2,2,2,3,3,2,3,2,3,2,2,2,2,3,2
"PTHR31735",1,2,2,2,2,2,1,2,2,1,2,2,2,2,3,4,2,2,2,3,1,2,2,2,2,2,2,2,2,2,2,2,1,2,1,2,2,2,2,2,2,1,1,2,2
"PTHR31740",1,1,1,1,1,1,1,1,1,1,1,1,1,1,1,1,1,1,1,1,1,1,1,1,1,1,2,1,1,1,1,1,1,0,1,1,1,1,1,1,1,1,1,1,1
"PTHR31742",1,1,1,1,1,1,1,1,1,1,1,1,1,1,1,1,1,1,1,1,1,1,1,1,1,1,1,1,1,1,1,1,1,1,1,1,1,1,1,1,1,1,1,1,1
"PTHR31743",1,1,1,1,1,1,1,1,1,2,1,1,1,1,1,1,1,1,1,1,1,1,1,1,1,1,1,1,1,1,1,1,1,1,1,1,1,1,1,1,1,1,1,1,1
"PTHR31746",2,2,1,2,2,2,2,1,2,2,2,1,2,2,2,2,2,1,2,1,2,2,2,2,2,2,2,2,2,2,1,2,2,2,1,2,2,2,2,2,1,2,1,2,1
"PTHR31749",1,1,1,1,1,1,1,1,1,2,1,1,1,1,1,1,1,1,1,1,1,1,1,1,1,1,1,1,1,1,1,1,1,1,1,1,1,1,1,1,1,1,1,1,1
"PTHR31759",1,1,1,1,1,2,2,1,1,0,1,1,1,1,1,1,1,1,1,1,1,1,1,1,1,1,1,1,1,1,1,1,1,1,1,1,1,1,1,1,1,1,0,1,1
"PTHR31761",1,1,1,1,1,1,1,1,1,1,1,1,1,1,1,1,1,1,1,1,1,1,1,1,1,1,1,1,2,1,1,1,1,1,2,1,1,1,1,1,1,1,1,1,1
"PTHR31763",1,1,1,1,1,1,1,1,1,1,1,1,1,1,1,1,1,1,1,1,1,1,1,1,1,1,1,1,1,1,1,1,1,1,1,0,1,1,1,1,1,0,1,0,1
"PTHR31767",1,1,1,1,1,1,1,1,1,2,1,1,1,1,1,1,1,1,1,1,1,1,1,1,1,1,1,1,1,1,1,1,1,1,1,1,1,1,1,1,1,2,1,1,1
"PTHR31770_SF1",1,1,1,1,1,1,1,1,1,1,1,1,1,1,1,1,0,1,1,0,1,1,1,1,1,1,1,1,1,1,1,1,1,1,1,1,1,1,1,1,1,1,1,1,1
"PTHR31770_SF3",1,1,1,1,1,0,1,1,1,1,1,1,1,1,1,1,1,1,1,1,1,1,1,1,1,1,1,0,1,1,1,1,1,1,1,1,1,1,1,1,1,1,1,1,1
"PTHR31770_SF4",1,1,1,1,1,1,1,1,1,1,1,1,1,1,1,1,1,0,1,1,1,1,1,1,1,1,1,1,1,1,1,1,1,1,1,1,1,1,1,1,1,1,1,0,1
"PTHR31770_SF5",1,0,1,0,0,0,1,0,0,1,1,1,0,1,0,1,0,0,1,0,0,1,0,1,0,0,0,1,1,1,0,0,0,1,2,0,1,1,1,0,1,0,0,0,1
"PTHR31774_SF0",1,2,1,1,1,1,1,1,1,2,2,1,1,1,1,1,1,1,1,1,1,1,1,1,1,1,1,1,1,1,1,1,1,1,1,1,1,1,1,1,1,0,1,0,2
"PTHR31774_SF2",1,1,0,1,1,1,1,1,1,1,1,1,1,0,1,1,1,1,1,0,1,1,1,1,1,1,1,0,1,1,0,1,1,1,1,0,0,1,1,1,1,1,1,1,1
"PTHR31774_SF3",2,1,1,1,1,1,1,1,1,2,1,1,1,1,1,1,1,1,1,0,1,1,1,1,1,1,1,1,1,2,1,1,2,1,1,1,1,1,1,0,1,1,0,1,2
"PTHR31777",1,1,1,1,1,1,1,1,1,1,1,1,1,2,1,1,1,1,1,1,1,1,1,1,1,1,1,1,1,1,1,1,1,1,1,1,1,1,1,1,1,1,0,1,1
"PTHR31781",1,1,1,1,1,1,1,1,1,1,1,1,1,1,1,1,1,1,1,1,1,1,1,1,1,1,1,1,1,2,1,1,1,1,1,1,1,1,1,1,1,1,2,1,1
"PTHR31784",1,2,1,1,1,2,1,1,1,1,1,1,1,1,1,2,2,1,1,1,1,1,1,1,1,1,1,1,1,2,3,1,1,1,1,1,1,1,1,1,1,1,1,1,1
"PTHR31785",1,1,1,1,1,1,1,1,1,1,1,1,1,1,1,1,1,1,1,1,1,1,1,1,1,0,1,1,1,1,1,1,0,1,1,1,1,1,1,1,1,1,1,0,1
"PTHR31786",1,1,1,1,1,1,1,1,1,2,1,1,1,1,1,1,0,1,0,1,1,1,1,1,1,1,1,1,1,1,1,1,1,1,1,1,1,1,1,1,2,1,1,2,1
"PTHR31792",1,1,2,0,1,1,2,1,1,1,1,2,1,1,1,1,1,1,1,1,1,1,1,1,1,0,1,1,1,1,1,1,1,2,2,1,1,1,2,4,1,1,2,2,1
"PTHR31796",1,1,1,3,1,1,1,1,1,1,1,1,1,2,1,1,1,1,2,1,1,2,1,1,1,1,1,1,1,1,2,1,2,1,1,1,2,1,2,1,3,1,1,1,1
"PTHR31800",1,1,1,1,1,1,0,1,1,1,1,1,1,1,1,1,1,1,1,1,1,1,1,1,1,1,1,1,1,1,1,1,1,1,1,1,1,1,1,1,1,1,1,2,1
"PTHR31804_SF1",1,1,1,1,1,1,1,1,1,1,1,1,1,1,3,1,1,1,1,2,2,1,1,1,1,1,1,1,1,0,1,1,1,1,2,1,1,1,1,1,1,1,1,2,1
"PTHR31809",1,1,1,1,1,1,1,1,1,1,1,1,1,1,1,1,1,1,1,3,1,1,1,1,1,1,1,1,1,1,1,1,1,1,1,1,1,1,1,1,1,1,1,1,1
"PTHR31813",1,4,2,1,2,0,3,0,0,3,3,3,2,5,0,8,0,1,2,1,3,1,4,2,1,1,3,2,1,5,2,0,2,2,0,3,3,3,4,2,2,9,2,0,1
"PTHR31815",1,3,3,1,2,3,2,1,2,3,2,3,2,3,3,3,3,3,3,1,3,2,3,3,3,2,3,2,2,3,3,2,3,2,2,3,2,2,3,3,2,2,2,2,2
"PTHR31816",1,1,1,1,1,2,1,1,1,2,1,1,2,1,1,1,1,1,1,1,1,1,1,1,1,1,3,1,1,1,0,1,1,1,1,1,1,2,1,0,2,1,1,1,1
"PTHR31817",2,2,3,2,1,2,2,2,2,2,2,2,2,3,2,2,2,2,3,2,2,2,2,3,2,2,2,2,2,2,2,2,2,3,2,2,3,2,3,2,2,2,2,2,2
"PTHR31822",1,1,1,1,1,1,1,1,1,1,1,1,1,1,1,1,0,1,1,1,1,1,1,1,1,1,1,1,1,1,1,1,1,1,1,1,1,1,1,1,1,1,1,1,1
"PTHR31826",2,1,1,1,1,1,1,1,1,1,1,1,1,1,1,1,1,1,1,1,1,1,1,1,1,1,1,1,1,1,0,1,1,1,1,1,1,1,1,1,1,1,1,1,1
"PTHR31831",1,1,1,1,1,1,1,1,1,1,1,1,1,1,1,1,1,1,1,0,1,1,1,1,1,1,2,0,1,1,0,1,0,1,1,1,1,1,1,1,1,1,1,1,1
"PTHR31833",1,1,1,1,1,2,2,1,1,1,1,1,1,1,1,1,1,1,1,0,2,1,1,2,1,1,1,1,1,1,1,2,1,2,1,1,1,1,1,1,1,1,1,1,1
"PTHR31835",1,1,1,1,1,1,1,1,1,1,1,1,1,1,1,1,1,1,1,1,1,1,1,1,1,0,1,1,1,1,1,1,1,1,1,1,1,1,1,1,1,1,1,1,1
"PTHR31837",1,1,1,1,1,1,1,1,1,1,1,1,1,1,1,1,1,1,1,0,1,1,1,1,1,1,1,1,1,1,1,1,1,1,1,1,1,1,1,1,1,1,0,1,1
"PTHR31838",1,1,1,1,1,1,1,1,1,1,1,1,1,1,1,1,1,1,1,1,1,1,1,1,1,1,1,1,1,1,1,1,1,1,1,1,1,1,1,1,1,1,1,1,1
"PTHR31840",1,1,1,1,1,1,1,1,1,1,1,1,1,1,1,1,1,1,1,1,1,1,1,1,1,1,1,1,1,1,1,1,1,1,1,1,1,1,1,1,1,1,1,1,1
"PTHR31841",1,1,1,1,1,1,1,1,1,1,1,1,1,2,1,4,1,1,1,1,1,1,1,1,1,1,1,1,1,1,1,2,1,1,1,1,1,1,1,1,1,1,0,1,1
"PTHR31844",2,3,2,2,2,2,2,2,2,3,2,5,2,2,3,2,2,2,2,2,2,2,2,2,2,2,2,2,2,2,2,2,2,2,2,2,2,2,2,2,2,2,2,2,2
"PTHR31848",2,2,2,2,2,2,2,2,2,2,2,2,2,2,2,3,2,2,2,1,2,2,2,2,2,2,2,2,2,2,1,2,2,2,2,2,2,2,2,2,2,2,2,2,2
"PTHR31849_SF1",1,1,1,1,1,1,1,1,1,1,1,1,1,1,1,1,1,1,1,1,1,1,1,1,1,0,1,1,1,1,1,1,1,1,1,1,1,1,1,0,1,1,0,1,0
"PTHR31853",1,1,1,1,1,1,1,1,1,1,1,0,1,1,1,6,1,1,1,0,1,1,1,1,1,0,1,1,1,1,1,1,1,1,1,1,1,1,1,1,0,1,1,1,1
"PTHR31854",1,1,1,1,3,1,1,1,1,1,1,1,2,1,1,1,1,1,1,1,1,1,1,1,1,1,1,1,3,1,1,3,1,1,2,1,1,2,1,1,1,1,1,2,2
"PTHR31855",1,1,1,1,1,1,1,1,1,1,1,1,1,1,1,1,1,1,1,1,1,1,1,1,1,1,1,1,1,1,1,1,1,1,1,1,1,1,1,1,1,1,1,1,1
"PTHR31859",4,5,4,3,4,3,4,4,3,4,5,4,4,4,3,3,4,4,3,4,4,3,4,4,4,4,6,3,4,4,4,3,4,4,3,4,4,4,4,5,3,4,3,5,4
"PTHR31866",1,2,2,2,2,1,2,0,0,3,1,5,0,3,0,3,1,2,3,1,3,0,4,3,1,1,1,2,0,1,7,0,1,3,0,3,4,0,4,3,1,4,4,0,1
"PTHR31872",1,1,1,1,1,1,1,1,1,1,1,1,1,1,1,2,1,1,1,0,1,1,1,1,1,1,1,1,1,1,0,1,1,1,1,1,1,1,1,1,1,1,1,1,1
"PTHR31873",1,0,1,1,1,1,1,1,1,1,1,1,1,1,1,1,1,0,1,0,1,1,1,1,1,1,2,1,1,1,0,1,1,1,1,1,1,1,1,1,1,1,1,1,1
"PTHR31878",1,1,1,1,1,1,1,1,1,1,1,1,1,1,1,1,1,0,1,0,2,1,1,1,1,0,1,1,1,1,0,1,1,1,1,1,1,1,1,1,1,1,1,1,1
"PTHR31879",1,3,1,1,1,3,1,1,1,1,1,1,1,2,1,1,1,1,1,1,1,2,1,1,1,1,1,3,1,1,0,4,1,1,3,1,2,2,2,1,1,1,1,1,3
"PTHR31882",3,2,3,4,2,3,3,2,2,3,2,3,3,3,4,3,3,2,3,2,3,3,3,3,3,3,3,3,3,2,2,2,3,3,2,3,3,3,3,3,2,3,2,2,3
"PTHR31883",1,0,0,1,1,0,2,0,0,1,1,1,2,1,0,6,0,0,2,0,1,1,1,1,0,1,0,5,1,1,5,0,0,2,0,0,1,0,2,1,0,1,0,0,1
"PTHR31885",2,2,2,2,2,2,2,2,2,2,2,2,1,2,2,2,2,2,2,1,2,2,2,1,2,2,2,2,2,2,2,2,2,2,4,2,2,2,2,2,2,2,1,4,2
"PTHR31888",1,1,1,1,1,1,2,1,1,1,1,1,1,1,3,1,1,1,1,1,1,1,1,1,1,0,1,1,1,1,1,1,1,1,1,1,1,1,1,1,1,1,1,1,1
"PTHR31893",2,2,2,2,2,2,2,2,2,1,2,2,2,2,2,3,2,2,2,2,2,2,2,2,2,1,2,2,2,2,1,2,2,2,2,2,2,2,2,2,2,2,1,1,2
"PTHR31894",1,1,1,1,1,1,1,1,1,1,1,1,1,1,1,1,1,1,1,1,1,1,1,1,1,0,1,1,1,1,1,1,1,1,1,1,1,1,1,1,1,1,1,1,1
"PTHR31898",1,1,1,1,1,1,1,1,1,1,1,1,1,1,1,1,1,1,1,1,1,1,1,1,1,1,1,1,1,1,1,1,1,1,1,1,1,1,1,1,1,1,1,1,1
"PTHR31901",1,1,1,1,1,1,1,1,0,1,1,1,1,1,1,1,1,1,1,1,1,1,1,1,1,1,1,1,1,1,1,1,1,1,1,1,1,1,1,1,1,1,1,1,1
"PTHR31905",1,1,1,3,1,1,2,1,1,1,1,1,1,5,1,1,1,1,1,1,1,1,1,1,1,1,1,2,1,1,2,4,1,1,1,1,2,1,2,1,3,1,1,1,1
"PTHR31909",2,2,2,2,2,2,2,1,2,1,2,2,2,2,2,2,2,2,2,1,2,2,2,2,2,2,2,2,2,2,1,0,2,2,2,2,2,2,2,2,2,1,1,2,2
"PTHR31911",2,3,4,1,3,2,3,2,1,2,2,2,1,4,1,2,2,1,6,2,3,1,1,7,1,1,1,2,2,1,2,3,2,5,2,2,4,2,4,1,2,2,1,1,2
"PTHR31914",1,1,1,1,1,1,1,1,1,1,1,1,1,1,1,1,1,1,1,1,1,1,1,1,1,1,1,1,1,1,1,1,1,1,1,1,1,1,1,1,1,0,1,1,1
"PTHR31915",4,3,3,5,3,3,3,3,3,5,3,3,4,3,5,3,4,3,3,3,3,3,3,3,2,3,4,3,3,3,3,2,3,3,3,4,3,4,4,4,3,3,3,4,3
"PTHR31918",1,1,1,1,1,1,1,1,1,1,1,1,1,1,1,1,1,1,1,1,1,1,1,1,1,1,1,1,1,1,1,2,1,1,1,1,1,1,1,1,1,1,1,2,1
"PTHR31919",1,1,1,1,1,1,1,1,1,1,1,1,1,1,1,2,1,1,1,2,1,1,4,1,1,0,1,1,1,1,1,1,1,1,1,1,1,1,1,1,1,1,1,1,1
"PTHR31921",1,1,1,1,1,1,1,1,1,1,1,1,1,1,1,1,1,1,1,1,1,1,1,1,1,1,1,1,1,1,1,1,0,1,1,1,1,1,1,1,2,1,1,1,1
"PTHR31922",1,1,1,1,0,1,1,1,1,1,1,1,0,1,1,1,1,0,1,1,1,0,1,1,1,1,1,1,1,1,1,1,1,1,1,1,1,1,1,1,1,1,1,1,1
"PTHR31925",1,1,1,1,1,1,2,1,1,1,1,2,1,2,1,4,1,1,1,1,1,1,1,1,1,1,1,3,1,1,1,1,1,2,1,1,1,1,1,1,1,1,1,1,1
"PTHR31931",1,1,1,1,1,2,1,1,1,1,1,1,1,1,1,2,1,1,1,1,1,1,2,1,1,1,1,1,1,1,2,2,0,1,1,1,1,1,1,1,1,1,1,1,2
"PTHR31932",1,1,0,1,1,1,1,1,1,1,1,1,1,1,1,1,1,1,0,1,1,1,1,1,1,0,1,0,1,1,1,1,1,1,1,1,0,1,1,1,0,1,1,1,1
"PTHR31935",1,1,1,1,1,1,1,1,1,1,1,1,1,1,2,2,1,2,1,1,1,1,1,1,1,1,1,1,1,1,1,1,1,1,1,1,1,1,1,1,1,1,1,1,1
"PTHR31937",1,1,1,1,1,1,1,1,1,1,1,1,1,1,1,1,0,1,1,0,1,1,1,1,1,1,1,2,1,1,1,1,1,1,1,1,0,1,1,1,1,1,1,1,1
"PTHR31938",2,2,2,2,2,1,2,2,1,4,2,2,2,2,1,2,2,2,3,2,2,2,2,2,2,2,2,2,1,2,2,2,3,2,2,1,2,2,2,2,2,2,2,1,3
"PTHR31940",1,1,1,1,1,2,1,1,1,1,1,1,1,1,1,1,1,1,1,1,1,1,1,1,1,1,1,1,1,1,1,0,2,1,1,2,1,1,1,1,2,1,1,1,1
"PTHR31943",3,3,2,2,3,2,2,1,2,2,2,5,3,3,2,3,1,2,3,4,3,2,2,2,0,3,2,3,3,3,1,2,2,2,1,3,2,4,2,2,2,3,2,1,3
"PTHR31952",1,1,1,1,1,1,1,1,1,1,1,1,1,1,1,1,1,1,1,1,1,1,1,1,1,1,1,1,1,1,1,1,1,1,1,1,1,1,1,1,1,1,1,1,0
"PTHR31954",1,1,1,1,1,1,1,1,1,1,1,1,1,1,1,1,1,1,1,1,1,1,1,1,1,1,1,1,1,1,1,1,1,1,2,1,1,1,1,1,1,1,1,2,1
"PTHR31958",1,1,1,1,1,1,1,1,1,1,1,1,1,1,1,1,1,1,1,1,1,1,1,1,1,1,1,1,1,1,1,1,1,1,1,1,1,1,1,1,1,1,1,1,1
"PTHR31965_SF1",1,1,0,1,1,1,0,0,1,1,1,1,1,1,1,2,1,1,1,0,1,1,1,1,1,1,1,1,0,1,1,0,1,1,1,0,1,0,1,1,1,1,1,1,1
"PTHR31977",1,1,1,1,0,1,1,1,1,1,1,1,1,1,1,1,1,1,1,1,1,1,1,1,1,1,1,1,1,1,1,1,1,1,1,1,0,1,1,1,1,1,1,1,1
"PTHR31978",1,1,1,1,1,1,2,1,1,1,1,2,1,2,3,1,2,1,1,2,1,2,1,1,1,1,1,1,1,1,1,3,2,1,1,1,1,1,1,1,1,1,1,1,1
"PTHR31980",1,0,0,0,0,0,1,0,0,1,1,1,1,2,0,2,1,1,0,0,1,0,2,0,0,0,1,0,1,0,0,0,0,0,1,1,1,1,3,1,0,1,1,2,1
"PTHR31981",1,1,1,1,1,1,1,1,1,1,1,1,1,1,1,1,1,1,1,1,1,1,1,1,1,1,1,1,1,1,1,1,1,2,1,1,1,1,2,1,1,1,1,1,1
"PTHR31991_SF1",1,1,1,1,0,1,1,1,1,1,1,1,1,1,1,1,1,1,1,1,1,1,1,1,1,1,1,1,1,1,1,1,0,1,1,1,1,1,1,1,1,1,1,1,1
"PTHR31993",2,2,2,2,2,2,2,2,2,2,1,2,2,2,3,2,2,2,2,1,2,2,2,2,3,1,2,0,2,1,1,3,2,2,2,4,2,2,2,3,1,2,1,2,2
"PTHR31994",1,1,1,1,1,1,1,1,1,1,1,1,1,1,1,1,1,1,1,1,1,1,1,1,1,1,1,1,1,1,1,1,1,1,2,1,1,1,1,1,1,1,1,1,1
"PTHR31996_SF2",1,2,1,1,1,2,1,1,1,1,1,1,1,1,1,1,1,1,1,1,1,1,1,1,1,1,2,1,1,2,1,1,1,1,1,1,1,1,1,1,1,1,1,1,1
"PTHR31997",2,2,3,2,2,2,2,2,2,2,2,2,2,3,2,2,3,2,2,3,2,2,2,2,2,2,2,2,2,2,2,2,2,2,2,2,3,2,3,2,2,2,2,2,2
"PTHR32000",1,1,1,1,1,1,1,1,1,1,1,1,1,1,1,1,1,1,1,1,1,1,1,1,1,1,0,1,1,1,1,1,0,1,1,1,1,1,1,1,1,1,1,2,1
"PTHR32001",1,1,2,1,1,1,1,2,1,1,1,1,1,1,1,1,1,1,2,1,1,1,1,1,1,1,1,2,1,1,2,2,1,1,1,1,1,2,2,1,2,1,1,2,2
"PTHR32003",1,1,1,1,1,1,1,1,1,0,1,1,1,1,1,1,1,1,1,1,1,1,1,1,1,1,1,1,1,1,1,1,1,1,1,1,1,1,1,1,1,1,1,1,1
"PTHR32005",2,3,2,2,2,3,2,2,2,2,2,2,2,2,2,2,2,2,2,3,2,2,2,2,2,2,2,2,2,2,2,2,2,2,3,2,2,2,3,2,2,2,1,2,2
"PTHR32008",1,1,1,1,1,1,1,1,1,1,1,1,1,1,1,1,1,0,1,1,1,1,1,1,1,0,0,0,1,1,1,1,1,1,1,1,1,1,1,1,1,1,1,2,1
"PTHR32012",1,1,1,1,1,1,1,1,1,1,1,2,1,1,1,1,1,2,1,1,1,1,1,1,1,1,1,1,1,1,2,1,1,1,2,1,1,1,1,1,1,1,1,2,1
"PTHR32014",1,1,1,1,1,1,1,1,1,1,1,1,1,1,1,1,1,1,1,1,1,1,1,1,1,1,1,1,1,1,1,1,1,1,1,1,1,1,1,1,1,1,1,1,1
"PTHR32017",2,3,2,1,1,2,1,3,1,1,2,0,3,1,1,1,2,1,1,2,1,1,1,2,1,1,1,1,1,1,1,2,1,1,1,1,1,4,1,1,1,1,1,2,2
"PTHR32019",1,1,1,1,1,1,1,1,1,0,1,1,1,1,1,1,1,1,1,1,1,1,1,1,1,1,1,1,1,1,0,1,1,1,1,1,1,1,1,1,1,1,1,1,1
"PTHR32022",1,0,1,1,0,0,1,1,1,1,0,0,0,1,1,1,0,1,1,1,1,1,1,1,1,1,1,1,1,1,0,0,1,1,1,1,1,0,1,1,1,0,1,1,0
"PTHR32023",1,1,1,1,1,1,1,1,1,1,1,1,1,1,1,1,1,1,1,1,1,1,1,1,1,1,1,1,1,1,1,1,1,1,1,1,1,1,1,1,1,1,1,1,1
"PTHR32028",1,1,1,1,1,1,1,1,1,1,1,1,1,1,1,7,1,1,1,1,1,1,1,1,1,1,1,1,1,1,1,1,1,1,1,1,1,1,1,1,1,1,1,1,1
"PTHR32035_SF3",1,1,1,1,1,1,2,1,1,1,1,1,1,1,1,1,1,1,1,2,1,1,1,1,1,1,1,1,1,1,1,1,1,1,1,1,1,1,1,1,1,1,1,1,1
"PTHR32037",1,1,1,1,1,1,1,1,1,0,1,1,1,1,1,1,1,1,1,1,1,1,1,1,1,1,1,1,1,1,1,1,1,2,1,1,1,1,2,1,1,1,1,1,1
"PTHR32054",1,1,1,1,1,1,1,1,1,1,1,1,1,1,1,1,1,1,1,1,1,1,1,1,1,1,1,1,1,1,1,3,1,1,1,1,1,1,1,1,1,1,1,1,1
"PTHR32055",1,1,1,1,1,2,2,1,1,1,1,1,1,1,2,1,1,1,1,1,1,3,1,1,1,1,1,1,1,1,2,2,1,1,1,1,1,1,1,1,2,1,1,1,1
"PTHR32059",1,1,1,1,1,1,1,1,1,1,1,1,1,1,1,1,1,1,1,1,1,1,1,1,1,1,1,1,1,1,1,1,1,1,1,1,1,1,1,1,1,1,1,1,1
"PTHR32061",1,1,1,1,1,1,0,1,1,1,1,1,1,1,1,1,1,1,1,0,1,1,1,1,1,1,1,1,1,1,1,1,1,1,1,1,1,1,1,1,1,1,1,1,1
"PTHR32073",2,2,2,2,2,2,2,2,2,2,2,2,2,2,3,2,2,2,2,2,2,2,2,2,3,2,3,2,2,2,2,2,2,2,2,2,2,2,2,2,2,2,2,2,2
"PTHR32074",1,1,1,1,1,1,2,1,1,1,1,1,1,1,2,1,1,1,1,1,1,1,1,1,1,1,1,1,1,1,1,1,1,1,1,1,1,1,1,1,1,1,1,1,1
"PTHR32078",1,1,1,1,1,1,1,1,1,1,1,1,1,1,0,1,1,1,1,1,1,1,1,1,1,1,1,1,1,1,1,0,1,1,1,1,1,1,1,1,1,1,1,1,1
"PTHR32083",2,2,2,2,2,2,2,2,2,2,2,2,2,2,2,2,2,2,2,2,2,3,2,2,2,2,2,2,2,2,2,2,2,2,2,2,2,2,3,3,2,2,2,2,2
"PTHR32086",1,2,2,1,1,1,1,1,1,1,1,1,1,1,1,1,1,1,2,1,1,1,1,2,1,1,1,1,1,1,2,1,1,4,1,1,2,1,2,1,1,1,1,1,1
"PTHR32093_SF13",1,1,1,1,1,1,1,2,1,1,1,1,1,1,2,1,1,1,1,1,1,1,1,1,1,1,1,1,1,1,1,1,1,1,1,1,1,1,2,1,1,1,1,1,1
"PTHR32094",1,1,1,1,1,1,1,1,1,0,1,1,1,1,1,1,1,1,1,1,1,1,1,1,1,1,1,1,1,1,1,0,1,1,1,1,1,1,1,1,1,1,1,1,1
"PTHR32121",1,1,2,1,1,1,1,1,1,1,1,1,1,1,1,1,1,1,1,1,1,1,1,1,1,1,1,1,1,1,1,1,1,1,1,1,1,1,1,1,1,1,1,1,1
"PTHR32122",1,1,1,1,1,1,1,1,1,1,0,1,1,1,1,1,0,1,1,1,1,1,1,1,1,1,1,1,1,1,1,1,1,1,1,1,1,1,1,1,1,1,1,2,1
"PTHR32123_SF11",1,1,1,1,1,1,1,1,1,1,1,1,1,1,1,1,1,1,1,1,1,1,1,1,1,1,1,1,1,1,0,1,1,1,1,1,1,1,2,1,1,1,1,1,1
"PTHR32123_SF12",1,1,1,1,1,1,1,1,1,1,1,1,1,1,1,1,1,1,1,1,1,1,1,1,1,1,1,1,1,1,1,1,1,1,1,1,1,1,1,1,1,1,1,1,1
"PTHR32123_SF9",1,1,1,1,1,1,1,1,1,1,1,1,1,1,1,1,0,1,1,1,1,1,1,1,1,1,1,1,1,1,1,0,1,1,1,1,1,1,1,1,1,1,1,1,1
"PTHR32129",7,7,6,6,5,6,5,6,5,6,6,6,6,6,5,8,6,6,6,5,5,5,6,6,6,7,5,6,5,7,5,6,7,6,4,6,5,6,6,6,6,6,6,5,4
"PTHR32149",1,1,1,1,1,1,1,1,1,1,2,2,1,1,1,7,1,0,1,1,1,1,1,1,1,1,1,1,1,1,1,1,1,1,1,1,1,1,1,1,1,1,1,1,1
"PTHR32162",1,1,1,1,1,1,2,1,1,1,1,1,1,1,1,1,1,0,1,1,1,1,1,1,1,1,1,0,1,1,0,1,1,1,1,1,1,1,1,1,1,1,1,2,1
"PTHR32163",1,1,1,1,1,1,1,1,1,1,1,1,1,0,1,1,1,1,1,1,1,1,1,1,1,1,1,1,1,1,1,1,1,1,1,1,1,1,1,1,1,1,1,2,1
"PTHR32170",1,1,1,2,1,1,1,1,1,1,1,1,1,1,1,1,1,1,1,1,1,1,1,1,1,1,2,1,1,1,2,2,1,1,1,1,1,1,1,1,2,1,1,1,1
"PTHR32178",2,2,1,1,2,2,2,2,1,1,2,2,2,1,1,2,2,2,2,2,2,1,2,2,2,2,2,1,2,1,2,0,2,2,2,2,1,2,1,2,1,2,1,1,2
"PTHR32179",1,1,1,1,1,1,1,1,1,1,1,1,1,1,1,1,1,1,1,0,1,1,1,1,1,1,1,1,1,1,1,1,1,1,1,1,1,1,2,1,1,1,2,1,1
"PTHR32193",1,1,1,1,0,1,1,1,1,1,1,1,1,1,1,1,1,1,1,1,1,1,1,1,1,1,1,1,1,1,1,1,1,1,1,1,1,1,1,1,1,1,1,1,1
"PTHR32205",4,2,3,2,2,2,2,2,2,1,2,2,2,3,2,2,2,2,3,1,2,2,2,3,2,2,4,2,2,2,2,1,1,3,1,2,3,2,3,2,3,2,1,1,2
"PTHR32215",1,1,1,0,1,1,1,1,1,1,1,1,1,1,1,1,1,1,1,1,1,1,1,1,1,1,1,1,1,1,1,1,1,1,1,1,1,1,1,0,1,0,2,1,1
"PTHR32217",2,1,2,2,2,1,2,2,1,3,2,2,3,2,1,4,1,2,2,0,2,2,9,2,2,2,3,2,2,2,0,1,2,2,0,3,2,1,2,5,1,2,1,0,1
"PTHR32222",1,1,1,1,1,1,1,1,1,2,1,1,1,1,2,1,1,2,1,1,1,1,1,1,1,1,1,1,1,1,1,1,0,1,1,1,1,1,1,1,1,1,1,1,1
"PTHR32226",1,1,1,1,1,1,1,1,1,1,1,1,1,1,1,1,1,1,1,1,1,1,1,1,1,1,1,1,1,1,1,1,1,1,1,1,1,1,1,1,1,1,1,1,1
"PTHR32235",1,1,1,1,1,1,2,1,1,1,1,1,1,1,1,1,1,0,1,1,1,1,1,1,1,1,1,1,1,1,1,1,1,1,1,1,1,1,1,1,1,1,1,1,1
"PTHR32247",1,1,1,1,1,1,1,1,1,1,1,1,1,1,1,2,1,1,1,1,1,1,1,1,1,1,1,1,1,1,1,1,1,1,1,2,1,1,1,2,1,1,1,2,1
"PTHR32250",1,2,1,1,1,1,1,1,1,1,1,1,1,1,1,1,2,1,1,1,1,1,1,1,1,1,1,1,1,1,1,1,1,1,1,1,1,1,1,1,2,1,1,1,1
"PTHR32261",6,6,6,6,5,7,6,5,5,7,6,6,6,6,6,6,6,7,6,5,6,6,6,6,6,4,6,6,5,7,6,5,6,6,7,6,6,6,6,6,6,6,5,5,6
"PTHR32267",1,1,1,1,1,1,1,1,1,1,1,1,1,0,1,1,1,1,1,1,1,1,1,1,1,1,1,0,1,1,1,1,1,1,1,1,0,1,0,1,1,1,1,1,1
"PTHR32274",1,1,1,1,1,1,1,1,1,1,1,1,1,1,1,1,1,1,1,1,1,1,1,1,1,1,1,1,1,1,1,1,1,1,1,1,1,1,1,2,1,1,1,1,1
"PTHR32286",1,2,1,2,2,2,2,2,2,0,2,2,2,1,2,18,2,1,1,1,1,1,2,1,2,1,2,1,2,2,3,2,1,1,1,2,1,2,1,2,1,1,0,2,2
"PTHR32288",1,1,1,1,1,1,1,1,1,0,1,1,1,1,1,2,0,0,1,1,1,1,1,1,1,1,1,1,1,1,0,1,1,1,0,1,1,1,1,1,1,1,1,0,1
"PTHR32289_SF3",1,1,1,1,1,1,0,1,1,1,2,1,1,1,1,3,1,1,1,1,1,1,1,1,1,1,1,1,1,1,1,1,1,1,1,1,1,1,1,1,1,1,1,1,1
"PTHR32289_SF4",1,1,1,1,1,1,1,1,1,1,1,1,1,1,1,1,1,1,1,0,1,1,1,1,1,1,1,1,1,1,1,1,1,1,1,1,1,1,1,1,1,1,1,1,1
"PTHR32297",1,1,1,1,1,1,1,1,1,1,1,1,1,1,1,1,1,1,1,1,1,1,1,1,1,1,2,1,1,1,1,1,1,1,1,1,1,1,1,1,1,1,1,2,1
"PTHR32315",1,1,1,1,1,1,1,1,1,0,1,1,1,1,1,1,1,1,1,1,1,1,1,1,1,0,1,1,1,1,0,2,1,1,1,1,1,1,1,1,1,1,1,1,1
"PTHR32341",9,3,1,0,8,3,0,7,12,9,0,1,2,2,5,2,4,6,2,1,1,2,26,2,10,5,14,0,6,2,3,1,2,2,3,17,2,2,2,12,0,2,0,4,9
"PTHR32343",1,2,2,3,2,2,2,2,2,2,3,2,2,2,2,2,2,2,2,3,2,2,2,2,2,2,1,2,2,2,4,3,2,2,2,2,2,2,2,1,2,2,2,3,3
"PTHR32344_SF1",1,1,2,1,1,1,1,2,1,2,1,1,1,1,2,1,1,1,0,1,1,1,1,0,1,2,1,0,1,1,0,2,1,3,1,1,0,2,1,1,1,1,0,1,1
"PTHR32345",1,1,1,1,1,1,1,1,1,1,1,1,1,1,1,1,0,1,1,0,1,1,1,1,1,1,1,1,1,1,1,1,1,1,1,1,1,1,1,1,1,1,1,2,1
"PTHR32358",1,1,1,1,1,1,1,1,1,1,1,1,1,1,1,1,1,1,1,1,1,0,1,1,1,1,1,1,1,1,1,1,1,1,0,1,1,1,1,2,1,1,1,1,1
"PTHR32414",1,1,1,1,1,1,1,1,1,0,0,1,1,1,1,1,1,1,1,1,1,1,1,1,1,1,1,1,0,1,1,1,1,1,0,1,1,1,1,1,1,0,1,0,0
"PTHR32422",1,1,1,1,1,1,1,1,1,1,1,1,1,1,1,1,0,1,1,0,1,1,1,1,1,1,1,1,1,1,1,1,1,1,1,1,1,1,1,1,1,1,1,1,1
"PTHR32428",2,2,2,2,2,2,2,2,2,2,2,2,2,2,2,2,1,2,2,2,2,2,2,2,2,2,2,2,2,2,1,2,2,2,2,2,2,2,2,2,2,2,1,2,2
"PTHR32430",1,1,1,1,1,1,1,1,1,1,1,1,1,1,1,1,1,1,1,1,1,1,1,1,1,1,1,1,1,1,1,0,1,1,1,1,1,1,1,1,1,1,1,0,1
"PTHR32455",1,1,1,1,1,1,1,1,1,1,1,1,1,1,1,1,1,1,1,0,1,1,1,1,1,1,1,1,1,1,1,1,1,1,1,1,1,1,1,1,1,1,1,1,1
"PTHR32463_SF0",1,1,1,1,1,1,1,1,1,1,1,1,1,1,1,1,1,1,1,1,1,1,1,1,1,1,1,1,1,1,1,1,1,1,1,1,1,1,1,1,1,1,1,1,1
"PTHR32465",1,1,1,1,1,1,1,1,1,1,1,1,1,1,1,1,1,1,1,1,1,1,1,1,1,1,1,1,1,1,1,1,1,1,1,1,1,1,1,1,1,1,1,1,1
"PTHR32470",1,1,1,1,1,2,0,1,1,1,1,1,1,0,1,1,1,1,1,0,1,1,1,1,1,0,1,1,1,1,1,1,1,1,1,1,2,1,2,1,1,1,1,1,1
"PTHR32493",1,1,1,1,1,1,1,1,1,1,1,1,1,1,1,1,1,0,1,1,1,1,1,1,1,1,1,1,1,1,1,1,1,1,1,1,1,1,1,1,1,1,1,1,1
"PTHR32510",1,1,2,1,1,1,1,1,1,1,1,1,1,2,1,1,1,1,2,2,1,1,1,2,1,1,1,3,1,1,1,1,1,2,1,1,2,1,2,1,1,1,1,1,1
"PTHR32546_SF11",2,1,1,1,1,1,1,1,1,1,1,1,1,1,1,1,1,0,1,1,1,1,1,1,1,1,1,1,1,1,1,1,1,1,1,1,1,2,1,1,1,1,1,1,1
"PTHR32546_SF7",1,1,1,1,1,1,1,1,1,1,1,1,1,1,1,2,1,1,1,1,1,1,1,1,1,1,1,1,1,1,1,1,1,1,1,1,1,1,1,1,1,1,1,1,1
"TF101057",1,1,1,0,1,1,1,1,1,1,1,1,1,1,1,1,1,1,1,1,1,1,1,1,1,0,1,1,1,2,1,1,1,1,1,1,1,1,1,1,0,1,1,1,1
"TF101068",2,1,1,1,1,1,1,1,1,1,1,1,1,1,1,1,1,2,1,1,1,1,1,1,1,1,2,1,1,1,1,1,1,1,1,1,1,1,1,1,2,1,1,3,1
"TF101134",1,1,1,0,1,1,1,0,1,1,1,1,1,1,1,1,1,0,1,1,1,1,1,1,1,1,1,1,1,1,1,1,1,1,1,1,1,1,1,1,1,1,1,1,1
"TF101159",1,1,1,1,1,1,1,1,1,1,1,1,1,1,1,1,1,1,1,1,1,1,1,1,1,1,1,1,1,1,1,1,1,1,1,1,1,1,1,1,1,1,1,1,1
"TF102001",1,1,1,1,1,1,1,1,0,1,1,1,1,1,1,1,1,1,1,1,1,1,1,1,1,1,1,0,1,1,0,1,1,1,0,1,1,1,1,1,1,1,1,0,1
"TF105248",1,1,1,1,1,1,1,1,1,1,1,1,1,1,1,1,1,1,1,2,1,1,1,1,1,1,1,1,1,1,1,2,1,1,1,1,1,1,1,1,1,1,1,1,1
"TF105825",1,1,2,1,2,1,1,1,1,1,1,1,1,1,1,2,2,1,2,1,1,1,1,2,1,1,1,1,1,1,1,1,1,2,1,1,0,3,1,1,1,1,1,1,1
"TF106123",1,1,1,1,1,1,1,1,1,1,1,1,1,1,1,1,1,1,1,0,1,1,1,1,1,1,1,1,1,1,1,1,1,1,1,1,1,1,1,1,1,1,1,2,1
"TF300065",1,1,1,1,1,1,1,1,1,0,1,1,1,1,1,1,1,1,1,0,0,1,1,1,1,1,1,1,1,1,1,1,1,1,1,1,1,1,1,1,1,1,1,1,1
"TF300204",1,1,1,1,1,1,1,1,1,1,1,1,1,1,1,1,1,1,1,1,1,1,1,1,1,1,1,1,1,1,1,1,1,1,1,1,1,1,1,1,2,1,1,1,1
"TF312959",1,1,1,1,1,1,1,1,1,1,1,1,1,1,1,1,1,1,1,1,1,1,1,1,1,1,1,1,1,1,1,1,1,1,1,1,1,1,1,1,1,1,1,1,1
"TF313180",1,1,1,1,1,1,1,1,1,1,1,1,1,1,1,1,1,1,1,1,1,1,1,1,1,1,2,1,1,1,1,0,1,1,1,1,1,1,1,1,1,0,1,1,2
"TF313219",2,2,2,2,1,2,2,2,2,2,2,4,2,2,2,2,2,1,2,2,2,2,2,2,2,2,2,2,2,2,2,2,2,2,3,2,2,2,2,2,2,2,2,2,2
"TF313636",1,1,1,1,1,1,4,1,1,1,1,1,3,3,1,4,1,1,2,1,3,3,1,3,1,2,1,1,3,1,1,1,2,1,1,1,2,4,4,1,1,1,0,1,1
"TF313821",1,1,1,1,1,1,1,1,1,1,1,1,1,1,1,1,1,1,1,1,1,1,1,1,1,1,1,1,1,1,1,1,1,1,1,1,1,1,1,1,1,1,1,1,1
"TF313953",1,1,1,1,1,1,1,1,1,0,1,1,1,1,1,1,1,1,1,1,1,1,1,1,1,0,1,1,1,1,1,1,1,1,1,1,1,1,2,1,1,1,1,1,1
"TF314007",1,1,1,1,1,1,1,1,1,1,1,1,1,1,1,1,1,1,1,1,1,1,1,1,1,1,1,0,1,1,0,1,2,1,1,1,1,1,1,1,1,1,1,1,1
"TF314051",1,1,1,1,1,1,1,1,1,1,1,1,1,1,1,1,1,1,1,1,1,1,1,1,1,1,1,1,1,1,1,1,1,1,1,1,1,1,1,1,1,1,1,1,1
"TF314247",1,1,1,1,1,1,1,1,1,1,1,1,1,1,1,1,1,1,1,1,1,1,1,1,1,1,1,1,1,1,1,1,1,1,1,1,1,1,1,1,1,1,1,1,1
"TF314641",1,1,1,2,1,1,1,1,1,1,1,1,1,2,4,1,1,1,2,1,1,1,2,2,1,1,1,4,1,1,1,1,1,2,1,1,3,1,3,1,1,1,1,1,1
"TF314649",1,2,1,1,1,1,1,1,1,2,1,1,1,1,1,4,1,1,1,3,1,1,1,1,1,0,1,1,1,1,1,1,1,2,1,2,1,1,1,1,1,1,1,1,1
"TF314727",1,1,1,1,2,1,1,1,1,0,1,1,1,1,1,1,1,0,1,1,1,1,1,1,2,0,0,1,1,1,1,1,1,2,0,1,2,1,2,1,1,1,0,1,2
"TF319487",1,1,1,1,1,1,1,1,1,2,1,1,1,1,1,1,1,1,1,1,1,1,1,1,3,1,2,1,1,1,1,3,1,1,1,1,1,1,1,2,2,2,0,2,0
"TF323286",1,2,1,1,1,1,1,1,1,0,0,1,1,1,1,1,0,1,1,1,1,0,1,1,1,1,0,1,0,1,1,1,0,1,1,1,1,1,1,0,1,1,1,0,0
"TF323579",1,1,1,1,1,1,1,0,1,1,1,1,1,1,1,1,0,1,1,1,1,1,1,1,1,1,1,1,1,1,1,1,1,1,1,1,1,1,1,1,1,1,1,1,1
"TF323595",1,1,1,1,0,1,1,1,1,1,1,1,1,1,1,1,1,1,1,1,1,1,1,1,1,1,1,1,1,1,1,1,2,1,1,1,1,1,1,1,1,1,1,1,1
"TF323809",1,1,1,1,1,1,1,1,1,1,1,1,1,1,1,1,1,1,1,1,1,1,1,1,1,1,1,1,1,1,1,1,1,1,1,1,0,1,3,0,1,1,1,1,1
"TF323845",1,1,1,2,1,1,1,1,1,1,1,1,1,1,1,1,1,1,1,1,1,1,1,1,1,1,1,1,1,0,1,1,0,1,1,1,1,1,1,1,1,1,1,1,1
"TF323869",1,1,0,1,1,2,1,1,1,1,1,1,1,1,1,1,0,1,2,1,0,1,1,2,1,0,1,1,1,1,0,0,1,1,1,1,1,1,1,1,0,1,0,1,1
"TF323872",1,1,1,1,1,1,1,1,1,1,1,1,1,1,1,1,1,1,1,1,1,1,1,1,3,1,1,0,1,1,1,1,0,1,1,1,1,1,1,1,1,1,1,1,1
"TF324352",1,1,1,1,1,1,1,1,2,1,1,1,1,1,1,1,1,1,1,1,1,1,1,1,1,1,1,0,1,1,1,2,0,1,1,1,1,1,1,1,1,1,0,2,1
"TF324380",1,1,0,1,1,1,1,1,1,1,1,1,0,1,1,1,1,1,1,0,0,1,2,1,1,0,1,1,1,0,1,1,1,1,1,1,1,1,1,1,1,0,0,0,1
"TF324402",1,1,1,1,1,1,1,1,1,1,1,1,0,1,1,1,1,0,1,1,1,1,1,1,1,0,1,1,1,1,1,1,1,1,1,1,1,1,1,0,1,1,1,1,1
"TF324432",1,1,1,1,1,1,1,1,1,1,1,1,1,1,1,1,1,1,1,1,1,1,1,1,1,1,1,1,1,1,1,1,1,1,1,1,1,1,1,1,1,1,1,1,1
"TF324444",1,1,1,1,1,1,1,1,1,0,1,1,1,1,1,2,1,1,1,1,1,1,1,1,1,1,1,1,1,1,1,1,1,1,1,1,1,1,1,1,1,1,1,1,1
"TF324468",1,1,1,1,1,1,1,0,1,1,1,1,1,1,0,1,0,0,1,1,1,1,0,1,0,1,0,1,1,1,0,0,1,1,0,0,1,2,1,0,1,1,1,0,1
"TF324737",1,1,1,1,1,1,1,1,1,1,0,1,1,1,1,1,1,1,1,1,1,1,1,1,1,1,1,1,1,1,1,1,1,1,1,1,1,1,1,1,1,1,1,1,1
"TF326621",1,1,1,1,0,1,1,1,1,1,1,1,1,1,1,1,1,1,1,1,1,1,3,1,1,0,1,1,1,1,1,2,1,1,0,1,1,1,1,1,1,0,1,0,1
"TF328366",1,1,1,1,1,1,1,1,1,1,1,1,1,1,1,1,1,0,1,1,1,1,1,1,1,0,2,1,1,1,1,1,0,1,1,1,1,1,1,1,1,1,0,1,1
"TF328381",1,1,1,1,1,1,1,1,1,2,1,1,1,1,1,1,1,1,1,1,1,2,1,1,1,1,1,1,1,1,2,1,1,1,1,1,1,1,1,1,1,1,1,1,1
"TF328385",1,1,1,1,1,1,1,1,1,4,1,1,1,1,1,1,1,0,1,1,1,1,1,1,1,0,1,1,1,1,1,0,1,1,1,1,1,1,1,1,1,1,1,1,1
"TF328418",1,2,1,2,1,3,2,1,2,2,2,2,2,2,2,2,2,2,2,2,1,2,2,1,2,1,2,2,2,1,1,1,2,2,3,2,1,1,2,2,2,1,2,1,1
"TF328441",1,1,1,1,1,1,1,1,1,1,1,1,1,2,1,1,1,1,1,1,1,1,1,1,1,1,1,1,1,1,1,1,1,1,1,1,1,1,2,1,1,1,1,1,1
"TF328443",1,1,1,1,1,2,1,1,1,1,1,1,1,1,1,1,1,1,1,1,1,1,1,1,1,1,1,1,1,1,1,1,1,1,1,1,1,1,1,1,1,1,1,1,1
"TF328444",1,1,1,1,1,1,1,1,1,1,2,1,1,1,2,1,2,1,1,2,1,3,1,1,1,0,2,1,1,1,1,4,2,1,1,0,1,1,2,1,1,1,1,1,2
"TF328471",1,1,1,1,1,1,1,1,1,1,1,1,1,1,1,1,1,0,1,1,1,1,1,1,1,1,1,1,1,1,1,1,1,1,1,1,1,1,1,1,1,1,1,1,1
"TF328541",1,1,2,1,1,1,1,1,2,1,1,1,1,1,4,1,0,2,2,1,1,1,1,3,1,1,1,1,1,1,2,1,1,3,1,1,0,1,1,1,1,1,1,2,1
"TF328614",1,1,1,1,1,1,1,1,1,1,1,1,1,1,1,1,1,1,1,3,0,2,1,1,1,1,2,1,1,1,0,0,1,1,1,1,1,1,1,1,1,0,0,1,1
"TF328617",1,1,1,1,1,1,4,1,1,1,0,1,1,1,1,1,1,0,1,1,1,1,3,1,1,1,1,1,1,1,0,1,2,1,1,1,1,2,1,1,1,1,1,1,1
"TF328628",1,1,1,1,1,1,1,1,1,1,1,1,1,1,1,1,1,0,1,0,1,1,1,1,1,1,1,1,1,1,1,1,1,1,0,1,1,1,1,1,1,1,0,0,1
"TF328632",1,1,0,0,1,1,1,0,0,1,1,1,1,1,0,1,0,0,0,1,0,0,1,0,0,1,1,0,1,1,1,0,1,0,1,1,0,0,1,0,0,1,0,1,1
"TF328634",1,1,1,1,1,1,1,1,1,1,1,1,1,1,1,1,1,1,1,1,1,1,1,1,0,1,1,1,1,1,1,1,1,1,1,1,1,1,1,1,1,1,1,1,1
"TF328638",1,1,0,1,1,1,1,0,1,1,1,1,1,0,1,2,1,1,1,0,1,1,2,1,1,0,1,0,1,1,1,0,1,1,1,1,1,1,1,1,2,0,1,1,1
"TF328671",1,1,1,1,1,1,1,1,1,1,1,1,1,1,1,1,1,1,1,1,1,1,1,1,1,1,1,1,1,1,1,1,1,1,1,1,1,1,1,2,1,1,1,1,1
"TF328709",2,2,2,2,2,2,2,2,2,2,2,2,2,2,2,2,2,2,2,2,2,3,2,2,2,2,2,2,2,2,2,3,2,2,2,2,2,2,2,2,2,2,2,2,2
"TF328734",1,1,1,1,1,1,1,1,1,1,1,1,1,1,0,1,1,1,1,0,1,1,1,1,1,1,1,1,1,1,1,1,1,1,1,1,1,1,1,1,1,1,1,1,1
"TF328772",1,1,1,1,1,1,1,1,1,1,1,1,1,1,1,1,0,1,1,1,1,1,1,1,1,0,1,1,1,1,1,1,1,1,0,1,1,1,2,1,1,1,1,0,0
"TF328778",1,1,1,1,1,1,1,1,1,2,1,1,1,1,1,1,1,1,1,1,1,1,1,1,1,1,1,1,1,1,2,1,1,3,1,1,1,1,1,1,1,1,1,1,1
"TF328804",1,1,1,2,1,1,1,1,1,0,1,2,1,1,1,1,1,1,1,1,1,1,2,1,1,1,1,1,1,1,2,1,3,1,1,1,1,1,1,1,1,1,1,1,1
"TF328824",1,1,1,1,1,1,1,1,1,1,1,1,1,1,1,1,1,1,1,1,1,1,1,1,1,1,0,1,1,1,1,1,1,1,1,1,1,1,1,1,1,1,1,1,1
"TF328851",1,1,1,1,1,1,1,1,1,1,1,1,1,1,1,1,1,1,1,1,1,1,1,1,1,1,1,1,1,1,1,1,1,1,1,1,1,1,1,2,1,1,1,1,0
"TF328959",1,1,1,1,1,1,1,0,0,1,1,1,1,1,0,1,0,1,1,0,1,0,1,1,0,1,1,1,1,1,1,0,1,1,1,1,1,1,1,1,1,1,1,0,1
"TF329043",1,1,1,1,1,1,1,1,1,1,1,1,1,1,1,1,1,0,1,0,1,1,1,1,1,1,1,1,1,0,1,1,1,1,1,1,1,1,1,1,1,1,1,1,1
"TF329057",1,1,1,1,1,0,1,1,0,1,0,0,1,1,0,1,0,0,1,0,1,1,1,1,0,1,0,1,1,1,0,0,0,1,1,1,1,0,1,1,1,1,1,0,1
"TF329060",1,1,1,1,1,1,1,1,1,1,1,1,1,1,1,1,1,1,1,1,1,1,1,1,1,1,1,1,1,1,1,1,1,1,1,1,1,1,1,1,1,1,1,1,1
"TF329167",1,1,1,1,1,1,1,1,1,1,1,1,1,1,1,1,0,1,1,1,1,1,1,1,1,1,1,1,1,1,1,1,1,1,1,1,1,1,1,1,1,1,1,0,1
"TF329168",1,1,1,1,1,1,1,1,1,1,1,1,1,1,1,1,1,1,1,1,1,1,1,1,1,1,1,1,1,1,1,1,1,1,1,1,1,1,1,1,1,1,1,1,1
"TF329261",1,1,1,1,1,1,1,1,1,1,1,1,1,1,1,1,1,1,1,1,1,1,1,1,1,1,1,1,1,1,0,1,1,1,1,1,1,1,1,1,1,0,1,1,1
"TF329293",1,1,2,1,1,1,1,1,0,2,1,1,1,2,1,1,1,1,2,2,1,1,1,1,1,1,1,1,1,1,1,2,1,2,1,1,2,1,2,1,2,1,1,1,1
"TF329423",1,1,4,2,1,1,3,1,1,1,1,1,1,2,1,1,1,1,2,1,1,1,1,1,1,1,1,1,1,1,1,1,1,2,0,1,1,1,1,1,2,1,1,1,1
"TF329443",1,1,1,1,1,1,1,1,0,1,1,1,1,1,1,1,0,1,1,1,1,1,1,1,1,1,0,1,1,1,1,0,1,1,1,1,1,1,1,1,1,1,1,1,1
"TF329474",1,1,1,1,1,1,2,0,0,0,1,1,1,1,0,1,0,1,1,1,1,1,1,1,1,1,1,1,1,1,1,1,1,1,1,1,1,1,1,1,1,1,1,1,1
"TF329480",1,1,1,1,1,2,1,1,1,1,1,1,1,1,1,1,1,1,1,1,1,1,1,1,1,0,1,1,1,0,1,1,1,1,1,1,1,1,1,1,1,1,1,1,1
"TF329502",1,1,1,1,1,1,1,1,1,1,1,1,1,1,1,1,1,1,1,0,1,1,1,1,1,1,0,1,1,1,1,1,1,1,1,1,1,1,1,1,1,1,1,1,1
"TF329673",1,1,1,1,1,1,1,1,1,1,1,1,1,1,1,1,1,1,1,1,1,1,1,1,1,1,2,1,1,1,1,1,0,1,1,1,1,1,1,1,1,1,0,1,1
"TF329678",1,1,1,1,1,0,1,1,1,1,0,1,1,1,1,1,1,1,1,1,1,1,1,1,1,1,1,1,1,1,1,1,0,1,1,1,1,1,1,1,1,1,1,0,1
"TF329680",1,1,1,2,1,1,1,1,1,1,1,1,1,1,1,2,1,1,1,1,1,1,1,1,1,1,1,1,1,1,0,1,1,1,1,1,1,1,1,1,1,1,1,1,1
"TF329701",1,1,1,1,1,1,1,0,1,1,0,1,1,1,1,1,1,0,1,1,1,1,1,1,1,1,1,1,1,1,1,1,0,1,1,1,1,1,1,1,1,1,1,1,1
"TF329703",1,1,1,1,1,1,1,1,1,2,1,1,1,1,1,1,1,1,1,1,1,1,1,1,1,1,1,1,1,1,1,1,1,1,1,1,1,1,1,1,1,1,1,1,1
"TF329723",1,1,1,1,1,1,1,1,1,1,1,1,1,1,1,1,1,1,1,0,1,1,1,1,1,1,1,1,1,1,1,1,1,1,1,1,1,1,1,2,1,1,1,1,1
"TF329731",1,1,0,0,1,1,1,1,0,1,1,1,1,1,1,1,0,1,0,1,1,0,1,0,1,1,1,1,1,1,1,0,1,0,1,1,1,1,2,1,0,1,1,1,1
"TF329802",1,1,1,1,1,1,1,1,1,1,1,1,1,1,1,1,1,1,1,1,1,1,1,1,1,1,1,1,1,1,1,1,1,1,1,1,1,1,1,1,1,1,1,1,1
"TF330733",1,0,1,1,1,1,1,1,1,1,1,1,1,1,1,1,1,1,1,1,1,1,1,1,1,1,1,0,1,1,1,1,0,1,1,1,2,1,1,1,2,1,1,1,1
"TF330764",1,1,0,1,0,0,2,1,1,0,1,1,1,0,1,1,1,0,1,0,1,2,1,1,1,0,1,0,1,1,1,1,1,0,1,1,0,1,0,1,1,1,1,2,1
"TF330769",1,1,1,1,1,1,1,1,0,1,1,1,1,1,1,1,1,0,1,1,1,1,1,1,1,1,1,1,0,1,1,1,1,1,0,1,1,1,1,1,1,0,1,0,1
"TF330773",1,3,2,1,2,4,3,1,1,2,1,1,1,1,2,1,2,1,0,1,2,2,1,2,3,1,2,2,1,2,3,2,1,2,1,2,2,2,2,1,2,1,0,3,2
"TF330784",1,1,1,1,1,1,1,1,1,1,1,1,1,2,1,2,1,1,1,0,0,1,1,1,1,0,1,1,1,1,1,1,1,1,0,1,1,1,2,1,1,1,0,0,1
"TF330918",1,2,2,2,1,2,1,2,2,2,2,2,2,2,2,3,2,1,2,1,2,2,2,2,2,1,2,2,1,1,1,2,2,2,2,2,2,2,2,2,2,1,2,2,1
"TF330925",1,1,1,1,1,1,1,1,1,1,1,1,1,1,1,1,1,1,1,1,1,1,1,1,1,0,1,1,1,1,1,1,1,1,1,1,1,1,1,1,1,1,1,1,1
"TF330936",1,1,1,1,1,1,1,1,1,1,1,1,1,1,1,1,1,1,1,1,1,1,1,1,1,1,1,1,1,1,1,0,1,1,0,1,1,1,1,1,1,1,1,0,1
"TF330945",1,0,1,1,1,1,1,1,1,1,1,1,1,1,1,1,1,0,1,0,1,1,1,1,1,1,1,1,1,1,0,1,1,1,1,1,1,1,1,1,1,1,1,1,1
"TF331226",2,3,2,2,2,2,2,2,2,1,2,2,3,2,5,2,2,2,2,1,2,2,2,2,2,2,2,2,2,2,1,4,2,2,2,2,2,3,2,2,2,2,2,2,3
"TF331239",1,1,1,1,1,1,1,1,0,1,1,1,1,1,1,1,1,1,1,2,1,1,1,1,1,1,0,1,1,1,1,0,2,1,1,1,1,1,1,1,1,1,1,1,1
"TF331535",1,1,1,1,1,1,1,1,1,1,1,1,1,1,1,1,1,0,1,1,1,1,1,1,0,1,0,1,1,1,1,1,1,1,1,1,1,1,1,1,1,1,1,1,1
"TF331573",1,2,2,2,1,2,1,0,2,2,2,2,2,2,1,2,2,1,2,3,2,2,3,2,1,2,3,2,2,2,2,1,2,2,2,2,2,2,2,2,2,2,1,2,1
"TF331577",1,1,1,1,1,1,1,1,1,1,1,1,1,1,1,1,1,1,1,1,1,1,1,1,1,1,1,1,1,2,1,2,1,1,1,1,1,1,1,1,1,1,1,1,1
"TF332005",1,1,1,1,1,1,1,1,1,0,1,1,1,1,1,1,1,1,1,1,1,1,1,1,1,1,1,1,1,1,1,1,1,1,1,1,1,1,1,1,1,1,1,2,1
"TF332060",1,1,1,1,1,0,1,1,1,1,0,1,1,1,1,1,1,1,1,1,1,1,1,1,1,1,1,1,1,1,1,1,1,1,1,1,1,1,1,1,1,1,1,1,1
"TF332081",1,1,1,1,1,1,1,1,1,1,1,1,1,1,1,1,1,1,1,1,1,1,1,1,1,1,1,1,1,1,1,1,1,1,2,1,1,1,1,1,1,1,0,3,1
"TF332084",1,1,1,1,1,1,1,1,1,1,1,1,1,1,1,1,1,1,1,1,1,1,1,1,1,1,1,1,1,1,1,1,1,1,1,1,1,1,1,1,1,1,1,2,1
"TF332089",2,2,2,2,2,2,2,2,2,2,2,2,2,2,2,2,2,2,2,1,2,2,2,2,2,2,3,2,2,2,2,2,2,2,1,2,2,2,2,2,2,2,2,2,2
"TF332095",3,2,3,3,3,3,3,3,3,3,2,2,2,3,3,4,3,3,3,1,3,3,3,3,3,2,4,3,3,1,2,3,2,3,3,3,3,2,3,3,3,3,3,3,3
"TF332112",1,1,1,1,1,1,1,1,1,1,1,1,1,1,1,1,1,1,1,1,1,1,1,1,1,1,1,1,1,2,1,1,1,1,1,1,1,1,1,1,1,1,1,1,1
"TF332158",1,1,1,1,1,1,1,1,1,1,1,1,1,1,1,1,1,1,1,1,1,1,1,1,1,1,1,1,1,1,1,1,1,1,1,1,0,1,1,1,1,1,0,1,1
"TF332226",1,1,2,2,1,2,1,1,1,0,1,1,1,3,4,1,2,1,2,1,1,1,1,1,0,1,1,3,1,1,1,1,2,3,4,2,3,1,3,1,3,1,1,1,1
"TF332232",3,3,3,3,3,3,4,3,3,2,3,3,3,3,3,3,3,3,3,2,3,3,3,3,3,3,3,3,3,2,3,3,3,2,3,3,3,3,3,3,3,3,3,3,3
"TF332439",2,2,2,2,2,2,2,2,2,2,2,2,2,2,2,2,2,2,2,3,2,2,2,2,3,2,2,2,2,2,3,2,2,2,2,2,2,2,2,2,3,2,2,3,2
"TF332440",1,1,1,1,1,1,1,1,1,1,1,1,1,1,4,1,1,1,1,1,1,1,1,0,1,1,1,1,1,1,2,1,1,1,1,1,1,1,1,1,1,1,1,2,1
"TF332541",1,1,1,1,1,1,1,0,0,1,1,1,1,1,1,1,0,1,1,1,1,1,1,1,1,1,1,1,2,1,1,0,1,1,1,1,1,1,1,1,1,1,1,2,1
"TF332549",1,1,1,1,1,1,2,1,1,0,1,1,1,1,1,1,1,1,1,1,1,1,2,1,1,0,1,1,0,1,1,1,0,1,1,1,1,1,1,1,1,1,1,1,1
"TF332568",1,1,1,1,1,1,1,1,1,0,1,1,1,1,1,1,1,0,1,1,1,1,1,1,1,1,1,1,1,0,1,1,1,1,1,1,1,1,1,1,1,1,1,1,1
"TF332579",1,1,1,1,1,1,1,1,1,1,1,1,1,1,1,1,1,1,1,1,1,1,1,1,1,1,1,1,1,1,1,1,1,1,1,1,1,1,1,1,1,1,1,1,1
"TF332720",2,2,1,2,1,2,2,0,2,2,2,2,2,2,2,2,1,2,2,1,2,2,2,2,2,1,2,1,1,2,1,2,2,2,3,2,2,2,3,2,2,2,1,3,0
"TF332721",1,1,1,1,1,2,1,1,1,2,1,1,1,1,1,1,1,1,1,1,1,1,1,1,1,1,1,1,1,1,1,1,1,1,1,1,1,1,1,1,1,1,2,1,1
"TF332725",1,1,1,1,1,1,1,1,1,1,1,1,1,1,1,1,1,1,1,1,1,1,1,1,1,1,1,1,1,2,1,0,0,1,1,1,1,1,1,1,1,1,1,1,1
"TF332748",1,1,1,1,1,1,1,1,1,0,1,1,1,1,1,1,1,1,1,1,1,1,1,1,1,1,0,1,0,1,0,1,1,1,1,1,1,1,1,1,1,1,1,1,1
"TF332765",1,1,1,1,1,1,1,1,0,1,1,1,1,1,1,1,0,1,1,1,1,1,1,1,0,0,1,1,1,1,1,0,1,1,1,1,1,1,1,1,1,1,1,0,1
"TF332787",2,2,1,2,2,2,2,2,2,2,0,2,2,2,2,2,2,2,2,2,2,2,2,2,2,2,2,2,3,2,2,2,2,2,2,2,2,2,2,2,2,2,1,2,2
"TF332839",2,2,2,2,1,2,2,2,2,2,2,2,2,2,2,2,2,2,2,1,2,2,2,2,2,2,2,2,2,2,2,2,2,2,2,2,2,2,2,2,2,1,2,2,2
"TF333010",1,1,1,1,1,1,1,1,1,1,1,1,0,0,1,2,1,1,1,0,1,1,1,1,1,0,1,2,1,1,1,0,1,1,1,1,1,1,1,1,1,1,1,1,1
"TF333013",1,1,0,2,1,1,4,1,1,1,0,4,1,1,1,2,1,1,1,1,1,1,1,1,1,1,1,2,1,1,1,1,1,1,1,1,0,1,4,1,0,1,0,1,1
"TF333179",1,2,0,2,2,1,2,2,0,0,2,2,2,1,2,2,2,0,2,0,2,2,2,2,2,0,2,1,2,0,0,1,1,1,1,1,0,2,2,2,1,2,1,1,0
"TF333227",1,1,0,1,1,1,1,1,1,1,1,1,1,1,1,1,1,1,1,1,1,1,2,1,1,1,2,1,1,1,1,1,2,1,1,1,1,1,1,1,1,1,0,1,1
"TF333255",1,1,1,1,1,1,1,1,1,1,1,1,1,1,1,1,1,1,1,2,1,1,1,1,1,1,1,1,1,1,1,0,1,1,1,1,1,1,1,1,1,1,1,1,1
"TF333276",1,2,1,1,2,2,2,2,0,1,1,2,2,2,2,3,1,1,2,2,2,1,2,2,1,0,2,2,1,1,1,1,2,2,0,2,2,2,2,3,1,2,1,1,1
"TF333292",1,1,1,1,1,1,1,1,0,1,1,1,1,1,1,1,1,0,1,1,1,1,1,1,1,1,1,1,1,1,1,0,0,1,1,1,1,1,1,1,1,1,1,2,1
"TF333387",2,2,2,2,2,2,2,1,1,2,2,2,2,2,1,3,2,1,2,2,2,2,1,2,1,2,1,2,2,2,2,1,2,2,2,1,2,2,2,1,2,2,2,2,1
"TF333390",1,0,2,1,2,1,1,1,1,1,1,1,2,2,1,2,1,0,1,0,1,2,1,1,1,0,1,2,1,1,1,1,0,1,1,1,1,2,1,1,2,2,1,1,1
"TF333399",1,1,1,1,1,1,1,1,1,1,1,1,1,1,1,1,1,1,1,1,1,1,1,1,1,1,1,1,1,1,1,1,1,1,1,1,1,1,1,1,1,1,1,1,1
"TF333401",1,1,1,1,1,1,1,1,1,1,1,1,1,1,1,1,1,1,1,1,1,1,1,1,1,1,1,1,1,1,1,1,1,1,0,1,1,1,1,1,1,1,1,0,1
"TF333402",1,1,1,1,1,1,1,1,1,0,0,1,1,1,1,1,1,1,1,1,1,1,1,1,1,1,1,1,1,1,1,1,1,1,1,1,1,1,1,1,1,1,1,1,1
"TF333420",1,1,1,2,1,1,2,1,1,1,1,1,1,1,1,1,1,1,1,1,1,1,1,1,1,0,1,1,1,1,1,0,1,1,1,1,1,1,1,1,2,1,0,1,1
"TF333449",1,0,1,0,0,0,0,0,0,0,1,0,0,1,0,1,0,0,1,0,0,0,1,1,0,0,0,1,0,0,0,0,0,1,0,0,1,0,1,0,0,0,0,0,0
"TF333453",1,0,1,1,1,0,0,1,1,1,0,1,1,1,1,1,1,0,1,2,0,0,1,1,1,0,0,0,0,1,1,0,1,1,0,1,1,1,1,0,1,0,0,0,0
"TF333465",2,2,2,2,2,2,2,2,2,2,2,2,2,2,2,2,2,2,2,2,2,2,2,2,2,2,2,2,2,2,2,2,2,2,2,2,2,2,2,2,2,2,2,2,1
"TF334642",1,1,1,1,1,1,1,1,1,1,1,1,1,1,1,1,1,1,1,0,1,1,1,1,1,1,1,1,1,1,1,1,1,1,1,1,1,1,1,1,1,1,1,2,1
"TF334945",1,2,0,1,0,1,0,0,0,1,2,0,0,0,0,0,1,1,0,1,0,0,0,0,0,0,3,0,0,1,0,0,1,0,1,0,0,0,0,0,0,0,0,1,2
"TF335394",1,1,1,1,1,1,1,1,1,1,1,1,1,1,1,1,1,1,1,1,1,1,1,1,1,1,1,1,1,1,1,1,1,1,1,1,1,1,1,1,1,1,1,0,1
"TF335469",1,1,0,0,1,2,1,0,0,1,1,1,1,1,0,2,0,1,1,1,1,0,1,1,1,1,1,1,1,1,1,0,1,1,1,1,1,1,1,1,0,1,0,1,1
"TF335485",1,1,1,1,1,1,1,1,1,1,1,1,1,1,1,1,1,0,1,0,1,1,1,1,1,1,0,1,1,1,1,1,0,1,1,1,1,1,1,1,1,1,1,1,1
"TF335521",1,1,1,1,1,1,1,1,1,1,1,1,1,1,1,1,1,1,1,1,1,1,1,1,1,1,1,1,1,1,1,1,1,1,1,1,1,1,1,1,1,1,1,1,1
"TF335525",1,1,1,1,1,1,1,1,1,1,1,1,1,1,1,1,1,1,1,1,1,1,1,1,1,1,1,1,1,1,1,0,1,1,1,1,1,1,1,1,2,1,1,1,1
"TF335656",1,1,1,1,1,1,1,1,1,1,1,1,1,1,1,1,1,1,1,1,1,1,1,1,1,1,1,1,1,1,1,1,1,1,1,1,1,1,1,1,1,1,1,2,1
"TF335661",1,1,1,1,1,0,1,0,0,1,1,1,1,1,1,1,1,1,1,1,1,1,1,1,1,1,1,1,1,1,1,0,1,1,1,1,1,1,1,0,1,1,1,1,1
"TF335674",1,1,1,1,1,1,1,1,1,1,1,1,1,1,1,1,1,1,1,1,1,3,1,1,1,1,1,1,1,1,1,1,1,1,1,0,1,1,1,1,1,1,1,0,1
"TF335698",1,1,1,1,1,1,1,1,1,0,1,1,1,1,1,1,1,1,1,1,1,0,1,1,1,0,0,1,1,1,1,1,1,1,1,1,1,1,1,5,1,1,1,1,2
"TF335748",1,1,1,1,0,0,1,1,1,0,1,1,0,1,1,1,1,0,1,1,1,1,1,1,1,1,1,1,1,1,1,1,1,1,1,1,1,1,1,1,1,1,1,1,0
"TF335755",2,2,2,2,1,2,2,1,2,2,2,2,2,2,2,2,2,2,2,0,2,2,2,2,2,1,1,2,2,2,2,2,2,2,1,2,2,2,2,3,2,2,2,2,2
"TF335777",1,0,1,1,1,0,1,0,0,0,0,1,1,1,0,1,0,1,1,0,1,1,0,1,0,0,0,1,1,0,1,0,1,1,0,0,1,1,1,1,0,1,1,0,0
"TF335829",1,1,1,1,1,1,1,1,1,1,1,1,1,1,1,1,1,1,1,1,1,1,1,1,1,1,1,1,1,1,1,1,1,1,1,1,1,1,1,2,1,1,1,1,1
"TF335853",1,1,0,0,0,1,1,1,0,1,1,1,1,0,0,1,0,0,0,1,1,0,0,0,0,0,0,0,1,0,1,0,0,1,1,0,0,0,0,0,1,1,1,0,1
"TF335932",1,1,1,1,1,1,1,1,1,1,1,1,1,1,1,1,1,1,1,1,1,0,1,1,1,1,1,1,1,1,1,0,1,1,1,1,1,1,1,2,0,1,0,1,1
"TF335968",1,1,1,1,1,2,1,1,1,1,1,1,1,1,1,1,1,1,1,1,1,1,1,1,1,1,1,1,1,1,1,1,1,1,1,1,1,1,1,1,1,1,1,1,1
"TF335973",1,0,1,1,1,1,1,0,0,0,1,0,0,1,0,1,0,1,1,0,0,0,0,1,0,0,0,1,1,1,0,0,0,1,0,0,1,1,1,0,1,1,1,0,0
"TF335999",1,1,1,1,1,1,1,1,1,1,1,1,1,1,1,1,1,1,1,1,1,1,1,1,1,1,1,1,1,1,1,0,1,1,1,1,1,1,1,1,1,1,1,1,1
"TF336022",1,1,1,1,1,0,1,1,1,1,1,1,1,1,1,2,1,1,1,0,1,1,1,1,0,0,1,1,1,1,1,1,1,1,1,1,1,1,1,1,1,1,0,1,1
"TF336027",1,1,1,3,1,3,3,1,1,0,1,1,1,1,1,1,1,1,1,2,1,1,1,1,0,1,0,1,1,1,1,0,0,1,1,0,1,0,1,1,1,1,1,1,1
"TF336053",1,1,1,1,1,1,1,1,1,1,1,1,1,1,1,1,1,0,1,1,1,1,1,0,1,1,1,1,1,1,1,0,1,1,2,1,1,1,1,1,1,1,1,1,1
"TF336067",1,0,0,0,0,0,0,0,0,1,1,1,0,0,0,0,0,0,0,0,1,0,0,0,0,0,0,0,0,0,0,0,0,0,0,0,0,0,0,0,0,0,0,1,0
"TF336079",1,1,1,1,1,1,1,1,1,2,1,1,1,1,1,1,0,1,1,1,1,1,1,1,1,1,1,1,1,1,1,1,1,1,1,1,1,1,1,1,1,1,1,2,1
"TF336091",2,3,2,2,4,5,6,3,4,2,3,4,4,3,4,5,1,2,4,1,1,3,3,5,2,0,4,3,2,2,3,1,3,4,0,4,3,6,7,1,1,1,1,1,3
"TF336132",1,1,1,0,1,1,1,1,1,1,1,1,1,0,1,1,1,1,1,1,1,0,1,1,1,1,2,1,2,1,1,2,1,1,1,1,0,1,1,1,0,1,1,1,1
"TF336144",1,1,3,2,1,2,1,1,1,1,1,2,1,1,2,1,1,1,2,1,1,1,1,2,1,1,1,2,2,1,1,1,1,1,1,1,2,1,2,1,1,1,1,1,2
"TF336171",1,1,1,1,1,1,1,1,1,0,1,1,1,1,1,1,0,1,1,0,1,1,1,1,1,0,1,1,1,0,0,1,1,0,0,1,1,1,1,1,0,1,2,0,1
"TF336187",1,1,0,1,1,0,1,1,1,1,0,1,1,1,1,1,1,1,1,1,1,1,1,1,1,0,1,1,1,1,1,1,1,1,0,1,1,1,1,1,1,1,1,0,0
"TF336256",1,1,1,1,1,1,1,0,0,1,1,1,1,1,0,2,0,1,1,1,1,1,1,1,0,1,0,1,1,1,1,1,0,1,1,0,1,1,1,1,1,1,1,1,1
"TF336288",1,2,2,2,1,2,2,2,1,2,1,1,2,2,1,3,2,2,2,1,2,2,2,2,2,1,1,2,0,2,2,0,1,2,1,2,2,1,2,2,1,2,2,0,1
"TF336317",1,1,0,0,1,1,1,1,1,1,1,1,1,1,0,1,1,1,0,1,1,1,1,0,1,1,1,0,1,1,0,1,1,0,1,1,1,1,2,2,0,1,1,1,1
"TF336322",1,1,4,3,1,1,2,1,1,1,1,1,1,4,1,1,1,1,4,1,1,1,1,3,1,1,1,2,1,1,1,1,1,4,1,1,4,1,4,1,2,1,1,1,1
"TF336354",1,0,1,1,1,1,1,1,0,1,0,0,1,1,0,1,0,1,1,1,1,1,1,1,1,1,1,1,0,1,1,0,1,1,0,1,1,1,1,1,1,1,1,0,1
"TF336371",1,1,1,1,1,1,1,1,0,0,1,1,1,1,1,2,0,1,1,0,1,1,1,1,1,1,1,1,1,0,0,0,1,1,0,1,1,1,1,1,1,1,1,0,1
"TF336372",1,1,1,1,1,1,1,1,1,1,1,1,1,1,1,1,0,1,1,1,1,1,1,1,1,1,1,1,1,1,1,1,1,1,1,1,1,1,1,1,1,1,1,0,1
"TF336379",1,1,1,1,1,1,1,1,1,2,1,1,1,1,1,1,0,1,1,0,1,1,1,1,1,1,1,1,1,1,0,1,0,1,1,1,1,1,1,1,1,1,0,1,1
"TF336385",1,1,1,1,1,0,1,0,0,0,0,0,1,1,1,1,1,0,1,0,0,1,1,1,1,1,1,1,1,1,1,0,0,1,0,1,1,1,1,1,1,1,1,0,1
"TF336411",1,1,1,1,1,1,1,0,1,1,1,1,1,1,1,1,1,1,1,1,1,1,1,1,1,0,1,1,1,1,1,1,1,1,1,1,1,1,1,1,1,1,2,1,1
"TF336492",1,1,1,1,1,1,1,1,1,1,1,1,1,1,1,1,1,1,1,1,1,1,1,1,1,1,1,1,1,1,1,1,1,1,1,1,1,1,1,1,1,1,1,1,1
"TF336538",1,1,1,1,1,1,1,1,1,1,1,1,1,1,1,1,1,1,1,1,1,1,1,1,1,1,1,0,1,1,1,2,1,1,1,1,1,1,1,2,1,1,1,3,1
"TF336688",1,1,1,1,1,1,1,0,0,1,1,1,1,1,0,1,1,1,1,1,1,1,0,1,0,1,1,1,1,1,1,0,1,1,1,1,1,1,1,1,1,1,1,1,1
"TF336850",1,1,1,1,1,1,1,1,1,0,1,1,1,1,1,2,1,1,1,1,1,1,1,1,0,1,1,1,1,1,1,0,1,1,1,0,1,1,1,1,1,1,0,1,1
"TF336863",1,0,1,1,1,0,1,1,1,1,0,1,1,1,1,1,1,1,1,1,1,1,2,1,1,1,1,1,1,1,1,1,1,1,0,1,1,1,1,1,1,1,1,1,0
"TF336874",1,1,1,1,1,0,1,1,1,1,0,1,1,1,1,1,1,1,1,1,1,1,1,1,1,1,1,1,1,1,1,1,0,1,0,1,1,1,1,1,1,1,0,0,0
"TF336886",1,1,1,1,1,1,1,1,1,2,1,1,1,1,1,2,1,1,1,0,1,1,1,1,1,1,1,1,1,1,1,1,0,1,1,1,1,1,1,1,1,1,1,1,1
"TF336887",1,1,1,1,1,0,1,1,0,1,1,1,1,1,1,1,0,1,1,0,1,1,1,1,1,1,1,1,1,1,1,0,0,1,0,1,1,1,1,1,1,1,1,1,1
"TF336889",1,1,1,1,1,1,1,1,1,1,1,1,1,1,1,1,1,1,1,1,1,1,1,1,1,1,1,1,1,1,0,1,1,1,1,1,1,1,1,1,1,1,0,1,1
"TF336896",1,1,1,1,1,1,0,0,0,0,1,1,1,1,0,2,0,0,1,0,1,1,1,1,0,0,0,1,0,1,0,0,0,1,0,0,1,1,1,0,1,1,1,0,1
"TF336897",1,1,1,1,1,1,0,0,0,1,1,1,0,1,0,1,0,1,1,1,1,0,1,1,0,0,0,0,0,1,1,0,0,1,0,1,1,0,0,1,1,0,0,0,1
"TF336911",1,1,1,1,1,1,1,1,0,1,1,1,1,1,1,1,1,0,1,1,1,0,1,1,1,0,1,1,1,1,1,0,0,1,0,1,1,1,1,1,1,1,1,0,1
"TF336927",1,1,1,1,1,1,1,1,1,1,1,1,1,1,1,1,1,1,1,0,1,1,2,1,1,0,1,1,1,1,1,0,0,1,1,1,1,1,1,1,1,1,1,1,1
"TF336928",2,1,2,2,1,1,2,2,1,2,1,1,2,2,2,2,2,2,2,1,2,2,2,2,2,1,2,2,2,1,2,2,2,2,2,2,2,1,2,2,2,2,2,2,0
"TF336952",1,2,1,1,0,1,1,1,1,1,1,1,1,1,1,1,1,1,1,0,1,1,1,1,1,1,1,0,1,2,1,1,1,1,1,1,1,1,1,1,1,1,1,1,1
"TF336969",1,1,1,1,1,1,1,1,1,0,1,1,1,1,1,1,1,1,1,1,1,1,1,1,1,1,1,1,1,0,1,1,1,1,1,1,2,1,1,1,1,1,1,1,1
"TF336974",1,1,1,1,1,1,1,1,1,1,1,1,1,1,1,1,1,1,1,1,1,1,1,1,1,0,1,1,1,1,1,1,1,1,0,0,1,1,1,1,1,1,1,1,1
"TF336996",1,0,1,1,1,0,1,0,0,0,1,1,1,1,0,1,0,1,1,1,1,0,1,1,1,0,1,1,1,1,1,0,0,1,0,1,1,0,1,1,1,1,1,0,1
"TF337049",1,1,1,1,0,0,1,1,1,1,0,1,0,1,1,2,1,1,1,0,1,1,1,1,1,0,1,1,1,0,1,1,1,1,0,1,1,0,1,1,1,1,0,0,1
"TF337114",1,1,1,0,1,1,1,1,0,0,1,1,1,1,1,1,1,0,0,1,1,0,1,0,1,0,1,1,1,0,1,1,0,1,0,1,1,1,1,1,0,1,0,1,1
"TF337136",1,1,1,1,1,1,1,1,1,1,1,1,1,1,1,1,1,1,1,1,1,1,1,1,1,1,1,1,1,1,1,1,1,1,1,1,1,1,1,1,1,1,1,1,1
"TF337247",1,1,1,1,1,1,1,1,1,1,1,1,1,1,1,1,1,1,1,0,1,1,1,1,1,1,1,1,1,0,0,1,1,1,1,1,1,1,1,1,1,1,1,1,1
"TF337264",1,1,1,1,1,1,1,1,0,1,1,1,1,1,0,1,0,0,1,1,1,1,1,1,0,1,1,1,1,1,1,0,1,1,1,1,1,1,1,1,1,1,1,1,1
"TF337357",1,1,1,1,1,0,1,1,1,1,1,1,1,1,1,2,1,1,1,1,1,1,1,1,1,1,1,1,1,1,1,1,1,1,0,1,1,1,1,1,1,1,1,1,1
"TF337383",1,1,1,1,1,1,1,0,0,1,1,1,1,1,1,1,1,1,1,1,1,1,1,1,1,1,1,1,1,1,1,0,1,1,0,1,1,1,1,1,1,1,1,1,1
"TF337386",1,1,1,1,1,1,1,1,1,1,1,1,1,1,1,1,1,1,1,0,1,1,1,1,1,1,1,1,1,1,1,1,1,1,1,1,1,1,1,1,1,1,1,1,1
"TF337454",1,1,1,1,1,1,1,1,1,1,1,1,1,1,1,1,1,1,1,0,1,1,1,1,1,1,1,1,1,1,1,1,1,1,0,1,1,1,1,1,1,1,1,0,1
"TF337543",1,1,0,1,0,1,1,0,0,1,1,1,1,1,1,1,1,0,1,0,1,1,1,1,1,0,1,1,1,1,0,1,0,0,0,1,1,1,1,1,0,1,0,1,0
"TF337548",1,1,1,1,1,1,1,1,1,1,1,1,1,1,1,1,1,1,1,1,1,1,1,1,1,1,1,1,1,1,1,1,1,1,1,1,1,1,1,1,1,1,1,1,1
"TF337575",1,1,1,1,1,1,1,1,1,1,1,1,1,1,1,1,1,1,1,1,1,1,1,1,1,0,1,1,1,1,1,1,1,1,1,1,1,1,1,1,1,1,1,1,1
"TF337635",1,0,1,1,0,1,1,1,0,1,1,1,1,1,1,1,1,0,1,0,1,1,1,1,1,1,0,1,1,1,1,1,1,1,1,1,1,1,1,1,1,1,0,0,1
"TF337677",1,1,1,1,1,1,1,1,1,0,0,1,1,1,1,1,1,1,1,1,1,1,1,1,1,1,1,1,1,1,1,1,1,1,1,1,1,1,1,1,1,1,1,1,1
"TF337686",1,1,1,1,1,1,1,1,1,1,1,1,1,1,1,1,1,1,1,1,1,1,1,1,1,1,1,1,1,1,1,1,1,1,1,1,1,1,1,1,1,1,1,1,1
"TF337697",1,1,1,1,1,1,2,1,0,0,1,1,1,1,0,1,1,1,1,1,1,1,1,1,1,0,1,1,1,1,1,1,1,1,1,1,1,1,2,1,1,1,1,1,1
"TF337699",1,1,1,1,0,1,1,1,0,1,1,1,1,1,1,1,1,0,1,0,1,1,1,1,1,1,2,0,1,0,0,1,1,1,1,1,1,0,1,1,1,1,1,1,0
"TF337703",1,1,1,1,1,1,1,1,0,0,0,1,0,1,0,2,1,1,1,1,1,1,1,1,1,1,1,1,1,1,0,0,1,1,1,1,1,1,1,1,1,1,1,1,1
"TF337717",1,1,1,1,1,1,1,1,1,1,1,1,1,1,1,1,1,1,1,1,1,1,1,1,1,1,1,1,1,1,1,1,0,1,1,1,1,1,1,1,1,1,1,0,1
"TF337758",1,0,0,0,0,0,0,0,0,1,0,0,1,0,0,1,0,0,1,0,0,1,1,1,0,0,0,1,0,1,0,0,1,1,0,0,1,0,0,1,0,1,0,0,0
"TF337776",1,1,1,1,1,1,1,1,1,1,1,1,1,1,1,2,1,1,1,1,1,1,1,1,1,1,1,1,1,1,1,1,1,1,1,1,1,1,1,1,2,1,1,1,1
"TF337811",1,1,1,1,1,1,1,1,1,1,1,1,1,1,1,1,1,1,1,1,1,1,1,1,1,1,1,1,1,1,1,1,1,1,1,1,1,1,1,1,1,1,1,1,1
"TF337834",1,1,1,1,1,1,1,0,0,1,1,1,1,1,0,1,1,1,1,1,1,1,1,1,1,1,1,0,1,1,1,0,1,1,1,1,1,1,1,1,1,1,1,0,1
"TF337840",1,1,1,1,1,1,1,1,0,1,1,1,1,1,1,1,1,1,1,1,0,1,1,1,1,1,1,1,1,1,1,0,1,1,1,1,1,1,1,0,1,1,0,1,1
"TF337868",1,1,1,1,1,1,1,1,1,1,0,1,1,1,1,1,1,1,1,0,1,1,1,1,1,1,1,1,1,1,1,1,1,1,1,1,1,1,1,1,1,1,1,1,1
"TF337872",1,1,1,1,1,1,1,1,1,1,1,1,1,1,1,1,1,1,1,1,1,1,1,1,1,0,1,1,1,1,1,1,1,1,0,1,1,1,1,1,1,1,0,0,1
"TF337958",1,1,1,1,1,1,1,0,0,1,1,1,1,1,0,1,1,0,1,1,1,1,1,1,1,0,1,1,1,1,1,0,1,1,1,1,1,1,1,1,1,1,1,1,1
"TF337965",1,1,1,1,1,1,1,1,1,1,1,1,1,1,1,1,1,1,1,1,1,1,1,1,1,0,1,1,1,1,1,1,0,1,1,1,1,1,1,1,1,1,0,1,1
"TF337973",1,1,1,1,1,0,1,0,0,1,1,1,1,1,0,1,0,1,1,1,0,1,1,1,1,1,0,1,1,1,0,0,1,1,1,0,1,1,1,1,1,1,1,0,1
"TF338016",1,0,1,1,0,0,0,0,0,0,1,0,1,1,0,1,1,1,1,0,1,1,1,1,0,1,1,1,0,1,0,1,1,1,0,1,1,1,1,0,1,0,1,0,1
"TF338031",1,1,1,1,1,1,1,1,1,0,1,1,1,1,1,2,1,1,1,0,1,1,1,1,1,0,1,1,1,1,1,1,1,1,0,1,1,1,1,1,1,0,2,0,1
"TF338066",1,1,1,1,1,1,1,1,0,1,1,1,1,1,0,1,1,1,1,1,1,1,1,1,1,1,1,1,1,1,1,1,1,1,1,1,1,1,1,1,1,1,1,1,1
"TF338067",1,1,1,1,1,1,1,1,1,1,1,1,1,1,0,1,0,1,1,1,1,1,1,1,1,1,1,1,1,1,1,1,1,1,1,1,1,1,1,1,1,1,1,1,1
"TF338072",1,1,1,1,1,1,1,1,1,0,1,1,1,1,1,2,1,1,1,2,1,1,1,1,1,0,1,1,0,1,1,1,1,1,2,1,1,1,1,1,1,1,1,1,1
"TF338109",1,1,1,1,1,1,1,1,1,1,1,1,1,1,1,1,1,1,1,1,1,1,1,1,1,1,1,2,1,1,1,1,1,1,1,1,2,1,2,1,1,1,1,0,1
"TF338112",1,1,1,1,1,0,1,1,0,1,1,1,1,1,1,1,1,1,1,1,0,0,1,1,0,1,1,1,1,1,1,1,1,1,0,0,1,0,1,1,1,1,1,0,1
"TF338131",1,1,1,1,1,1,1,0,0,0,1,1,1,1,0,1,1,0,1,1,1,1,1,1,1,0,1,1,1,1,1,0,0,1,0,1,0,1,1,1,1,1,1,0,1
"TF338143",1,1,0,0,1,1,0,0,0,1,1,1,0,0,0,0,1,1,0,1,0,0,0,0,0,0,0,0,0,1,1,0,1,0,0,0,0,0,0,0,0,0,1,0,1
"TF338166",1,1,1,1,1,1,1,1,0,1,1,1,1,1,0,1,0,1,1,1,1,1,1,1,1,1,1,1,1,1,1,0,1,1,0,1,1,1,1,1,1,1,1,1,1
"TF338191",1,5,1,1,1,1,1,1,1,1,1,1,1,1,0,2,1,1,2,1,2,0,1,2,1,1,1,1,1,8,0,1,1,2,0,1,2,1,2,1,1,1,1,0,1
"TF338207",1,1,0,1,1,1,1,1,1,1,1,1,1,1,0,1,1,1,1,1,1,0,1,0,1,0,1,1,1,1,1,1,0,1,1,1,1,1,2,2,1,1,0,0,1
"TF338208",1,1,1,1,0,1,3,1,1,1,0,1,1,1,1,1,0,1,1,1,2,1,3,1,1,1,0,1,0,1,0,0,1,1,0,1,1,1,1,1,0,1,1,0,1
"TF338216",1,1,1,1,1,0,1,0,0,1,1,1,1,1,0,1,0,0,1,0,0,1,1,1,1,1,1,1,0,0,1,0,0,1,0,1,1,1,1,1,1,0,1,0,1
"TF338217",1,1,1,1,1,0,1,0,1,1,1,1,1,1,1,1,1,1,1,1,1,1,1,1,0,1,0,1,1,1,1,0,1,1,0,0,1,1,1,0,1,1,1,0,1
"TF338226",1,1,0,0,0,1,1,1,0,1,0,0,1,1,0,1,0,1,0,1,1,0,1,1,1,0,1,0,0,1,0,0,0,0,0,1,1,0,1,1,1,0,0,0,1
"TF338259",1,1,1,1,1,1,1,1,1,1,1,1,1,1,1,1,1,1,1,1,1,1,2,1,1,1,1,1,1,1,1,1,1,1,1,1,1,1,1,1,1,1,1,1,1
"TF338260",1,1,1,1,1,1,1,0,0,1,1,0,1,1,1,1,1,1,1,0,1,1,1,1,1,0,1,1,1,1,1,0,1,1,1,1,1,1,1,1,1,1,1,1,1
"TF338305",1,1,1,1,1,1,1,0,1,1,1,1,1,1,1,1,1,1,1,1,1,0,2,1,1,0,1,0,1,1,1,0,1,1,1,1,1,1,1,1,1,0,0,1,1
"TF338309",1,0,1,1,1,0,1,0,0,0,1,1,1,1,0,1,0,1,1,1,1,1,1,1,1,1,1,1,1,1,1,0,1,1,0,1,1,0,1,1,1,1,1,0,1
"TF338337",1,1,0,0,1,2,0,1,1,1,2,2,1,1,2,1,1,0,0,0,0,0,1,0,1,0,1,1,1,1,0,1,1,0,1,1,1,1,1,1,0,0,1,1,1
"TF338338",1,1,1,0,1,1,0,0,0,0,1,1,1,1,0,1,0,1,1,0,1,1,1,1,1,0,1,1,1,1,1,0,0,1,0,1,1,1,1,1,0,1,1,0,1
"TF338341",1,1,1,1,1,1,1,0,0,1,0,0,1,1,0,1,0,0,1,0,1,0,1,1,1,1,1,1,1,0,1,0,0,1,0,1,1,1,1,1,1,1,1,0,1
"TF338342",1,1,1,1,1,0,1,1,1,1,0,0,1,1,1,1,1,1,1,0,1,1,1,1,1,1,1,0,1,1,0,0,1,1,0,1,1,1,1,1,1,1,1,0,1
"TF338349",1,1,1,1,1,1,1,1,1,1,1,1,1,1,1,1,1,1,1,1,1,1,1,1,1,1,1,1,1,1,1,0,0,1,1,1,1,1,1,1,1,1,1,1,1
"TF338355",1,1,1,0,1,1,1,0,0,1,1,1,1,1,0,1,0,1,1,1,1,0,1,1,1,1,1,1,1,1,1,0,1,1,1,1,1,1,1,1,0,1,1,1,1
"TF338370",1,1,1,1,1,0,1,1,1,1,0,1,1,1,0,1,0,1,1,0,1,1,1,1,1,1,1,1,1,1,1,1,1,1,0,1,1,1,1,1,1,1,1,0,1
"TF338373",1,0,1,1,1,1,1,1,1,1,1,0,1,1,1,2,1,0,1,1,1,1,1,1,1,0,1,1,0,1,1,1,1,1,0,1,1,1,2,1,1,1,1,0,1
"TF338376",1,1,0,0,0,0,0,0,0,1,0,0,1,0,0,0,0,1,0,1,0,0,2,0,0,0,0,0,0,1,0,0,1,0,0,1,0,0,0,1,0,1,0,0,1
"TF338382",1,1,1,1,1,1,2,1,1,1,1,1,1,1,1,1,1,1,1,1,1,1,2,1,1,0,1,1,1,0,0,1,1,1,1,1,1,1,1,1,1,0,1,1,1
"TF338398",1,1,0,0,1,1,2,1,0,0,1,1,2,0,1,1,1,1,0,2,0,0,1,0,1,0,1,0,1,1,1,0,1,0,2,1,0,1,0,1,0,0,0,1,1
"TF338434",1,1,1,1,0,1,1,1,1,1,1,1,1,1,1,1,1,0,1,0,1,1,1,1,1,1,1,1,1,0,0,0,1,1,1,1,1,1,1,1,1,1,0,1,1
"TF338437",1,0,0,0,1,0,1,0,0,1,1,1,0,1,0,1,0,1,0,1,1,0,1,0,1,0,1,0,1,0,0,0,1,0,0,1,1,0,1,1,0,1,0,0,1
"TF338458",1,1,1,1,1,1,1,0,0,1,1,1,1,1,0,8,0,1,1,1,1,1,1,1,1,1,2,1,1,1,0,0,1,1,0,0,1,1,2,1,1,1,1,0,1
"TF338465",1,1,1,1,1,1,0,0,0,1,1,1,1,1,0,1,0,1,1,1,1,1,1,1,1,1,1,1,1,1,1,0,1,1,0,1,1,1,1,1,1,0,0,0,1
"TF338480",1,1,1,1,1,1,1,1,0,0,1,1,1,1,0,1,0,1,1,0,1,1,1,1,0,1,0,1,1,0,1,0,1,1,1,1,1,1,1,1,1,1,1,1,1
"TF338544",2,2,1,1,0,1,1,0,1,3,2,0,2,1,1,2,0,2,1,2,1,1,2,1,1,0,2,1,2,1,2,0,2,1,2,2,1,1,1,1,1,2,0,2,1
"TF338561",1,1,1,1,1,1,1,1,1,0,1,1,1,1,1,1,1,1,1,0,1,1,1,1,1,1,1,1,1,1,0,1,1,1,0,1,1,1,1,1,1,1,1,0,1
"TF338566",1,1,1,1,0,1,1,1,1,1,1,1,1,1,1,1,1,1,1,1,1,1,1,1,1,1,1,1,1,1,1,1,1,1,1,1,1,1,1,1,1,1,1,1,1
"TF338596",1,2,2,2,2,2,3,1,1,2,2,2,2,2,1,3,1,0,2,0,2,1,1,2,1,0,1,2,0,2,1,1,1,2,0,1,1,2,2,1,2,2,1,0,1
"TF338699",1,0,1,1,1,0,1,1,1,1,1,1,1,1,1,1,1,1,1,0,1,0,1,1,1,1,1,1,0,1,0,1,1,1,1,1,1,1,1,1,1,1,1,0,1
"TF338723",1,1,0,1,1,0,1,0,0,1,1,4,1,1,0,1,1,1,1,1,0,1,1,1,1,0,1,1,1,1,1,1,1,1,1,1,1,1,1,1,1,1,0,1,1
"TF338736",1,1,0,0,0,1,0,2,1,1,1,1,0,0,1,1,0,1,1,0,1,0,1,1,1,1,0,1,0,0,1,1,1,0,0,0,1,0,2,0,0,1,1,0,1
"TF338739",1,0,0,0,0,0,0,0,0,0,0,0,0,0,0,1,0,1,0,1,0,0,1,0,0,0,0,0,0,0,0,0,0,0,0,0,0,0,0,0,0,0,0,0,0
"TF338769",1,1,1,1,1,1,1,1,1,1,1,1,1,1,1,1,1,1,1,1,1,1,1,1,1,1,0,1,1,1,1,0,1,1,1,1,1,1,1,1,1,1,1,1,1
"TF338776",1,1,0,1,1,1,1,1,0,1,1,1,1,0,1,1,0,1,1,0,0,1,1,1,1,1,1,0,1,0,1,1,1,1,1,1,1,1,2,0,1,1,1,1,0
"TF338804",1,1,1,1,0,1,1,1,1,1,0,0,1,1,1,2,1,1,1,1,1,0,1,1,1,0,2,0,0,1,0,1,1,1,1,1,1,0,1,1,1,1,0,0,1
"TF338847",1,1,1,1,1,1,1,1,1,1,1,1,1,1,1,1,1,1,1,1,1,1,1,1,1,1,1,1,1,0,1,1,0,1,1,1,1,1,1,1,1,1,0,0,1
"TF338951",1,1,1,1,1,1,1,1,0,1,1,1,1,1,0,1,1,1,1,1,1,1,1,1,1,0,1,1,1,1,1,0,0,1,0,1,1,1,1,1,1,1,1,0,1
"TF338954",1,0,1,1,1,1,1,1,0,0,1,1,1,1,1,1,0,0,1,1,1,1,1,1,1,1,1,1,1,0,1,0,0,1,0,1,1,1,1,1,1,1,0,0,0
"TF339051",1,1,1,1,1,1,0,1,0,1,1,1,1,1,0,1,0,0,1,1,1,1,1,1,0,1,1,0,1,1,1,1,1,1,1,1,1,1,1,1,1,1,0,0,1
"TF339438",1,1,1,1,1,1,1,1,1,1,1,1,1,1,1,1,1,1,1,1,1,1,1,1,1,1,1,1,1,1,1,1,1,1,1,1,1,1,1,1,1,1,1,1,1
"TF339468",1,1,1,1,1,1,1,0,0,1,1,1,1,1,0,1,1,1,1,1,1,1,1,1,1,1,1,1,1,1,1,0,0,1,0,1,1,1,1,1,1,1,1,0,1
"TF339579",1,2,1,2,2,2,2,2,1,2,2,2,2,2,1,2,2,2,2,2,2,2,2,2,2,0,2,2,2,2,1,2,1,2,2,2,2,2,2,2,2,1,1,2,2
"TF339694",1,1,0,0,1,1,1,1,0,1,1,1,1,0,0,0,0,1,0,1,0,1,1,0,0,0,1,0,1,1,1,0,1,0,0,1,0,1,0,1,0,1,0,0,1
"TF339780",1,1,0,0,0,1,0,0,0,1,0,0,1,0,0,0,0,0,0,0,0,0,1,0,1,0,0,0,0,1,0,0,0,0,0,1,0,0,0,1,0,0,0,0,0
"TF339788",1,1,1,0,1,1,0,1,1,1,1,2,1,1,1,1,1,1,1,1,0,0,1,0,1,0,1,1,1,1,0,1,1,1,1,1,1,1,1,1,0,0,0,1,1
"TF339799",1,1,0,0,1,1,1,1,1,1,1,1,1,0,1,1,1,1,0,1,1,1,1,1,1,0,1,0,1,1,1,1,1,0,1,1,0,1,1,1,1,1,1,0,1
"TF339805",1,1,1,1,1,0,1,0,1,1,0,1,1,1,1,1,1,1,1,1,0,1,1,1,1,0,1,1,1,1,0,1,1,1,0,1,1,1,1,1,1,1,0,0,0
"TF339844",1,1,1,1,1,0,1,0,0,0,1,1,1,1,0,1,0,1,1,1,1,1,1,1,1,1,1,1,1,0,1,0,1,1,0,1,1,1,1,1,1,1,1,0,1
"TF339864",1,1,1,1,1,1,1,1,1,1,1,1,1,0,1,1,1,1,1,0,1,1,1,0,1,0,1,1,1,1,1,1,1,1,1,1,1,1,1,1,1,1,0,0,1
"TF339872",1,0,0,0,0,0,0,0,0,0,0,0,0,0,0,0,0,0,0,0,0,0,1,0,1,1,0,0,0,1,0,0,1,0,0,1,0,0,0,1,0,0,0,0,0
"TF340010",1,1,1,1,1,1,1,1,1,1,1,1,1,1,0,1,0,1,1,1,1,1,1,1,1,1,0,1,1,1,1,0,0,1,0,1,1,1,1,1,1,1,1,0,0
"TF340465",1,1,2,2,1,1,1,0,0,1,0,0,1,1,0,8,0,0,1,1,1,1,0,1,0,0,0,1,1,1,0,0,1,1,1,0,1,1,1,0,1,1,1,1,1
"TF341075",1,1,1,1,1,0,2,0,0,1,0,0,1,1,1,2,0,0,1,0,1,1,0,1,0,1,0,1,0,1,0,0,0,1,1,0,1,1,1,1,1,1,1,1,1
"TF341123",1,1,1,1,1,1,1,1,1,1,1,1,1,2,1,1,1,1,1,1,1,2,1,0,1,1,1,2,1,1,0,1,1,0,2,1,1,1,4,1,1,1,0,2,1
"TF341188",1,1,1,1,1,1,1,0,0,0,1,1,1,1,0,1,1,0,1,0,0,1,1,1,0,0,1,1,1,1,1,1,1,1,0,1,1,1,1,1,1,0,1,0,1
"TF341237",1,0,0,0,0,0,0,0,0,0,0,0,0,0,0,0,0,0,0,0,0,0,0,0,0,0,0,0,0,0,0,0,0,0,0,0,0,0,0,0,0,0,0,0,0
"TF341267",1,1,1,1,1,1,1,1,1,1,0,1,1,1,1,1,1,1,1,1,1,1,1,1,1,1,1,1,1,1,1,0,1,1,1,1,1,1,1,0,1,1,1,1,0
"TF341283",1,1,1,1,1,0,0,0,0,0,0,1,1,1,0,1,0,0,1,0,0,0,0,1,0,1,0,0,1,1,1,0,0,1,0,0,1,1,1,0,0,1,1,0,1
"TF341971",1,0,0,0,0,0,1,0,0,0,0,0,0,0,0,0,0,0,0,0,0,0,0,0,0,0,0,0,0,0,0,0,0,0,0,0,0,0,0,0,0,0,1,0,0
"TF342440",1,0,1,1,0,0,1,0,0,0,1,1,0,1,0,1,0,0,1,0,1,1,0,1,0,0,0,1,0,0,0,0,0,1,0,0,1,0,1,0,1,0,0,0,0
"TF342477",1,1,1,1,1,1,1,1,1,1,3,3,1,1,1,1,1,1,1,1,1,1,1,1,1,0,1,1,1,0,1,1,0,1,0,1,1,1,1,1,1,2,1,0,0
"TF342726",1,2,1,1,1,2,1,1,0,0,0,1,1,1,0,1,1,0,1,1,1,1,1,1,1,1,2,1,1,1,1,1,1,1,1,1,1,0,1,1,1,1,1,1,1
"TF342752",1,1,1,1,1,1,1,1,0,1,1,1,1,1,0,1,0,0,1,1,1,1,1,1,0,1,1,1,1,1,1,0,1,1,1,1,1,1,1,1,1,1,1,1,1
"TF343285",1,1,1,1,1,1,3,1,1,1,1,1,1,1,1,1,1,1,1,1,1,1,1,1,1,1,1,1,1,1,1,1,1,1,1,1,1,1,1,1,1,1,1,1,1
"TF343305",1,1,3,2,2,2,3,1,1,0,1,1,1,1,0,1,0,1,2,0,0,1,1,2,1,0,2,1,1,1,2,1,0,2,0,1,1,1,1,1,1,1,1,0,1
"TF343319",1,1,1,1,1,1,1,0,1,1,1,1,1,0,0,1,0,1,1,0,1,1,1,1,1,1,0,2,1,1,0,0,1,1,0,1,2,1,3,0,1,1,0,0,1
"TF343427",1,1,3,1,2,1,3,0,1,0,1,3,2,4,0,4,0,5,3,6,3,1,1,3,1,1,0,4,2,1,8,0,1,2,0,5,3,2,4,1,2,0,0,0,1
"TF343523",1,0,0,0,0,0,0,0,0,0,0,0,1,0,0,1,0,1,0,0,0,1,1,0,1,0,1,0,0,0,0,0,0,0,0,0,0,0,0,0,1,1,0,0,0
"TF343622",1,0,0,0,0,0,0,0,0,0,0,0,0,0,0,0,0,0,0,0,0,0,1,0,0,0,1,0,0,1,0,0,0,0,0,0,0,0,0,0,0,0,1,0,0
"TF343725",2,2,2,2,2,2,2,2,2,2,2,2,2,2,2,3,2,2,2,2,2,1,2,2,2,2,2,2,2,2,2,2,2,2,1,2,2,2,2,2,2,2,2,2,2
"TF343828",1,0,0,0,0,0,0,0,0,0,0,0,0,0,0,0,0,0,0,0,0,0,0,0,0,0,0,0,0,1,1,0,0,0,0,0,0,0,1,0,0,0,1,0,0
"TF343850",1,1,1,1,1,1,1,1,1,1,1,0,1,1,1,1,1,1,1,1,1,1,1,1,1,1,1,1,1,1,1,1,1,1,1,1,1,1,1,1,1,1,1,1,0
"TF344015",1,1,1,1,1,1,0,1,1,1,1,1,1,0,1,1,1,1,1,1,1,1,1,1,2,0,1,1,1,1,1,1,1,1,1,1,1,2,1,1,2,0,1,2,1
"TF350487",1,1,1,1,1,1,1,1,1,1,1,1,1,1,1,1,1,1,1,1,1,1,1,1,1,1,1,1,1,1,1,1,1,1,1,0,1,1,1,1,1,1,1,1,1
"TF351172",1,1,1,1,1,1,1,1,1,1,1,1,1,1,1,1,1,1,1,0,1,1,1,1,1,1,2,1,1,1,1,1,1,1,1,1,1,1,1,1,1,1,1,2,1
"TF351966",1,1,0,0,1,0,1,1,0,1,1,1,1,1,1,1,0,0,0,0,1,0,1,0,0,0,1,0,1,0,1,0,0,0,0,1,0,1,1,1,0,0,1,0,1
"TF351986",1,0,0,0,0,0,0,0,0,0,0,0,0,0,0,0,0,1,0,0,0,0,1,0,0,0,0,0,0,0,0,0,0,0,0,0,0,0,0,1,0,0,1,0,0
"TF352204",1,0,0,0,0,0,1,0,0,0,1,0,0,0,0,1,0,0,0,0,0,0,0,0,0,0,0,0,0,0,0,0,0,0,0,0,0,0,1,0,0,0,0,0,0
"TF353520",1,1,1,1,1,1,1,1,1,0,1,1,1,1,1,1,1,1,1,0,1,1,1,1,1,0,2,1,1,0,1,1,1,1,0,1,0,1,1,1,1,1,1,0,1
"TF353548",1,2,1,1,4,3,2,1,1,1,1,1,1,1,3,1,1,1,2,0,1,1,1,2,1,0,2,1,4,0,0,3,0,1,2,1,1,1,1,1,2,1,1,3,3
"TF353695",1,1,1,1,1,1,1,0,0,0,1,1,1,1,0,2,0,0,1,0,1,1,1,0,0,1,1,0,1,1,1,0,1,1,1,1,1,1,2,0,1,1,1,1,1
"TF353700",1,3,1,1,1,2,1,1,1,1,1,1,1,1,1,1,1,1,2,1,2,1,1,2,1,0,1,1,1,1,2,2,0,1,2,1,1,1,1,0,1,1,1,2,1
"TF353735",1,0,0,1,1,0,1,0,0,1,0,0,1,1,0,0,0,0,1,0,0,0,0,1,0,1,0,1,0,1,1,0,1,1,0,0,1,1,1,0,1,1,1,0,1
"TF353831",1,0,1,1,0,0,1,1,0,0,0,0,0,1,4,0,1,0,1,0,1,1,0,1,1,0,0,1,0,0,0,0,0,1,1,0,1,1,1,0,1,0,0,1,0
"TF353832",1,1,1,1,1,1,1,1,1,1,1,1,1,1,0,1,1,1,1,1,1,1,1,1,1,1,1,1,1,1,1,1,1,1,1,1,1,1,1,1,1,1,1,1,1
"TF354052",1,0,0,0,0,0,0,0,0,0,0,0,0,0,0,0,0,0,0,0,0,0,0,0,0,0,0,0,0,0,0,0,0,0,0,0,0,0,0,0,0,0,1,0,0
"TF354101",1,0,0,0,0,0,0,0,0,0,0,0,0,0,0,0,0,0,0,0,0,0,0,0,0,0,0,0,0,0,0,0,0,0,0,0,0,0,0,0,0,0,0,0,0
"TF354124",1,1,1,1,1,1,2,1,1,1,1,1,1,1,1,1,2,1,1,1,0,1,1,1,1,1,1,1,1,1,0,1,1,1,1,1,1,2,1,1,1,0,0,1,1
"TF354165",1,1,1,1,1,1,1,1,1,1,1,1,1,1,1,1,1,1,1,1,1,1,1,1,1,0,1,0,1,1,1,1,1,1,1,1,1,1,1,0,1,1,1,1,1
"TF354182",1,1,1,1,1,1,1,1,1,1,1,1,1,1,1,1,1,1,1,1,1,1,1,1,1,1,1,1,1,1,1,1,1,1,1,1,1,1,1,1,1,1,0,1,1
"TF600004",1,1,1,1,1,1,0,1,1,1,1,1,1,1,1,1,1,1,0,0,1,1,1,1,1,1,1,1,1,1,1,1,1,1,1,1,1,1,1,1,1,1,1,1,1
"TF600005",1,1,1,2,1,1,2,1,1,1,2,2,1,1,1,1,1,1,1,1,1,1,1,1,1,1,1,2,1,1,1,1,1,1,1,1,1,1,1,1,1,1,1,1,1
"TF600020",1,2,1,1,2,1,1,1,1,4,1,1,1,2,1,1,1,1,1,1,1,2,1,1,2,2,1,2,2,1,2,1,1,1,1,1,2,1,1,1,1,1,1,1,2
"TF600022",1,1,1,1,1,1,1,1,1,1,1,1,1,1,1,1,1,1,1,1,1,1,1,1,1,1,0,1,1,1,1,1,1,1,1,1,1,1,1,1,1,1,1,1,1
"TF600024",1,1,1,1,1,1,1,1,1,1,1,1,1,1,1,1,1,1,1,1,1,1,1,1,1,1,1,1,1,1,1,1,1,2,1,1,1,1,1,1,1,1,1,1,1
"TF600034",1,1,1,1,1,1,1,1,1,1,1,1,1,1,1,1,1,1,1,1,1,1,1,1,1,1,1,1,1,1,1,1,1,1,1,1,1,1,1,1,1,1,1,1,1
"TF600036",1,1,1,1,1,1,1,1,1,1,1,1,1,1,1,1,1,1,1,1,1,1,1,1,1,1,1,1,1,1,1,1,0,1,1,1,1,1,1,1,1,1,1,1,1
"TF600046",1,2,1,1,1,1,1,1,1,1,1,1,1,1,1,1,1,1,1,1,1,1,1,1,1,1,1,1,1,1,1,0,1,1,1,1,1,1,1,1,1,1,1,1,1
"TF600051",1,1,1,1,1,1,1,1,1,1,1,1,1,1,1,1,1,1,1,1,1,1,1,1,1,1,1,1,1,1,1,1,1,1,0,1,1,1,1,1,1,1,1,2,1
"TF600069",1,1,1,1,1,1,1,1,1,1,1,1,1,1,1,1,1,1,2,1,2,1,1,2,1,0,1,1,1,1,1,1,1,1,1,1,1,1,2,3,1,1,1,2,1
"TF600084",1,1,1,1,1,1,1,1,1,1,1,1,1,1,2,1,1,1,1,1,1,1,1,1,1,1,1,1,1,1,1,1,2,1,1,1,1,1,1,1,1,1,1,1,1
"TF600099",1,1,1,1,1,1,1,1,1,1,1,1,1,1,1,1,0,1,1,1,1,1,1,1,1,1,0,1,1,1,1,1,1,1,1,1,1,1,1,0,1,1,1,1,1
"TF600100",1,0,1,1,1,1,1,1,0,1,1,1,1,1,1,1,1,1,1,1,1,1,1,1,1,1,1,1,1,1,1,0,1,1,1,2,1,0,1,1,1,1,1,0,1
"TF600103",2,1,1,1,1,1,1,1,1,1,1,1,1,1,1,1,1,0,1,1,1,1,1,1,1,1,1,1,1,1,1,2,2,1,1,1,1,1,1,1,1,1,1,1,1
"TF600108",1,1,1,1,1,1,1,1,1,1,1,1,1,1,2,1,2,1,1,1,1,1,1,1,1,1,1,2,1,1,1,1,1,1,1,1,1,1,1,2,2,1,1,1,1
"TF600112",1,0,0,0,0,2,1,0,0,2,0,0,1,0,1,0,2,0,0,0,0,0,0,0,0,0,0,0,0,0,0,1,1,0,0,0,0,0,0,0,1,0,0,0,0
"TF600125",1,1,1,1,1,1,1,1,1,2,1,1,1,1,1,1,1,1,1,1,1,1,1,1,1,1,1,1,2,1,1,2,1,1,1,1,1,1,1,1,1,1,1,1,1
"TF600132",1,1,1,1,1,1,1,1,1,1,1,1,1,1,1,1,1,1,1,1,1,1,1,1,1,1,1,1,1,1,1,1,1,1,1,1,1,1,1,1,1,1,1,1,1
"TF600156",1,1,1,1,1,1,1,1,1,1,1,1,1,1,1,1,1,1,1,1,1,1,1,1,1,1,0,2,1,1,1,1,1,1,1,1,1,1,1,1,1,1,1,2,0
"TF600180",1,1,1,1,1,1,1,1,1,1,1,3,1,1,1,1,1,1,1,1,1,1,1,1,1,1,1,1,1,1,1,1,1,1,1,1,1,1,1,1,1,1,1,1,1
"TF600181",1,2,1,1,2,2,1,0,1,2,1,1,2,1,1,1,1,1,1,1,1,1,1,1,1,0,1,2,1,3,2,1,1,1,1,1,2,1,2,1,1,0,1,1,2
"TF600191",1,1,1,1,1,1,1,1,1,1,1,1,1,1,1,1,1,1,1,1,1,1,1,1,1,1,0,1,1,1,0,0,1,1,1,1,1,1,1,1,1,1,1,1,1
"TF600201",1,1,1,1,1,0,1,1,1,1,1,1,1,1,1,1,1,1,1,0,1,1,1,1,1,1,1,1,1,1,1,1,0,1,1,1,1,1,1,1,1,1,1,0,1
"TF600204",1,1,1,0,0,0,0,0,1,0,0,0,0,0,1,1,1,1,1,1,0,0,1,1,1,1,1,1,1,1,0,1,1,1,0,1,1,0,1,1,0,1,1,0,1
"TF600216",1,1,1,1,1,1,1,0,1,1,1,1,1,1,1,1,1,1,1,1,1,1,1,1,1,1,1,1,1,1,1,1,1,1,1,1,1,1,1,1,1,1,1,1,1
"TF600220",1,1,1,1,1,1,1,1,1,1,1,1,1,1,1,1,1,1,1,1,1,1,1,1,1,1,1,1,1,1,1,1,1,1,1,1,1,1,1,1,1,1,1,1,1
"TF600271",1,1,1,1,1,1,1,1,1,1,1,1,1,1,1,1,1,1,1,1,1,1,1,1,1,1,1,1,1,1,1,1,1,1,0,1,1,1,1,1,1,1,1,0,1
"TF600281",1,1,1,1,1,0,1,1,1,1,1,1,1,1,1,1,1,1,1,1,1,1,1,1,1,1,1,1,1,1,1,1,1,1,0,1,1,1,1,0,1,1,1,0,1
"TF600290",1,1,1,1,1,0,0,1,1,1,1,1,0,1,0,1,1,0,1,1,1,1,0,1,1,1,1,1,1,1,1,1,0,1,0,1,1,1,1,1,1,1,0,0,1
"TF600312",1,1,1,1,1,1,1,1,0,1,1,1,1,1,0,1,1,1,1,1,1,1,1,1,0,1,1,1,1,1,1,0,1,1,1,1,1,1,1,1,1,1,1,1,1
"TF600326",1,1,0,1,1,1,1,1,1,1,2,2,1,1,1,1,1,0,1,1,1,1,1,1,1,1,0,1,1,1,1,0,0,1,1,1,1,1,1,1,1,1,1,0,1
"TF600354",1,1,0,0,1,1,1,1,1,1,1,1,1,1,1,1,1,0,0,1,1,1,1,0,1,1,1,1,1,1,1,1,0,1,1,1,1,1,1,1,0,0,1,1,1
"TF600359",1,4,1,2,3,5,2,1,1,1,1,1,6,2,7,1,1,1,1,1,0,1,1,1,2,0,1,1,2,1,3,5,1,3,4,5,1,5,1,2,1,1,1,2,4
"TF600361",1,1,1,1,1,1,1,1,1,1,1,1,1,1,1,1,1,1,1,1,1,1,1,1,1,1,1,1,1,1,1,0,1,1,1,1,1,1,1,2,1,1,1,1,1
"TF600379",1,1,1,1,1,1,1,1,1,1,1,1,1,1,1,2,1,1,1,1,1,1,1,1,1,1,1,1,1,1,1,1,1,1,1,1,1,1,1,1,1,1,1,1,1
"TF600463",1,1,1,1,1,1,1,1,1,1,1,1,1,1,1,1,1,1,1,1,1,1,1,1,1,1,1,1,0,1,1,1,1,1,1,1,1,1,1,1,1,1,1,1,1
"TF600467",1,1,1,1,1,1,1,1,1,1,1,1,1,1,1,2,1,1,0,1,1,1,1,1,1,1,1,1,1,1,1,1,0,1,1,1,1,1,1,1,1,1,1,1,1
"TF600472",1,1,1,1,1,1,1,1,1,1,1,1,1,1,1,1,1,1,1,1,1,1,1,1,1,1,0,1,1,1,1,1,1,1,1,1,1,1,1,2,1,1,1,1,0
"TF600483",1,1,1,1,1,1,1,0,1,0,1,1,1,1,1,1,1,1,1,1,1,1,1,1,1,1,1,1,1,1,1,1,1,1,1,1,1,1,1,1,1,1,1,1,1
"TF600505",1,2,1,2,1,1,1,1,1,1,1,1,1,1,1,1,2,1,1,1,1,1,1,1,1,0,2,1,1,1,1,0,1,1,1,1,1,1,1,1,2,1,0,1,1
"TF600520",1,1,1,1,1,1,1,0,0,1,1,1,1,1,1,1,1,1,1,1,1,1,1,1,1,2,1,1,1,1,1,1,0,1,1,1,1,1,1,1,1,1,1,2,0
"TF600528",1,1,1,1,1,1,1,1,1,1,1,1,1,1,1,1,1,1,1,1,1,1,1,1,1,1,1,1,1,1,1,1,1,1,1,1,1,1,1,1,1,1,1,1,1
"TF600535",1,1,1,1,1,1,1,1,1,1,1,1,1,1,1,1,1,0,1,1,1,1,1,1,1,1,0,1,1,1,1,1,1,1,1,1,1,1,1,1,1,1,1,1,1
"TF600557",1,1,1,1,1,1,1,1,1,1,1,1,1,1,1,1,1,1,1,1,0,1,1,1,1,1,1,1,1,1,1,1,1,1,1,1,1,1,1,1,1,1,1,0,1
"TF600574",1,1,2,1,1,1,1,1,1,1,1,1,2,1,1,1,1,0,1,1,1,2,1,1,1,0,3,1,1,1,1,1,2,1,1,1,1,2,1,1,0,1,1,1,0
"TF600575",1,1,1,1,1,1,1,1,1,1,1,1,1,1,1,1,1,1,1,1,1,1,1,1,1,1,1,1,1,1,1,1,1,1,1,1,1,1,1,1,1,1,1,1,1
"TF600593",1,1,2,2,1,1,2,2,0,2,1,1,2,2,2,2,1,1,2,0,3,1,0,2,0,1,2,2,1,1,1,0,2,2,2,0,2,2,2,0,2,1,1,1,2
"TF600611",1,1,1,1,1,2,1,1,1,1,1,1,1,1,1,1,1,1,1,0,1,1,1,1,1,1,1,1,1,2,1,1,1,1,1,1,1,1,1,1,1,1,1,1,1
"TF600613",1,1,1,1,1,1,1,1,1,1,1,1,1,1,1,1,1,1,1,1,1,1,1,1,1,0,1,1,1,1,1,1,1,1,1,1,1,1,1,1,2,1,1,1,1
"TF600664",1,1,1,1,1,1,1,1,1,1,2,1,1,1,1,1,0,1,1,1,1,1,1,1,1,1,1,1,1,1,1,1,1,1,1,1,1,1,1,1,1,1,1,0,1
"TF600677",1,1,1,1,1,1,1,1,1,1,1,1,1,1,1,1,1,0,1,1,1,1,1,1,1,1,1,1,1,1,1,0,1,1,1,1,1,1,1,1,1,1,1,1,1
"TF600693",1,1,1,1,1,1,1,1,1,1,1,1,1,1,1,1,1,1,1,1,1,1,1,1,1,1,1,1,1,1,1,1,1,1,1,0,1,1,1,1,1,1,1,1,1
"TF600694",1,1,1,1,1,1,1,1,1,1,1,1,1,1,1,1,1,1,1,1,1,1,1,1,1,1,1,1,1,1,1,1,1,1,1,1,1,1,1,1,1,1,1,1,1
"TF600700",1,0,1,1,0,0,0,0,0,1,0,1,0,1,0,1,0,1,1,1,0,1,1,1,0,1,0,0,1,1,1,0,1,1,1,0,1,1,0,1,1,1,0,0,1
"TF600714",1,1,1,0,1,1,1,1,1,0,1,1,1,1,1,1,1,1,1,1,1,1,1,1,1,1,2,1,1,1,0,1,1,1,1,1,1,1,1,1,1,1,1,2,1
"TF600727",1,1,0,1,1,1,1,1,1,1,1,1,1,1,2,1,1,1,0,1,1,1,1,2,1,1,2,1,1,1,1,2,1,2,0,1,1,1,1,1,1,1,1,0,1
"TF600733",1,0,1,1,1,0,1,1,1,0,0,1,1,1,1,1,1,1,1,1,1,1,1,1,0,1,1,1,1,1,1,1,1,1,0,1,1,1,1,1,1,1,1,1,1
"TF600745",1,1,1,1,1,1,2,1,1,1,1,1,1,1,2,1,1,1,2,1,1,1,1,1,1,1,1,1,1,1,1,1,1,1,0,1,1,1,2,1,1,1,1,1,1
"TF600759",1,1,1,1,1,1,1,1,1,1,1,1,1,1,1,10,1,1,1,5,1,1,1,1,2,1,1,1,1,1,1,1,1,1,1,1,1,1,2,1,1,1,1,1,1
"TF600836",1,1,1,1,1,1,1,1,1,1,1,1,1,1,1,1,1,1,1,1,1,1,1,1,1,1,1,1,1,1,0,1,1,1,1,1,1,1,1,1,1,1,1,1,1
"TF600862",1,1,1,1,1,1,1,1,1,0,1,1,1,1,1,2,1,1,1,1,1,1,1,0,2,0,1,1,1,1,1,1,1,1,1,1,1,1,1,1,1,1,1,1,0
"TF600863",1,1,1,1,1,1,1,1,1,1,1,1,1,1,1,1,1,1,1,1,1,1,1,1,1,1,1,1,1,1,1,1,1,1,1,1,1,1,1,1,1,1,1,1,1
"TF600870",1,1,3,1,1,1,2,1,1,1,1,1,1,1,1,1,1,1,1,1,1,1,2,1,2,1,2,1,1,1,1,1,1,1,1,2,1,1,1,2,1,1,1,1,1
"TF600873",1,1,1,1,1,1,1,1,1,1,1,1,1,1,1,1,1,1,1,1,1,1,1,1,1,1,1,1,1,1,1,1,1,1,1,1,1,1,1,1,1,1,1,1,1
"TF600909",1,1,1,1,1,1,1,1,1,1,1,1,1,1,1,1,1,1,1,1,1,1,1,1,1,1,1,1,1,1,1,1,1,1,1,1,1,1,1,1,1,1,1,1,1
"TF600932",1,1,1,1,1,1,1,1,1,1,1,1,1,1,1,1,1,1,1,1,1,1,1,1,1,1,1,1,1,1,1,1,1,1,0,1,1,1,1,1,1,1,1,1,1
"TF600940",1,1,1,1,1,1,1,1,1,1,1,1,1,1,1,1,1,1,1,1,1,1,1,1,1,1,1,1,1,1,1,1,1,1,1,1,1,1,1,1,1,1,1,1,1
"TF601021",1,1,0,0,1,1,0,1,0,1,1,1,1,1,1,1,0,1,1,1,1,0,1,1,0,1,1,1,1,2,0,0,1,1,1,1,1,1,1,1,0,1,1,1,1
"TF601035",1,1,1,1,1,1,1,1,1,1,1,1,1,1,1,1,1,1,1,1,1,1,1,1,1,1,1,1,1,1,1,1,1,1,1,1,1,1,1,1,1,1,1,1,0
"TF601059",1,1,1,1,1,1,1,1,0,1,0,1,1,1,0,1,0,1,1,1,1,1,3,1,0,1,1,1,1,1,1,0,1,1,1,1,1,1,1,1,1,1,1,0,1
"TF601094",1,1,1,1,1,1,1,1,1,1,1,1,1,1,1,1,1,1,1,0,1,1,1,1,1,1,1,1,1,1,1,1,1,1,1,1,1,1,1,1,1,1,1,1,1
"TF601096",1,1,1,1,0,1,1,1,1,1,1,1,2,1,1,1,1,1,1,1,1,0,1,1,1,1,1,1,1,1,1,1,1,1,1,1,1,0,1,1,1,1,1,1,0
"TF601192",1,1,1,1,1,1,1,1,1,1,1,1,1,1,0,1,1,1,1,1,1,1,1,1,1,1,1,1,1,1,1,1,1,1,1,1,1,1,1,1,1,1,0,1,1
"TF601239",1,1,1,1,1,1,1,1,1,2,1,1,1,1,1,1,1,1,1,1,1,1,1,1,1,1,0,1,1,1,1,1,1,1,1,1,1,1,1,1,1,1,1,1,1
"TF601244",1,1,2,1,2,1,1,1,1,1,1,1,1,1,1,1,1,1,1,1,1,1,1,1,1,1,1,1,1,1,1,1,0,1,1,1,1,1,1,1,1,1,1,1,2
"TF601258",1,1,1,1,1,1,1,1,1,1,1,1,1,1,1,1,1,1,1,0,1,1,1,1,1,1,1,1,1,1,1,1,1,1,1,1,1,1,0,1,1,1,1,1,1
"TF601265",1,1,1,1,1,1,1,1,1,1,1,1,1,1,1,1,1,1,1,1,1,1,1,1,1,1,1,1,1,1,1,1,1,1,1,1,1,1,1,1,1,1,1,1,1
"TF601326",1,1,1,1,1,1,1,1,1,1,0,1,1,1,1,1,1,1,1,1,1,0,1,1,1,1,1,1,1,1,1,1,1,1,1,1,1,1,1,1,1,1,1,1,1
"TF601358",1,2,1,3,1,1,1,1,1,1,1,1,1,2,3,1,1,0,1,2,1,2,1,2,1,1,1,1,1,1,1,2,1,1,1,2,1,1,2,1,1,1,1,1,3
"TF601360",1,1,0,1,1,1,1,1,1,1,1,1,1,1,2,1,1,1,1,1,1,1,1,1,1,1,2,1,1,0,1,1,1,1,1,1,1,1,1,1,1,1,1,1,1
"TF601366",1,1,0,1,1,2,1,0,0,1,1,4,0,0,0,0,0,0,1,1,1,0,0,1,0,1,0,1,0,1,0,0,0,0,0,0,0,0,1,0,1,1,1,0,1
"TF601377",1,1,1,1,1,0,1,0,1,1,1,1,1,1,1,1,1,1,1,0,1,1,1,1,2,1,1,1,1,1,1,1,1,1,1,1,1,1,1,1,1,1,1,1,1
"TF601380",1,3,1,1,2,1,0,1,1,2,1,2,3,1,1,1,1,3,1,0,0,1,1,0,1,0,1,0,1,2,5,0,0,0,13,1,2,4,4,2,1,1,1,2,3
"TF601417",1,1,0,1,1,1,1,1,1,0,1,1,1,0,1,1,1,1,1,1,0,1,1,1,1,0,1,0,1,1,1,1,0,1,1,2,1,0,1,1,1,1,1,1,1
"TF601441",1,1,1,1,1,1,1,1,1,1,1,1,1,1,1,1,1,1,1,1,1,1,1,1,1,1,1,1,1,1,1,1,1,1,1,1,1,1,1,1,1,1,1,1,1
"TF601501",1,1,1,1,1,1,1,1,1,1,1,1,1,1,1,1,1,1,1,1,1,1,1,1,1,1,1,1,1,1,1,1,0,1,0,1,1,1,1,1,1,1,1,0,1
"TF601515",1,1,0,1,1,1,1,1,0,1,1,1,1,1,1,1,0,1,1,1,1,1,1,1,1,0,1,1,1,1,0,1,1,1,1,1,1,1,1,1,0,1,1,1,0
"TF601520",1,1,1,1,1,1,2,1,1,1,1,3,1,1,1,1,1,1,1,0,1,1,1,1,1,1,1,1,1,1,1,1,1,1,0,1,1,1,1,1,1,1,1,0,1
"TF601537",1,1,1,1,1,1,1,1,1,1,1,1,1,1,1,1,1,1,1,1,1,1,1,1,1,1,2,1,1,1,1,1,1,1,1,1,1,1,1,2,1,1,0,1,1
"TF601591",1,1,1,1,1,1,1,1,0,1,1,1,1,1,1,1,1,1,1,0,1,1,1,1,1,1,1,1,1,0,0,1,1,1,1,1,1,1,1,1,1,1,1,1,1
"TF601601",1,4,0,0,3,4,3,0,0,1,3,3,2,0,3,0,0,0,0,2,0,0,0,0,0,0,1,0,5,3,0,1,7,0,1,0,0,1,0,2,0,0,1,1,2
"TF601607",1,1,1,1,1,1,1,1,1,1,1,1,1,1,1,1,1,2,1,1,1,1,1,1,0,1,1,1,1,1,1,1,1,1,1,1,1,1,1,1,1,1,0,1,1
"TF601622",1,1,1,1,1,1,1,1,1,0,1,1,1,1,1,1,1,1,1,1,1,1,1,1,0,1,1,1,1,1,1,1,0,1,1,1,1,1,1,1,1,1,1,1,1
"TF601626",1,1,1,1,1,1,1,1,1,2,1,1,1,1,1,1,1,1,1,1,1,1,1,1,1,1,1,1,1,1,1,1,1,1,1,1,1,1,1,1,1,1,1,2,1
"TF601627",1,1,1,1,1,1,0,1,1,1,1,1,1,1,1,1,1,1,1,1,1,1,1,1,1,0,1,1,1,1,0,1,1,1,1,1,1,1,1,1,1,1,1,1,1
"TF601633",1,1,1,1,1,1,1,2,1,1,1,1,1,1,1,1,3,1,1,1,1,1,1,1,1,1,1,1,1,1,1,2,1,1,1,1,1,1,1,1,1,1,1,1,1
"TF601637",1,1,1,1,1,1,1,0,0,1,1,1,1,1,0,1,0,1,1,0,1,1,0,1,0,1,0,1,1,1,0,0,1,1,0,0,1,1,1,0,1,1,1,1,0
"TF601676",1,0,1,1,1,1,1,1,1,1,1,1,1,1,1,1,1,1,1,1,1,1,1,1,1,1,1,1,1,1,1,1,1,1,1,1,1,1,1,1,1,1,1,1,1
"TF601723",1,1,1,1,1,1,1,1,1,1,1,1,1,1,1,1,1,1,1,1,1,1,1,1,1,1,1,1,1,1,1,1,1,1,1,1,1,1,1,1,1,1,1,0,1
"TF601764",1,1,1,1,1,1,1,1,1,1,1,1,1,1,0,1,1,1,1,1,1,1,1,1,1,1,1,1,1,1,1,0,1,1,1,1,1,1,1,1,1,1,1,0,1
"TF601773",1,1,1,1,0,1,1,0,0,1,1,1,5,1,1,1,1,1,1,1,1,1,1,1,1,0,1,1,1,1,1,0,1,1,1,1,1,0,1,1,1,1,1,1,1
"TF601774",1,1,1,1,1,1,1,0,0,1,1,1,1,1,1,1,1,1,1,1,1,1,1,1,1,0,0,1,0,1,1,0,1,1,1,1,1,1,1,1,1,1,1,1,1
"TF601789",1,1,1,1,1,1,1,1,1,1,1,1,1,1,1,1,1,1,1,1,1,1,1,1,1,1,1,1,1,1,1,1,1,1,1,1,1,1,1,1,1,1,1,1,1
"TF601823",1,1,1,1,1,1,1,1,1,1,1,1,1,1,1,1,1,1,1,1,1,2,1,1,0,2,1,1,1,1,1,0,1,1,0,1,1,1,1,1,1,1,1,1,1
"TF601864",1,1,1,1,1,1,0,1,1,1,1,1,1,1,1,1,1,1,1,1,1,1,1,1,1,1,1,1,1,1,1,1,1,1,1,1,1,1,1,1,1,1,1,1,1
"TF601875",1,1,1,1,1,1,3,1,1,1,1,1,1,1,0,1,1,1,1,2,1,1,1,1,1,1,1,1,1,1,1,0,1,1,0,1,1,1,1,1,1,1,3,0,1
"TF601878",1,1,1,1,2,1,1,1,1,1,1,1,1,1,1,1,1,1,1,1,1,1,1,1,1,1,0,1,1,1,0,1,0,1,0,1,1,1,1,2,1,1,1,1,1
"TF601908",1,1,1,1,1,1,1,1,1,1,1,1,1,1,1,1,1,1,1,1,1,1,1,1,1,1,1,1,1,1,1,1,1,1,1,1,1,1,1,1,1,1,1,1,1
"TF601911",1,1,2,1,1,1,1,1,1,2,1,1,0,2,1,1,1,1,1,1,1,1,1,2,1,1,1,1,1,0,1,1,1,2,0,1,2,2,2,0,1,1,1,0,1
"TF601915",1,1,1,1,1,1,1,1,1,1,1,1,1,1,1,1,1,1,1,1,1,1,1,1,1,1,1,1,1,1,1,1,1,1,1,1,1,1,1,1,1,1,1,1,1
"TF601946",1,1,1,0,1,1,0,1,0,1,1,1,1,1,0,1,0,0,0,1,1,0,1,1,1,1,2,0,1,1,1,0,1,1,1,1,1,1,1,1,0,1,0,1,1
"TF601947",1,1,1,1,1,1,1,1,1,0,1,1,1,1,1,1,1,1,1,1,0,0,1,1,1,1,1,1,1,1,0,1,0,1,1,1,1,1,0,1,1,1,1,1,0
"TF601951",1,1,1,1,1,1,0,1,1,1,0,0,1,1,1,1,1,0,1,1,1,1,1,1,1,0,1,1,1,1,1,1,0,1,1,1,1,1,1,1,1,1,1,1,1
"TF601952",1,1,1,1,1,1,1,1,1,1,1,1,1,1,2,1,1,1,4,1,2,2,1,2,1,0,2,1,3,1,1,3,1,1,2,1,1,1,1,1,1,1,1,1,1
"TF601986",1,1,1,1,1,1,1,1,1,1,1,1,1,1,2,1,1,1,1,1,1,1,1,1,0,1,1,1,1,1,1,1,1,1,0,1,1,1,1,2,2,1,1,0,0
"TF602000",1,1,0,0,1,1,1,1,1,1,1,1,1,1,1,1,1,1,1,1,1,1,1,1,0,1,1,1,1,1,1,0,1,1,0,1,1,0,1,1,1,1,1,1,1
"TF602027",1,1,1,1,1,1,1,1,1,1,1,1,1,0,1,1,1,1,2,3,1,1,1,1,1,1,2,1,1,1,1,1,1,2,1,2,1,1,1,1,1,1,1,1,1
"TF602049",1,1,1,1,1,1,1,1,1,1,1,1,1,1,1,1,1,1,1,1,1,2,1,1,1,1,2,1,1,1,1,1,1,1,1,1,1,1,1,1,1,1,1,1,1
"TF602085",1,1,1,1,1,1,1,1,1,1,1,1,1,1,0,1,1,1,1,1,1,1,1,1,1,0,1,1,1,1,1,1,1,1,1,1,1,1,1,1,1,1,1,0,1
"TF602132",1,1,1,1,1,1,1,1,1,1,1,1,1,1,1,2,1,1,1,1,1,1,1,1,1,1,1,1,1,1,1,1,1,2,0,1,1,1,1,1,2,1,1,0,2
"TF602138",1,1,1,1,1,1,1,1,0,1,1,1,1,1,1,1,1,1,1,1,1,0,1,1,1,1,1,1,1,1,1,1,0,1,1,1,1,0,1,1,1,0,0,2,1
"TF602256",1,1,1,1,1,1,1,1,1,0,1,1,1,1,1,1,1,1,1,1,1,1,1,1,1,1,1,1,1,1,1,0,1,1,1,1,1,1,1,1,1,1,1,0,1
"TF602276",1,1,1,1,1,1,1,1,1,1,1,1,1,1,1,1,1,1,1,1,1,1,1,1,1,1,1,0,1,1,1,1,1,1,1,1,1,1,3,2,1,1,1,1,1
"TF602353",1,1,1,1,1,1,1,1,1,1,1,1,1,1,1,1,1,1,1,1,1,1,1,1,1,1,1,1,1,1,1,1,1,1,1,1,1,1,1,1,1,1,1,2,1
"TF602385",1,1,1,1,0,1,1,1,1,1,1,1,1,1,1,2,1,1,1,1,1,1,1,1,1,1,1,1,1,1,1,1,1,1,1,1,1,1,1,1,1,1,1,0,1
"TF602413",1,1,4,0,1,1,2,1,1,1,1,1,4,2,1,1,2,1,2,1,1,4,1,3,4,1,2,3,1,1,2,6,0,2,2,2,2,5,3,3,1,1,1,2,2
"TF602434",1,1,1,1,1,1,1,0,0,1,1,1,1,1,0,1,1,0,1,0,1,1,1,1,1,1,1,1,1,1,1,1,0,1,1,1,1,1,1,1,1,1,1,0,1
"TF602582",1,1,1,1,1,2,1,1,1,1,2,2,1,1,3,1,2,1,1,1,1,1,1,1,1,1,1,1,1,2,1,3,1,0,0,1,1,1,1,3,1,1,1,0,1
"TF602620",1,1,0,0,1,1,1,1,0,1,1,1,1,1,1,1,1,1,1,1,1,0,1,1,1,1,1,1,1,1,1,1,1,0,1,1,1,1,1,2,0,1,1,1,1
"TF602630",1,1,1,1,1,1,1,0,0,2,1,1,1,1,0,1,0,1,1,0,1,1,1,1,1,1,0,1,1,1,1,0,1,1,1,1,1,1,1,1,1,1,1,0,1
"TF602639",1,1,1,2,1,1,1,1,1,1,1,1,1,1,1,1,1,1,1,1,1,1,1,1,1,1,1,1,1,1,1,1,1,1,1,1,1,1,2,2,2,1,1,1,1
"TF602643",1,1,1,1,1,1,1,1,1,1,1,1,1,1,1,1,1,1,1,0,1,1,1,1,1,1,1,1,1,1,0,0,1,1,1,1,1,1,1,1,1,1,1,1,1
"TF602646",1,1,1,1,1,1,1,1,1,1,1,1,1,1,1,1,1,1,1,0,1,1,1,1,1,1,1,1,1,1,1,1,1,1,1,1,1,1,1,1,1,1,1,1,1
"TF602722",1,1,1,0,1,1,1,1,1,1,1,1,1,1,1,1,1,1,1,1,1,1,1,1,1,0,1,1,1,1,1,1,1,1,1,1,1,1,1,1,1,1,1,1,2
"TF602847",1,1,1,1,1,1,1,1,1,1,1,1,1,1,1,1,1,1,1,0,1,1,1,1,1,1,1,1,1,1,1,1,1,1,1,1,1,1,1,1,1,1,1,1,1
"TF602848",1,1,1,1,1,1,2,1,1,1,1,1,1,1,1,1,0,1,1,0,1,1,1,1,1,1,1,1,0,1,0,0,1,1,1,1,1,0,1,1,1,1,1,1,1
"TF602862",1,1,1,1,1,1,1,1,1,1,1,1,1,1,1,1,1,1,1,1,1,0,1,1,1,1,1,1,1,1,1,1,2,1,0,1,1,1,1,1,1,1,1,0,1
"TF602897",1,1,1,1,0,1,0,0,0,0,0,1,0,1,0,1,0,1,1,0,1,0,0,1,0,0,1,1,1,1,1,0,1,1,1,0,1,0,1,0,1,1,1,1,0
"TF602914",1,1,1,1,1,1,1,1,1,1,0,0,0,1,1,1,1,1,1,1,0,1,1,1,1,1,1,1,1,1,1,1,0,1,1,1,1,1,1,1,1,1,1,0,1
"TF602961",1,1,1,1,1,1,1,1,0,1,0,1,1,1,0,1,0,1,1,1,1,1,1,1,1,1,0,1,1,1,1,0,1,1,0,1,1,1,1,1,1,1,1,0,1
"TF602994",1,1,1,1,1,1,1,1,1,1,1,1,1,1,1,1,1,1,1,0,1,1,1,1,1,0,1,1,1,1,1,1,1,1,1,1,1,1,1,1,1,1,1,1,1
"TF603002",1,1,1,1,1,1,1,1,0,1,0,1,1,1,0,1,0,0,1,0,1,1,1,1,1,1,0,1,1,1,1,0,0,1,1,1,1,1,1,1,1,1,1,0,1
"TF603026",1,1,1,1,1,1,1,1,1,1,1,1,1,1,1,1,1,1,1,1,1,1,1,1,1,1,1,1,1,1,1,0,1,1,1,1,1,1,1,1,1,1,0,0,1
"TF603035",1,0,1,0,1,1,1,1,1,1,1,1,0,1,1,2,1,1,1,1,1,0,1,1,1,0,1,1,1,1,1,1,1,1,1,1,0,0,1,1,0,1,1,1,1
"TF603037",1,1,1,1,0,1,1,1,0,1,1,2,1,0,0,1,1,3,1,0,0,1,1,1,1,0,1,1,1,1,0,0,1,1,2,1,1,1,1,1,1,1,1,0,0
"TF603048",1,1,1,3,1,1,1,1,1,1,1,1,1,1,1,1,1,1,1,1,1,2,1,2,1,1,1,2,1,1,1,1,1,2,0,1,1,1,2,1,1,1,1,0,1
"TF603065",1,1,1,1,1,2,1,1,1,1,1,1,1,1,1,1,1,1,1,1,1,1,1,1,1,1,2,1,1,1,1,0,1,1,1,1,1,1,1,1,1,1,1,1,0
"TF603076",1,1,1,1,1,1,1,1,1,1,1,1,1,1,1,1,1,1,1,0,1,1,2,1,1,1,1,1,1,1,0,1,1,1,1,1,1,1,1,1,1,1,1,1,1
"TF603122",1,1,0,1,1,1,1,1,1,1,1,1,0,1,1,1,1,1,1,1,1,1,1,1,1,1,1,1,1,2,1,1,1,1,1,1,1,1,1,1,1,1,1,1,1
"TF603138",1,1,1,1,1,1,1,1,1,0,0,1,0,1,1,1,1,1,1,1,1,1,1,1,1,1,0,1,1,1,0,1,1,1,1,1,1,0,1,1,1,0,1,0,1
"TF603157",1,1,1,1,1,1,1,1,0,0,1,1,1,1,0,1,0,1,1,1,1,1,1,1,1,1,1,1,1,1,1,0,0,1,1,1,1,1,1,1,1,1,1,0,1
"TF603212",1,1,1,1,1,1,1,1,1,1,1,1,1,1,1,1,1,1,1,1,1,1,1,1,1,1,1,1,1,1,1,2,1,1,1,1,1,1,1,1,1,0,1,1,1
"TF603223",1,1,1,1,1,1,1,1,1,1,1,1,1,1,1,1,1,1,1,1,1,1,1,1,1,1,1,1,1,1,0,1,1,1,1,1,0,0,1,1,1,1,1,1,1
"TF603251",1,1,1,1,1,1,1,1,1,1,1,1,1,1,1,1,1,1,1,0,1,1,1,1,1,1,1,1,1,1,1,1,1,1,1,1,1,1,1,1,1,1,1,1,1
"TF603256",1,1,0,0,0,0,1,0,0,0,0,1,0,0,0,1,0,0,0,1,0,0,0,0,0,0,0,0,0,1,0,0,0,0,0,0,0,0,0,0,1,1,0,0,1
"TF603304",1,1,1,1,1,1,1,1,1,0,1,1,1,1,0,1,1,1,1,1,1,1,1,1,1,1,1,1,1,1,0,0,1,1,1,1,1,1,1,1,1,1,0,1,1
"TF603394",1,1,1,1,1,1,1,1,0,0,1,1,1,1,0,1,1,0,1,1,1,1,1,1,1,1,1,1,1,1,1,0,1,1,1,1,1,1,1,1,1,1,1,0,1
"TF603428",1,1,0,1,1,1,1,1,1,1,1,1,0,1,1,1,1,1,1,1,1,1,1,1,1,1,1,1,1,1,0,1,0,1,1,0,1,1,1,1,1,1,1,1,1
"TF603465",1,0,1,1,0,1,1,2,0,1,0,0,1,1,0,1,0,1,1,1,1,1,1,1,1,1,1,1,0,1,1,0,1,1,0,1,1,1,1,1,1,0,1,0,1
"TF603485",1,1,1,1,1,1,1,1,1,1,1,1,1,1,1,1,1,1,1,1,0,1,1,1,1,1,2,1,1,1,1,1,1,1,1,1,0,1,1,2,1,1,1,0,1
"TF603501",1,1,0,0,1,1,1,0,0,1,1,1,1,1,0,1,0,0,0,1,1,0,1,0,0,1,0,1,1,1,0,1,1,0,1,1,1,1,1,1,0,1,1,1,1
"TF603521",1,1,0,0,0,1,0,0,1,1,1,1,1,1,1,1,0,1,1,1,1,0,1,1,1,1,1,1,0,1,1,0,1,1,1,1,1,0,2,4,1,1,1,1,1
"TF603543",1,1,1,1,1,1,1,0,0,1,1,1,1,1,0,1,1,1,1,0,1,1,2,1,0,1,1,1,1,1,1,0,1,1,0,1,1,1,1,1,1,1,1,0,1
"TF603637",1,1,1,1,1,1,1,1,1,0,0,1,1,1,1,1,0,1,1,0,1,1,1,1,1,1,1,1,1,1,1,1,1,1,1,1,1,1,1,1,1,1,1,1,0
"TF603680",1,1,1,1,1,1,1,1,1,0,1,1,1,1,1,2,1,1,1,0,1,0,1,1,1,1,1,1,1,1,0,1,1,1,1,1,1,1,1,1,1,1,0,1,1
"TF603722",1,1,1,1,1,1,1,1,1,1,1,1,1,1,1,1,1,1,1,1,1,1,1,1,1,1,1,1,1,1,1,0,1,1,1,1,1,1,2,1,1,1,1,1,1
"TF603726",1,1,1,1,0,1,1,1,1,1,1,1,1,1,1,1,1,1,1,0,1,1,1,1,1,1,0,1,1,1,1,1,1,1,1,1,1,1,1,1,1,1,1,0,1
"TF603737",1,1,1,1,1,1,1,1,1,1,1,1,1,1,1,1,1,1,1,0,1,1,1,1,1,0,1,1,1,1,0,1,1,1,1,1,1,1,1,1,1,1,1,1,2
"TF603798",1,1,1,1,1,1,1,1,1,1,1,1,1,1,1,1,1,1,1,1,1,1,1,1,1,1,1,1,1,1,1,1,1,1,0,1,1,1,1,1,1,1,0,0,1
"TF603818",1,1,1,1,1,1,1,1,1,1,0,1,1,1,1,1,1,1,1,1,1,1,1,1,1,1,1,1,1,1,1,1,1,1,1,1,1,1,1,1,1,1,1,1,1
"TF603819",1,1,1,1,1,1,1,1,1,1,1,1,1,1,0,1,0,1,1,1,1,1,1,1,1,1,1,1,1,1,1,0,1,1,1,1,1,1,1,1,1,1,1,1,1
"TF603831",1,1,1,1,1,3,1,1,1,1,1,1,1,1,1,1,1,1,1,1,1,1,1,1,1,1,2,1,1,1,2,0,1,1,1,1,1,1,1,2,1,0,1,1,1
"TF603908",1,1,1,2,3,0,0,0,0,1,1,1,1,2,0,1,0,0,1,1,1,1,1,1,0,1,0,1,0,1,1,0,1,1,0,0,1,0,1,0,2,1,0,0,1
"TF603922",1,6,2,1,1,5,1,1,1,1,1,1,2,2,1,1,1,3,2,2,1,1,1,3,1,1,1,2,1,2,2,1,1,2,4,1,3,3,2,14,2,6,1,1,1
"TF603929",1,1,1,1,1,1,0,1,1,1,1,1,1,1,1,1,1,0,1,0,1,1,2,1,1,0,1,1,1,2,1,1,0,1,1,0,1,1,1,0,1,1,1,1,1
"TF603966",1,1,1,1,2,1,1,1,1,1,1,1,1,1,1,1,1,1,1,1,1,1,1,1,1,0,1,1,2,1,1,0,1,1,1,1,1,1,1,1,1,1,1,1,2
"TF603970",1,1,1,1,1,1,1,1,1,1,1,1,1,1,1,1,1,1,1,1,1,1,1,1,1,1,1,1,1,1,0,1,1,1,0,1,1,1,1,1,1,1,1,0,1
"TF603975",1,1,1,1,1,1,1,1,1,1,1,1,1,1,1,1,1,1,1,1,1,1,1,1,1,1,1,0,1,1,1,1,1,1,1,1,1,1,1,1,1,1,1,2,1
"TF603987",1,1,1,1,1,1,1,1,1,1,1,1,1,1,1,1,1,1,1,1,1,1,1,1,1,1,1,1,1,1,1,1,1,1,1,1,1,1,1,1,1,1,1,1,1
"TF604053",1,1,1,1,1,1,1,1,1,1,1,1,1,1,1,1,1,1,1,1,1,1,1,1,1,1,1,0,1,1,2,3,1,1,0,1,1,1,2,1,1,1,1,0,1
"TF604081",2,1,1,1,0,1,1,1,1,1,2,1,2,1,1,1,1,0,1,1,0,1,1,1,1,1,1,1,2,1,1,1,1,1,1,1,1,2,1,1,1,2,0,0,1
"TF604097",1,1,1,1,1,1,1,1,1,1,0,1,1,1,1,1,1,0,1,1,1,1,1,1,1,1,1,1,1,1,1,1,1,1,1,1,1,1,1,1,1,1,0,1,1
"TF604162",1,1,1,1,1,1,1,1,1,1,1,1,1,1,1,1,1,0,1,1,1,1,1,1,1,1,1,1,1,1,1,0,0,1,0,1,0,1,1,3,1,1,1,0,0
"TF604174",1,1,1,1,1,1,1,1,1,1,1,1,1,1,1,1,1,1,1,1,1,1,1,1,1,1,1,0,1,1,1,1,1,1,1,1,1,1,1,1,1,1,1,1,1
"TF604181",1,1,1,1,1,1,1,1,1,1,1,1,1,1,1,1,1,1,1,1,2,1,1,1,1,1,1,1,1,1,1,1,1,1,1,1,1,1,1,1,1,1,1,1,1
"TF604204",1,1,1,1,1,1,1,1,1,1,1,1,1,1,0,1,1,0,1,1,1,1,1,1,0,1,1,0,1,1,1,0,1,1,1,1,1,1,1,0,1,1,1,1,1
"TF604237",2,1,2,2,2,2,2,2,2,2,2,5,2,1,2,2,2,2,2,1,2,2,2,2,2,2,4,2,2,1,2,2,2,2,2,2,2,2,2,2,2,2,2,2,1
"TF604301",1,1,2,1,1,1,1,1,1,1,1,1,1,1,1,4,1,1,2,0,2,1,1,2,1,0,1,2,1,1,1,1,0,3,1,1,1,1,4,1,1,1,1,1,0
"TF604454",1,1,1,1,1,1,1,1,1,1,1,1,1,1,1,1,1,0,1,1,1,1,1,1,1,0,1,1,1,1,1,1,1,1,1,1,1,1,1,1,1,1,1,1,1
"TF604484",1,2,1,2,1,1,1,1,1,1,1,1,1,1,1,1,1,2,1,2,1,2,2,1,1,1,1,1,1,1,1,3,1,1,1,1,1,1,1,1,1,1,1,2,1
"TF604514",1,1,1,1,1,1,1,1,1,1,1,1,1,1,1,1,1,1,1,1,1,1,1,1,1,1,1,1,1,1,1,1,1,1,0,1,1,1,1,1,1,1,1,0,1
"TF604536",1,1,1,1,1,1,1,1,1,1,1,1,1,1,1,1,1,1,1,1,1,1,1,1,1,1,1,1,1,1,1,1,1,1,1,1,1,1,1,1,1,1,1,0,1
"TF604562",1,1,1,1,1,1,1,0,0,1,0,1,1,1,0,1,1,1,1,1,1,1,1,1,0,1,1,1,1,1,1,0,0,1,1,1,1,1,1,1,1,1,1,1,1
"TF604566",1,0,1,1,1,1,1,1,1,1,1,1,1,1,1,1,0,1,1,1,1,1,1,1,1,1,0,1,1,1,0,1,1,1,1,1,1,1,1,0,1,1,0,1,1
"TF604671",1,1,1,1,1,1,1,1,1,1,1,1,1,1,1,1,1,1,1,0,1,1,1,1,1,1,1,1,1,1,1,1,1,1,0,1,1,1,1,1,1,1,1,0,1
"TF604693",1,0,2,1,2,0,1,0,0,1,0,0,1,1,0,1,0,1,2,1,2,0,0,2,0,2,0,1,3,0,0,0,1,2,0,0,1,1,1,0,1,0,0,0,2
"TF604747",1,1,1,1,1,1,1,1,0,3,0,1,1,1,0,1,0,1,1,1,1,1,1,1,1,1,1,1,1,1,1,0,1,1,1,1,1,1,1,1,1,1,1,1,1
"TF604760",1,1,1,1,1,1,1,1,0,1,1,1,1,1,1,1,1,1,1,1,1,1,1,1,1,1,1,1,1,1,1,1,1,1,1,1,1,1,1,1,1,1,1,0,1
"TF604800",1,1,1,1,1,1,1,1,1,1,1,1,1,1,1,1,1,0,1,1,1,1,1,1,1,1,1,1,1,1,0,1,1,1,0,1,1,1,1,1,1,1,1,0,1
"TF604938",1,1,1,2,1,1,1,1,1,1,1,1,1,1,0,1,1,1,1,1,1,1,1,1,1,1,1,1,1,1,1,1,1,1,1,1,1,0,1,1,1,1,1,0,1
"TF604944",1,1,1,1,1,1,1,1,1,0,1,1,1,1,1,1,1,1,1,1,1,1,1,1,1,1,1,1,1,1,0,1,1,1,1,1,1,1,1,1,1,1,1,0,1
"TF604961",1,1,1,1,1,1,1,1,1,2,1,1,1,1,1,1,0,0,1,1,1,1,1,1,1,1,1,1,1,1,0,1,1,1,1,1,1,1,1,1,1,1,0,1,1
"TF605085",1,1,1,1,1,1,1,0,0,1,1,1,1,1,0,1,0,1,1,0,1,1,1,1,1,1,1,1,1,1,1,0,1,1,1,1,1,1,1,2,1,1,0,0,1
"TF605091",1,1,1,1,1,1,1,1,0,1,1,1,1,1,1,1,1,1,1,1,1,1,1,1,1,1,1,1,1,1,1,1,1,1,0,1,1,1,1,1,1,1,1,0,1
"TF605143",1,0,1,0,0,0,0,0,0,1,0,1,1,1,0,1,0,1,1,1,1,0,0,1,0,1,0,0,0,1,1,0,1,1,0,0,1,0,1,0,0,1,1,0,0
"TF605146",1,1,1,1,1,1,1,1,1,1,1,1,1,1,1,1,1,1,1,1,1,1,1,1,1,1,1,1,1,2,1,1,1,1,1,1,1,1,1,1,1,1,1,1,1
"TF605160",2,1,1,0,1,0,0,1,1,0,0,0,1,0,1,1,1,1,0,2,0,1,1,0,0,0,1,0,1,0,0,1,0,0,1,1,1,0,0,1,1,0,0,2,1
"TF605191",1,0,1,1,0,0,1,0,0,1,1,1,0,1,0,1,1,0,1,0,1,1,0,1,0,0,0,1,0,0,0,0,0,1,2,0,1,1,1,0,1,0,1,2,1
"TF605231",1,1,1,0,1,1,1,1,1,1,1,1,1,1,1,1,1,1,1,1,1,1,1,1,1,0,1,1,1,1,1,1,1,1,1,1,1,1,1,1,1,1,0,1,1
"TF605280",1,1,1,1,1,1,1,0,0,1,1,1,1,1,0,1,1,1,0,0,1,1,1,1,1,1,1,1,1,1,1,0,1,1,1,1,1,1,0,1,1,1,1,1,2
"TF605286",2,2,1,2,2,1,1,2,2,2,2,1,1,1,2,1,2,2,1,2,1,1,2,1,2,1,2,1,1,1,1,2,2,1,2,2,1,1,1,2,2,1,1,2,2
"TF605376",1,1,1,1,1,1,1,1,1,1,0,1,1,1,1,1,1,0,1,0,1,1,0,1,0,1,1,1,1,0,1,0,1,1,1,0,1,1,1,1,1,1,1,0,0
"TF605385",1,1,0,0,1,1,1,0,0,1,0,1,1,1,0,1,0,1,0,0,1,0,1,0,1,0,1,0,1,1,1,0,1,0,0,1,1,1,1,1,0,1,1,0,1
"TF605683",1,5,1,1,1,3,1,1,0,1,1,1,1,1,1,1,0,1,1,1,1,1,2,1,1,1,1,1,1,3,1,0,1,1,0,0,1,0,1,1,1,1,1,0,1
"TF605684",1,1,1,1,1,1,1,1,1,1,1,1,1,1,1,1,0,1,1,1,0,1,1,1,1,1,1,1,1,1,1,1,1,1,0,1,1,1,1,1,1,1,0,3,0
"TF605703",1,1,1,1,1,2,2,1,1,0,0,1,0,1,1,1,1,1,1,1,2,1,1,1,1,1,2,2,1,1,0,0,1,1,1,1,1,1,1,1,1,2,1,1,1
"TF605917",1,1,1,1,1,1,1,1,1,1,1,1,1,1,1,1,1,1,1,1,1,1,1,1,1,1,1,0,1,1,1,1,1,1,1,1,1,1,1,1,1,1,1,1,0
"TF605924",1,1,1,1,1,1,1,1,1,1,1,1,1,1,1,1,1,1,1,1,1,1,1,1,1,1,1,1,1,1,1,1,1,1,1,1,1,1,1,1,1,1,0,1,1
"TF605928",1,1,1,1,1,1,1,1,1,1,1,1,1,1,1,1,1,1,1,0,1,1,1,1,1,1,1,1,1,1,1,1,1,1,0,1,1,1,1,1,1,1,1,0,1
"TF606056",1,1,0,0,1,2,0,0,0,1,1,0,0,0,0,0,0,2,0,1,0,0,0,0,0,0,0,0,0,2,0,0,0,0,1,0,0,1,0,0,0,1,1,0,0
"TF606129",1,1,1,1,1,1,1,1,1,1,1,1,1,1,1,1,1,1,1,1,1,1,1,1,1,1,1,1,1,1,1,1,1,1,0,1,1,1,1,1,1,1,1,0,1
"TF606158",1,1,1,1,1,1,2,1,1,0,1,1,1,1,1,1,1,1,1,1,1,1,1,1,1,1,1,1,1,1,1,1,1,1,0,1,1,1,1,1,1,1,1,0,1
"TF606285",1,1,1,1,1,1,1,1,1,1,1,1,1,1,1,7,1,1,1,1,1,1,1,1,1,1,1,1,1,1,1,1,1,1,1,1,1,1,1,1,1,1,1,1,1
"TF606353",1,1,1,1,1,1,1,1,1,1,1,1,1,1,1,1,1,1,1,1,1,1,1,1,1,1,1,1,1,1,1,1,1,1,1,1,1,1,1,1,1,0,0,1,1
"TF606690",1,2,1,1,1,3,1,1,0,1,2,2,1,1,0,1,0,0,1,1,1,1,1,1,1,1,1,1,1,1,2,0,1,1,0,1,1,1,1,1,1,1,0,0,1
"TF606841",1,1,1,1,1,1,1,1,1,1,1,1,1,1,1,1,1,1,1,1,1,1,1,1,0,1,1,1,1,0,1,1,0,1,1,1,1,1,1,1,1,1,1,1,1
"TF607124",1,1,1,1,1,1,1,1,1,1,1,1,1,1,1,1,1,1,2,1,2,1,1,1,1,1,2,1,1,1,0,1,1,1,1,1,1,1,1,1,1,1,1,1,1
"TF607267",1,1,1,0,1,1,1,0,0,1,0,1,1,1,0,1,1,0,1,0,1,0,1,1,0,1,1,0,1,1,1,0,1,1,1,1,1,0,1,1,0,1,0,2,1
"TF607330",1,0,0,0,8,0,0,0,0,1,0,0,1,0,0,0,0,1,0,12,0,0,0,0,0,1,0,0,0,1,6,0,1,0,0,0,0,0,0,0,0,1,0,0,0
"TF607467",1,1,0,0,1,1,1,0,0,0,1,1,0,1,0,1,0,1,0,1,1,1,1,0,0,1,1,1,1,1,1,0,1,0,0,1,1,0,1,1,0,1,0,0,1
"TF607666",1,1,1,1,2,1,0,1,1,1,1,1,1,1,1,1,1,1,1,1,1,1,1,1,1,1,1,1,1,1,1,1,1,1,0,1,1,1,1,1,1,1,1,0,2
"TF607706",1,1,1,1,1,1,1,1,1,1,1,1,1,1,1,1,1,1,1,1,1,1,1,1,1,1,1,1,1,1,1,1,0,1,1,1,1,1,1,1,1,1,1,2,1
"TF607727",1,1,0,1,1,1,2,1,1,2,1,1,1,3,2,2,1,1,1,1,1,1,2,1,1,0,1,2,1,1,3,1,1,1,1,3,2,1,1,1,2,1,1,1,1
"TF607796",1,1,1,1,1,1,1,1,1,1,1,1,1,1,1,1,1,1,1,1,1,1,1,1,1,1,1,1,1,1,0,1,1,1,1,1,0,1,1,1,1,1,0,1,1
"TF607826",1,1,1,0,0,0,1,1,1,0,1,1,1,0,1,2,1,1,1,1,0,0,1,0,1,1,1,0,1,1,1,1,1,1,1,1,1,1,1,1,0,1,1,0,1
"TF607874",1,1,1,1,1,1,1,1,1,1,1,1,1,1,0,1,0,1,1,1,1,1,0,1,0,1,0,1,1,1,0,0,1,1,1,0,1,1,1,0,1,1,1,0,1
"TF607901",1,1,1,1,1,1,1,1,1,1,0,1,1,1,1,1,1,1,1,1,1,1,1,1,1,1,2,1,1,1,1,1,1,1,1,1,1,1,1,1,2,0,1,1,1
"TF607946",1,1,1,2,1,1,1,0,0,1,1,1,1,1,0,1,0,0,1,1,1,1,1,1,0,1,1,1,1,1,1,0,1,1,1,1,1,1,1,1,1,1,0,1,1
"TF608014",1,1,2,1,0,1,2,1,1,0,2,1,0,2,3,2,1,0,2,1,1,2,2,2,2,0,2,1,0,2,2,2,0,2,1,4,1,0,8,1,4,0,1,2,1
"TF608072",1,1,1,1,1,1,1,1,0,1,1,1,1,1,0,1,0,1,1,0,1,1,1,1,0,1,0,1,1,1,0,0,1,1,1,1,1,1,1,1,1,1,0,0,1
"TF608124",1,1,1,1,1,1,1,1,1,1,1,1,1,1,1,1,1,1,1,1,1,1,1,1,1,1,1,1,1,1,1,1,2,1,1,1,1,1,1,0,1,1,1,1,1
"TF608218",1,1,1,1,1,1,1,1,1,1,1,1,1,1,1,1,1,1,1,0,1,1,1,1,1,1,1,1,1,1,1,1,1,1,0,1,1,1,1,1,1,1,1,0,1
"TF608374",1,1,1,2,1,1,1,1,1,1,1,1,1,1,1,1,1,1,1,1,1,1,1,1,1,1,1,1,1,1,1,1,1,1,1,1,1,1,1,1,1,1,1,1,0
"TF608533",1,1,1,1,1,1,1,1,1,0,1,1,1,1,0,1,1,1,1,1,1,1,1,1,1,1,1,1,1,1,1,1,1,1,1,1,1,1,1,1,1,1,0,1,1
"TF608549",1,1,1,1,1,1,1,1,1,1,1,1,1,1,1,1,1,1,1,0,2,1,1,1,1,0,1,1,1,1,1,1,0,1,0,1,1,1,1,1,1,1,1,0,1
"TF608601",1,3,2,1,2,5,2,1,1,1,3,3,3,1,2,1,1,1,1,1,1,4,1,1,1,1,1,0,1,1,2,4,1,1,1,3,1,4,0,1,2,1,1,1,2
"TF608670",1,1,0,0,1,0,0,0,0,1,1,1,0,1,0,1,0,1,0,1,1,1,1,0,0,0,1,1,1,1,1,0,1,0,0,1,0,1,1,1,0,0,0,0,1
"TF608765",1,1,1,1,1,1,1,1,1,1,1,0,1,1,1,1,1,0,1,1,1,1,1,1,1,0,0,1,1,1,1,0,1,1,0,1,1,1,1,1,1,1,0,0,1
"TF608917",1,1,1,1,1,1,1,1,1,1,1,1,1,1,1,1,1,1,1,1,1,1,1,1,1,0,1,1,1,1,1,1,1,1,1,1,1,1,1,1,1,1,1,1,0
"TF608924",1,2,1,1,1,1,2,1,0,1,5,6,1,1,0,2,0,0,1,0,1,1,2,1,0,0,0,1,1,3,1,0,1,1,0,0,1,0,1,0,1,2,1,0,1
"TF608988",1,1,1,1,1,1,1,1,1,1,1,1,2,1,1,1,1,0,1,1,1,1,2,1,2,0,1,1,1,1,1,2,1,1,2,1,1,1,1,1,1,1,0,2,2
"TF609025",1,1,0,0,1,0,0,0,0,0,1,0,1,1,0,2,0,0,0,0,0,0,1,0,0,1,1,2,1,0,0,1,0,0,0,1,1,1,0,1,0,2,0,0,1
"TF609032",1,1,2,0,1,1,1,1,1,1,1,1,1,2,1,1,1,1,2,1,1,1,1,2,2,1,1,1,1,1,2,2,1,1,4,1,2,1,2,1,1,1,0,4,1
"TF609377",1,1,1,1,1,1,1,1,1,2,0,1,1,1,1,1,1,1,1,1,1,1,1,1,1,0,2,0,1,1,1,1,1,1,1,1,1,1,1,2,1,1,1,1,1
"TF609483",1,1,1,1,2,1,1,1,1,1,1,1,1,1,1,1,1,1,1,1,1,1,1,1,1,1,1,1,1,1,1,1,2,1,1,1,1,1,1,1,1,1,1,1,0
"TF609489",1,2,1,1,0,1,1,0,1,1,1,1,2,1,2,1,1,0,1,0,1,1,1,1,1,1,1,1,1,0,1,1,1,1,1,1,1,1,1,1,2,0,1,1,0
"TF609509",1,1,1,1,1,1,1,1,1,1,1,1,1,1,1,1,1,1,1,0,1,1,1,1,1,0,1,1,1,1,1,0,1,1,0,1,1,0,1,0,1,1,1,0,0
"TF609546",1,1,1,1,1,1,0,0,0,1,1,1,2,1,0,2,0,0,1,1,1,1,1,1,1,1,1,1,1,0,1,0,1,1,1,1,0,1,2,1,0,1,0,0,1
"TF609594",1,1,0,0,1,1,1,0,1,1,1,1,1,1,1,1,1,0,0,0,1,0,1,0,1,1,1,1,1,0,1,1,1,0,0,1,1,1,1,1,0,1,0,0,1
"TF609634",1,1,1,1,1,0,1,0,0,1,1,1,1,1,0,1,0,1,1,1,1,1,1,1,1,1,1,1,1,1,0,0,1,1,1,1,1,1,1,1,1,1,1,0,1
"TF609662",1,0,0,0,0,0,0,0,0,0,0,0,0,0,0,0,0,1,0,0,0,0,0,0,0,0,0,0,0,0,0,0,0,0,0,0,0,0,0,0,0,0,1,0,0
"TF609740",1,1,1,1,0,0,1,1,1,1,1,1,1,1,1,1,1,1,1,0,1,1,1,1,1,0,1,1,1,1,0,1,1,1,1,1,1,1,1,1,1,1,1,1,1
"TF609747",1,1,1,1,1,0,1,1,1,1,1,1,1,1,1,2,0,1,1,1,1,1,1,1,1,0,1,1,0,1,1,1,0,1,0,1,0,1,1,1,1,1,1,0,1
"TF609798",1,1,1,1,1,1,1,1,1,1,1,1,1,1,1,1,1,1,2,1,2,1,1,1,1,1,1,1,1,1,1,3,1,2,2,1,1,1,1,2,1,1,1,2,1
"TF609909",1,1,0,1,1,1,1,1,1,1,1,1,1,1,1,1,1,0,1,0,1,1,1,1,1,1,1,1,1,1,0,1,1,1,0,1,1,1,1,1,1,1,1,1,1
"TF610058",1,1,1,0,1,1,1,0,0,1,0,1,1,1,1,1,0,0,1,1,1,1,0,1,0,1,0,1,1,1,1,0,1,1,1,0,1,1,1,0,0,1,1,1,0
"TF610092",1,1,1,1,1,0,1,0,0,1,1,1,1,1,0,1,1,1,1,0,1,1,1,1,1,1,1,1,1,1,1,0,0,1,0,0,1,1,1,1,1,1,1,0,1
"TF610295",1,1,1,1,1,1,1,1,0,0,1,1,1,1,1,1,1,1,1,1,1,1,1,1,1,1,1,1,1,1,0,1,1,1,0,1,1,1,1,1,1,1,1,0,1
"TF610327",1,1,0,1,1,0,1,0,0,1,1,1,0,0,0,1,0,1,1,0,1,1,1,1,1,1,1,1,0,1,0,0,1,1,0,1,1,0,1,1,1,1,1,0,1
"TF610366",1,1,1,1,1,1,1,0,0,1,1,1,1,1,1,1,1,1,1,1,1,1,1,1,1,1,1,1,1,1,1,0,1,1,0,1,1,1,1,1,1,1,1,0,1
"TF610456",1,1,0,1,0,1,1,1,1,0,1,1,1,3,1,1,1,1,0,0,0,0,1,0,1,0,1,1,1,0,0,1,1,0,1,1,2,1,2,2,0,1,1,1,1
"TF610754",1,0,1,1,1,1,1,1,1,1,1,1,1,1,1,1,1,1,1,1,0,1,1,1,1,0,1,1,1,1,1,1,1,1,0,1,1,1,1,1,1,1,1,0,1
"TF610954",1,1,1,1,1,1,1,1,1,1,1,1,1,1,3,1,2,1,1,1,1,1,1,1,1,1,2,1,1,1,1,2,1,1,1,1,1,1,1,1,1,1,1,1,1
"TF611016",1,1,1,1,1,1,1,1,1,1,1,1,1,1,1,4,1,1,1,1,1,1,1,1,1,1,1,0,1,1,1,1,1,1,1,1,1,1,1,1,1,1,0,1,1
"TF611168",1,1,1,1,1,1,1,1,1,1,1,1,1,1,1,1,1,1,1,1,1,1,1,1,1,0,1,1,1,1,1,1,1,1,1,1,1,1,0,1,1,1,0,1,1
"TF611209",1,1,1,1,1,1,1,1,1,1,1,1,1,1,1,1,1,1,1,1,1,1,1,1,1,1,1,1,1,1,1,1,1,1,1,1,1,1,1,1,1,1,1,1,1
"TF611337",1,1,1,1,1,1,1,1,1,1,1,1,0,1,0,1,1,0,1,0,1,1,1,1,1,0,1,1,1,0,0,1,1,1,0,1,1,1,1,1,1,0,1,0,1
"TF611401",1,1,1,1,1,1,1,1,1,1,1,1,1,1,1,2,1,1,1,1,1,1,1,1,1,1,1,1,1,1,1,1,1,1,1,1,1,1,2,1,1,1,0,1,1
"TF611436",1,1,1,1,1,1,1,1,1,1,1,1,1,1,1,1,1,1,1,0,1,1,1,1,1,1,1,1,1,1,1,0,1,1,1,1,1,1,1,1,1,1,0,1,1
"TF611583",1,1,1,1,1,1,1,1,1,1,0,1,1,1,1,2,1,1,1,1,1,1,1,1,1,1,1,1,1,1,1,1,1,1,1,1,1,1,1,1,1,1,1,1,1
"TF611693",1,1,1,1,0,1,1,1,1,1,1,1,1,1,1,1,1,1,1,0,1,1,1,1,1,1,2,1,1,1,1,1,1,1,1,1,1,1,1,1,1,1,1,1,1
"TF611725",1,1,1,1,0,1,1,1,1,1,1,1,1,0,1,1,1,1,1,1,1,1,1,1,1,0,1,1,1,1,0,1,1,1,1,1,0,1,1,1,0,1,1,1,0
"TF611899",1,1,1,1,1,1,1,1,1,1,1,1,1,1,2,1,1,1,1,1,1,2,1,1,1,1,1,1,1,1,1,4,1,1,0,1,1,1,1,1,1,1,1,0,1
"TF612074",1,1,1,1,1,1,1,0,1,1,0,1,1,1,0,1,0,1,1,0,1,1,1,1,1,1,0,1,1,1,1,0,0,1,2,1,1,0,1,1,1,1,1,0,1
"TF612203",1,1,1,1,1,1,1,1,1,1,1,1,1,1,1,1,1,1,1,1,1,1,1,1,1,2,0,1,1,1,1,1,1,1,1,1,1,1,1,1,1,1,1,1,1
"TF612360",1,1,1,1,1,1,1,1,1,1,1,1,1,1,1,1,1,1,1,1,1,1,1,1,1,1,1,1,1,1,1,1,1,1,1,1,1,1,1,1,1,1,1,1,1
"TF612382",1,1,1,1,1,1,1,1,1,1,1,1,1,1,1,1,1,1,1,0,1,1,1,1,1,1,1,1,1,0,1,1,1,1,1,1,1,1,1,1,1,1,1,1,1
"TF612494",1,1,2,1,1,1,5,2,1,1,1,1,1,1,1,1,1,1,1,0,2,2,1,2,1,1,1,1,1,1,0,4,1,2,1,1,1,1,1,1,1,1,1,1,1
"TF612501",1,1,2,2,1,1,1,1,1,2,1,1,1,1,1,1,1,1,2,2,1,1,1,2,1,1,1,1,1,1,1,2,1,2,1,2,1,1,1,2,1,1,1,1,1
"TF612517",1,1,1,1,1,0,2,1,1,1,1,0,1,1,1,1,1,0,1,0,0,1,1,0,0,0,1,1,1,1,1,0,1,1,0,1,1,1,1,0,1,0,1,0,0
"TF612527",1,0,1,1,0,0,2,0,0,0,0,1,0,1,0,1,0,0,1,1,2,1,1,1,0,1,0,1,0,0,1,0,1,1,0,0,0,0,1,0,1,1,1,0,0
"TF613311",1,1,1,1,1,1,1,1,1,1,1,1,1,1,1,1,1,0,1,1,1,1,1,1,0,1,1,1,1,1,1,1,1,1,1,1,1,0,1,1,1,1,1,1,1
"TF613578",1,1,1,1,1,1,1,1,1,0,1,1,1,0,1,2,1,0,1,1,1,0,1,1,1,1,1,1,1,0,0,1,1,1,0,1,1,1,1,1,1,1,1,0,1
"TF613746",1,1,1,1,2,1,1,0,0,1,1,1,1,1,0,5,1,1,1,1,1,1,1,1,1,0,1,2,1,1,1,0,0,1,0,0,0,1,1,1,1,1,0,0,1
"TF613957",1,0,1,1,3,1,1,1,1,0,1,1,1,1,1,5,1,0,1,1,1,1,2,1,1,0,1,2,1,1,1,1,0,1,0,1,0,1,1,1,1,1,0,0,1
"TF614052",1,1,1,1,1,1,1,1,0,0,0,1,1,1,0,1,0,0,1,0,1,1,0,1,0,0,0,0,1,1,1,0,1,1,0,0,0,1,0,0,1,1,0,0,1
"TF614188",1,1,1,1,1,4,2,1,1,1,1,1,1,1,1,1,1,1,2,1,1,4,2,1,1,0,2,2,2,1,1,1,1,2,1,1,1,1,1,1,1,1,0,2,1
"TF614199",1,1,1,1,1,1,1,1,1,1,1,1,1,1,1,1,1,1,1,1,1,1,0,1,0,1,0,1,1,1,1,1,1,1,1,0,1,1,1,0,1,1,1,1,1
"TF614380",1,1,1,1,1,1,1,1,1,1,1,1,1,1,1,1,1,2,1,1,0,2,1,1,1,1,1,1,1,1,1,2,2,1,1,1,1,1,1,1,1,0,1,1,1
"TF614481",1,1,1,1,1,1,1,1,1,1,0,1,1,1,1,1,1,1,1,1,1,1,1,1,1,1,1,1,1,1,1,1,1,1,1,1,1,1,1,1,1,1,1,1,1
"TF614500",1,0,1,1,1,0,1,1,1,1,1,1,1,1,1,1,1,0,1,0,1,1,1,1,1,1,1,1,1,0,0,1,0,1,0,1,1,1,1,1,1,1,0,0,1
"TF614613",1,1,1,1,1,1,1,0,1,0,1,1,1,0,1,1,1,1,1,0,1,1,1,1,1,1,1,1,1,1,0,1,1,1,0,1,1,1,1,1,1,1,0,0,0
"TF614915",1,1,1,1,1,1,1,1,1,1,1,1,1,1,1,1,1,1,1,1,1,1,1,1,1,1,1,1,1,1,1,1,1,1,1,1,1,1,1,1,1,1,0,1,1
"TF615162",1,1,1,1,1,0,1,1,1,1,1,1,1,1,1,2,1,1,1,1,0,0,1,1,1,0,1,1,1,1,1,1,0,1,1,1,1,1,1,1,1,1,0,1,0
"TF615579",1,1,1,1,1,0,1,1,1,1,1,1,1,1,0,1,0,1,1,1,1,1,1,1,0,0,0,0,1,1,1,0,0,1,0,1,0,1,1,1,1,1,0,0,1
"TF616058",1,1,3,2,2,2,2,3,1,2,1,3,1,4,5,1,1,1,4,1,1,2,1,1,1,1,2,3,1,1,1,2,2,1,1,1,2,1,2,1,1,1,1,1,3
"TF616071",1,1,1,1,1,1,1,1,1,1,1,1,0,1,1,1,0,1,1,3,1,2,1,1,1,1,1,1,1,1,1,1,1,1,1,1,1,1,1,1,1,1,1,1,0
"TF616217",1,1,1,1,1,1,1,0,1,1,1,1,1,1,1,1,1,1,1,1,1,1,1,1,1,1,1,1,1,1,1,1,1,1,1,1,1,1,1,1,1,1,1,0,0
"TF616223",1,1,1,1,1,1,1,1,1,1,1,1,0,1,1,1,1,1,1,1,1,1,1,1,1,0,1,1,1,1,0,1,1,1,1,1,1,1,2,1,1,0,1,2,0
"TF616604",1,0,1,0,1,0,0,0,0,1,0,1,1,1,0,2,0,1,1,0,1,1,1,0,1,0,1,1,0,1,1,0,0,1,0,1,1,0,1,0,0,0,1,0,1
"TF616681",1,1,1,3,2,3,1,1,1,4,2,1,2,1,1,1,2,1,1,1,1,1,1,2,3,1,1,1,1,2,3,3,1,1,1,1,1,3,2,3,3,3,0,3,2
"TF616805",1,1,1,1,1,1,1,0,0,1,1,1,1,1,0,1,0,0,1,0,1,1,0,1,0,0,0,1,1,0,0,0,1,1,0,0,1,1,1,0,1,1,1,1,1
"TF616891",1,1,0,1,1,1,1,1,0,0,1,1,1,1,1,1,0,1,0,0,1,1,1,1,1,1,1,0,0,1,1,1,1,1,1,1,0,1,1,1,0,1,1,1,1
"TF617092",1,1,1,1,1,0,1,1,1,1,1,1,1,1,1,1,1,1,1,1,1,1,1,1,1,1,1,1,1,1,1,1,1,1,1,1,1,1,1,1,1,1,1,1,1
"TF617518",1,0,0,0,0,0,0,0,0,0,0,0,0,0,0,0,0,0,0,0,0,0,0,0,0,0,0,0,0,1,0,0,0,0,0,0,0,0,0,0,0,0,1,0,0
"TF617908",1,0,1,0,0,0,0,0,0,0,0,0,0,1,0,2,0,0,1,0,0,0,0,0,0,0,2,1,1,0,0,0,0,1,1,0,1,0,1,0,0,0,0,2,1
"TF618065",1,0,0,0,0,0,0,0,0,0,0,0,0,0,0,0,0,1,0,0,0,0,1,0,0,0,0,0,0,0,0,0,0,0,0,0,0,0,0,0,0,0,0,0,0
"TF618116",1,1,1,1,1,1,1,1,1,1,1,1,1,1,1,1,1,1,1,0,1,1,1,1,1,1,1,1,1,1,1,1,1,1,1,1,1,0,1,1,1,1,1,1,1
"TF618134",1,1,1,1,1,1,1,1,1,1,1,1,1,1,1,1,1,1,1,1,1,1,1,1,1,0,1,1,0,1,1,1,0,1,1,1,1,1,1,1,1,1,1,1,1
"TF618145",1,0,0,0,0,0,0,0,0,1,0,0,0,0,0,0,0,1,0,1,0,0,0,0,0,0,0,0,0,1,0,0,1,0,0,0,0,0,0,0,0,0,1,0,0
"TF618366",1,1,1,1,1,1,1,1,0,1,1,1,0,1,0,1,0,1,1,1,1,0,0,1,0,1,0,0,1,1,1,0,0,1,0,0,1,1,1,0,1,1,1,0,1
"TF618468",1,1,1,1,1,1,1,1,0,0,1,1,1,1,1,1,0,0,1,0,0,1,1,1,1,0,1,1,1,1,1,1,0,1,1,1,1,1,1,1,1,1,1,0,1
"TF618475",1,1,1,1,1,1,1,1,0,1,1,1,1,1,1,1,1,1,1,1,0,1,1,1,0,0,1,1,1,1,1,0,1,1,1,1,1,1,1,0,1,1,0,1,1
"TF618604",1,0,0,0,0,0,0,0,0,0,0,1,0,0,0,0,0,0,0,1,0,0,0,0,0,0,0,0,1,0,0,0,0,0,1,0,0,0,0,0,0,0,1,0,0
"TF618614",1,1,0,0,1,1,1,1,1,1,1,1,1,1,1,1,1,1,0,1,1,1,1,1,1,1,1,1,1,1,1,1,1,1,1,1,1,1,1,1,1,1,1,1,1
"TF619008",1,1,1,1,1,1,1,1,1,1,1,1,1,1,1,1,1,1,1,1,1,1,1,1,0,1,0,1,1,1,1,0,1,1,1,1,1,1,1,1,1,1,1,1,1
"TF619297",1,1,0,1,0,1,1,1,1,1,1,1,1,1,1,2,0,1,1,1,1,0,0,1,0,1,1,0,0,1,0,1,1,2,0,1,0,1,1,0,0,1,1,0,0
"TF619452",1,0,0,0,1,0,0,0,0,1,1,1,1,0,0,0,0,1,0,0,0,0,0,0,0,1,0,1,0,1,0,0,1,1,1,0,1,0,0,0,0,0,1,0,1
"TF619500",1,1,0,0,1,1,0,0,0,0,0,0,1,0,0,0,0,0,0,0,0,0,0,0,0,1,0,0,1,1,0,0,0,0,1,0,0,1,0,0,0,1,0,1,1
"TF619640",1,1,1,0,0,1,1,0,0,1,1,1,0,1,0,1,1,1,0,0,1,0,1,0,1,0,1,0,1,0,1,0,1,0,1,0,1,1,1,0,0,1,0,1,0
"TF619818",1,0,1,1,3,0,2,1,1,0,0,0,1,1,1,1,1,0,1,0,1,1,1,1,1,1,1,1,1,0,1,2,1,2,0,1,1,2,1,1,1,0,0,0,4
"TF620206",1,0,0,0,1,0,0,0,0,1,0,1,0,0,0,0,0,0,1,0,0,0,0,1,0,0,0,0,0,1,0,0,0,0,0,0,0,1,0,0,1,0,1,0,1
"TF620271",1,0,1,0,0,0,0,1,1,0,0,0,0,1,0,1,1,0,1,0,0,0,1,1,1,0,0,0,0,0,0,0,0,1,0,0,1,0,1,0,0,0,1,0,0
"TF620459",1,1,0,0,1,1,0,1,1,1,1,1,1,0,1,0,1,0,0,1,0,0,1,0,1,1,1,0,1,1,1,1,1,0,1,1,0,1,0,1,0,1,0,1,1
"TF620539",1,1,1,1,1,1,1,1,1,1,1,1,1,1,1,1,1,1,1,1,1,1,1,1,1,1,1,1,1,1,1,1,1,1,1,1,1,1,1,1,1,1,1,1,1
"TF620594",1,0,1,0,0,1,0,1,0,1,0,0,0,0,1,1,1,0,1,0,0,1,1,0,1,0,1,0,1,0,0,1,0,1,0,1,0,0,1,0,1,0,1,0,0
"TF621028",1,2,1,1,1,0,1,1,1,1,0,1,1,1,1,1,1,1,1,1,1,1,1,1,1,0,1,1,1,0,1,3,0,1,1,1,0,1,1,1,2,0,0,1,0
"TF621121",1,1,1,1,1,1,1,1,1,0,1,1,2,1,1,1,1,0,1,0,1,1,1,1,1,0,1,1,1,1,1,1,1,1,1,1,1,1,1,1,1,1,0,3,1
"TF621698",1,1,1,1,1,1,1,0,1,0,1,1,1,1,0,1,0,1,1,1,1,1,1,1,1,1,1,1,1,1,1,1,1,1,1,1,1,1,1,1,1,1,1,1,1
"TF621862",1,2,0,1,1,1,1,0,0,1,1,1,1,1,0,2,0,0,1,0,1,1,0,1,0,1,0,1,1,2,0,0,0,1,2,0,1,1,1,0,1,0,1,1,1
"TF621866",1,0,0,0,1,0,1,0,1,0,1,1,1,0,0,0,0,1,0,0,0,0,0,0,1,0,1,0,1,0,1,0,1,0,0,1,0,0,0,0,0,0,0,0,1
"TF621919",1,1,2,2,1,2,3,1,1,1,0,1,1,4,1,10,1,1,2,2,1,1,1,1,3,2,1,3,1,2,0,6,1,2,1,1,2,1,4,3,2,1,1,1,1
"TF621926",1,2,1,3,1,2,1,0,0,1,0,1,1,1,0,1,1,0,2,1,1,0,0,1,0,1,0,3,1,1,0,0,1,3,0,0,1,1,1,0,2,1,0,0,0
"TF621990",1,5,4,4,3,2,3,1,2,3,0,2,1,1,1,2,4,1,3,2,1,2,1,4,6,0,3,5,3,1,7,6,2,3,0,6,2,2,7,3,3,1,0,1,2
"TF622031",1,4,1,1,3,0,1,1,1,0,1,1,2,1,1,1,1,0,2,1,1,1,1,1,1,0,1,1,1,0,1,0,0,1,1,2,1,2,1,1,1,1,1,1,2
"TF622460",1,0,1,0,0,0,0,1,1,0,2,1,0,0,1,1,1,1,0,2,1,0,1,0,1,0,0,1,1,0,0,1,0,0,0,1,0,1,0,1,0,1,1,0,0
"TF622550",1,1,1,1,1,3,1,1,1,1,1,1,1,1,2,1,0,0,1,1,1,1,1,1,1,0,1,1,1,0,1,2,1,2,1,1,1,1,1,1,1,1,1,3,1
"TF622586",1,1,1,1,1,0,1,1,1,0,1,1,1,1,0,1,1,1,1,1,1,1,1,1,1,1,1,1,1,1,0,0,1,1,0,1,1,1,1,1,1,1,0,0,1
"TF622686",1,1,1,1,0,1,1,1,1,1,1,1,1,1,1,1,1,0,1,0,1,1,1,1,1,1,1,1,1,1,0,0,1,1,1,1,1,1,1,1,1,1,0,1,1
"TF622722",1,1,1,1,1,1,1,1,0,1,1,1,1,1,0,1,1,1,1,0,1,1,1,1,0,0,1,1,1,1,1,0,0,1,1,1,1,1,1,1,1,1,0,1,1
"TF622926",2,1,0,0,2,0,0,0,0,2,2,2,1,0,0,0,1,1,0,0,1,0,1,0,1,0,4,0,1,2,1,1,1,0,2,4,0,0,0,2,0,1,1,0,2
"TF623220",1,1,2,1,1,1,0,1,1,1,0,1,0,2,1,0,1,0,2,0,0,1,0,2,1,0,1,2,0,1,1,1,1,2,0,1,2,1,2,0,1,1,0,1,1
"TF623524",1,0,0,0,1,0,0,0,0,0,1,1,0,0,0,0,1,0,0,0,0,0,1,0,1,0,1,0,1,0,1,0,0,0,1,1,0,0,0,1,0,1,0,2,1
"TF623603",1,1,3,1,0,1,2,0,0,3,0,1,1,3,0,3,1,0,3,0,3,2,0,3,0,0,0,2,2,1,2,0,1,3,0,0,3,1,3,0,2,1,1,0,0
"TF623608",2,0,0,0,1,0,0,0,0,2,0,0,0,0,0,0,0,0,0,2,0,0,0,0,0,0,0,0,0,0,0,0,1,0,0,0,0,0,0,0,0,0,0,0,1
"TF623823",1,1,1,0,1,1,1,1,1,1,1,1,1,1,1,1,1,0,1,0,1,1,1,1,1,1,1,1,1,1,1,1,1,1,0,0,1,1,1,0,0,1,1,1,1
"TF623939",1,1,1,1,1,1,1,1,1,1,1,1,1,1,1,1,1,1,1,1,1,1,1,1,1,1,1,1,1,1,1,1,1,1,1,1,1,1,1,1,1,1,1,1,1
"TF623963",1,1,0,0,0,1,0,0,0,1,0,1,1,0,0,2,0,0,0,0,1,1,0,0,0,0,0,0,0,1,0,0,0,0,0,0,0,1,0,0,0,1,1,0,1
"TF623981",1,1,0,0,0,0,0,0,0,0,0,0,0,0,0,1,0,0,0,1,0,0,0,0,0,1,0,0,0,0,0,0,1,0,0,0,0,0,0,0,0,0,1,0,0
"TF624000",1,0,1,0,0,0,0,0,0,0,0,0,0,1,0,1,0,1,1,1,0,0,0,0,0,0,0,0,0,0,0,0,0,1,0,0,0,0,1,0,0,0,1,0,0
"TF624032",1,1,1,1,1,1,1,1,0,1,1,1,1,1,1,1,1,1,1,1,1,2,1,1,1,1,1,1,1,1,0,0,1,1,1,1,1,1,1,1,1,1,1,1,2
"TF624050",1,1,1,1,1,1,1,1,1,1,1,1,1,1,1,1,1,1,1,1,1,1,1,1,1,1,1,1,1,1,1,2,1,1,1,1,1,1,1,1,1,1,1,1,1
"TF624402",1,1,1,1,1,1,1,1,1,3,1,1,1,3,1,1,1,1,1,1,1,1,1,1,1,1,1,2,1,1,2,1,1,2,1,1,4,1,3,1,1,1,1,1,1
"TF624648",1,0,1,1,1,0,1,1,1,1,1,1,1,1,1,1,1,0,1,0,1,1,1,1,1,1,1,1,1,1,1,1,0,1,1,1,1,1,1,1,1,1,0,1,1
"TF624718",1,2,0,0,0,1,0,1,0,3,1,1,1,0,0,0,0,2,0,1,0,0,0,0,0,1,0,0,0,2,0,0,0,0,1,0,0,0,0,0,0,1,0,0,0
"TF624793",1,0,0,0,0,0,0,1,1,0,0,0,0,0,1,0,0,0,0,0,0,0,0,0,1,1,0,0,0,1,0,1,1,0,0,0,0,0,0,0,0,0,0,0,0
"TF625135",1,1,1,1,0,1,1,0,0,1,1,1,1,1,0,1,1,0,1,0,1,1,0,1,0,0,0,1,0,1,1,0,1,1,0,0,1,1,1,0,1,0,0,0,1
"TF625142",1,1,1,1,1,1,1,1,1,1,1,1,1,1,1,2,1,1,1,1,1,1,1,1,1,1,1,1,0,1,1,1,1,1,1,1,1,1,1,1,1,1,0,1,1
"TF625226",2,1,1,1,1,1,1,1,1,1,1,1,1,1,1,1,1,1,1,1,1,1,1,1,1,1,1,1,1,2,1,1,1,1,1,1,1,1,1,1,1,1,1,1,1
"TF625312",1,1,1,1,1,1,1,1,1,1,1,1,1,2,1,1,2,3,2,1,1,1,1,2,2,1,1,1,1,1,2,6,1,3,1,2,2,1,2,1,2,0,2,1,1
"TF625365",1,2,1,1,1,1,1,1,1,1,1,1,1,1,1,1,1,1,1,0,1,1,1,1,1,1,1,1,1,1,1,1,1,1,1,1,1,1,1,1,1,1,1,1,1
"TF625384",1,1,1,1,1,1,2,0,0,1,0,1,1,0,0,1,0,0,1,1,1,1,0,1,0,0,0,0,1,0,1,0,0,1,0,0,1,1,1,0,1,1,0,0,1
"TF625462",1,0,1,1,0,0,0,0,0,0,0,1,0,1,0,1,0,0,1,0,1,1,0,1,0,1,0,1,0,1,0,0,0,1,0,0,1,0,1,0,1,0,0,0,0
"TF626028",1,0,0,0,0,0,0,1,1,1,1,1,0,0,0,0,0,1,0,0,1,0,1,0,1,1,1,0,0,1,0,1,0,0,0,1,0,0,0,0,0,1,0,0,0
"TF626399",1,1,1,1,1,1,0,1,1,1,1,1,1,1,1,1,1,1,1,1,1,1,1,1,1,1,1,1,1,1,1,1,1,1,1,1,1,1,1,1,1,1,1,1,1
"TF626564",2,0,0,0,0,0,0,0,0,0,0,0,0,0,0,0,0,1,0,0,0,0,0,0,0,1,0,0,0,0,0,0,0,0,0,0,0,0,0,0,0,1,1,0,1
"TF627028",1,1,1,1,0,0,1,1,1,1,0,1,1,1,1,1,1,1,1,1,1,1,1,1,1,0,1,1,1,1,0,0,1,1,1,1,1,1,1,1,1,0,0,1,0
"TF627061",1,1,1,1,1,0,1,0,0,0,0,1,1,1,0,1,0,0,1,0,1,1,0,1,0,0,0,0,0,0,0,0,0,1,0,0,1,0,1,0,1,1,1,0,0
"TF627129",1,0,0,0,0,0,0,0,0,0,0,0,0,0,0,0,0,0,0,0,0,0,1,0,0,1,0,0,0,0,0,0,0,0,0,0,0,0,0,0,0,0,0,0,0
"TF627358",2,1,1,1,1,2,1,1,1,1,1,1,1,1,1,1,1,1,1,1,1,1,1,1,1,1,1,1,1,1,1,2,1,1,1,3,1,1,1,1,1,1,1,1,1
"TF627680",1,1,1,1,1,1,1,1,1,1,1,1,1,1,1,1,0,1,1,1,1,1,1,1,1,1,1,1,1,1,0,1,1,1,0,1,1,1,1,1,1,1,1,0,1
"TF627737",1,1,0,1,1,2,1,1,1,1,1,1,1,2,3,1,1,1,1,1,1,1,1,1,1,1,1,1,1,1,1,1,1,1,1,1,2,1,2,1,2,1,1,2,1
"TF628574",1,1,1,2,1,1,1,1,1,1,1,1,1,1,1,1,1,1,1,1,1,1,1,1,1,1,1,1,1,1,1,1,1,1,1,1,1,1,2,2,1,1,1,1,2
"TF628705",1,1,1,1,1,1,2,1,1,0,1,1,1,1,1,1,1,1,1,1,0,0,1,0,1,0,1,1,0,1,1,1,1,1,1,1,1,2,1,0,1,0,0,0,1
"TF628867",1,1,1,1,1,1,1,1,1,1,1,1,1,1,1,1,1,1,1,0,1,1,1,1,1,1,1,1,1,1,0,1,1,1,1,1,1,1,1,1,1,1,1,1,1
"TF629171",1,1,1,1,1,1,1,1,1,1,1,1,1,1,0,1,1,1,1,1,0,0,1,1,0,0,2,1,1,1,1,1,1,1,0,1,1,1,1,1,1,1,0,0,1
"TF629189",1,1,0,1,0,1,2,1,1,0,1,1,1,0,1,0,1,1,1,1,1,1,1,1,1,0,1,0,1,0,0,1,1,1,0,1,0,0,0,1,0,1,0,0,0
"TF629374",1,2,4,2,5,6,4,1,2,5,1,1,2,5,10,1,4,4,4,4,1,3,1,4,3,2,1,5,2,8,10,8,6,5,2,2,4,2,5,2,5,3,1,1,6
"TF629672",1,0,1,1,1,1,1,0,0,0,1,1,1,0,0,1,0,0,1,1,0,1,1,1,0,1,1,1,1,1,1,1,0,1,0,0,1,1,1,0,1,1,0,0,1
"TF629721",1,3,1,1,1,1,1,1,0,1,0,0,1,1,0,1,0,1,1,1,1,1,0,1,0,1,0,1,1,1,0,0,1,1,0,0,1,1,1,0,1,1,0,0,1
"TF629727",2,1,3,2,1,3,2,1,1,3,1,1,2,3,1,1,2,2,3,2,3,1,1,2,0,2,2,3,1,2,2,3,2,5,1,1,2,1,3,1,2,2,1,1,1
"TF629754",1,1,1,1,1,1,1,1,1,1,1,1,1,1,1,1,1,1,1,1,1,1,1,1,1,1,1,1,1,1,1,1,1,1,1,1,1,1,1,1,1,1,1,1,1
"TF629949",1,1,0,0,1,1,0,0,0,2,1,1,0,0,0,0,1,1,0,1,0,1,1,0,1,1,1,0,1,1,1,0,1,0,1,1,0,0,0,1,0,0,0,1,1
"TF630158",1,1,1,1,1,2,1,0,1,0,1,1,1,1,1,1,1,1,1,0,1,1,1,1,1,1,1,1,1,0,0,0,1,1,1,1,1,1,1,1,1,1,0,1,1
"TF630457",1,1,1,1,1,1,1,1,1,1,1,1,1,1,1,1,1,1,1,0,1,1,1,1,1,1,1,1,1,1,1,1,1,1,1,1,1,1,1,1,1,1,0,2,1
"TF630938",1,0,0,0,1,0,0,1,1,1,0,0,1,0,0,1,0,0,1,1,1,1,1,1,1,0,1,1,1,0,1,0,0,1,0,1,1,1,1,1,0,1,0,0,0
"TF631275",1,1,1,0,1,1,1,0,0,0,0,1,1,1,0,1,0,1,1,1,1,0,0,1,0,0,0,0,1,1,0,0,1,0,0,0,1,0,1,0,1,1,0,0,1
"TF631608",1,1,1,2,1,1,1,1,1,1,1,1,1,2,1,2,1,1,2,1,1,1,1,1,1,1,1,1,1,1,1,2,1,1,1,1,1,2,1,1,1,1,1,1,1
"TF631636",1,0,0,0,0,0,0,0,0,1,0,0,0,0,0,0,0,1,0,1,0,0,0,0,0,0,0,0,0,1,0,0,1,0,0,0,0,0,0,0,0,0,0,0,0
"TF631905",1,1,0,0,0,1,0,0,0,0,1,1,0,0,0,0,0,0,0,0,0,0,0,0,0,0,0,0,0,1,1,0,0,0,0,0,0,0,0,0,0,1,0,0,1
"TF632197",2,1,1,0,2,0,1,1,0,0,1,1,0,0,0,0,1,1,1,1,1,0,1,0,1,1,1,1,2,1,2,0,1,1,0,1,0,1,0,1,0,1,0,0,2
"TF632329",1,1,0,0,1,1,0,0,0,0,0,1,0,0,0,0,1,1,0,1,0,1,0,0,0,1,1,0,0,2,0,0,0,0,1,0,0,0,0,1,0,1,0,1,1
"TF632404",1,1,1,1,1,1,1,1,1,1,1,1,1,2,3,1,1,1,1,1,1,1,1,2,1,1,1,1,1,1,1,1,1,1,1,1,2,1,3,1,1,1,1,1,1
"TF632565",1,1,1,1,1,1,1,1,1,1,1,1,1,1,1,1,1,0,1,0,1,1,1,1,1,1,1,1,1,1,1,1,0,1,1,1,1,1,1,1,1,1,0,1,1
"TF632948",2,2,2,2,2,2,2,2,2,2,2,2,2,2,2,3,2,2,2,2,2,2,2,2,2,2,2,2,2,2,1,2,2,2,2,2,2,2,2,2,2,2,2,3,2
"TF633103",1,0,1,1,1,0,1,1,0,1,1,1,1,1,1,1,1,0,1,2,1,1,1,1,1,1,1,2,1,0,1,1,0,1,1,1,1,1,1,0,1,1,0,0,1
"TF633155",1,1,1,2,1,2,1,1,1,1,1,0,0,1,1,1,1,1,1,1,1,1,1,1,0,0,1,2,1,2,0,3,1,1,1,1,1,1,1,1,1,1,1,1,1
"TF633601",1,1,1,1,1,1,1,1,1,1,1,1,1,1,1,1,1,1,1,1,1,1,1,1,1,1,1,0,1,1,1,1,1,1,1,0,1,1,1,1,1,1,0,1,1
"TF633630",1,0,0,0,0,0,1,0,0,1,0,0,0,0,0,0,0,0,0,0,1,0,0,0,0,0,0,0,0,1,0,0,0,0,0,0,0,0,0,0,1,0,1,0,0
"TF633706",1,0,0,0,0,0,0,0,0,0,0,0,0,0,0,0,0,0,0,0,0,0,0,0,0,0,0,0,1,0,0,0,0,0,0,0,0,1,0,0,0,0,1,0,0
"TF633755",1,1,1,1,1,1,1,1,1,1,1,1,1,1,1,1,1,1,1,1,1,1,1,1,1,1,1,1,1,1,1,3,1,1,1,1,1,1,1,1,1,1,1,1,1
"TF633983",1,1,0,0,1,1,1,1,1,1,0,0,1,0,0,0,1,1,1,1,1,0,1,1,0,1,1,0,1,1,1,1,0,1,0,1,0,1,0,1,0,1,0,0,1
"TF634019",1,0,0,0,0,0,0,0,0,0,0,0,0,0,0,2,0,0,0,0,0,0,1,0,0,0,0,0,0,0,0,0,0,0,0,0,0,0,0,0,0,0,0,0,0
"TF634122",1,0,0,1,0,0,0,0,0,1,0,0,0,0,0,0,0,0,0,0,0,0,1,0,0,0,0,0,0,0,0,0,0,0,0,0,0,0,0,0,0,1,1,0,0
"TF634212",1,1,0,0,1,1,0,1,0,1,0,1,1,0,0,0,0,1,0,1,0,0,1,0,1,1,1,0,0,1,1,0,0,0,0,1,0,0,0,1,0,1,0,0,1
"TF634275",1,1,0,0,2,1,0,0,0,0,1,1,1,0,2,0,0,0,0,1,0,0,0,0,0,0,0,0,0,1,0,0,0,0,1,1,0,1,0,0,0,1,1,0,1
"TF634306",1,1,1,1,3,1,1,1,1,1,2,1,1,1,1,1,1,0,1,0,0,1,1,1,0,0,1,1,1,1,1,1,0,1,1,2,1,1,1,0,1,1,0,1,5
"TF634832",1,1,1,1,1,1,0,0,1,0,1,1,1,1,0,1,1,0,1,0,1,1,1,1,1,0,1,0,1,1,1,0,0,1,1,1,1,1,1,0,1,0,0,0,1
"TF634875",1,1,1,1,1,1,1,1,1,1,1,1,1,0,1,1,1,1,2,1,2,1,1,1,1,1,1,1,1,1,0,1,1,1,1,1,1,1,1,1,1,1,1,1,1
"TF634961",1,0,0,0,1,0,0,0,0,0,0,0,0,0,0,1,0,1,0,0,1,0,0,0,0,1,0,0,0,0,1,0,0,0,0,0,0,0,0,0,1,0,0,1,0
"TF635036",1,1,0,1,1,1,1,0,1,1,0,1,1,0,1,1,1,1,1,1,1,1,1,1,1,1,1,1,1,1,1,1,1,1,1,1,1,1,1,1,1,1,1,1,1
"TF635443",1,0,0,0,0,1,1,0,0,0,0,0,1,0,0,1,0,1,0,0,0,0,0,0,0,0,0,0,0,0,0,0,0,0,0,0,0,0,0,0,0,0,0,0,1
"TF635588",1,1,0,1,0,0,0,0,0,2,0,0,0,0,0,1,0,0,0,0,0,0,0,0,0,1,0,0,1,0,0,0,1,1,1,0,1,1,0,0,0,1,0,2,0
"TF635605",1,2,1,2,1,2,2,2,2,1,1,1,1,2,2,2,2,2,2,1,2,1,2,1,2,0,3,2,1,1,2,2,2,2,2,2,2,1,2,2,2,1,2,0,2
"TF635661",1,0,0,0,0,1,0,0,1,0,0,0,1,0,1,1,1,1,0,0,0,0,1,0,0,0,1,0,0,0,1,1,0,0,0,0,0,1,0,1,2,1,1,0,0
"TF635670",2,0,3,5,0,1,2,5,1,3,1,0,1,1,2,1,0,3,6,5,1,2,0,7,3,4,4,7,0,2,4,4,1,6,2,1,7,1,6,3,5,0,0,1,1
"TF636068",1,1,1,1,1,1,1,1,1,1,1,1,1,0,1,1,1,1,1,1,1,1,1,1,1,1,1,1,1,1,1,1,0,1,1,1,1,1,1,1,1,1,1,1,1
"TF636213",1,2,1,1,1,1,1,1,1,1,1,1,1,1,2,1,1,1,1,1,1,1,1,1,1,1,1,1,1,1,1,1,1,1,1,1,1,1,1,1,1,1,1,1,1
"TF637125",1,1,0,0,0,0,1,0,0,0,1,1,1,1,1,1,1,1,1,1,0,0,1,1,1,0,1,1,1,0,1,0,0,1,0,1,1,1,1,1,1,0,0,0,1
"TF637152",1,5,1,1,1,1,1,1,1,1,1,2,1,2,1,5,0,1,1,1,1,1,1,1,1,1,1,3,1,2,1,1,1,1,0,1,0,1,1,1,1,1,1,0,1
"TF637330",1,1,0,0,1,1,0,0,0,1,1,1,1,0,0,0,0,0,0,2,0,0,1,0,1,1,1,0,1,1,0,0,1,0,0,1,0,0,0,1,0,0,0,0,1
"TF637359",1,0,1,1,1,1,1,1,1,1,1,1,1,1,1,1,1,0,1,1,1,1,1,1,0,1,1,1,1,1,1,1,1,1,1,1,1,1,1,1,1,1,1,1,1
"TF637364",1,1,1,1,2,1,1,1,1,2,1,1,1,1,1,1,1,1,1,1,1,1,0,1,0,1,0,2,1,1,1,1,0,1,1,0,2,1,3,0,1,1,1,1,1
"TF637672",1,1,0,0,1,1,0,0,0,1,0,0,1,0,0,0,1,0,0,0,0,0,1,0,1,1,0,0,1,1,1,0,0,0,0,1,0,1,0,1,0,1,0,0,1
"TF637955",1,0,0,0,0,0,0,0,0,1,0,0,1,0,0,1,0,0,0,0,0,0,1,0,0,0,1,0,0,0,0,0,1,0,0,1,1,0,1,1,0,0,0,0,0
"TF638058",1,1,1,1,1,1,1,0,1,1,1,1,1,1,0,1,1,1,1,1,1,1,1,1,1,1,1,0,1,1,1,0,1,1,1,0,1,1,1,1,1,1,1,1,1
"TF638404",1,1,1,1,1,1,1,1,1,1,1,1,1,1,1,1,1,1,1,1,1,1,1,1,1,1,1,1,1,1,1,1,1,1,1,1,1,1,1,1,1,1,1,1,1
"TF638422",1,1,3,1,3,1,2,1,1,2,1,1,1,2,1,2,1,1,2,2,0,1,1,1,0,1,1,1,1,1,1,2,1,3,1,1,2,2,3,1,1,1,1,2,2
"TF638465",1,1,1,1,1,1,1,1,1,1,1,1,1,1,1,1,1,1,1,1,1,1,1,1,1,1,1,1,1,1,1,1,1,1,1,1,1,1,1,1,1,1,1,1,1
"TF638512",1,1,1,2,1,1,2,1,1,2,1,1,1,1,1,1,1,1,1,0,0,2,2,1,1,0,1,1,1,1,1,1,1,1,2,0,1,1,1,1,1,1,1,1,0
"TF638532",1,1,1,1,1,1,1,0,0,1,1,1,1,1,0,1,0,0,1,1,1,1,0,1,0,1,0,1,1,1,0,0,1,1,1,0,1,0,1,0,1,1,1,1,1
"TF638753",1,1,1,1,1,1,1,1,1,1,1,1,1,1,1,1,1,1,1,1,1,1,1,1,1,1,1,1,1,1,1,1,1,1,1,1,1,1,1,1,1,1,1,1,1
"TF638765",1,0,0,0,0,0,1,0,0,0,0,0,0,0,0,1,0,1,0,0,0,0,1,0,0,0,0,1,1,0,1,0,0,0,0,0,0,0,0,1,0,0,1,0,0
"TF638846",1,1,1,1,0,1,1,0,0,1,1,1,1,1,1,5,1,0,1,1,1,1,0,1,1,0,1,2,1,1,1,0,0,1,0,1,0,1,1,0,1,1,0,0,1
"TF639051",1,0,1,0,1,1,0,0,0,0,1,1,0,0,0,1,0,1,1,0,0,0,1,0,1,0,1,0,0,1,1,0,1,1,0,1,0,0,0,1,0,0,0,0,1
"TF639423",1,1,0,0,0,1,1,0,0,0,0,0,1,0,0,1,0,0,1,0,1,0,0,1,0,0,0,0,1,0,0,0,0,1,0,0,1,1,1,0,0,1,0,0,1
"TF639472",1,1,0,0,1,1,0,1,1,0,0,0,1,0,1,0,1,0,0,0,0,0,1,0,1,0,0,0,0,1,1,1,1,0,0,0,0,1,0,1,0,0,0,0,1
"TF639625",1,0,0,0,0,1,0,0,0,0,0,0,0,0,0,0,0,0,0,0,0,1,0,0,0,0,1,0,0,0,0,0,0,0,1,0,0,1,0,0,0,0,0,0,0
"TF639929",1,0,1,0,1,0,1,0,0,0,0,0,1,1,0,1,0,0,1,0,1,0,1,1,0,2,0,1,0,0,0,0,1,1,0,1,1,0,1,1,1,1,0,0,0
"TF640029",1,1,1,2,1,1,1,1,1,1,1,1,1,1,2,1,1,1,1,1,1,1,1,1,0,1,1,1,1,1,1,3,1,1,1,1,1,1,1,1,1,1,1,1,1
"TF640431",1,0,0,0,0,0,0,0,0,0,0,0,0,0,0,1,0,0,0,0,0,0,0,0,0,0,0,0,0,0,0,0,0,0,0,0,0,0,0,0,0,0,0,0,0
"TF641211",1,0,1,1,1,1,1,1,1,1,1,1,0,1,0,1,0,0,1,0,0,1,0,1,0,0,1,1,1,1,1,1,1,1,1,1,1,0,1,0,1,0,0,1,1
"TF641400",1,1,2,1,1,1,0,1,1,1,1,1,1,2,2,1,1,1,2,1,1,1,1,2,1,1,1,2,1,1,1,1,1,2,1,1,2,1,2,1,1,1,1,1,1
"TF641441",1,0,0,0,0,0,0,0,0,0,0,0,0,0,0,0,0,0,0,0,0,0,0,0,0,0,0,0,0,0,0,0,0,0,0,0,0,0,0,0,0,0,1,0,0
"TF641847",2,1,3,1,1,2,1,1,1,3,1,3,1,3,1,1,1,1,1,2,2,2,1,1,1,2,1,3,2,0,1,5,2,2,1,2,2,1,2,1,1,1,1,2,1
"TF641996",1,0,0,0,0,0,0,1,1,0,0,0,0,0,0,0,0,1,0,0,0,1,1,0,1,1,1,0,1,0,0,0,1,0,0,1,0,0,0,1,0,0,1,0,0
"TF642409",1,0,0,0,0,0,0,0,0,1,0,0,0,0,0,0,1,0,0,0,0,0,0,0,0,1,0,0,0,0,0,0,0,0,0,0,0,0,0,0,0,0,0,0,0
"TF642599",1,1,1,1,2,1,1,1,1,1,1,1,1,1,1,1,1,0,1,1,1,1,1,1,2,1,1,1,1,1,1,0,1,1,1,1,1,1,1,1,1,1,1,1,1
"TF642663",1,0,0,0,0,1,0,0,0,1,0,1,0,0,0,0,0,0,0,0,0,0,1,0,1,1,0,0,0,1,1,0,0,0,0,1,0,0,0,1,0,0,0,0,1
"TF642749",1,1,1,1,1,1,0,1,1,1,1,1,1,1,1,1,1,0,0,0,1,1,1,0,1,0,0,1,1,0,1,1,1,1,1,0,1,1,2,1,1,1,1,0,2
"TF642760",1,1,1,1,2,1,1,1,1,1,1,1,1,1,1,1,1,1,1,1,1,1,1,1,1,1,1,1,1,1,0,1,1,1,1,1,1,1,2,1,1,1,1,1,2
"TF642798",1,1,0,0,1,0,0,0,0,1,0,0,1,0,0,0,0,1,0,1,0,0,0,0,0,0,0,0,0,0,0,0,0,0,0,0,0,0,0,0,0,1,0,0,0
"TF642820",1,0,0,0,0,0,0,1,1,1,0,0,0,0,0,0,1,0,0,0,0,0,1,0,1,1,1,0,0,0,0,1,0,0,0,1,0,0,0,0,0,0,0,0,0
"TF642861",1,0,0,0,0,0,0,0,0,0,0,0,0,0,0,0,0,1,0,1,0,0,0,0,0,0,0,0,0,2,0,0,0,0,0,0,0,0,0,0,0,0,0,0,0
"TF643252",1,2,1,1,1,1,1,2,1,1,1,1,1,1,5,1,1,1,1,1,1,1,1,1,1,1,1,1,1,1,1,2,1,1,1,1,1,1,1,1,1,1,1,1,1
"TF643279",1,1,0,0,0,0,0,0,0,1,0,0,0,0,0,1,0,0,0,0,0,0,1,0,0,0,2,0,0,0,0,0,0,0,0,0,0,0,0,0,0,0,0,0,0
"TF643369",1,1,1,1,1,2,1,1,1,1,1,1,1,1,1,1,1,1,1,0,1,1,1,1,1,1,0,1,1,1,1,1,1,1,1,1,1,1,1,1,1,1,1,1,1
"TF643436",1,1,1,2,1,1,1,1,1,1,1,1,1,1,1,1,1,1,1,1,1,1,1,1,1,1,1,1,1,1,1,1,1,1,1,1,1,1,1,1,1,1,1,1,1
"TF643794",1,1,1,1,1,1,1,1,1,1,1,1,1,1,1,1,1,1,1,1,1,1,1,1,0,1,1,1,1,1,1,0,1,1,1,1,1,1,1,1,1,1,1,1,1
"TF644181",1,1,1,1,1,1,1,1,1,1,1,1,1,1,1,1,1,1,1,1,1,0,1,1,1,1,1,1,1,1,1,1,1,1,1,1,0,1,1,1,1,1,1,0,1
"TF644295",1,2,1,1,1,3,1,1,1,1,1,1,1,1,1,1,1,1,1,1,1,1,1,1,1,1,1,0,1,1,1,1,1,1,1,1,1,1,2,1,1,1,1,1,1
"TF644304",1,0,0,1,1,0,1,1,0,0,0,0,1,1,1,1,1,1,1,0,1,1,2,1,1,0,2,0,1,0,1,2,2,1,1,1,1,0,1,2,1,0,1,1,0
"TF644338",1,1,1,1,1,0,1,0,0,0,0,1,1,1,0,1,1,0,1,1,1,1,1,1,1,1,0,1,1,1,1,0,0,1,1,1,1,1,1,1,1,1,1,1,1
"TF645057",1,0,1,1,1,1,1,0,1,1,0,1,1,1,0,1,1,1,1,0,1,1,1,1,1,1,2,1,1,0,1,1,1,1,0,1,1,1,1,2,1,1,0,0,1
"TF645384",1,2,3,4,1,5,2,2,1,1,1,1,1,3,3,1,1,1,2,1,1,2,1,2,2,0,1,3,1,1,2,2,0,2,3,1,2,1,2,1,4,1,1,3,1
"TF645663",1,1,1,0,1,1,1,1,1,1,1,1,1,1,1,1,1,1,1,1,1,1,1,1,1,1,1,1,1,1,1,1,1,1,1,1,1,1,1,1,1,1,1,1,1
"TF645735",1,1,1,1,1,1,1,1,1,1,1,1,0,1,1,1,1,1,1,1,1,0,1,1,1,1,1,1,1,0,1,1,1,1,1,1,1,0,1,1,1,1,0,0,1
"TF645853",1,0,0,0,0,0,0,0,0,0,0,0,0,0,0,0,0,0,0,1,0,0,0,0,0,0,0,0,0,1,0,0,0,0,0,0,0,0,0,0,0,0,1,0,0
"TF646335",1,1,1,1,1,1,1,1,1,1,1,1,2,1,1,1,1,1,1,0,1,1,0,1,0,1,1,1,1,2,1,0,1,1,0,0,1,2,3,0,1,1,1,0,1
"TF646771",1,1,1,1,1,1,1,1,1,1,1,1,1,2,2,1,1,1,1,1,1,2,1,2,1,0,1,3,1,1,1,1,1,1,1,3,3,1,3,1,1,0,1,1,1
"TF646880",1,1,1,1,1,1,1,1,1,1,1,1,1,1,1,1,1,1,1,1,1,1,1,1,1,1,1,1,1,0,1,1,1,1,1,1,1,1,1,1,1,1,1,1,1
"TF647031",1,1,0,0,0,0,1,0,0,0,1,1,1,0,0,1,0,0,0,0,0,0,1,0,0,0,1,0,1,0,1,0,0,0,0,1,0,0,0,1,0,0,0,0,1
"TF647084",1,0,0,0,0,0,0,0,0,0,0,0,0,0,0,0,0,1,0,0,0,0,0,0,0,0,0,0,0,0,0,0,1,0,0,0,0,0,0,0,0,0,0,0,0
"TF647153",1,1,1,1,1,1,1,1,1,0,1,1,1,1,1,1,1,1,1,1,1,1,1,1,1,0,1,1,1,1,0,0,1,1,0,1,1,1,1,1,1,1,1,0,1
"TF647166",1,0,0,0,0,1,1,1,0,1,1,0,0,0,0,1,0,1,0,1,0,0,1,0,0,0,2,0,0,1,1,1,0,0,1,0,1,0,0,0,1,1,0,1,1
"TF647216",1,0,0,0,0,0,0,0,0,0,0,0,0,1,0,1,0,0,0,0,0,0,0,0,0,0,0,1,0,0,0,0,0,0,0,0,1,0,1,0,0,0,0,0,0
"TF647306",1,0,0,1,1,0,0,0,0,0,1,1,1,1,0,1,0,0,1,0,1,1,1,1,0,1,1,1,1,1,1,0,1,1,0,1,1,1,1,0,1,1,0,0,0
"TF647368",1,1,1,1,1,1,1,1,1,1,1,1,1,1,1,2,1,1,1,1,1,1,1,1,1,1,1,1,1,1,1,2,1,1,1,0,1,1,1,2,1,1,1,1,1
"TF648377",1,1,0,0,0,0,0,1,1,0,0,0,0,1,0,1,0,1,1,1,0,1,0,1,0,0,0,1,0,0,1,0,1,1,0,0,0,0,0,0,0,0,0,0,1
"TF648710",1,1,1,1,1,1,1,1,1,1,1,1,1,1,1,1,1,1,1,1,1,1,1,1,1,1,1,1,1,1,1,2,1,1,1,1,1,1,1,1,1,1,1,1,1
"TF649317",1,0,1,1,1,0,1,0,1,0,1,1,2,1,0,2,0,0,1,2,2,0,1,0,1,1,1,0,1,0,1,0,0,2,0,2,2,1,1,1,0,0,0,0,1
"TF649338",1,0,1,0,1,1,0,0,0,0,1,0,0,1,0,1,0,0,1,0,0,0,0,1,0,0,0,1,0,0,0,0,0,1,1,0,1,0,1,0,0,0,0,0,0
"TF649686",1,0,1,0,1,0,0,0,0,0,0,0,0,0,0,0,0,0,1,0,1,0,1,1,0,0,0,0,0,1,0,0,1,1,0,0,0,1,0,0,0,0,0,0,1
"TF649937",1,0,0,0,0,0,0,1,1,0,0,0,0,0,1,1,0,1,0,0,0,0,1,0,1,0,0,0,0,0,0,1,1,0,0,0,0,0,0,0,0,0,0,0,0
"TF650013",1,1,1,1,1,1,3,1,1,2,1,1,1,1,1,1,1,1,1,1,1,1,2,1,2,0,2,1,1,1,1,3,1,1,1,1,1,1,2,1,1,1,1,0,1
"TF650030",1,0,0,0,0,0,0,0,0,1,0,0,0,0,0,0,0,0,0,0,0,0,0,0,0,1,0,0,0,1,0,0,0,0,0,0,0,0,0,0,0,0,0,0,0
"TF650212",1,1,0,0,0,0,2,1,0,0,1,1,1,0,2,0,1,0,0,3,0,0,2,0,2,0,2,0,1,0,1,1,0,0,0,2,0,0,0,2,0,1,0,0,1
"TF650265",1,0,0,0,0,0,0,0,0,0,0,0,0,0,0,0,0,0,0,0,0,0,0,0,0,0,0,0,0,0,0,0,0,0,0,0,0,0,0,0,0,0,0,0,0
"TF650600",1,1,1,1,1,1,1,1,1,1,1,1,1,1,1,1,1,1,1,0,1,1,1,1,1,2,2,1,1,1,0,1,1,1,1,1,1,1,1,1,1,1,1,1,1
"TF650716",1,2,0,0,1,1,1,1,0,0,1,1,0,0,0,0,1,0,0,1,0,0,1,0,1,0,1,0,0,1,0,1,0,0,0,1,0,1,0,1,0,1,0,0,1
"TF651886",1,0,0,0,0,1,0,0,0,0,1,1,0,1,0,1,0,0,0,0,1,1,1,0,0,1,1,0,0,1,0,0,0,0,0,0,0,0,0,0,0,0,0,1,1
"TF652179",1,1,1,1,1,1,1,1,1,1,1,1,1,1,1,1,1,1,1,1,1,1,1,1,1,1,1,1,1,1,1,1,1,1,1,1,1,1,1,1,1,1,1,1,1
"TF652559",1,0,1,1,0,0,1,0,0,0,0,1,1,2,0,1,0,0,1,0,0,1,1,1,0,0,0,1,0,1,1,1,1,1,0,0,2,0,2,0,0,0,0,0,1
"TF652584",1,0,0,0,0,0,0,0,0,1,0,0,0,0,0,0,0,0,0,0,0,0,0,0,0,0,0,0,0,0,0,0,0,0,0,0,0,0,0,0,0,0,0,0,0
"TF652809",1,1,1,1,0,1,1,1,1,0,1,1,1,1,1,1,1,0,1,1,1,1,1,1,1,0,1,1,1,1,1,1,0,1,0,1,0,1,1,1,1,1,0,1,1
"TF652946",1,0,0,0,0,0,0,0,0,0,0,0,0,0,0,0,0,0,0,0,0,0,0,0,0,1,0,0,0,0,0,0,0,0,0,0,0,0,0,0,0,0,0,0,0
"TF653403",1,0,0,0,0,0,0,0,0,1,0,0,0,0,0,0,0,1,0,0,0,0,0,0,0,0,0,0,0,0,0,0,0,0,0,0,0,0,0,0,0,0,0,0,1
"TF653440",1,0,0,0,1,0,0,0,0,1,0,0,1,0,0,0,0,0,0,0,0,0,1,0,0,0,2,0,0,1,0,0,0,0,0,0,0,0,0,2,0,0,0,0,0
"TF653530",1,0,1,0,1,0,1,1,1,2,0,0,0,0,0,0,1,1,0,1,0,0,0,0,0,0,0,0,0,1,0,0,1,0,0,0,1,0,0,0,1,0,0,0,1
"TF653682",1,1,0,0,0,1,0,0,0,1,1,0,0,0,0,0,0,0,0,1,0,0,0,0,0,0,1,0,0,0,0,0,0,0,0,0,0,0,0,0,0,0,0,0,1
"TF653719",1,1,0,0,1,1,0,0,0,0,1,1,1,0,0,0,0,0,0,1,0,0,0,0,0,0,0,0,1,1,0,0,0,0,0,0,0,0,0,0,0,1,0,0,1
"TF653962",1,0,0,0,0,0,0,0,0,0,0,0,0,0,0,0,0,0,0,0,0,0,0,0,0,0,0,0,0,1,0,0,1,0,0,0,0,0,0,0,0,0,0,0,0
"TF654291",1,0,0,0,1,0,0,0,0,1,0,0,0,0,0,0,0,0,0,4,0,0,0,0,0,0,0,0,0,1,0,0,2,0,0,0,0,0,0,0,0,0,0,0,1
"TF654510",1,0,1,0,1,0,0,0,0,1,0,0,0,0,0,0,0,1,0,0,0,0,0,0,0,0,0,0,0,0,1,0,0,0,0,0,1,0,0,0,0,0,0,0,0
"TF654608",1,4,1,0,1,0,1,0,0,1,1,1,1,1,0,2,0,0,1,1,1,0,0,1,0,0,0,1,1,0,1,0,0,1,0,0,1,1,1,0,1,1,0,0,1
"TF654656",1,1,1,1,1,1,1,1,1,1,1,1,1,1,1,1,1,1,1,1,1,1,1,1,1,1,1,1,1,1,0,1,1,1,1,1,1,1,1,1,1,0,0,0,1
"TF654819",1,0,1,1,0,0,1,0,0,1,0,0,0,1,0,1,0,1,1,1,0,1,0,1,0,0,0,1,1,0,0,0,1,1,0,0,1,1,1,0,1,1,0,0,0
"TF655022",1,1,1,1,0,1,0,1,1,0,0,1,1,1,0,5,1,1,1,1,1,1,1,1,1,1,0,1,0,1,0,0,0,2,0,1,1,0,1,1,1,1,0,0,1
"TF655213",1,1,1,1,1,1,1,1,1,1,1,1,1,1,1,1,1,1,1,1,1,0,1,1,1,0,1,1,1,1,1,1,1,1,1,1,1,1,1,1,1,1,1,1,1
"TF655364",1,1,1,1,0,1,1,1,1,1,1,1,1,1,1,1,1,0,1,1,1,1,1,1,1,1,1,1,0,1,1,1,1,1,1,1,1,1,1,1,1,1,0,1,1
"TF655408",1,1,1,1,1,1,1,1,1,1,1,1,1,1,1,1,1,1,1,1,1,1,1,1,1,1,1,1,1,1,1,1,2,1,1,1,1,1,1,1,1,1,1,1,1
"TF655513",1,0,1,1,1,1,1,1,1,1,1,1,1,1,1,2,1,1,1,1,1,1,1,1,1,1,1,1,1,0,0,1,1,1,1,1,1,1,1,1,1,1,1,1,1
"TF655756",1,0,0,0,0,0,0,0,0,1,0,0,1,1,0,1,0,0,0,0,0,1,2,0,0,0,1,1,0,0,0,0,0,0,0,1,1,0,0,0,0,0,0,0,1
"TF656058",1,1,1,1,1,2,2,1,1,1,1,1,1,1,1,1,1,1,0,1,0,1,1,1,1,1,1,1,1,1,2,2,0,0,2,0,1,1,1,1,2,1,0,1,0
"TF656097",1,1,1,1,1,1,1,1,1,1,1,1,1,1,1,1,0,1,1,2,1,1,1,1,1,1,1,1,1,1,1,1,1,1,0,1,1,1,1,1,1,0,1,1,1
"TF656264",1,0,0,0,0,0,0,0,0,0,0,0,0,0,0,0,0,0,0,0,0,0,0,0,0,0,0,0,0,0,0,0,0,0,0,0,0,0,0,0,0,0,0,0,0
"TF656289",1,2,1,2,2,2,1,1,1,2,1,1,1,1,2,1,1,1,1,1,1,2,1,1,1,1,1,1,1,1,1,1,1,2,1,1,1,1,1,1,2,1,1,1,1
"TF656340",1,1,1,1,1,1,1,1,1,1,1,1,1,2,1,1,1,1,1,2,1,1,2,1,0,1,0,1,1,0,1,1,1,1,0,0,1,1,1,1,2,1,1,0,1
"TF656627",1,0,0,0,0,1,0,0,0,0,0,0,0,0,0,0,0,1,0,0,0,0,0,0,0,1,0,1,0,2,0,0,0,0,0,0,1,1,0,0,0,0,0,0,0
"TF656897",1,1,1,1,1,1,1,1,1,1,1,1,1,1,1,1,1,1,1,1,1,1,1,1,1,1,1,1,1,1,1,1,1,1,1,1,1,1,1,1,1,1,1,1,1
"TF657018",1,1,0,1,0,1,1,1,1,1,1,1,0,1,1,1,1,0,1,1,1,0,1,1,1,1,2,1,1,0,1,1,1,1,1,1,0,0,1,1,0,1,1,0,0
"TF657058",1,0,0,0,0,0,0,0,0,0,0,0,0,0,0,0,0,0,0,0,0,0,0,0,0,0,0,0,0,0,0,0,0,0,0,0,0,0,1,0,0,0,0,0,0
"TF657131",1,1,1,2,1,0,3,1,0,1,1,1,0,2,1,1,1,1,1,1,1,1,1,1,1,1,1,1,1,0,1,0,1,1,0,1,1,1,3,1,1,1,0,0,0
"TF657144",1,0,0,0,0,0,0,0,0,0,0,0,0,0,0,0,0,0,0,0,0,0,0,0,1,0,0,0,0,0,0,1,0,0,1,0,0,0,1,0,0,0,0,0,0
"TF657429",1,1,1,1,1,1,1,1,1,1,1,1,1,1,2,1,1,1,1,1,1,1,1,2,1,1,1,1,1,1,1,1,1,1,0,1,1,1,1,1,1,1,1,2,1
"TF657783",1,1,1,0,1,1,1,1,1,1,1,1,1,1,1,1,1,1,1,1,1,1,1,1,1,1,1,1,1,1,1,2,1,1,1,1,1,1,1,1,1,1,1,1,1
"TF657864",1,1,0,0,1,1,0,0,1,1,0,0,0,1,0,1,0,1,0,0,0,0,1,0,0,0,0,0,0,0,0,1,0,0,1,0,1,0,0,0,0,0,0,1,0
"TF657983",1,1,0,1,1,1,1,1,1,1,1,1,1,1,1,1,1,1,1,1,1,1,1,1,1,1,1,0,1,0,1,1,1,1,1,1,1,1,1,1,1,1,0,1,1
"TF658222",1,1,1,1,1,1,1,1,0,0,1,1,1,1,1,1,1,1,1,0,1,1,1,1,0,1,0,1,1,1,1,0,1,1,1,1,1,1,1,0,1,1,1,1,1
"TF658438",1,1,1,1,1,1,1,2,1,1,1,1,1,1,3,1,1,1,1,1,1,1,1,1,1,1,1,2,1,1,2,3,1,1,1,1,1,1,1,1,2,1,1,1,1
"TF658491",1,0,0,0,0,1,0,0,0,2,0,0,0,0,0,0,0,0,0,1,0,0,1,0,0,0,0,0,0,0,0,0,0,0,0,0,0,0,0,0,0,0,0,0,0
"TF658707",1,0,1,1,0,0,0,0,0,1,0,0,0,0,0,2,0,1,0,0,0,0,0,0,0,0,1,0,0,1,0,0,0,0,0,0,0,0,0,0,0,0,0,0,0
"TF658811",1,1,1,2,1,1,2,1,1,1,1,1,1,1,1,1,1,1,2,1,2,1,1,1,2,1,1,1,1,1,1,1,3,2,1,1,1,1,1,1,2,1,1,1,1
"TF658899",1,1,1,1,1,1,1,1,1,1,1,1,2,1,1,1,1,1,1,1,1,1,1,1,1,1,1,1,1,1,1,1,1,1,1,0,1,2,1,1,1,1,1,1,1
"TF658924",1,0,1,1,1,1,1,1,1,1,1,1,1,1,1,1,1,1,1,1,1,1,1,1,0,1,0,1,1,1,1,1,0,1,1,1,1,1,1,1,1,1,1,1,1
"TF659177",1,1,0,1,1,0,1,0,0,0,0,0,1,1,0,1,0,0,1,1,1,1,1,1,0,1,0,1,1,1,0,0,1,1,0,1,1,0,1,1,1,1,1,0,1
"TF659497",1,0,0,0,0,0,0,0,0,0,0,0,0,0,0,0,0,0,0,1,0,0,0,0,0,0,0,0,0,0,0,0,0,0,0,0,0,0,0,0,0,0,0,0,0
"TF659532",1,0,0,0,0,1,0,0,0,0,0,0,0,0,0,0,0,0,0,0,0,1,0,1,0,0,0,1,0,0,0,0,0,0,0,0,0,0,0,0,0,0,0,0,0
"TF660063",1,1,1,1,1,1,1,1,1,1,1,1,1,1,5,1,1,1,1,1,1,1,1,1,1,1,1,1,1,2,0,1,1,1,1,1,1,1,2,0,1,1,1,1,1
"TF660305",1,1,1,0,1,1,1,1,1,1,0,1,1,0,1,1,1,0,1,1,1,1,1,1,1,0,2,1,1,1,1,1,1,1,0,1,1,1,1,0,0,0,0,1,1
"TF660535",1,1,1,1,1,1,1,1,1,2,1,1,1,2,1,1,1,1,2,1,1,2,1,2,1,1,1,2,0,1,1,1,1,1,1,1,3,1,4,1,1,1,1,1,1
"TF660573",1,0,0,0,0,0,0,0,0,1,0,0,0,0,0,0,0,0,0,0,0,0,0,0,0,0,0,0,0,0,0,0,0,0,0,0,0,0,0,0,1,0,0,0,0
"TF660629",1,0,0,0,0,0,0,0,0,0,0,0,0,0,0,1,0,0,0,1,0,0,0,0,0,0,0,0,0,0,0,0,0,0,0,0,0,0,0,0,0,0,0,0,0
"TF660721",1,2,1,2,1,1,1,1,1,4,1,1,2,1,1,2,0,1,1,1,1,3,1,0,1,1,1,2,1,1,1,4,3,1,1,2,1,1,1,1,2,1,1,1,0
"TF660731",1,1,1,1,1,1,1,1,1,1,1,1,1,1,1,1,1,1,1,1,1,1,1,1,1,1,1,1,1,1,2,1,1,1,1,1,0,1,2,1,1,1,1,1,1
"TF660787",1,0,1,1,0,0,1,0,0,1,0,0,0,1,0,1,0,0,1,0,1,1,0,1,0,1,0,1,0,0,0,0,0,1,0,0,1,1,1,0,1,0,0,0,0
"TF661024",1,1,1,1,1,1,1,1,1,1,1,1,1,1,1,1,1,1,1,1,1,1,1,1,1,1,1,1,1,1,1,1,1,1,1,1,1,1,1,1,1,1,1,1,1
"TF661502",1,1,1,1,0,0,0,0,0,1,0,1,0,1,0,0,0,0,1,0,0,0,1,1,0,0,0,1,0,1,1,0,1,1,0,0,1,1,1,1,1,0,0,0,1
"TF661788",1,1,1,1,1,1,1,1,0,1,1,1,1,1,1,1,1,1,1,0,1,1,1,1,1,0,1,1,1,0,1,0,1,1,1,0,1,1,1,0,1,1,0,1,1
"TF662138",1,1,1,1,1,0,1,1,1,1,1,1,1,0,1,1,1,1,1,1,1,1,1,1,1,0,0,1,1,0,1,1,1,1,0,1,1,1,1,1,1,1,1,0,1
"TF662226",1,1,1,1,1,1,1,1,0,1,1,1,1,1,0,1,1,1,1,1,1,1,1,1,1,1,1,1,1,1,1,1,1,1,0,0,1,1,1,1,1,1,0,1,1
"TF662334",1,0,0,0,0,0,0,0,0,0,0,0,0,0,0,0,0,1,0,0,0,0,0,0,0,0,0,0,0,1,0,0,0,0,0,0,0,0,0,0,0,0,0,0,0
"TF662382",1,0,0,0,0,1,0,0,0,0,0,1,0,0,0,0,0,0,0,1,0,0,0,0,0,1,0,0,1,1,1,0,0,0,0,0,0,0,0,0,0,1,1,0,0
"TF662393",1,0,0,0,0,0,0,0,0,0,0,0,0,0,0,0,0,0,0,0,2,0,0,0,0,0,0,0,0,0,0,0,0,1,0,0,0,0,1,0,0,0,0,0,0
"TF662860",1,1,0,0,0,0,0,0,0,0,0,0,0,0,0,0,0,0,0,0,0,0,0,0,0,0,0,0,0,1,0,0,0,0,0,0,0,0,0,0,0,0,0,0,1
"TF662865",1,0,0,0,0,0,0,0,0,0,0,0,0,0,0,1,0,0,0,0,0,0,0,0,0,0,0,0,0,0,0,0,0,0,0,0,0,0,0,0,0,0,0,0,0
"TF663107",1,1,1,1,1,1,1,1,1,1,1,1,1,1,1,1,1,1,1,0,1,1,1,1,0,1,1,1,1,1,1,2,1,1,1,1,1,1,1,1,1,1,1,1,1
"TF663550",1,0,0,0,0,0,0,0,0,0,0,0,0,0,0,0,0,0,0,0,0,0,0,0,0,0,0,0,0,0,0,0,0,0,0,0,0,0,0,0,0,0,0,0,0
"TF663954",1,1,0,0,0,1,0,0,1,0,0,0,0,0,0,0,0,1,0,1,0,0,1,0,1,0,0,0,0,0,0,0,0,0,0,1,0,0,0,0,0,0,0,0,1
"TF664264",2,2,1,1,2,2,1,1,1,3,1,2,1,1,1,1,1,1,1,1,1,3,1,1,1,1,1,1,2,2,1,1,1,1,2,1,1,1,1,1,2,1,1,1,3
"TF664294",1,0,0,0,0,0,0,0,0,1,0,0,0,0,0,0,0,0,0,0,0,0,0,0,0,1,0,0,0,0,0,0,0,0,0,0,0,0,0,0,0,0,0,0,0
"TF664351",1,1,1,1,1,1,1,2,2,1,1,1,1,1,1,1,1,1,1,1,1,1,1,1,1,1,1,1,1,1,1,2,1,1,1,1,1,1,1,1,1,1,1,1,1
"TF664460",1,0,0,1,0,0,1,1,1,1,0,0,1,0,1,0,1,0,0,1,0,1,1,0,1,0,1,0,1,0,1,1,1,0,1,1,0,1,0,1,1,1,1,0,0
"TF664560",1,0,1,0,0,0,0,0,0,0,0,1,0,1,0,1,0,1,1,0,1,0,0,1,1,0,1,0,0,1,0,0,0,1,0,1,1,0,1,0,0,0,1,0,1
"TF664612",1,0,0,0,0,0,0,0,0,1,0,0,0,0,0,0,0,0,0,1,0,0,0,0,0,0,0,0,0,1,0,0,0,0,0,0,0,0,0,0,0,0,0,0,0
"TF664690",1,1,1,1,1,2,1,1,1,1,1,1,1,1,2,2,1,1,1,1,1,1,1,1,1,1,2,1,1,1,1,1,1,1,1,1,1,1,1,2,1,1,1,1,1
"TF664800",1,1,1,1,0,0,0,0,0,0,0,0,0,0,0,2,0,0,1,1,1,1,0,0,0,0,0,0,0,0,0,0,0,1,0,1,0,0,0,0,0,0,0,1,0
"TF664975",1,0,0,0,1,0,0,0,0,1,0,0,0,0,0,0,0,1,0,0,0,0,0,0,0,1,0,0,1,0,0,0,0,0,0,0,0,0,0,0,0,1,0,0,1
"TF665014",1,1,1,1,1,1,1,0,0,0,0,1,0,1,0,1,0,0,1,1,0,0,0,1,0,0,0,1,1,0,0,0,0,1,0,0,1,0,1,0,1,0,0,0,1
"TF665746",1,0,0,0,0,0,0,0,0,0,0,0,0,0,0,0,0,0,0,0,0,0,0,0,0,0,0,0,0,1,0,0,0,0,0,0,0,0,0,0,0,0,0,0,0
"TF665791",1,0,1,0,1,0,0,0,0,0,0,1,0,0,0,1,0,1,1,0,0,0,0,1,0,0,0,1,1,0,0,0,0,1,0,0,0,0,1,0,0,0,0,0,0
"TF666094",1,1,1,1,1,1,1,1,1,0,1,1,1,1,1,1,1,1,1,1,1,1,1,1,1,1,1,1,1,1,1,1,1,1,1,1,1,1,1,1,1,1,1,1,1
"TF666285",1,1,2,1,1,1,1,1,1,2,1,1,1,6,1,1,0,1,1,1,1,1,1,1,1,1,2,0,1,1,1,3,1,1,0,1,2,1,2,3,1,1,1,0,1
"TF667186",1,0,1,1,1,0,1,0,0,0,0,1,1,1,0,1,0,0,1,0,0,0,0,1,0,0,1,1,0,0,1,0,0,1,0,0,0,1,1,0,1,0,0,0,0
"TF668031",1,1,0,0,1,1,1,1,1,0,1,1,1,1,1,1,1,1,1,1,1,1,1,1,1,1,1,1,1,1,1,1,1,1,1,1,1,1,1,0,0,0,1,1,1
"TF675509",1,1,1,1,1,1,1,1,1,0,0,1,1,1,1,1,1,1,1,2,1,1,1,1,1,1,1,1,1,1,0,1,1,1,1,1,1,1,1,1,1,1,1,1,0
"PTHR10015_SF138",0,1,1,1,1,1,1,1,1,1,1,1,1,1,1,1,1,1,1,1,1,1,1,1,1,1,1,1,1,1,1,1,1,1,1,1,1,1,1,1,1,1,1,1,1
"PTHR10024_SF192",0,0,0,0,0,0,1,0,1,0,2,2,0,2,1,2,1,0,1,1,2,1,0,0,0,0,0,2,0,0,1,0,2,0,0,0,0,0,2,0,1,0,0,0,0
"PTHR10026_SF51",0,1,1,1,1,1,1,1,1,1,1,1,1,1,1,1,1,1,1,2,1,1,1,1,1,0,1,1,1,1,1,1,1,1,2,1,1,1,1,1,2,1,1,1,0
"PTHR10026_SF7",0,0,1,2,0,0,1,0,0,0,0,1,1,1,0,1,0,0,1,0,1,1,0,1,0,0,0,1,1,0,1,0,0,3,0,0,1,1,1,0,2,1,0,1,0
"PTHR10032_SF163",0,0,1,1,0,0,1,0,0,0,0,0,0,2,0,1,0,0,1,0,1,0,0,1,0,0,0,1,0,0,0,0,0,1,0,0,1,0,1,0,1,0,0,0,0
"PTHR10032_SF164",0,0,2,3,0,0,1,0,0,0,0,0,0,2,0,2,0,0,2,0,1,0,0,2,0,0,0,2,0,0,0,0,0,2,0,0,2,0,2,0,2,0,0,0,0
"PTHR10032_SF210",0,0,1,1,0,0,0,0,0,0,0,1,0,1,0,1,0,0,1,1,1,2,0,1,0,0,0,1,0,0,0,0,1,1,0,0,1,0,1,0,1,0,1,0,0
"PTHR10041_SF1",0,0,1,1,0,0,1,0,0,0,1,0,0,1,0,1,0,0,1,1,1,0,0,1,0,0,0,1,0,0,1,0,0,0,0,0,1,0,1,0,1,0,1,0,0
"PTHR10083_SF165",0,2,1,1,1,1,1,2,2,1,2,1,2,1,1,2,2,1,1,1,1,1,3,2,2,2,4,1,3,1,2,2,1,2,2,3,1,1,1,3,1,2,0,3,2
"PTHR10083_SF197",0,1,1,1,1,2,1,1,1,0,0,1,1,1,1,1,1,1,1,1,1,1,2,1,1,1,1,1,1,1,1,1,1,1,1,1,1,1,1,1,1,1,1,1,1
"PTHR10083_SF205",0,0,1,1,0,0,1,0,0,0,0,0,0,1,0,1,0,0,1,0,1,0,0,1,0,0,0,1,0,0,0,0,0,1,0,0,1,0,1,0,1,0,0,0,0
"PTHR10093_SF1",0,0,0,1,1,0,0,0,0,1,0,1,1,1,0,1,0,0,1,0,0,1,1,1,0,0,0,1,1,0,1,0,1,1,0,0,0,0,1,0,1,0,0,0,1
"PTHR10127_SF608",0,1,2,2,2,1,2,2,2,2,1,2,2,2,1,3,2,2,2,0,2,2,2,2,2,1,2,2,1,1,2,2,2,2,1,2,2,2,2,2,2,1,1,1,2
"PTHR10129_SF10",0,1,1,1,1,1,0,1,1,1,1,1,1,1,1,1,1,1,1,1,1,1,1,1,1,1,1,1,1,1,1,2,1,1,1,1,1,1,1,1,1,0,1,1,1
"PTHR10129_SF24",0,1,0,1,1,1,0,1,1,0,1,1,1,0,1,1,1,0,0,0,1,1,1,1,1,0,1,0,1,1,0,1,1,1,1,0,0,0,1,1,0,1,0,1,0
"PTHR10159_SF116",0,1,0,1,1,1,1,1,1,1,1,1,1,1,1,1,1,1,1,1,1,1,1,1,1,1,1,1,1,0,0,1,1,1,1,1,0,1,1,1,1,1,1,1,0
"PTHR10159_SF26",0,1,1,1,1,1,1,2,1,1,1,1,1,1,5,1,1,1,1,1,1,2,2,1,2,0,1,1,2,1,1,5,1,1,2,1,1,1,1,1,1,1,1,2,1
"PTHR10159_SF30",0,1,1,1,1,1,1,1,1,1,1,1,1,1,1,1,1,1,1,1,1,1,1,1,1,0,1,1,1,1,1,1,1,1,2,1,1,1,1,1,1,1,1,2,0
"PTHR10159_SF307",0,1,1,0,1,1,0,0,0,0,1,1,1,1,0,1,0,0,1,0,0,2,0,1,0,0,0,0,1,0,0,0,1,1,0,0,1,1,1,0,0,1,1,1,0
"PTHR10177_SF199",0,1,1,1,1,0,1,0,0,1,0,1,1,1,0,1,0,0,1,1,1,1,0,1,0,0,0,1,0,1,0,0,0,1,0,0,1,1,1,0,1,1,0,1,1
"PTHR10179_SF37",0,0,2,1,0,1,1,1,0,0,1,1,0,1,0,1,0,0,2,0,1,0,0,2,0,0,0,2,0,0,1,0,0,2,0,0,1,0,1,0,1,0,0,0,0
"PTHR10179_SF39",0,0,1,1,0,0,1,0,0,0,0,0,0,3,0,2,0,0,1,0,1,0,0,1,0,0,0,2,0,0,1,0,0,1,0,0,1,0,1,0,2,0,0,0,0
"PTHR10201_SF126",0,0,1,1,0,0,1,1,1,1,0,0,1,1,1,1,0,1,1,0,1,1,0,1,1,0,0,1,0,0,1,1,1,1,0,0,1,0,1,0,1,0,0,0,0
"PTHR10201_SF76",0,0,1,1,1,0,1,0,0,1,1,1,0,1,0,1,0,1,1,1,1,1,0,1,0,0,0,0,1,0,1,0,0,1,0,0,1,0,1,0,1,0,0,0,1
"PTHR10240",0,1,1,1,1,0,1,0,1,0,0,1,1,1,0,1,0,0,1,0,1,0,1,1,1,0,0,1,1,1,0,0,0,1,0,1,1,0,1,1,1,1,1,0,0
"PTHR10270_SF107",0,1,1,1,1,1,1,1,1,0,1,1,1,1,1,1,1,1,1,0,0,1,1,1,1,1,1,1,1,1,1,1,0,1,1,1,1,1,1,1,1,1,0,1,1
"PTHR10270_SF204",0,1,0,1,1,1,1,0,1,1,1,1,1,0,1,1,1,0,1,0,1,1,1,1,1,0,2,1,0,0,0,1,1,1,1,1,0,1,1,1,0,1,1,1,0
"PTHR10334_SF162",0,1,1,1,1,1,1,1,0,0,1,1,1,1,1,1,1,1,1,1,1,1,2,1,1,1,1,1,1,1,1,0,0,1,0,2,1,1,1,1,1,1,0,0,0
"PTHR10334_SF68",0,1,1,1,1,1,1,0,0,0,1,1,1,1,0,1,1,0,1,1,1,1,1,1,1,1,1,1,1,1,1,0,1,1,1,1,1,1,1,1,1,1,1,1,1
"PTHR10338_SF10",0,0,1,1,0,0,1,0,0,0,0,0,0,1,0,1,1,1,1,1,1,0,0,1,0,0,0,1,0,0,1,0,0,1,0,1,1,0,1,0,1,0,1,0,0
"PTHR10342_SF63",0,1,1,1,0,1,1,1,0,2,0,1,1,1,0,1,0,1,1,0,1,1,0,1,0,1,1,1,1,1,1,0,0,1,0,1,1,1,1,1,1,1,0,0,1
"PTHR10366_SF296",0,0,5,2,0,0,3,0,0,0,0,0,0,3,0,2,0,0,5,0,2,1,0,6,0,0,0,5,0,0,0,0,0,2,0,0,6,0,6,0,3,0,0,0,0
"PTHR10385_SF28",0,1,1,1,1,1,1,1,1,1,1,0,1,1,4,1,1,1,1,1,1,1,1,1,1,1,1,1,1,1,0,1,2,2,1,1,2,1,2,1,1,1,1,1,1
"PTHR10424_SF45",0,1,1,0,1,2,2,0,0,0,0,1,1,1,0,2,0,0,0,0,2,0,0,1,0,1,0,1,1,0,0,0,0,0,0,0,1,1,2,0,0,2,0,0,0
"PTHR10438_SF230",0,1,1,1,1,1,1,1,0,1,1,1,1,1,1,1,0,1,1,1,1,1,1,1,1,0,1,1,1,1,1,1,0,1,0,1,1,1,1,1,1,1,1,1,1
"PTHR10454_SF136",0,0,1,1,0,0,1,0,0,0,0,0,0,1,0,1,0,0,1,0,1,2,0,1,0,0,0,0,0,0,0,0,0,1,0,0,0,0,0,0,1,0,0,0,0
"PTHR10454_SF34",0,1,3,2,0,1,3,1,1,1,1,1,0,3,1,3,1,1,4,1,2,1,1,2,1,0,1,1,1,1,1,1,0,3,0,2,3,0,3,1,2,1,1,0,0
"PTHR10515",0,0,1,1,0,0,1,1,1,1,1,1,0,1,1,1,1,1,1,1,1,1,1,1,1,0,1,1,0,0,1,1,1,1,1,2,1,0,1,1,1,0,1,1,0
"PTHR10516_SF16",0,1,1,1,1,1,1,1,1,1,1,1,1,1,1,1,1,1,1,1,1,1,1,1,1,0,1,1,1,1,1,1,1,1,1,1,1,1,1,1,1,1,1,1,1
"PTHR10522_SF6",0,1,1,1,0,0,1,0,0,0,1,1,0,0,0,1,0,1,1,0,1,0,0,1,0,0,0,1,1,0,0,0,0,1,1,0,1,1,1,0,1,1,1,1,1
"PTHR10548_SF10",0,0,1,1,1,0,0,0,0,0,0,1,0,1,2,1,0,0,2,0,2,1,0,1,0,0,0,1,0,0,1,0,0,1,0,0,1,0,1,0,1,0,0,1,0
"PTHR10574_SF241",0,1,1,1,1,1,1,1,1,1,1,1,1,1,1,1,1,1,1,1,1,1,1,1,1,1,1,1,1,1,1,1,1,1,1,1,1,1,1,1,1,1,1,2,1
"PTHR10579_SF46",0,1,1,1,1,0,1,0,0,1,0,1,1,1,0,2,0,0,1,0,0,1,1,1,0,0,0,1,1,1,0,0,0,1,0,0,1,1,1,0,0,0,0,0,0
"PTHR10605_SF7",0,1,1,1,1,1,1,1,1,1,1,1,1,1,1,2,1,1,1,1,1,1,1,1,1,1,1,0,1,0,1,1,1,1,2,1,1,1,1,1,0,1,1,2,1
"PTHR10605_SF9",0,1,1,1,1,1,1,1,1,1,1,1,1,1,1,1,1,1,1,1,1,1,1,1,1,1,1,1,1,2,1,1,1,1,0,1,1,1,1,1,1,1,1,0,1
"PTHR10615_SF93",0,1,1,1,2,1,1,0,0,1,0,1,1,2,4,2,0,0,1,0,1,1,2,1,0,0,1,2,1,0,1,1,0,1,1,0,2,1,2,1,1,1,1,1,1
"PTHR10630",0,1,1,1,0,1,1,1,1,1,1,3,1,1,1,1,1,2,1,1,1,1,1,1,1,1,1,1,1,1,1,1,1,1,1,0,1,1,1,1,1,1,1,1,1
"PTHR10658_SF44",0,1,1,1,0,0,1,1,1,0,1,1,1,1,1,1,1,0,1,0,1,1,1,1,1,1,0,1,0,1,1,1,0,1,1,1,1,1,1,0,0,0,0,1,1
"PTHR10666_SF111",0,1,1,1,1,1,1,1,1,1,1,1,1,1,1,1,1,1,1,1,1,1,1,1,1,1,1,1,1,1,1,1,1,1,1,0,1,1,1,1,1,1,1,1,0
"PTHR10666_SF5",0,3,1,1,0,3,0,1,0,0,1,1,1,1,0,7,1,1,1,1,1,1,1,1,1,0,1,1,1,2,1,0,2,1,1,1,1,1,1,1,1,1,0,0,0
"PTHR10666_SF88",0,0,1,0,1,1,1,0,0,1,1,0,0,3,0,2,0,0,2,0,1,1,1,2,0,0,1,2,2,0,1,1,1,3,1,0,2,0,3,0,2,0,0,0,2
"PTHR10676_SF229",0,1,1,1,1,1,1,1,1,1,1,1,1,1,1,1,1,1,1,2,1,1,1,1,1,1,1,1,1,1,1,1,1,1,1,1,1,1,1,1,1,2,1,2,1
"PTHR10682_SF19",0,1,0,0,0,0,1,1,1,1,1,0,1,0,1,1,0,0,1,1,0,1,1,0,0,0,0,0,1,0,1,1,1,0,0,0,0,2,1,0,0,0,0,0,1
"PTHR10687_SF6",0,1,1,1,2,1,1,1,1,1,0,1,1,1,1,2,1,1,1,1,1,1,1,1,1,0,1,1,1,1,1,1,1,1,2,1,1,1,1,1,1,1,1,3,1
"PTHR10694_SF34",0,0,1,1,0,0,1,0,0,0,0,0,0,0,0,2,0,0,0,0,2,0,0,0,0,0,0,2,0,0,0,0,0,0,0,0,2,0,2,0,0,0,0,0,0
"PTHR10697_SF1",0,0,1,1,0,0,1,0,0,0,0,0,0,1,0,1,0,0,1,0,1,0,1,1,1,0,0,1,0,0,0,0,0,1,0,1,1,1,1,1,1,0,0,0,0
"PTHR10697_SF2",0,1,1,1,1,1,0,1,1,1,1,1,1,1,1,1,1,1,1,1,0,1,1,1,0,1,1,1,1,1,1,1,1,1,1,0,1,1,1,0,1,1,1,1,1
"PTHR10704_SF38",0,0,1,1,1,0,0,1,1,1,1,1,1,1,1,1,1,1,1,1,1,1,1,1,1,0,1,1,0,0,1,1,0,1,1,1,1,1,1,1,0,1,1,1,1
"PTHR10751_SF17",0,0,0,1,0,0,1,0,0,0,0,0,0,1,0,1,0,0,0,0,0,1,0,0,1,0,0,1,0,0,0,0,2,1,0,0,1,0,1,1,1,0,0,0,0
"PTHR10751_SF18",0,0,1,1,0,0,2,0,0,0,0,0,0,1,0,1,1,0,1,0,1,0,0,1,0,0,0,0,0,0,1,0,1,1,0,0,1,0,1,0,1,0,0,0,0
"PTHR10751_SF31",0,0,1,1,0,0,0,0,0,0,0,0,0,1,0,1,0,0,1,0,1,0,0,1,0,0,0,1,0,0,0,0,0,1,0,0,1,0,2,0,1,0,0,0,0
"PTHR10751_SF39",0,2,1,1,0,1,2,0,0,0,0,0,0,1,0,1,0,0,1,0,0,0,2,1,3,0,1,0,0,2,0,0,0,0,1,2,1,0,1,1,0,2,1,4,0
"PTHR10768_SF1",0,3,3,8,8,4,6,2,3,6,2,2,3,4,3,1,1,2,5,1,1,3,1,5,5,0,3,5,5,2,2,9,2,7,3,6,6,6,6,7,7,2,0,9,6
"PTHR10795_SF333",0,0,1,1,0,0,1,1,1,1,1,0,0,1,1,1,1,1,1,0,1,1,1,1,1,0,1,1,0,0,1,1,1,1,1,1,1,0,1,1,1,1,1,1,0
"PTHR10799_SF573",0,1,1,1,0,1,0,0,0,0,0,1,0,1,0,1,1,1,0,1,1,0,1,1,1,0,1,1,1,1,1,0,1,0,1,0,1,0,1,0,1,1,1,1,1
"PTHR10807_SF36",0,1,1,1,0,0,1,0,0,1,1,1,1,1,0,1,1,0,1,1,1,1,0,1,0,0,0,1,0,2,1,0,0,1,1,0,1,0,1,0,1,1,1,1,0
"PTHR10816_SF17",0,2,1,1,1,1,1,1,0,1,1,1,0,1,1,1,1,0,1,0,0,1,1,1,1,1,1,1,1,1,0,1,1,1,1,1,0,0,1,1,1,1,1,2,1
"PTHR10877_SF108",0,1,1,1,1,1,1,1,0,1,1,1,1,1,0,1,1,1,1,1,1,1,1,1,1,1,1,1,1,1,1,1,1,1,1,1,1,1,1,1,1,1,1,1,1
"PTHR10877_SF122",0,1,1,1,1,1,1,0,0,0,0,1,0,1,0,1,0,1,1,0,1,1,1,1,1,1,0,1,0,1,1,0,0,1,0,1,1,0,1,1,1,0,1,1,1
"PTHR10887_SF92",0,0,1,1,0,0,2,0,0,0,0,0,0,1,0,1,0,0,1,0,2,1,0,1,0,0,0,1,0,0,3,0,1,1,0,0,1,0,2,1,0,0,0,0,0
"PTHR10909_SF221",0,2,1,1,0,2,1,1,1,1,1,1,0,1,1,1,1,1,1,1,1,1,2,1,1,0,1,1,0,2,1,0,1,1,1,1,1,0,1,1,1,1,1,1,0
"PTHR10992_SF280",0,1,1,1,1,1,1,1,1,0,1,1,1,1,1,2,1,1,1,0,1,1,1,1,1,1,1,1,1,1,1,1,1,1,1,1,1,1,1,1,1,1,1,1,1
"PTHR10992_SF701",0,1,1,1,1,1,0,0,0,1,1,1,1,1,0,1,1,0,2,1,1,1,1,1,0,1,1,1,1,1,1,0,1,2,1,1,2,1,1,1,1,1,1,1,1
"PTHR10994_SF9",0,0,0,1,0,0,1,0,0,0,0,0,1,1,0,1,0,0,0,0,1,1,1,0,1,0,1,0,0,0,0,0,1,0,1,1,0,0,1,1,0,0,1,1,0
"PTHR11022_SF12",0,1,1,1,0,1,1,1,1,1,1,1,1,1,1,1,1,1,1,0,1,1,1,1,1,1,1,1,0,1,0,1,1,1,1,1,1,1,1,1,1,1,0,2,0
"PTHR11022_SF28",0,1,0,1,0,1,1,1,1,1,1,1,1,1,0,1,1,1,1,1,1,1,1,1,1,0,0,1,0,1,0,1,1,1,0,1,1,1,1,2,1,1,1,0,0
"PTHR11071_SF211",0,1,1,1,0,0,1,0,0,1,0,0,0,1,0,1,0,1,1,0,1,1,0,1,0,0,0,1,1,0,0,0,0,1,1,0,1,0,1,0,1,0,1,1,0
"PTHR11071_SF226",0,1,1,1,1,2,1,1,1,2,1,2,2,1,1,1,1,2,1,3,1,1,1,1,2,1,1,1,1,1,1,2,1,1,1,1,1,1,1,1,1,2,1,1,1
"PTHR11071_SF242",0,0,1,1,1,1,1,0,0,0,2,1,1,1,0,1,0,0,1,0,0,2,0,1,0,0,1,1,0,0,1,0,0,1,0,0,1,1,1,0,1,0,0,0,0
"PTHR11081_SF1",0,0,1,0,0,0,0,0,0,0,0,1,0,0,0,1,0,0,1,0,0,1,0,1,0,0,0,1,2,0,1,1,0,1,1,0,0,2,1,0,1,1,0,0,0
"PTHR11100_SF19",0,1,1,1,1,1,1,1,1,1,1,1,0,1,1,1,1,1,1,0,1,1,1,1,1,0,1,1,0,1,2,1,1,1,1,1,1,1,1,1,1,1,1,1,0
"PTHR11177_SF82",0,1,1,1,0,1,1,0,0,0,1,1,0,2,0,1,0,1,1,0,1,1,0,1,0,0,0,1,0,1,1,0,1,1,1,0,1,0,1,0,1,1,1,2,0
"PTHR11200_SF104",0,1,1,1,0,1,0,1,0,0,0,1,0,0,0,1,0,0,1,0,1,0,2,1,0,0,1,1,0,1,0,0,0,1,0,0,0,0,1,2,1,0,1,0,0
"PTHR11214_SF25",0,1,1,1,1,1,1,1,1,1,1,1,1,1,4,1,1,1,1,1,1,0,1,1,1,1,1,1,2,1,1,1,2,1,1,1,1,1,1,1,2,1,1,1,1
"PTHR11214_SF93",0,1,1,1,1,1,1,1,1,1,1,1,1,1,1,1,1,1,1,0,1,1,1,1,1,1,2,1,1,1,1,1,1,1,2,1,1,1,1,1,1,1,1,3,1
"PTHR11254_SF307",0,0,0,1,0,0,1,0,0,1,0,1,0,0,0,1,0,0,1,0,1,0,0,1,0,0,0,1,0,0,0,0,0,1,0,0,0,0,0,0,1,0,0,0,0
"PTHR11255_SF33",0,1,1,1,0,0,0,0,0,0,0,0,0,1,0,1,0,0,1,0,0,1,0,1,0,0,0,1,0,0,0,0,0,1,1,0,1,0,1,0,1,0,0,0,0
"PTHR11267_SF23",0,0,0,0,0,2,1,0,0,0,1,1,0,0,0,0,0,0,0,0,0,1,1,0,1,0,0,0,0,0,0,0,1,0,0,1,0,0,0,1,0,0,0,0,1
"PTHR11309_SF29",0,1,1,1,1,1,1,1,1,1,1,1,1,1,1,1,1,1,1,0,1,1,1,1,1,1,1,1,1,1,1,1,1,1,1,1,1,0,1,1,0,1,0,1,1
"PTHR11332",0,1,1,2,2,1,5,1,0,2,6,6,1,3,0,3,1,2,3,0,3,1,0,3,0,3,0,2,3,1,5,0,0,3,0,0,3,0,3,4,3,1,0,0,2
"PTHR11339_SF235",0,0,0,0,2,0,0,1,1,0,0,0,0,1,1,1,0,0,1,0,0,0,2,0,1,0,2,1,0,2,0,1,0,0,0,1,0,0,0,1,0,0,0,0,0
"PTHR11339_SF250",0,1,1,1,1,1,1,1,0,1,1,1,1,1,1,1,1,1,1,0,1,1,1,1,1,1,1,1,1,1,1,1,1,1,1,1,1,1,1,3,1,1,1,1,1
"PTHR11346_SF15",0,2,0,3,0,2,6,0,0,0,0,0,0,0,1,1,0,1,2,7,0,1,0,2,0,0,0,1,0,0,2,0,1,2,0,0,0,0,0,0,2,1,0,0,0
"PTHR11346_SF94",0,0,4,2,0,0,3,0,0,0,0,0,0,3,0,3,0,0,4,0,2,0,0,3,0,0,0,2,0,0,0,0,0,3,0,0,2,0,2,0,2,0,0,0,0
"PTHR11347_SF104",0,1,1,1,1,1,1,1,1,1,1,1,1,1,1,1,1,1,1,1,1,1,1,1,1,1,1,1,1,1,1,1,1,1,1,1,1,1,1,1,1,1,1,1,1
"PTHR11349_SF48",0,1,1,1,1,1,1,1,1,1,1,1,1,1,1,1,1,1,1,1,1,0,1,1,0,1,1,1,1,1,1,1,1,1,1,1,1,1,1,1,1,1,1,1,1
"PTHR11349_SF54",0,1,1,1,0,1,1,1,1,0,1,1,1,1,1,1,1,0,1,1,1,1,1,1,2,0,1,1,1,1,0,1,1,1,1,1,1,1,1,1,1,1,1,1,0
"PTHR11362_SF8",0,0,1,1,1,0,0,0,0,1,0,0,1,1,0,1,0,1,2,0,0,0,1,2,1,0,1,2,0,0,1,1,0,1,1,1,1,0,3,1,2,0,0,1,1
"PTHR11389_SF321",0,1,1,1,1,1,1,1,1,1,1,1,1,1,1,1,1,0,1,1,1,1,1,1,1,1,1,1,1,1,1,1,1,1,1,1,1,1,1,1,1,1,0,1,1
"PTHR11412_SF87",0,1,1,2,0,0,1,0,0,1,0,0,1,1,0,2,1,0,1,1,1,2,0,1,0,2,0,1,0,0,0,0,0,1,0,0,1,1,1,0,1,0,0,0,0
"PTHR11413_SF21",0,1,1,1,0,1,1,1,1,2,1,1,1,0,1,0,2,1,1,0,1,0,2,1,2,0,1,1,0,1,1,1,1,1,0,2,1,1,1,2,1,0,0,0,0
"PTHR11413_SF42",0,1,2,1,2,1,1,2,3,1,1,1,1,0,3,1,3,1,1,1,1,2,2,1,2,1,4,1,1,1,1,1,2,1,2,2,1,2,1,8,1,1,0,1,2
"PTHR11413_SF43",0,0,1,1,0,0,1,0,0,0,0,0,0,1,0,1,0,0,1,0,1,0,0,1,0,0,0,1,0,0,0,0,0,1,0,1,1,0,1,0,1,0,0,0,0
"PTHR11413_SF47",0,0,0,1,0,0,1,0,0,0,0,0,0,1,0,1,0,0,2,0,1,1,0,1,0,0,0,1,0,0,0,0,0,2,0,0,1,0,1,0,1,0,0,0,0
"PTHR11413_SF9",0,1,1,1,1,0,1,1,1,1,1,1,1,1,1,1,1,1,1,1,1,1,1,1,1,0,1,1,1,1,1,1,1,1,0,1,1,0,1,1,1,1,1,0,1
"PTHR11437_SF25",0,0,0,0,0,0,2,0,0,0,0,0,1,1,0,2,1,0,0,0,0,0,0,0,0,0,0,0,0,0,0,0,1,0,0,0,2,0,2,0,1,0,0,0,0
"PTHR11437_SF3",0,2,1,1,0,1,1,0,0,2,1,1,0,2,0,2,3,0,2,2,2,0,7,2,0,0,4,0,0,1,3,0,3,1,0,1,1,0,1,5,1,1,0,0,0
"PTHR11442_SF15",0,1,1,1,0,1,1,1,1,0,1,1,1,1,1,1,1,1,1,1,1,1,2,1,2,1,1,1,1,1,1,1,1,1,0,1,1,1,1,1,0,1,1,0,0
"PTHR11442_SF8",0,1,1,1,1,1,1,0,0,1,0,0,1,1,0,1,0,0,1,0,1,1,0,1,0,0,0,1,1,1,0,0,1,1,0,0,1,1,1,0,1,1,1,1,1
"PTHR11456",0,1,1,1,1,1,1,1,1,0,1,1,1,1,0,1,0,1,1,1,1,1,1,1,1,1,1,1,1,1,1,0,1,1,0,1,1,1,2,1,1,1,1,0,1
"PTHR11461_SF31",0,1,1,1,0,1,1,1,1,1,1,1,0,1,1,2,0,1,1,1,1,0,1,1,1,0,1,1,0,1,0,1,0,1,1,1,1,0,1,2,1,0,1,1,0
"PTHR11462_SF37",0,1,1,1,1,1,0,1,1,1,1,1,1,1,1,1,1,1,1,1,1,1,1,1,1,1,1,1,1,1,0,1,1,1,1,1,1,1,1,1,1,1,1,1,1
"PTHR11487",0,1,1,1,0,0,1,1,1,1,1,1,0,0,1,1,1,1,1,1,2,1,1,2,0,0,2,1,0,1,2,1,2,1,1,1,1,0,2,1,1,1,1,1,0
"PTHR11515_SF12",0,0,2,0,0,0,1,0,0,0,0,0,0,4,0,8,0,0,3,0,3,0,0,1,0,0,0,4,0,0,0,0,0,4,0,0,1,0,5,0,1,0,0,0,0
"PTHR11522",0,1,1,0,1,1,1,1,1,1,1,1,1,1,1,1,1,1,1,0,1,0,1,0,1,1,1,1,1,1,1,1,1,1,1,1,1,1,1,1,1,1,1,1,1
"PTHR11537_SF44",0,1,1,1,1,1,1,1,1,1,1,1,1,1,1,1,1,0,1,1,1,0,1,1,1,1,1,1,1,1,0,1,1,1,1,1,1,1,1,1,1,1,1,1,1
"PTHR11538_SF26",0,1,1,1,1,1,0,1,1,1,1,1,1,1,1,1,1,1,1,1,1,1,1,1,1,1,1,1,1,1,1,1,1,1,1,1,1,1,1,1,1,1,1,1,1
"PTHR11540_SF11",0,0,2,2,0,0,1,0,0,0,1,0,1,3,0,1,0,1,1,0,1,0,1,2,0,0,0,3,1,1,1,0,0,0,0,0,3,1,2,0,0,0,0,0,0
"PTHR11540_SF13",0,0,1,1,0,0,1,0,0,0,0,1,0,1,0,1,0,0,1,0,1,1,0,1,0,0,0,1,0,0,0,0,1,1,0,0,1,1,1,0,1,0,1,0,0
"PTHR11540_SF8",0,1,1,1,1,1,1,0,0,0,0,1,1,1,0,1,0,0,0,0,0,1,0,0,0,0,0,1,1,0,1,1,0,0,1,0,1,1,1,0,1,1,0,1,1
"PTHR11544_SF46",0,0,0,1,0,0,1,0,0,0,0,0,0,2,0,1,1,0,0,0,0,2,0,0,1,0,0,0,1,0,2,0,1,0,0,0,1,0,0,0,0,1,0,0,1
"PTHR11559_SF169",0,1,0,1,0,1,1,1,1,0,0,0,1,1,0,1,1,0,1,0,0,1,1,0,1,0,1,1,0,1,1,1,1,1,1,1,0,1,0,1,1,0,0,1,0
"PTHR11559_SF179",0,3,0,2,0,2,1,1,6,0,3,1,0,2,1,2,0,1,3,1,1,2,5,2,6,0,4,2,0,1,0,1,0,3,5,6,3,0,1,2,1,1,0,5,0
"PTHR11571_SF102",0,0,1,2,0,0,2,0,0,0,0,1,0,1,0,1,0,0,1,0,1,0,0,1,0,0,0,1,0,0,1,0,1,1,0,0,1,0,1,0,2,1,0,0,1
"PTHR11571_SF103",0,1,4,5,0,1,8,1,1,1,0,1,0,4,1,3,1,4,3,0,1,0,2,2,3,0,1,2,0,1,2,1,0,5,0,2,3,0,5,1,4,0,0,0,0
"PTHR11588_SF50",0,0,0,1,1,0,1,0,0,0,0,1,1,1,0,1,0,0,1,0,0,1,0,1,0,0,0,0,0,0,0,0,0,1,1,0,0,1,2,0,0,1,0,0,0
"PTHR11588_SF55",0,0,2,4,0,0,3,0,0,0,0,0,0,5,0,2,0,0,6,0,3,0,0,4,0,0,0,7,0,0,0,0,0,6,0,0,3,0,8,0,1,0,0,0,0
"PTHR11588_SF58",0,1,2,1,1,1,1,1,1,1,1,1,1,1,1,1,1,0,2,1,1,1,1,2,1,1,1,1,1,1,1,1,1,1,0,1,2,1,2,1,1,1,1,0,1
"PTHR11588_SF75",0,1,1,1,1,1,1,1,1,2,1,2,1,1,1,3,1,1,2,1,1,1,1,1,1,1,1,2,2,1,3,2,1,1,1,1,2,1,1,1,1,1,2,3,2
"PTHR11592_SF8",0,1,1,1,0,2,1,1,1,0,0,1,1,1,1,1,1,0,1,0,1,1,1,1,2,0,1,1,0,1,0,1,0,1,1,1,1,1,1,1,1,1,1,1,1
"PTHR11592_SF9",0,0,1,1,0,0,1,0,0,0,0,0,0,1,0,2,0,0,1,0,1,0,0,1,0,0,0,1,0,0,0,0,0,1,0,0,1,0,1,0,1,0,0,0,0
"PTHR11616_SF96",0,1,1,1,2,1,1,2,1,2,1,1,3,4,1,2,1,1,1,1,1,1,1,1,1,1,1,1,1,1,2,1,1,1,1,2,1,1,7,1,1,1,1,1,1
"PTHR11636_SF68",0,1,1,1,1,2,1,2,2,1,1,1,1,1,1,1,1,1,1,1,1,1,1,1,1,1,1,1,1,2,1,1,1,1,1,1,1,1,1,1,1,1,1,1,1
"PTHR11639_SF51",0,1,0,1,0,1,1,1,1,1,1,1,1,1,1,1,1,1,0,0,0,1,1,0,1,0,1,1,0,1,1,1,1,0,1,1,1,1,1,1,1,1,1,1,0
"PTHR11662_SF11",0,0,1,1,1,0,1,0,1,1,0,1,0,1,1,1,2,0,1,1,0,1,1,1,1,0,1,1,0,0,1,1,0,1,1,1,1,0,1,1,1,1,1,0,1
"PTHR11668_SF221",0,2,0,0,0,1,0,0,0,0,0,0,0,0,0,1,0,0,0,0,0,0,0,0,0,0,0,0,0,0,0,0,0,0,2,0,0,0,0,0,0,0,0,1,1
"PTHR11675_SF24",0,1,1,1,1,1,1,1,1,1,1,1,1,1,1,1,1,1,1,1,1,1,2,1,1,1,1,1,1,1,1,1,1,1,1,0,1,1,1,1,1,1,1,2,1
"PTHR11675_SF4",0,0,1,1,0,0,0,0,0,0,1,0,0,1,0,1,0,0,1,0,0,0,0,1,0,0,0,1,1,0,1,0,0,1,1,0,1,0,1,0,1,0,0,1,1
"PTHR11695_SF307",0,1,0,0,0,2,0,0,0,0,0,4,0,1,0,1,0,1,1,1,1,0,1,1,2,0,1,1,1,1,1,0,0,1,0,1,1,0,1,1,0,0,0,0,0
"PTHR11695_SF308",0,1,1,1,1,2,1,1,0,1,1,2,1,1,0,1,1,0,1,2,1,1,1,1,1,1,1,1,1,2,1,0,1,1,0,1,1,1,1,1,1,1,1,0,1
"PTHR11695_SF406",0,1,1,1,0,1,1,1,0,0,0,0,0,1,0,1,1,0,1,1,1,1,1,1,1,0,1,1,0,0,0,1,1,1,2,1,1,0,1,1,1,1,0,2,0
"PTHR11697_SF102",0,1,1,1,1,0,1,1,1,0,1,1,1,1,1,1,1,0,1,1,1,1,0,1,0,1,0,1,1,1,1,1,1,1,0,0,1,1,1,0,1,1,1,0,0
"PTHR11697_SF86",0,1,0,1,1,1,1,1,1,0,1,1,1,1,1,1,1,0,0,1,1,1,0,0,0,1,0,1,1,1,0,1,0,0,0,1,1,1,1,0,1,1,0,0,1
"PTHR11699_SF126",0,0,0,0,0,0,1,0,1,1,0,0,1,0,1,1,0,0,0,0,0,0,0,1,0,1,0,1,0,0,0,1,0,0,1,0,1,2,1,0,1,0,0,1,0
"PTHR11699_SF140",0,1,1,1,1,1,1,3,3,1,1,1,1,1,4,1,1,4,1,1,1,4,2,1,3,1,2,1,1,1,1,2,3,1,1,3,1,1,1,2,1,1,1,1,1
"PTHR11705_SF18",0,1,1,1,1,1,1,1,1,1,1,1,1,1,1,1,1,1,1,1,1,1,1,1,1,1,1,1,1,1,1,1,1,1,1,1,1,1,1,1,1,1,1,0,1
"PTHR11711_SF133",0,0,0,0,0,0,0,0,0,0,0,0,0,0,0,1,0,0,1,0,0,2,0,1,0,0,0,1,0,0,0,0,0,0,0,0,1,0,1,0,0,0,0,0,0
"PTHR11711_SF145",0,0,0,0,0,1,0,0,0,0,1,1,0,0,0,2,0,0,0,0,0,0,2,0,0,0,0,0,0,0,1,1,0,0,0,0,0,0,0,0,0,1,1,2,0
"PTHR11716_SF44",0,4,1,1,0,3,2,1,4,1,1,1,0,1,3,1,1,4,1,3,1,1,1,1,1,0,1,1,0,4,3,1,0,1,3,1,1,0,1,1,1,1,0,3,0
"PTHR11732_SF134",0,0,2,2,0,0,2,0,0,0,0,0,0,1,0,1,0,0,2,0,2,2,0,1,0,0,0,1,0,0,0,0,1,1,0,0,1,0,1,0,3,0,0,0,0
"PTHR11732_SF156",0,0,1,1,0,0,1,2,2,1,0,1,0,1,2,1,1,2,6,1,1,2,4,2,4,0,3,3,0,1,1,7,2,5,0,4,2,0,2,3,1,0,0,0,0
"PTHR11732_SF158",0,0,0,0,1,1,1,2,2,3,2,1,1,0,0,0,0,0,0,1,0,1,3,0,5,1,3,0,1,1,0,0,1,0,0,3,0,1,0,4,1,1,1,0,1
"PTHR11732_SF186",0,0,1,0,0,0,0,0,0,0,0,2,0,0,0,1,0,0,1,0,1,1,0,1,1,0,2,0,0,0,2,0,0,1,1,1,2,0,2,1,1,0,0,2,0
"PTHR11732_SF197",0,0,3,0,0,0,0,1,0,0,1,0,0,2,0,1,0,0,1,0,1,1,0,4,0,0,0,0,0,0,0,0,0,3,0,0,1,0,1,0,0,0,0,0,0
"PTHR11732_SF201",0,0,3,2,0,0,2,1,1,0,0,0,0,2,0,2,0,0,2,0,2,1,0,2,0,0,0,2,0,0,2,1,1,2,0,0,2,0,2,0,1,0,0,0,0
"PTHR11736_SF10",0,1,1,0,1,1,0,1,0,1,1,1,1,1,0,1,1,1,1,0,1,0,1,1,1,1,2,0,1,0,1,0,1,1,0,1,1,1,0,1,0,1,1,0,1
"PTHR11736_SF17",0,0,1,0,0,0,3,0,0,0,0,0,0,2,0,2,0,0,0,0,5,0,0,0,0,0,0,0,0,0,0,0,0,0,0,0,2,0,1,0,1,0,0,0,0
"PTHR11736_SF37",0,2,1,1,1,1,2,0,1,2,1,3,4,2,1,2,1,2,1,1,2,1,0,1,0,3,0,1,1,1,1,0,0,2,0,0,2,1,1,0,1,2,1,0,1
"PTHR11736_SF51",0,1,0,0,0,0,1,0,0,0,0,0,0,0,0,2,1,1,0,1,0,0,2,0,1,0,2,0,0,0,1,0,0,0,0,2,1,0,0,1,0,0,0,0,0
"PTHR11736_SF9",0,0,1,1,0,0,1,1,1,0,0,0,0,1,1,1,1,0,1,0,1,1,1,1,0,0,1,1,0,0,1,1,1,1,0,1,1,0,2,1,1,0,0,0,0
"PTHR11752_SF56",0,0,1,1,0,0,1,0,0,0,1,1,0,1,0,1,0,1,1,0,1,0,0,1,0,0,0,1,0,0,0,0,0,1,0,0,1,0,1,0,1,0,0,0,0
"PTHR11783_SF42",0,0,0,3,0,0,1,0,0,0,0,0,0,1,1,2,0,0,3,0,2,0,0,1,0,0,0,4,0,0,0,0,0,4,0,0,1,0,2,0,1,0,0,0,0
"PTHR11783_SF47",0,0,2,1,0,0,1,0,0,0,0,0,0,1,0,3,0,0,2,0,1,0,0,1,0,0,0,2,0,0,0,0,0,2,0,0,1,0,2,0,3,0,0,0,0
"PTHR11783_SF8",0,2,1,1,0,2,1,2,5,12,4,4,0,1,2,1,8,2,1,4,1,2,8,1,2,0,1,1,0,1,1,2,7,1,3,18,1,0,2,1,2,1,0,1,0
"PTHR11809_SF22",0,1,1,1,0,1,1,1,1,1,1,1,1,1,1,1,1,1,1,0,0,1,1,1,1,1,1,1,1,1,0,1,1,1,1,1,1,1,1,1,1,1,1,1,1
"PTHR11818_SF32",0,1,2,1,1,2,1,1,1,0,0,0,1,2,1,3,4,2,2,1,2,1,2,1,1,1,1,2,1,1,1,1,1,2,2,1,2,1,2,1,1,1,1,1,1
"PTHR11819_SF127",0,1,1,1,1,1,1,1,1,1,1,1,1,1,1,2,1,1,1,1,1,1,1,1,0,1,1,1,1,1,1,1,1,1,1,1,1,1,1,1,1,1,1,1,1
"PTHR11820_SF77",0,0,1,1,0,0,0,0,0,0,0,0,0,3,0,2,0,0,1,0,0,0,0,1,0,0,0,1,0,0,0,0,0,1,0,0,0,0,3,0,0,0,0,0,0
"PTHR11829_SF121",0,1,1,2,1,1,2,0,0,1,1,1,2,1,1,2,1,1,1,1,2,1,3,3,2,0,4,0,0,1,0,1,0,1,1,0,0,2,2,1,0,2,0,1,0
"PTHR11829_SF137",0,1,0,1,1,1,1,1,1,1,1,1,1,1,1,1,1,1,1,0,1,1,1,1,1,1,1,1,1,0,1,1,1,1,2,1,1,1,1,1,1,1,1,1,1
"PTHR11849_SF163",0,1,1,1,1,1,1,1,1,1,1,1,1,1,1,1,1,1,1,1,1,1,1,1,0,1,1,1,1,0,1,1,1,1,1,1,1,2,1,1,1,1,1,1,1
"PTHR11849_SF165",0,0,1,1,0,0,1,1,0,1,0,1,1,1,1,1,0,0,0,0,1,1,1,1,0,1,1,1,1,1,0,1,0,1,0,1,1,1,1,0,1,1,0,0,0
"PTHR11860_SF39",0,1,1,1,1,1,1,1,1,2,1,2,1,1,1,1,0,2,1,2,1,1,2,1,1,3,1,0,2,1,2,0,1,0,1,8,1,0,1,7,1,1,0,1,1
"PTHR11860_SF40",0,0,1,1,0,0,1,1,1,0,0,0,0,1,1,1,0,0,1,0,1,1,0,1,0,0,0,1,0,0,0,0,1,1,0,0,1,0,1,0,1,0,0,0,0
"PTHR11860_SF44",0,1,1,1,1,1,1,1,1,1,1,1,1,1,1,1,1,1,1,1,1,1,1,1,1,1,1,1,1,1,1,1,1,1,1,1,1,1,1,1,1,1,1,1,1
"PTHR11875_SF54",0,0,3,3,0,0,1,0,0,1,0,0,0,2,8,1,2,0,1,0,0,1,0,2,0,2,0,3,0,2,0,1,0,2,0,0,2,1,2,2,3,0,0,0,0
"PTHR11875_SF57",0,2,0,0,1,1,1,0,1,2,0,1,0,1,0,1,1,0,0,1,1,1,1,0,1,1,1,1,0,1,0,0,2,1,0,1,1,0,1,1,1,1,2,0,1
"PTHR11876",0,0,5,3,0,0,10,3,0,13,4,8,0,6,0,12,0,3,10,0,8,2,29,6,5,0,5,6,0,0,11,0,3,14,0,10,4,0,4,10,4,0,0,0,0
"PTHR11878_SF6",0,1,1,1,1,2,1,1,1,2,1,0,1,1,1,1,1,2,1,1,1,1,1,1,1,1,1,1,1,2,1,1,1,1,1,1,1,1,1,1,1,1,1,1,1
"PTHR11880",0,1,5,6,2,4,2,2,2,3,2,2,2,3,2,1,1,2,4,1,1,4,1,3,6,1,2,5,0,1,1,7,6,3,4,2,4,2,6,2,3,2,0,5,3
"PTHR11895_SF66",0,0,1,1,0,0,1,1,0,0,0,0,0,1,1,1,1,0,1,1,1,0,0,1,0,0,0,1,0,0,1,1,1,1,0,0,1,0,2,0,1,0,0,1,0
"PTHR11905_SF20",0,1,1,1,1,1,1,1,1,1,1,0,1,1,0,1,1,1,1,1,1,1,1,1,1,0,1,1,1,0,1,1,1,1,2,1,1,1,1,1,1,1,1,3,0
"PTHR11915_SF228",0,0,0,0,0,0,0,0,0,0,0,0,0,0,0,1,0,0,0,0,0,0,0,0,0,0,0,0,0,0,0,0,0,0,0,0,0,0,0,0,0,0,0,0,0
"PTHR11915_SF243",0,1,0,0,0,0,0,0,0,0,1,0,0,1,0,1,0,0,0,0,0,1,0,0,0,0,0,0,0,0,0,0,0,0,0,0,1,0,1,0,1,0,0,0,1
"PTHR11926_SF123",0,0,9,6,0,0,2,0,0,0,0,0,0,2,0,2,0,4,3,0,3,4,0,5,0,0,0,4,0,0,0,0,1,4,0,0,2,0,2,0,2,0,0,0,0
"PTHR11926_SF138",0,0,0,1,1,1,1,1,1,0,0,1,0,1,1,4,1,3,1,1,1,0,4,1,1,1,3,1,1,1,1,1,2,1,1,1,1,0,2,1,1,1,0,2,1
"PTHR11926_SF154",0,0,2,2,0,0,1,0,0,0,0,0,1,2,0,2,0,0,1,0,1,2,0,1,0,0,0,1,2,0,0,0,0,1,0,0,2,1,2,0,2,0,0,0,2
"PTHR11935_SF71",0,2,1,1,0,1,0,0,0,0,1,1,1,2,0,1,0,0,2,1,0,1,1,2,0,0,0,2,1,1,1,1,1,3,1,0,1,1,2,1,0,0,0,1,0
"PTHR11937_SF192",0,0,0,1,0,0,0,0,0,0,0,0,0,0,0,0,0,0,1,0,0,0,0,1,0,0,0,0,0,0,0,0,0,0,1,1,0,0,0,0,0,0,0,1,0
"PTHR11937_SF38",0,1,0,0,1,0,1,1,1,1,1,1,1,1,1,1,1,1,1,0,1,0,1,1,1,1,1,1,1,1,0,1,1,1,1,1,1,1,1,1,0,1,1,2,1
"PTHR11998_SF12",0,2,1,1,1,1,1,1,1,1,1,1,1,1,2,1,1,1,1,1,1,1,1,1,1,1,1,1,1,0,1,1,1,1,1,1,1,1,1,1,2,1,1,1,1
"PTHR11999_SF37",0,0,1,1,1,0,1,1,0,0,0,0,1,1,0,1,0,0,1,0,0,1,0,1,0,0,1,1,1,0,0,0,0,1,0,0,1,1,1,0,1,0,0,0,0
"PTHR12002_SF75",0,1,1,0,1,1,1,1,1,1,1,1,1,1,1,1,1,1,1,1,0,0,1,1,1,0,1,1,1,1,1,1,1,0,1,1,1,1,1,1,1,1,1,1,1
"PTHR12010_SF4",0,1,4,7,2,1,4,0,1,0,4,1,2,3,0,1,0,1,2,3,1,2,1,3,1,0,4,3,2,1,2,5,2,4,7,4,1,3,0,4,4,1,0,4,3
"PTHR12011_SF220",0,1,1,1,1,1,1,1,1,1,1,1,1,1,1,1,1,0,1,0,1,1,1,1,0,1,1,1,1,0,1,1,1,1,1,1,1,1,1,1,1,1,0,1,0
"PTHR12011_SF261",0,1,1,1,1,1,0,1,1,1,1,1,1,1,1,1,1,1,1,1,1,1,1,1,1,1,1,1,1,1,1,1,1,1,1,1,1,1,1,1,1,1,1,1,1
"PTHR12036_SF19",0,0,1,0,1,0,1,1,0,1,0,0,1,1,1,1,0,0,1,0,1,0,1,1,0,1,0,1,0,0,0,0,1,1,0,1,1,0,1,1,0,0,0,0,1
"PTHR12056_SF1",0,0,0,0,1,0,1,0,0,1,0,0,0,0,0,1,0,0,1,0,0,0,0,1,0,0,1,1,0,0,1,0,1,1,1,0,0,1,0,0,1,0,0,1,1
"PTHR12062_SF6",0,1,1,1,1,1,1,1,0,1,1,1,1,1,0,1,1,1,1,1,1,1,1,1,1,0,1,0,1,1,1,1,0,1,1,1,1,1,1,1,1,1,0,1,1
"PTHR12103_SF10",0,1,1,1,1,1,1,0,0,1,1,1,0,0,0,1,1,1,1,1,1,2,1,1,0,0,0,1,1,1,1,0,1,0,1,0,1,0,1,0,1,1,0,1,0
"PTHR12125_SF11",0,1,1,1,1,1,1,1,1,1,1,0,1,1,1,1,1,1,1,1,1,1,1,0,1,1,1,0,1,1,0,1,1,0,1,1,1,1,1,1,1,0,0,2,1
"PTHR12137_SF4",0,1,1,1,1,1,1,1,2,1,1,0,1,1,1,1,1,1,1,0,1,1,1,1,1,1,1,1,1,1,0,1,1,1,1,1,1,0,2,1,1,1,1,1,1
"PTHR12138_SF9",0,0,3,2,0,0,249,0,0,0,0,0,0,10,0,17,0,0,7,0,716,0,0,8,0,0,0,5,0,0,0,0,2,3,0,0,9,0,6,0,2,0,0,0,0
"PTHR12156_SF4",0,1,1,1,1,1,1,1,1,2,1,1,1,1,1,1,1,1,1,1,1,1,1,1,1,1,1,1,1,1,1,1,1,1,1,2,1,1,1,1,1,1,1,1,1
"PTHR12176_SF13",0,1,1,1,2,1,1,1,1,1,1,1,1,2,1,1,1,1,1,1,1,1,1,1,1,1,2,1,1,1,1,1,1,1,1,1,1,1,1,0,1,1,1,1,1
"PTHR12176_SF16",0,1,1,1,1,0,1,1,1,0,1,1,1,1,0,1,1,0,1,0,1,1,1,1,0,0,1,1,1,0,1,1,1,1,1,1,1,1,1,1,1,1,0,1,1
"PTHR12224",0,1,1,1,1,1,1,1,0,1,1,1,1,1,1,1,1,0,1,1,1,1,1,1,1,1,1,1,1,1,1,1,1,1,1,1,1,1,1,1,1,1,0,1,0
"PTHR12241_SF16",0,1,1,1,1,0,1,1,1,1,1,0,0,1,1,1,1,0,1,0,1,1,1,1,1,0,1,1,1,0,1,1,0,1,1,1,0,0,1,0,1,0,1,0,1
"PTHR12241_SF6",0,0,1,0,1,0,0,0,0,0,1,1,0,0,0,0,0,0,0,0,0,0,1,0,0,0,0,1,0,1,1,0,0,0,0,0,0,0,0,0,1,1,1,0,0
"PTHR12241_SF9",0,1,1,1,1,1,1,2,1,1,1,1,1,1,1,1,1,1,1,1,1,1,1,1,1,1,1,1,1,1,1,1,1,1,1,1,1,1,1,1,1,1,1,1,1
"PTHR12247_SF73",0,0,1,1,0,0,2,0,0,0,0,0,0,1,0,1,0,0,1,0,1,0,0,1,0,0,0,1,0,0,0,0,0,1,0,0,1,0,1,0,1,0,0,0,0
"PTHR12247_SF79",0,0,1,1,0,0,0,0,1,0,1,0,0,1,0,1,1,0,1,0,0,0,1,1,0,0,1,2,0,0,0,1,0,1,0,1,1,0,1,0,1,0,0,0,0
"PTHR12277_SF37",0,1,0,0,1,1,1,1,1,1,1,1,1,1,0,1,1,1,1,1,1,0,1,1,1,1,2,1,1,1,0,1,1,1,1,1,1,2,1,1,1,1,1,0,0
"PTHR12307_SF7",0,1,0,1,1,1,1,1,1,1,1,1,1,0,1,1,1,1,1,1,1,1,1,1,1,1,1,0,1,1,1,1,1,1,1,1,1,1,1,1,0,1,1,1,1
"PTHR12322_SF58",0,0,0,1,0,0,0,0,0,0,0,0,0,1,0,2,0,0,1,0,1,0,0,0,0,0,0,0,0,0,1,0,0,0,0,0,0,0,2,0,0,0,0,0,0
"PTHR12348_SF14",0,1,1,1,1,1,2,1,1,1,1,1,2,1,1,1,1,1,1,1,1,2,1,1,1,1,1,1,1,1,1,3,0,1,1,1,1,2,1,1,1,1,0,1,1
"PTHR12358_SF26",0,1,1,1,1,1,1,1,1,1,2,1,1,1,1,1,1,1,1,1,1,1,1,1,2,1,1,1,1,1,1,1,1,1,1,1,1,1,1,1,1,1,1,1,1
"PTHR12366_SF17",0,0,1,1,1,1,0,0,0,0,1,0,1,1,0,1,0,0,1,0,0,1,1,1,0,0,1,1,1,0,0,0,0,1,0,0,0,1,1,1,1,1,0,0,0
"PTHR12403_SF10",0,0,0,1,1,0,0,0,1,0,0,1,0,0,0,1,0,0,1,0,0,1,0,0,0,0,1,0,0,0,0,0,2,1,1,0,0,0,0,0,1,0,0,1,0
"PTHR12419_SF2",0,1,0,0,0,1,1,0,0,0,1,1,1,1,1,1,0,1,1,0,1,1,1,1,0,0,1,1,1,1,0,1,1,1,1,0,0,0,1,1,0,1,0,0,0
"PTHR12461_SF2",0,1,1,1,1,1,1,1,1,0,1,1,1,1,1,2,1,1,1,1,1,1,2,1,1,1,1,1,1,1,1,1,1,1,1,1,0,1,2,1,1,1,0,1,1
"PTHR12561",0,1,1,1,1,1,1,1,1,0,0,0,1,1,1,1,1,0,1,1,0,0,1,1,1,1,1,1,1,1,1,1,1,1,1,1,0,1,1,1,1,0,1,1,0
"PTHR12668_SF6",0,0,1,1,0,0,3,0,0,0,0,0,0,2,0,1,0,0,3,0,2,0,0,2,0,0,0,1,0,0,0,0,0,3,0,0,1,0,1,0,0,0,0,0,0
"PTHR12669_SF5",0,1,1,1,1,1,1,1,1,0,1,1,1,1,1,1,1,0,1,0,1,1,1,1,1,0,1,1,1,0,1,1,0,1,1,1,1,1,1,1,1,1,0,1,2
"PTHR12677_SF6",0,0,1,1,1,0,1,0,1,1,1,1,1,1,1,1,1,1,1,1,1,1,0,0,1,0,1,0,0,0,1,0,1,1,0,1,1,1,1,0,1,1,0,1,0
"PTHR12713_SF5",0,1,1,1,1,1,0,1,1,1,2,2,1,1,1,2,1,1,1,1,1,1,1,1,1,1,1,1,1,1,1,1,1,1,1,1,1,1,1,1,1,1,1,1,1
"PTHR12751_SF7",0,1,1,1,1,1,1,1,1,1,1,1,1,1,1,1,1,1,1,1,1,1,1,1,1,1,1,1,1,1,1,1,1,1,2,1,1,1,1,1,2,1,1,1,1
"PTHR12756_SF5",0,1,1,0,1,1,1,1,1,2,1,1,1,1,1,1,1,1,1,1,1,1,1,1,1,1,0,1,1,1,1,1,1,1,1,1,1,1,1,1,0,0,1,1,1
"PTHR12774",0,1,1,1,1,1,1,1,1,1,1,1,1,2,1,2,1,1,1,0,0,1,1,1,1,1,1,1,1,1,1,2,1,1,1,1,1,1,1,2,1,1,1,2,1
"PTHR12791_SF28",0,1,1,0,2,0,1,0,0,0,0,1,0,2,0,1,0,0,1,1,1,0,1,1,2,0,0,0,1,0,1,1,0,1,1,1,1,0,1,1,1,1,0,1,0
"PTHR12844_SF22",0,0,0,0,0,1,0,0,0,1,0,0,0,0,1,0,0,1,0,0,0,0,0,0,0,0,0,0,0,1,0,0,0,0,1,0,0,1,0,0,0,1,0,1,1
"PTHR12867",0,1,2,1,1,2,1,2,1,1,2,1,1,1,2,1,1,1,1,0,1,1,2,1,0,0,1,1,1,1,2,1,1,1,1,1,1,1,2,1,1,1,0,2,1
"PTHR12992_SF6",0,0,0,1,1,1,2,1,1,0,1,1,0,0,1,1,1,0,0,1,0,1,2,0,1,1,1,0,1,0,0,1,1,0,1,1,0,1,0,1,1,1,0,1,0
"PTHR13020_SF26",0,1,1,1,1,1,1,1,1,1,1,0,1,1,1,1,1,1,1,1,1,0,1,1,1,1,1,1,1,1,1,2,1,1,0,1,1,1,1,1,1,1,1,1,1
"PTHR13059_SF11",0,1,1,1,1,1,1,1,1,1,1,1,1,1,1,1,1,0,1,1,1,1,1,1,1,1,1,1,1,1,1,1,1,1,0,1,1,1,1,1,1,1,1,1,1
"PTHR13078_SF5",0,0,1,1,0,0,1,0,0,0,0,0,0,1,0,1,0,0,1,0,0,0,0,1,0,1,1,1,0,0,1,0,0,1,0,0,1,0,1,0,1,0,0,0,0
"PTHR13139_SF26",0,1,0,1,0,1,1,1,1,1,1,1,1,1,1,1,1,0,1,0,1,1,1,1,1,0,1,1,1,1,1,1,0,1,1,0,1,0,1,1,0,1,0,0,1
"PTHR13140_SF260",0,1,1,1,1,1,1,1,1,0,0,1,1,1,1,1,1,1,1,1,1,1,1,1,1,7,2,1,1,1,0,1,0,1,1,0,1,1,1,1,1,1,1,0,1
"PTHR13140_SF278",0,2,1,1,0,2,1,0,0,1,0,1,0,1,0,1,0,0,1,0,1,1,0,1,0,0,0,1,0,2,1,0,2,1,1,1,1,0,1,0,1,1,0,1,0
"PTHR13140_SF314",0,1,1,1,1,1,1,0,0,0,0,0,1,1,0,1,0,1,1,0,0,1,0,1,0,0,0,1,1,0,1,0,0,1,1,0,1,1,1,0,1,0,0,1,2
"PTHR13149",0,1,1,2,1,1,1,1,1,1,1,1,1,1,1,1,1,1,1,0,1,1,1,1,1,1,1,1,1,0,1,1,1,1,1,1,2,1,2,1,1,1,1,1,1
"PTHR13178",0,1,1,1,1,1,3,1,1,1,1,1,1,1,1,1,1,1,1,1,1,2,1,1,2,1,1,1,1,1,1,1,1,2,2,1,1,1,1,1,1,1,1,1,1
"PTHR13220",0,1,2,0,1,2,1,1,1,1,1,1,1,3,1,1,1,1,2,1,1,1,1,3,1,1,1,2,1,1,1,0,2,2,1,1,3,1,3,2,1,1,1,1,1
"PTHR13229_SF2",0,3,1,1,1,3,2,1,1,0,1,1,3,1,1,1,2,1,1,1,1,1,1,1,1,0,2,1,1,1,2,2,1,1,2,2,1,3,2,1,1,1,1,2,2
"PTHR13308_SF19",0,1,1,1,1,1,2,1,1,1,1,1,1,1,1,1,1,1,1,1,1,1,1,1,1,1,0,1,1,1,1,1,1,1,2,1,1,0,1,1,2,0,0,2,1
"PTHR13445",0,1,1,1,1,1,1,1,1,1,2,0,1,1,1,1,0,1,1,0,1,1,1,1,1,1,0,0,1,1,0,0,1,1,0,0,1,1,1,1,1,1,1,1,1
"PTHR13484",0,1,1,1,0,1,1,1,1,0,1,1,1,1,1,1,1,1,1,0,1,1,1,1,1,0,1,1,1,1,1,1,0,1,1,1,1,1,2,1,1,1,0,1,0
"PTHR13491_SF0",0,1,1,1,1,1,1,1,1,1,1,1,1,2,2,1,1,1,1,2,1,2,1,1,1,1,1,1,1,1,2,1,1,1,1,2,1,1,1,1,2,1,1,1,2
"PTHR13538",0,1,1,1,1,1,1,1,1,0,1,0,1,1,0,1,1,1,1,1,1,1,1,1,1,1,1,1,1,0,1,0,1,1,1,1,1,1,1,1,1,1,1,0,0
"PTHR13596_SF1",0,2,1,3,1,1,4,1,1,1,1,0,1,2,4,5,1,1,0,2,1,2,1,1,1,0,1,1,1,1,1,1,0,1,1,3,1,1,1,1,1,1,0,0,2
"PTHR13630",0,1,1,1,1,1,1,1,1,1,1,1,1,1,1,1,1,0,1,0,1,1,1,1,1,1,1,1,1,1,1,1,1,1,1,1,1,1,2,1,1,1,1,1,1
"PTHR13711_SF156",0,0,1,1,0,0,1,0,0,0,0,0,0,1,0,1,0,0,1,0,1,0,1,1,0,0,0,1,1,0,0,0,1,1,0,0,1,1,1,0,0,0,0,0,0
"PTHR13713_SF43",0,1,1,1,1,0,1,0,0,0,0,1,1,1,0,1,0,1,1,1,1,1,1,1,0,0,1,1,1,1,0,0,0,1,0,1,1,1,1,0,1,1,1,0,1
"PTHR13715_SF76",0,0,1,1,0,0,1,0,0,0,0,1,1,1,0,1,0,0,1,0,0,1,0,1,0,0,0,1,1,0,0,0,0,1,0,0,0,1,1,0,1,1,0,0,0
"PTHR13720_SF18",0,1,1,1,1,1,1,1,0,0,1,1,1,1,1,1,0,0,1,1,1,1,1,1,1,0,1,1,1,1,1,0,1,1,1,1,1,1,1,1,1,1,0,1,1
"PTHR13723_SF41",0,0,1,1,1,0,1,1,1,1,0,1,1,1,1,1,1,1,1,1,1,0,1,1,1,1,1,1,1,0,1,1,1,1,1,1,1,1,1,1,1,1,1,1,1
"PTHR13813",0,1,1,1,1,0,1,0,0,1,0,1,0,1,0,3,0,0,1,0,1,0,1,1,0,0,0,1,0,0,0,0,0,1,0,0,2,0,4,0,1,1,0,0,1
"PTHR13857_SF22",0,0,4,1,0,0,0,0,1,1,1,1,0,2,1,4,0,0,3,1,1,1,0,2,0,0,0,2,1,0,0,0,3,1,0,0,2,1,3,0,1,1,0,0,1
"PTHR13871_SF35",0,1,1,1,1,1,1,1,1,1,1,1,1,1,1,1,0,1,1,1,1,1,1,1,1,1,1,1,1,1,1,1,1,1,1,1,1,1,1,1,0,1,0,1,1
"PTHR13943_SF38",0,1,1,1,1,1,1,1,2,0,1,1,1,1,1,1,0,1,1,1,1,1,1,1,1,1,1,1,1,1,1,1,1,1,1,1,1,1,1,1,1,1,1,1,1
"PTHR13943_SF39",0,1,1,1,0,1,1,1,1,1,1,1,1,1,1,1,1,1,1,0,1,1,1,1,1,1,1,1,1,1,1,1,1,1,1,1,1,2,1,1,1,1,1,2,1
"PTHR13946_SF21",0,1,0,1,0,1,0,0,0,0,0,0,0,3,0,4,0,0,1,0,0,1,0,0,0,0,0,0,0,0,0,0,0,1,0,0,0,0,5,0,0,1,1,0,1
"PTHR13989_SF12",0,0,0,0,0,0,0,0,0,1,0,0,0,0,0,1,0,0,0,0,0,0,0,0,0,0,0,0,0,0,0,0,3,0,0,0,0,0,0,0,0,0,0,0,0
"PTHR14037",0,1,0,2,3,1,4,0,1,2,3,5,1,2,1,2,1,0,2,9,1,1,1,2,0,2,3,2,1,1,3,0,1,3,0,1,2,1,2,2,2,1,0,0,1
"PTHR14043_SF15",0,1,1,1,1,1,1,1,1,1,1,1,1,1,1,1,1,1,1,1,1,1,1,1,1,1,1,1,1,0,1,1,1,1,1,1,0,1,3,1,1,1,0,1,1
"PTHR14047",0,2,12,13,2,2,12,0,0,4,2,2,2,10,0,23,0,0,18,2,13,1,0,15,0,2,0,10,2,1,0,0,0,19,0,0,12,0,18,0,12,4,3,0,1
"PTHR14179",0,0,0,0,0,0,1,0,0,0,0,0,0,0,0,0,0,0,1,0,0,0,2,1,0,0,0,2,0,0,0,0,0,0,0,0,1,0,1,3,1,0,0,0,0
"PTHR14194_SF51",0,1,0,1,0,1,1,0,0,2,0,1,0,0,0,0,0,1,1,1,1,1,0,1,0,0,0,0,0,1,1,0,1,1,3,1,1,0,1,0,1,1,1,1,0
"PTHR14299",0,1,1,1,1,1,1,1,1,0,0,0,1,1,1,1,0,0,1,0,0,0,1,1,1,0,1,0,1,1,0,0,0,1,0,1,1,1,1,1,1,1,0,0,1
"PTHR14313",0,1,1,1,1,1,1,1,1,1,1,1,1,1,1,16,1,1,1,1,1,1,1,1,1,0,0,1,1,1,1,1,1,1,1,0,1,1,1,1,1,1,0,1,1
"PTHR14353_SF8",0,1,0,1,1,1,1,0,0,1,1,1,1,0,1,1,0,0,1,0,1,1,1,1,1,0,1,1,0,1,1,0,0,1,1,0,0,1,1,1,0,1,0,1,0
"PTHR14447",0,1,1,1,1,1,1,1,0,0,1,1,1,1,0,1,1,1,1,0,1,1,1,1,1,0,1,1,1,1,1,1,0,1,1,1,1,1,1,1,1,1,1,1,1
"PTHR14453_SF55",0,1,1,1,0,1,1,1,1,1,1,1,0,1,1,1,0,1,1,1,2,1,1,1,1,0,1,1,0,1,0,1,1,1,0,0,1,0,1,1,1,0,1,1,0
"PTHR14499_SF60",0,1,1,2,1,1,1,1,1,0,1,1,1,1,1,1,0,1,1,1,1,1,1,1,1,1,1,1,1,1,1,1,0,1,1,1,1,1,2,1,1,1,1,1,0
"PTHR14499_SF7",0,0,1,0,0,0,1,0,0,0,1,1,0,2,1,2,1,1,1,1,1,0,1,1,1,0,0,1,1,1,0,1,1,1,1,1,1,1,1,1,1,1,1,1,1
"PTHR14572",0,4,2,1,0,3,6,1,0,2,1,3,3,2,1,2,1,1,2,1,2,2,1,2,1,1,3,2,2,2,1,1,2,2,6,1,2,5,2,1,1,2,1,10,1
"PTHR14677_SF12",0,1,1,1,1,1,1,1,1,1,1,1,1,1,1,1,1,1,1,1,1,1,1,1,1,1,1,1,1,1,1,1,1,1,1,1,1,1,1,1,1,1,1,2,1
"PTHR14731",0,1,1,1,1,1,1,0,1,3,1,1,1,1,1,1,1,0,1,1,1,1,2,2,1,0,3,1,1,1,1,0,0,1,1,0,1,1,1,1,0,1,1,1,1
"PTHR14773",0,1,1,1,1,1,1,1,1,1,1,1,1,1,1,1,1,1,1,1,1,1,1,1,1,1,1,1,1,1,1,0,1,1,1,1,1,1,1,1,1,1,1,1,1
"PTHR14947",0,2,2,2,0,0,5,0,0,3,0,7,1,1,0,1,0,0,6,0,2,0,9,7,0,1,0,3,2,0,0,0,0,4,0,5,3,0,2,0,0,2,0,7,1
"PTHR14958_SF12",0,1,1,1,1,1,1,1,1,1,1,1,1,1,1,1,2,1,1,2,1,1,1,0,1,1,1,1,1,1,1,1,1,1,1,1,1,1,2,1,1,1,1,2,1
"PTHR14969_SF18",0,0,1,1,1,1,1,1,1,1,1,1,1,1,1,1,1,1,1,1,1,0,1,1,1,0,1,1,1,1,1,1,1,1,2,1,0,1,1,1,1,1,1,1,1
"PTHR14987_SF1",0,0,0,1,1,0,1,0,0,1,0,1,1,1,0,1,0,0,1,0,0,1,2,0,1,1,1,1,0,1,1,0,1,1,1,0,1,0,1,0,1,0,1,0,0
"PTHR15001_SF13",0,0,1,1,0,0,1,0,0,0,0,0,0,2,0,5,0,0,1,0,1,1,0,1,0,0,0,2,0,0,0,0,0,1,0,0,0,0,1,0,1,0,0,0,0
"PTHR15001_SF7",0,0,0,1,1,1,1,0,0,1,0,0,0,1,0,1,0,0,1,0,1,1,1,0,0,0,1,1,0,0,1,0,1,1,0,0,1,0,1,1,1,0,0,0,1
"PTHR15001_SF9",0,1,1,1,1,1,1,0,0,1,1,1,1,1,0,1,0,0,1,1,1,0,0,1,0,0,0,1,0,0,0,0,0,1,0,0,1,1,1,0,1,1,0,0,1
"PTHR15056",0,0,0,1,0,1,1,0,0,1,1,1,1,1,1,1,0,1,0,0,0,1,1,1,0,0,1,1,0,0,1,1,1,1,1,0,0,1,1,0,0,0,1,1,0
"PTHR15096",0,2,1,1,1,0,1,1,1,1,1,1,1,1,0,1,1,2,1,1,1,1,5,1,2,1,4,1,1,3,1,1,1,1,0,2,0,0,1,3,1,1,0,0,0
"PTHR15099",0,1,1,2,1,1,1,1,1,1,1,1,1,1,1,1,1,1,1,2,1,1,1,1,1,1,2,1,1,1,1,4,1,1,1,2,1,1,1,1,1,1,1,1,1
"PTHR15124_SF17",0,1,1,1,1,1,1,0,0,1,0,0,1,0,0,1,0,0,1,1,0,1,1,1,1,1,0,1,1,1,0,0,0,1,0,1,1,0,2,1,1,1,0,0,0
"PTHR15160",0,1,1,1,0,1,1,1,1,0,0,0,0,1,2,2,1,1,0,1,2,1,1,1,1,0,1,1,1,1,1,1,0,1,1,2,1,0,1,1,1,1,1,1,0
"PTHR15189",0,1,1,1,1,1,1,1,1,1,1,1,1,1,1,1,1,1,1,1,1,1,1,1,1,1,1,2,2,1,1,1,1,1,1,1,1,1,1,1,1,1,1,1,1
"PTHR15233",0,2,1,1,2,4,3,2,2,1,2,2,2,1,3,1,1,0,1,1,1,1,1,1,1,1,2,1,2,1,1,8,1,4,1,4,2,1,2,2,1,1,1,3,0
"PTHR15304_SF2",0,1,1,1,1,1,1,1,1,1,1,1,1,1,1,1,1,0,1,1,1,1,1,1,1,0,0,1,1,1,1,1,1,1,1,1,1,1,1,1,1,1,0,1,1
"PTHR15314",0,1,1,1,1,1,1,1,1,1,1,1,1,1,1,1,1,1,1,1,1,1,1,1,1,1,1,1,1,0,1,1,1,1,1,1,1,1,2,1,1,1,1,1,1
"PTHR15354",0,1,1,1,1,1,1,1,1,1,1,1,1,1,1,1,1,1,1,1,1,1,1,1,1,1,2,1,1,1,1,1,1,1,1,1,1,1,1,1,1,1,1,1,1
"PTHR15439_SF0",0,0,0,1,1,0,1,1,0,0,0,0,0,0,1,1,0,0,0,0,0,0,1,0,1,0,0,0,0,0,0,1,0,0,1,1,1,0,0,0,1,0,0,1,0
"PTHR15510",0,1,1,1,1,1,1,1,1,1,1,1,1,1,1,1,1,0,1,1,1,1,1,1,1,1,1,1,1,1,1,1,0,1,1,1,1,1,1,1,1,1,1,0,0
"PTHR15531",0,1,1,1,1,1,1,1,1,1,1,1,1,1,1,1,1,1,1,1,1,1,1,1,1,1,1,1,0,1,1,1,1,1,0,1,1,1,1,2,1,1,1,0,1
"PTHR15541",0,4,1,1,1,2,1,0,0,0,1,1,0,1,0,1,0,0,1,1,1,0,0,1,0,1,0,1,0,2,0,0,0,1,0,0,1,0,1,0,0,1,0,0,2
"PTHR15549_SF1",0,0,1,1,0,0,1,0,0,0,0,0,0,1,0,2,0,0,1,0,1,0,0,2,0,0,0,1,0,0,0,0,0,2,0,0,1,0,3,0,1,0,0,0,0
"PTHR15581",0,2,1,1,1,1,1,1,1,1,1,1,1,1,1,1,1,0,1,1,1,2,2,1,1,1,1,1,1,1,1,1,0,1,1,1,1,1,1,1,2,0,1,1,1
"PTHR15601_SF3",0,1,0,1,1,1,0,0,0,0,1,1,1,1,1,1,0,1,1,0,1,1,1,1,1,1,0,1,1,0,1,1,1,1,1,0,0,1,1,1,1,1,0,2,0
"PTHR15629_SF7",0,0,1,1,1,1,1,0,0,1,0,1,0,1,0,1,0,0,1,0,0,1,0,1,0,0,0,1,1,0,0,0,0,1,0,0,1,0,1,0,1,1,0,0,0
"PTHR15666",0,1,2,1,1,1,1,1,1,1,0,1,1,3,1,1,1,1,2,1,1,0,1,2,1,1,1,1,1,1,1,0,1,2,1,1,2,1,2,2,0,1,0,2,1
"PTHR15712_SF12",0,1,0,1,1,1,1,1,0,1,1,1,1,1,1,1,0,1,1,0,1,1,1,1,1,1,0,0,1,0,1,0,1,0,0,1,1,0,1,1,1,1,1,0,1
"PTHR15712_SF21",0,1,1,1,1,0,1,1,0,1,1,1,1,1,1,1,0,1,1,1,1,1,1,1,1,1,1,1,1,1,1,1,2,1,0,1,1,0,2,1,1,1,1,0,1
"PTHR15821",0,1,1,1,1,1,1,1,1,1,1,1,0,1,1,1,1,1,1,1,1,1,1,1,1,2,1,1,1,1,0,1,1,1,0,1,1,0,1,1,1,1,0,1,0
"PTHR15858_SF0",0,2,1,1,1,1,1,1,1,1,1,1,1,1,1,2,0,1,1,0,1,1,2,1,1,0,1,2,1,1,1,1,1,1,1,1,1,1,1,0,1,1,1,1,1
"PTHR15887",0,1,1,1,2,1,1,1,1,1,1,1,1,2,1,1,1,1,2,1,2,1,1,1,1,1,1,2,1,1,1,1,0,1,1,1,2,2,2,1,1,1,1,1,3
"PTHR15893_SF0",0,0,1,0,0,0,0,0,0,0,0,0,0,1,0,1,0,0,1,0,0,0,0,1,0,0,0,0,1,0,0,0,0,1,0,0,1,0,1,0,0,1,0,0,0
"PTHR15962",0,1,1,1,0,1,1,1,1,0,1,1,1,1,1,1,1,1,1,0,2,0,1,1,1,1,1,0,1,0,0,1,1,1,1,1,1,1,1,1,1,1,1,1,1
"PTHR16089_SF19",0,1,1,1,1,1,1,1,1,1,1,1,1,1,1,1,1,1,1,1,1,1,1,1,1,1,1,1,1,1,1,1,1,1,1,1,1,1,1,1,1,1,1,1,1
"PTHR16146_SF21",0,3,1,1,0,2,1,0,0,0,0,0,0,1,0,1,0,0,1,0,1,0,0,1,0,0,0,1,0,2,1,0,0,1,0,0,1,0,1,0,1,1,0,0,0
"PTHR16146_SF38",0,2,1,1,0,2,1,2,4,1,0,2,0,1,0,1,2,1,1,0,1,4,1,1,3,0,1,1,0,2,1,2,3,1,1,6,2,0,1,1,1,0,0,2,0
"PTHR16154_SF22",0,1,1,1,1,2,1,1,1,1,1,1,1,2,1,1,2,1,1,1,1,1,1,1,1,1,3,1,1,1,1,1,1,1,1,1,1,1,1,1,1,1,1,1,1
"PTHR16213_SF12",0,0,3,0,0,0,158,0,0,0,0,0,0,6,0,11,0,0,3,0,287,0,0,3,0,0,0,4,0,0,0,0,0,7,0,0,6,0,6,0,0,0,0,0,0
"PTHR16213_SF26",0,0,0,0,0,0,54,0,0,0,0,0,0,3,0,2,0,0,1,0,137,0,0,0,0,0,0,1,0,0,0,0,0,1,0,0,2,0,3,0,0,0,0,0,0
"PTHR16213_SF37",0,0,0,0,0,0,44,0,0,0,0,0,0,1,0,0,0,0,0,0,44,0,0,0,0,0,0,0,0,0,0,0,0,0,0,0,0,0,0,0,0,0,0,0,0
"PTHR16223_SF14",0,0,1,1,1,1,1,1,0,1,0,1,1,1,0,1,0,1,1,0,1,1,1,1,1,1,1,0,1,1,0,0,1,1,1,1,1,0,1,1,1,1,0,0,1
"PTHR16231_SF2",0,2,2,1,1,1,1,1,1,1,1,1,1,1,2,1,1,1,2,1,1,1,1,2,2,1,1,1,1,1,1,2,0,2,1,2,2,1,2,1,1,1,1,1,1
"PTHR16294_SF5",0,2,1,1,1,1,2,1,1,1,1,1,1,1,1,1,1,1,1,2,1,1,1,1,1,1,3,1,1,1,1,1,1,1,1,1,1,1,1,1,1,1,1,1,1
"PTHR16305_SF23",0,1,1,1,1,1,1,1,1,1,1,1,1,1,1,1,1,1,1,1,1,1,1,1,1,1,1,1,1,1,1,1,1,1,1,1,1,1,1,1,1,1,1,1,1
"PTHR16487_SF0",0,1,1,0,0,0,0,0,0,0,0,0,0,2,1,1,0,0,1,0,0,2,1,1,0,0,0,4,1,0,2,2,0,1,0,0,2,0,2,1,0,0,0,0,0
"PTHR16676",0,3,2,2,1,1,5,1,0,0,3,2,2,1,1,1,2,1,2,0,2,3,1,2,1,1,2,1,4,1,2,0,0,2,1,3,0,1,2,1,2,1,0,0,3
"PTHR16932_SF15",0,0,1,1,0,0,1,0,0,0,0,0,0,1,0,2,0,0,1,0,1,0,0,2,0,0,0,0,0,0,0,0,0,2,0,0,1,0,1,0,1,0,0,0,0
"PTHR17102",0,1,1,1,1,1,2,1,1,1,1,1,1,1,1,1,1,1,1,1,1,1,1,1,1,0,1,1,1,1,0,1,0,1,1,1,2,1,3,1,1,1,0,1,0
"PTHR17130_SF14",0,1,2,1,1,1,1,1,1,1,0,1,1,1,2,1,1,0,2,0,1,1,1,2,1,0,1,1,1,1,1,1,1,1,1,1,1,1,1,1,1,1,1,2,1
"PTHR17378",0,1,0,1,0,0,0,1,1,0,0,1,1,1,1,2,1,0,0,0,1,1,1,1,1,1,1,0,1,0,0,1,0,1,0,1,0,0,1,1,0,1,0,0,0
"PTHR17488",0,1,1,1,1,1,1,0,0,1,1,0,1,1,1,1,0,1,1,0,1,1,1,1,1,1,1,1,0,1,1,0,1,1,0,1,1,1,1,1,1,1,0,0,1
"PTHR17503",0,1,1,1,1,1,1,1,0,0,0,0,1,1,0,1,1,0,1,2,1,1,1,1,1,1,1,1,1,1,1,1,1,1,1,1,0,1,1,1,1,1,1,0,1
"PTHR17571_SF18",0,1,1,1,1,1,1,1,1,1,1,1,1,1,0,1,1,0,1,0,1,1,1,1,1,0,1,1,1,1,1,1,1,1,0,1,1,1,1,1,1,1,1,0,1
"PTHR17571_SF27",0,1,1,1,1,1,0,1,1,1,1,1,0,1,0,1,1,0,1,0,1,1,1,1,1,1,1,1,1,0,1,1,1,1,0,1,1,1,1,1,1,1,1,0,1
"PTHR17571_SF28",0,1,1,1,1,1,1,1,1,1,1,1,1,1,0,1,1,0,1,0,1,1,1,1,1,0,1,1,1,1,1,1,0,1,0,1,1,1,1,1,1,1,0,0,1
"PTHR17602",0,1,1,1,1,1,1,0,1,1,1,1,1,1,1,1,1,1,1,0,1,0,1,1,1,1,1,1,1,1,1,0,1,1,1,1,1,1,1,1,2,1,0,2,1
"PTHR18945_SF196",0,1,1,1,0,1,1,1,1,0,1,1,1,1,1,1,1,0,1,0,1,1,1,1,1,1,1,1,1,1,1,1,1,1,1,1,1,1,1,1,1,1,1,1,0
"PTHR18945_SF378",0,0,1,2,0,0,1,0,0,0,0,0,1,2,0,2,0,0,2,0,1,1,0,1,0,1,0,1,0,0,0,0,0,2,0,0,1,1,2,0,2,0,0,0,0
"PTHR19139_SF38",0,1,1,1,1,1,1,1,1,1,1,1,1,1,1,1,1,0,1,0,1,1,1,1,1,1,1,0,1,1,1,1,1,1,2,1,1,1,1,1,1,1,1,1,1
"PTHR19143_SF179",0,0,1,1,0,0,2,0,0,0,0,0,0,1,0,1,0,0,1,0,1,0,0,1,0,0,0,1,0,0,0,0,0,1,0,0,1,0,1,0,1,1,0,0,0
"PTHR19290_SF7",0,1,0,1,1,1,1,1,1,1,1,1,1,0,1,1,1,1,1,0,0,1,1,1,1,0,1,0,1,0,1,1,1,0,1,1,0,1,2,1,1,1,0,1,0
"PTHR19290_SF82",0,1,1,1,1,1,1,1,0,1,1,1,1,1,1,1,1,1,1,1,1,0,1,1,1,1,1,1,1,1,1,1,1,1,0,1,1,1,1,1,1,1,0,0,1
"PTHR19303_SF191",0,1,1,1,0,1,1,1,1,1,0,1,1,1,1,1,1,0,1,0,1,1,1,1,1,0,1,1,1,0,0,1,0,1,1,1,1,1,1,1,1,1,0,0,1
"PTHR19306",0,2,0,1,2,1,1,2,2,0,1,2,1,1,2,2,2,1,1,2,2,2,2,1,2,1,2,2,0,1,1,1,2,2,5,2,1,1,1,2,1,2,2,4,1
"PTHR19325_SF227",0,1,1,1,1,1,1,1,1,0,1,1,1,1,1,7,1,1,1,2,1,1,1,1,1,0,1,1,1,1,1,1,0,1,1,1,1,1,1,2,1,1,1,1,1
"PTHR19325_SF310",0,0,2,2,0,0,1,0,0,0,0,0,0,2,0,3,0,1,2,0,1,2,0,4,0,0,0,1,0,1,0,0,1,2,0,0,1,0,3,0,1,0,0,0,0
"PTHR19325_SF318",0,0,1,1,1,0,0,0,0,0,0,0,0,1,0,1,0,0,1,0,0,1,0,1,0,1,1,1,0,0,0,0,0,1,0,0,1,1,1,0,1,0,0,1,1
"PTHR19325_SF322",0,0,1,2,0,0,1,0,0,0,0,0,0,1,0,2,1,0,1,0,1,1,1,1,1,0,1,0,0,0,0,0,0,1,0,0,2,0,1,0,1,0,0,0,0
"PTHR19331_SF254",0,1,0,1,0,0,0,0,0,1,0,0,0,0,0,0,0,0,0,1,0,0,1,0,1,0,0,0,0,0,0,0,0,0,1,1,0,0,0,1,1,0,0,1,0
"PTHR19331_SF258",0,1,1,1,1,1,1,1,1,1,1,1,1,1,1,1,1,1,1,1,1,1,1,1,2,1,1,1,1,1,1,1,1,1,1,1,1,1,2,1,1,1,1,1,1
"PTHR19331_SF260",0,0,1,1,0,0,1,0,0,0,1,1,0,1,0,1,0,1,1,0,1,1,0,1,0,0,0,1,0,0,0,0,0,1,0,0,1,0,1,0,1,0,0,0,0
"PTHR19338",0,1,1,1,0,1,1,2,2,0,1,1,1,1,2,1,1,1,1,1,0,1,1,1,1,1,1,1,1,0,0,1,1,1,1,1,1,1,1,1,1,0,1,1,1
"PTHR19424_SF1",0,0,1,1,1,0,1,0,1,0,1,1,1,1,1,1,1,0,1,0,1,1,1,1,1,0,1,1,1,0,1,1,0,1,0,1,1,1,1,1,1,1,0,1,0
"PTHR19433_SF61",0,1,3,1,1,1,1,0,0,2,3,6,0,2,0,1,0,1,3,0,3,0,1,2,0,1,0,2,0,6,1,0,0,2,0,1,1,0,3,0,1,0,0,0,1
"PTHR19433_SF65",0,0,3,3,1,0,3,0,0,2,1,1,0,3,0,3,0,2,3,3,2,1,1,3,0,2,0,3,1,0,2,0,2,3,1,0,3,1,3,0,3,1,0,2,2
"PTHR19441_SF16",0,1,1,1,1,0,1,1,1,1,1,1,1,1,1,1,1,1,1,0,1,1,1,1,1,1,1,1,1,0,1,1,0,1,0,1,1,1,1,1,1,1,0,0,1
"PTHR19441_SF19",0,4,1,1,1,1,1,0,0,5,1,1,1,1,0,1,0,2,1,0,1,1,0,1,0,1,0,1,1,1,0,0,1,1,0,0,1,1,1,0,1,2,1,0,1
"PTHR19441_SF20",0,0,2,1,0,0,1,0,0,0,0,0,0,1,0,1,0,0,1,0,1,0,1,1,1,0,0,1,0,0,0,0,0,1,0,0,1,0,1,1,1,0,0,1,0
"PTHR19441_SF21",0,1,1,1,1,1,1,0,0,1,0,1,0,1,0,1,0,1,1,0,1,1,1,1,1,0,2,1,1,0,0,0,0,1,0,1,0,0,1,1,1,1,0,0,2
"PTHR19446_SF319",0,60,1,8,354,7,112,0,0,1,44,412,37,7,0,0,0,0,15,0,469,3,0,7,0,19,7,4,6,22,410,0,0,15,0,0,15,0,18,27,2,501,0,0,62
"PTHR19818_SF72",0,0,1,1,0,0,1,0,0,0,0,0,0,2,0,2,0,0,0,0,1,0,0,0,0,0,0,1,0,0,0,0,0,0,0,0,0,0,3,0,0,0,0,0,0
"PTHR19831_SF41",0,0,1,1,0,0,0,0,0,0,0,0,0,1,0,1,0,0,1,0,1,0,0,1,0,0,0,1,0,0,0,0,0,1,0,0,0,0,1,1,1,0,0,0,0
"PTHR19897_SF146",0,0,1,1,1,0,1,0,0,0,0,0,1,1,0,1,1,0,1,0,1,1,0,1,0,0,0,1,1,0,0,0,0,1,1,0,1,1,1,0,1,1,0,1,1
"PTHR19944_SF43",0,1,1,1,1,1,1,1,1,1,1,1,2,1,1,6,1,1,1,0,1,1,1,1,1,1,1,1,1,1,1,1,0,1,0,1,1,1,1,1,1,1,1,0,1
"PTHR19944_SF54",0,0,2,2,0,0,2,0,1,0,0,0,0,2,1,14,0,0,2,3,0,0,0,2,0,1,0,2,0,2,0,1,0,1,0,1,3,0,2,0,2,0,0,0,0
"PTHR19944_SF57",0,0,4,3,0,0,1,1,2,2,1,0,1,2,3,13,2,2,3,5,1,1,1,4,1,1,2,2,1,0,1,2,2,3,3,3,3,2,3,0,5,0,0,3,0
"PTHR19964_SF42",0,1,1,1,0,1,1,1,0,1,1,1,1,1,0,1,1,1,1,0,1,1,1,1,0,1,1,1,1,1,1,0,1,1,1,1,1,1,1,1,1,1,1,1,0
"PTHR19970_SF3",0,9,14,18,14,1,4,6,2,1,2,1,3,5,14,1,2,1,13,5,1,2,1,11,8,0,3,5,9,0,12,19,2,11,3,8,3,4,4,7,6,2,0,5,11
"PTHR20930_SF0",0,1,1,1,1,0,0,0,0,0,0,0,0,1,0,0,0,1,2,0,0,2,1,1,0,0,0,0,0,0,1,1,0,1,1,1,1,0,1,1,0,0,0,0,1
"PTHR20961_SF0",0,1,1,1,1,1,1,1,1,1,1,1,1,1,1,1,1,0,1,1,1,0,1,1,1,1,1,1,1,0,1,1,0,1,1,1,1,1,1,1,1,1,1,2,1
"PTHR20968",0,2,2,2,1,2,2,1,2,1,2,2,1,2,2,3,2,0,2,1,2,2,2,2,2,1,1,1,1,2,2,1,1,2,1,2,2,1,2,1,2,1,1,1,1
"PTHR20978",0,1,1,1,1,1,1,1,1,1,1,1,1,1,1,1,1,1,1,3,0,1,1,1,1,1,1,1,1,2,1,1,1,1,2,1,1,1,1,1,1,0,1,2,1
"PTHR21004",0,1,1,1,0,1,1,1,1,1,1,1,1,1,1,1,1,1,1,1,1,1,1,1,1,1,1,1,1,1,0,1,1,1,1,1,1,1,1,1,1,1,1,1,1
"PTHR21055",0,1,1,1,1,1,1,1,1,1,1,1,1,1,1,1,1,1,1,1,1,1,1,1,1,1,1,1,1,1,1,1,1,1,1,1,1,1,1,1,1,1,1,1,1
"PTHR21101",0,1,2,2,3,1,3,1,1,1,1,2,2,3,1,2,2,1,1,1,2,2,4,1,3,2,2,1,1,1,1,1,2,2,3,9,2,2,2,4,2,2,1,2,2
"PTHR21107_SF0",0,1,1,1,1,1,1,1,1,1,1,1,1,1,1,1,1,1,1,1,1,1,1,1,1,1,1,1,1,1,1,1,1,1,1,1,1,1,1,1,1,1,0,1,1
"PTHR21107_SF2",0,1,0,1,1,1,1,1,1,0,0,1,1,1,1,1,1,1,0,0,0,1,1,0,1,0,1,1,1,0,0,1,0,0,1,1,1,1,2,1,1,1,1,2,1
"PTHR21181_SF15",0,4,1,1,0,6,1,1,2,1,2,2,1,1,2,1,1,1,1,0,1,3,2,1,1,1,2,1,1,2,2,3,1,1,1,2,1,1,1,1,1,1,1,1,0
"PTHR21229_SF8",0,1,1,1,1,1,1,1,1,1,1,1,1,1,1,1,1,1,1,1,1,1,1,1,1,1,1,1,1,1,1,1,1,1,1,1,1,1,1,1,1,1,1,1,1
"PTHR21234_SF13",0,1,1,1,0,1,1,1,1,1,0,0,0,1,1,1,1,0,1,1,1,1,1,1,1,0,1,1,0,1,1,1,1,1,1,1,1,0,1,1,1,1,1,2,0
"PTHR21243",0,1,1,1,1,1,1,1,1,1,1,1,1,1,1,1,1,1,1,1,1,1,1,1,1,1,1,1,1,1,1,1,1,1,1,1,1,1,1,1,1,1,1,2,1
"PTHR21312_SF28",0,0,1,0,1,0,1,0,0,0,0,1,1,1,0,1,1,0,1,1,1,1,1,1,1,0,0,1,1,0,1,0,0,1,0,1,1,1,1,1,0,1,1,0,0
"PTHR21409",0,1,1,1,1,1,1,1,0,1,1,1,1,1,0,1,1,1,1,1,1,1,1,1,1,0,1,1,1,1,1,0,0,1,0,1,1,1,1,1,1,1,1,1,1
"PTHR21500_SF0",0,1,2,1,1,1,3,1,1,1,1,1,1,2,5,1,1,1,1,1,2,2,1,2,1,0,1,1,1,1,4,4,1,1,2,1,2,1,3,2,1,1,1,0,0
"PTHR21512",0,1,1,1,1,1,1,1,1,2,1,1,1,1,1,1,1,1,1,1,1,1,1,1,1,2,1,1,1,2,1,1,2,1,1,1,1,1,1,1,1,1,1,1,1
"PTHR21514",0,1,1,1,1,1,1,1,1,1,1,1,1,1,1,1,1,1,2,1,1,1,1,1,1,1,1,1,1,1,0,1,1,1,1,1,1,1,1,1,1,1,1,1,1
"PTHR21567_SF6",0,1,1,1,1,1,1,1,1,1,1,1,1,1,1,1,1,1,1,1,1,1,1,1,1,1,3,1,1,1,1,1,1,1,1,1,1,1,1,1,1,1,1,2,1
"PTHR21615",0,1,1,1,1,1,1,1,1,1,1,1,1,1,1,1,1,1,1,0,1,1,1,1,1,0,1,1,1,0,1,1,1,1,1,1,1,1,1,1,1,1,1,1,1
"PTHR21651",0,1,1,1,1,1,1,1,1,1,1,1,1,1,1,2,1,1,1,1,1,1,1,1,1,1,1,1,1,1,1,1,1,1,1,2,1,1,1,1,1,1,1,1,1
"PTHR21738",0,1,1,1,1,3,1,1,1,0,1,1,1,1,1,1,1,1,1,0,1,1,1,1,1,0,1,1,1,0,1,1,1,1,1,1,1,1,1,1,1,2,1,1,1
"PTHR22397",0,1,1,1,0,1,1,1,1,1,1,0,0,1,1,1,1,1,1,1,1,1,1,1,1,1,1,1,1,2,0,1,1,1,0,0,1,1,1,1,1,1,0,0,0
"PTHR22414",0,1,1,1,1,1,1,1,0,1,1,1,1,1,1,1,1,1,1,1,1,1,1,1,1,2,0,1,1,1,1,0,1,1,1,1,1,1,1,1,1,1,1,1,1
"PTHR22666",0,1,1,1,1,1,1,1,1,1,1,1,1,1,1,1,1,1,1,0,1,1,1,1,1,1,1,1,1,1,1,1,1,1,1,1,1,1,1,1,1,1,1,1,1
"PTHR22745",0,1,1,1,2,0,3,1,0,3,2,3,1,2,3,1,4,0,6,4,5,1,1,3,3,0,1,3,1,1,7,5,0,1,1,0,4,1,5,4,2,1,0,1,1
"PTHR22751_SF48",0,1,1,1,1,1,1,1,1,1,1,1,1,1,1,1,1,1,1,0,1,1,1,1,1,1,1,2,1,1,1,0,1,1,0,1,1,1,1,1,1,1,1,0,1
"PTHR22761_SF14",0,1,1,1,1,1,1,0,0,1,1,1,1,1,2,2,1,1,1,0,2,1,0,3,0,1,0,1,1,0,1,0,1,1,1,0,1,1,1,0,1,1,1,1,1
"PTHR22791_SF3",0,1,1,1,1,1,1,1,1,1,1,1,0,1,1,1,0,1,1,0,1,1,1,1,1,1,1,0,1,0,0,0,1,1,1,1,1,1,1,1,1,1,1,1,1
"PTHR22800_SF147",0,1,1,2,1,1,1,0,0,0,0,0,1,1,0,1,0,0,1,1,1,0,0,1,0,1,0,1,1,1,0,0,0,1,0,0,1,1,1,0,1,0,0,0,0
"PTHR22800_SF161",0,0,1,1,0,0,1,0,0,0,0,0,0,1,0,1,0,0,1,0,1,0,0,1,0,0,0,1,0,0,0,0,0,1,0,0,1,0,1,0,1,0,0,0,0
"PTHR22800_SF162",0,0,1,1,0,0,1,0,0,0,0,0,0,1,0,3,0,0,4,0,1,0,0,2,0,0,0,0,0,0,0,0,0,3,0,0,3,0,2,0,1,0,0,0,0
"PTHR22801_SF2",0,1,1,1,1,1,1,0,0,0,0,1,1,1,0,1,1,1,1,0,1,1,0,1,0,0,1,1,1,0,1,0,1,1,0,1,1,1,1,0,1,1,1,2,1
"PTHR22801_SF25",0,0,2,2,0,0,3,0,0,1,0,0,0,1,0,1,1,2,2,0,2,1,2,2,1,0,2,2,0,0,1,0,3,2,0,1,1,0,1,1,2,0,0,0,0
"PTHR22801_SF31",0,0,1,1,0,0,5,0,0,0,0,0,0,1,0,1,0,0,2,0,1,1,0,2,0,0,0,1,0,0,0,0,0,2,0,0,2,0,2,0,1,0,0,0,0
"PTHR22802_SF205",0,0,1,2,0,0,2,4,3,1,1,1,0,1,1,2,4,1,1,0,1,1,5,1,4,0,0,1,0,0,1,3,2,1,0,6,2,0,2,8,1,0,0,0,0
"PTHR22835_SF43",0,1,1,0,0,1,1,0,0,0,0,1,1,1,0,1,0,0,1,0,1,1,0,1,0,1,0,1,1,1,1,0,0,1,0,0,1,1,1,0,1,1,1,0,1
"PTHR22844_SF167",0,1,1,1,1,1,0,0,0,1,1,1,1,1,0,1,0,1,1,0,1,1,1,1,0,1,1,0,0,1,0,0,0,1,1,1,1,1,1,0,1,1,0,0,1
"PTHR22847_SF327",0,0,1,0,0,0,0,0,0,0,0,0,0,0,0,1,0,0,1,0,1,0,0,0,0,0,0,0,0,0,0,0,0,1,0,0,0,0,0,0,0,0,0,0,0
"PTHR22847_SF374",0,0,1,1,1,0,1,0,0,1,1,0,0,0,0,1,0,0,0,0,1,0,1,0,1,0,1,0,0,1,1,0,0,0,1,1,1,0,1,1,1,1,1,1,0
"PTHR22870_SF7",0,1,1,1,1,1,1,1,1,1,1,1,2,1,1,1,1,1,1,2,1,1,1,1,0,1,1,1,1,2,1,0,1,1,1,1,1,1,1,1,1,1,1,1,1
"PTHR22884_SF322",0,1,1,1,1,1,1,1,1,2,1,1,1,1,1,1,1,1,1,2,1,1,1,1,1,1,1,1,1,1,1,1,1,1,1,2,1,1,1,1,1,1,1,1,1
"PTHR22902_SF9",0,1,1,1,0,1,1,1,0,1,1,1,1,1,1,1,1,1,1,1,1,1,1,1,1,0,1,1,1,1,0,1,1,1,1,1,0,1,1,1,1,1,1,1,1
"PTHR22932_SF4",0,1,1,0,1,1,1,1,1,0,1,1,0,1,1,2,1,1,1,1,1,1,1,1,0,0,1,1,1,0,1,1,1,1,1,1,1,1,1,1,1,1,0,1,1
"PTHR22942_SF14",0,1,1,2,1,1,0,1,1,4,1,1,1,0,2,1,1,1,1,1,1,1,1,1,2,1,1,1,1,1,2,1,1,1,1,1,1,1,1,1,1,1,1,1,1
"PTHR22948_SF12",0,1,1,1,0,1,1,0,0,0,1,1,0,1,0,1,0,1,1,1,1,1,0,1,0,0,0,1,0,1,0,0,0,1,1,0,1,0,1,0,1,1,1,0,0
"PTHR22957_SF187",0,1,1,1,1,1,1,1,1,1,1,1,1,1,1,1,1,1,1,1,1,1,1,1,1,1,1,1,1,1,1,1,1,1,1,2,1,1,2,1,1,1,1,1,1
"PTHR22957_SF233",0,0,0,0,0,0,0,0,0,0,0,0,0,6,0,21,0,0,0,0,0,0,0,0,0,0,0,3,0,0,0,0,0,0,0,0,1,0,4,0,1,0,0,0,0
"PTHR22957_SF242",0,0,5,1,0,0,2,0,0,0,0,0,0,2,0,2,0,0,5,0,13,0,0,4,0,0,0,2,0,0,0,0,0,9,0,0,2,0,3,0,0,0,0,0,0
"PTHR22966",0,1,1,1,2,1,1,1,1,1,1,1,1,1,1,1,2,0,1,1,1,0,2,1,1,1,1,1,1,1,1,1,1,1,0,1,0,1,1,0,1,1,1,0,1
"PTHR23023_SF44",0,1,1,1,1,1,1,1,1,0,1,1,1,1,1,1,1,1,1,0,1,1,1,1,1,1,1,1,1,1,1,1,1,1,1,1,1,1,1,1,1,1,1,1,1
"PTHR23030",0,0,0,1,1,0,0,0,0,0,1,1,1,1,0,1,0,0,0,0,0,0,0,0,0,0,0,0,0,0,1,0,0,0,1,0,0,1,0,0,1,1,1,1,0
"PTHR23042_SF4",0,1,1,1,1,1,1,1,1,1,1,1,1,1,1,1,1,1,1,0,1,1,1,1,1,1,2,1,1,1,1,1,1,1,1,1,1,1,1,1,1,1,1,1,1
"PTHR23043_SF20",0,1,1,1,1,1,1,1,1,1,1,1,1,1,1,1,1,0,1,0,1,1,1,1,1,1,1,1,1,1,2,1,1,1,1,1,1,1,1,1,1,1,1,2,1
"PTHR23050_SF139",0,0,2,1,2,0,1,1,1,0,0,2,3,1,1,3,1,0,1,0,3,4,0,2,0,0,1,3,4,0,2,1,0,1,1,2,4,2,2,0,3,4,0,1,1
"PTHR23055_SF62",0,0,0,0,0,0,0,0,0,0,0,0,0,0,0,0,0,0,0,0,0,0,0,0,0,0,0,0,0,1,0,0,0,0,0,0,0,0,1,0,0,0,0,0,0
"PTHR23056_SF23",0,1,1,1,2,1,1,2,1,1,1,1,1,1,1,2,1,1,1,0,1,1,1,1,1,1,4,1,1,2,1,1,1,1,1,1,1,1,1,2,1,1,1,1,2
"PTHR23060",0,2,1,1,2,1,0,1,1,2,1,1,1,1,1,1,0,1,1,1,1,1,2,1,1,1,1,1,1,2,2,1,1,1,2,2,1,1,1,1,1,1,1,2,2
"PTHR23072",0,1,1,1,1,1,1,1,1,1,1,1,1,1,1,1,1,1,1,1,1,1,1,1,1,1,1,1,1,1,1,1,1,1,1,1,1,1,1,2,1,1,1,2,1
"PTHR23076_SF38",0,4,1,1,0,2,1,1,1,0,1,1,0,1,1,0,1,1,1,0,1,1,1,1,1,0,1,0,0,2,1,1,0,1,1,1,0,0,0,1,2,0,2,1,0
"PTHR23089_SF7",0,1,1,1,1,0,1,0,1,0,0,1,1,1,1,1,1,0,1,1,1,1,1,1,1,0,0,1,1,0,1,2,1,1,0,1,0,1,1,0,1,1,1,0,0
"PTHR23097_SF41",0,0,1,1,0,9,1,1,0,1,2,2,0,1,0,1,1,1,1,1,1,2,0,1,0,0,2,1,0,1,0,0,1,1,1,0,1,0,1,0,1,1,2,1,0
"PTHR23097_SF88",0,0,1,1,0,0,1,0,0,0,0,0,0,1,0,1,0,0,1,0,1,0,0,1,0,0,0,1,0,0,0,0,0,1,0,0,1,0,1,0,1,0,0,0,0
"PTHR23097_SF89",0,0,1,0,0,0,2,0,0,0,0,0,0,1,0,1,0,0,1,0,1,0,0,1,0,0,0,1,0,0,0,0,0,1,0,0,1,0,1,0,0,0,0,0,0
"PTHR23105_SF32",0,0,0,1,0,1,0,0,0,0,0,0,0,1,0,0,0,0,0,0,0,0,0,0,0,0,1,0,0,1,0,0,0,0,2,1,1,1,1,0,2,2,0,1,1
"PTHR23105_SF34",0,1,0,2,2,1,6,0,0,2,0,0,0,3,3,0,1,1,2,0,0,1,0,3,1,5,1,3,2,2,3,0,2,3,1,2,4,1,5,9,1,1,0,3,0
"PTHR23111_SF13",0,0,1,1,0,0,1,0,0,0,0,0,0,2,0,1,0,0,2,0,1,0,0,1,0,0,0,1,0,0,0,0,0,1,0,0,1,0,1,0,1,0,0,0,0
"PTHR23125_SF282",0,2,1,2,1,1,1,1,1,0,1,1,1,0,1,0,1,0,1,1,1,1,1,1,1,1,1,1,1,1,0,1,0,1,0,1,1,1,1,2,2,2,1,0,1
"PTHR23130_SF62",0,1,1,1,0,0,1,0,0,1,1,1,1,1,0,1,0,0,1,0,1,1,0,1,0,1,0,1,1,1,1,0,0,1,1,0,1,1,1,0,1,1,0,1,0
"PTHR23203_SF9",0,0,1,1,0,0,0,0,0,0,0,0,0,1,0,4,0,0,1,0,0,0,0,1,0,0,0,1,0,0,0,0,0,1,0,0,1,0,1,0,1,0,0,0,0
"PTHR23213_SF203",0,0,1,1,0,0,1,0,0,0,0,0,0,0,0,2,0,0,2,0,1,0,0,2,0,0,0,1,0,0,0,0,0,2,0,0,1,0,1,0,2,0,0,0,0
"PTHR23220_SF17",0,0,1,1,1,0,1,1,0,1,1,1,0,1,1,1,1,1,1,0,1,0,1,1,1,0,1,1,0,1,1,1,1,1,1,0,1,1,1,1,1,0,1,1,1
"PTHR23223_SF133",0,1,0,1,1,1,1,1,1,0,1,1,1,1,1,1,1,0,0,0,1,1,1,1,1,0,1,0,1,0,0,1,1,1,1,1,0,1,1,1,1,1,0,1,1
"PTHR23223_SF134",0,1,1,1,1,1,1,1,1,0,0,1,1,0,1,1,1,0,1,0,1,1,1,1,1,1,1,1,1,0,0,1,0,1,1,1,1,1,1,1,0,1,1,1,1
"PTHR23223_SF140",0,0,1,0,0,0,1,0,0,1,0,0,1,1,0,1,0,0,1,0,0,0,1,1,0,0,0,1,0,0,0,0,0,1,0,0,1,0,1,3,0,0,0,0,0
"PTHR23226_SF45",0,0,1,1,0,0,1,0,0,1,0,0,0,1,0,1,0,0,1,0,1,0,0,1,1,0,0,1,0,0,0,0,0,1,0,1,1,0,1,0,1,0,0,0,0
"PTHR23226_SF54",0,0,1,1,0,1,1,1,1,3,0,0,0,1,1,1,1,0,1,0,0,1,0,1,0,0,0,1,0,1,1,1,1,1,0,0,1,0,1,0,1,1,1,0,0
"PTHR23226_SF55",0,0,1,1,0,0,1,0,0,1,1,1,0,1,0,1,0,1,1,1,1,1,0,1,0,0,0,1,0,0,1,0,1,1,0,0,1,0,1,0,1,0,0,0,0
"PTHR23226_SF58",0,2,1,2,1,2,1,2,2,1,2,2,2,1,2,2,2,1,2,0,2,2,2,2,1,1,2,1,1,1,3,1,1,2,3,2,2,2,3,2,2,2,1,2,2
"PTHR23226_SF65",0,1,2,1,0,1,1,0,0,2,1,1,1,1,0,1,0,1,1,1,2,1,0,2,0,1,1,1,1,1,1,0,2,2,3,0,1,1,1,0,1,1,1,5,0
"PTHR23228_SF127",0,0,0,1,0,0,0,0,0,0,0,0,0,1,0,1,0,0,1,0,0,1,0,1,0,0,0,1,0,0,0,0,0,1,0,0,1,0,1,0,1,0,0,0,0
"PTHR23228_SF8",0,1,1,1,1,1,1,1,1,1,1,1,1,0,1,1,1,1,1,1,1,1,1,1,1,1,1,1,0,1,1,1,1,0,1,1,1,1,1,1,0,0,1,1,1
"PTHR23228_SF91",0,1,1,1,1,1,1,1,1,1,1,1,1,1,1,1,0,1,1,1,1,1,1,1,1,0,2,1,1,1,0,1,1,1,1,1,1,1,1,1,1,1,1,2,1
"PTHR23239_SF134",0,1,1,1,0,0,1,1,1,0,2,2,1,1,1,1,1,1,1,1,1,1,1,1,1,0,1,1,1,0,1,1,0,1,1,1,1,1,1,1,1,1,0,0,1
"PTHR23239_SF148",0,0,2,2,0,0,1,0,0,0,0,0,0,1,0,3,0,0,2,0,2,1,0,2,0,0,0,2,0,0,0,0,0,2,0,0,2,0,2,0,1,0,0,0,0
"PTHR23239_SF165",0,1,1,1,0,0,0,0,0,0,0,0,0,1,1,3,0,0,1,2,1,1,1,1,1,0,0,1,0,0,1,0,0,1,0,1,1,0,1,1,1,0,0,0,0
"PTHR23239_SF85",0,1,1,1,0,1,0,1,1,2,1,1,0,1,1,1,1,1,1,1,1,1,1,1,1,1,1,1,1,1,1,1,1,1,1,1,0,1,1,1,1,1,1,1,1
"PTHR23239_SF86",0,1,1,1,0,1,0,1,1,1,1,1,1,1,1,1,1,0,1,1,1,1,1,1,1,1,1,1,1,1,1,1,1,1,1,1,1,1,1,1,1,1,0,0,1
"PTHR23239_SF87",0,1,1,1,0,1,0,1,1,0,1,1,1,1,1,1,1,1,1,1,1,1,1,1,1,1,1,1,1,1,1,1,1,1,1,1,1,1,1,1,1,1,0,1,1
"PTHR23239_SF96",0,1,1,1,1,0,1,1,1,0,0,1,1,1,0,1,0,0,1,0,1,1,1,1,1,0,1,1,1,1,0,1,1,1,1,1,0,1,1,1,1,0,0,0,1
"PTHR23239_SF99",0,0,1,0,0,1,2,0,0,0,0,0,0,2,0,4,0,0,1,0,1,0,0,1,0,0,0,2,0,0,1,0,0,1,0,0,2,0,2,0,0,1,0,0,0
"PTHR23248_SF29",0,0,1,1,0,0,1,0,0,0,0,0,0,1,0,1,0,0,1,0,1,0,0,1,0,0,0,0,0,0,0,0,0,1,0,0,1,0,1,0,1,0,0,0,0
"PTHR23257_SF347",0,1,0,1,0,1,0,1,1,1,1,1,0,0,0,1,1,0,1,1,1,1,1,1,1,0,1,1,0,1,0,0,1,1,0,1,1,0,1,1,1,1,1,0,0
"PTHR23257_SF348",0,1,2,2,1,1,2,2,2,1,1,2,1,2,3,2,2,1,2,0,1,2,2,2,2,1,4,2,1,1,2,2,1,2,2,2,2,1,2,1,2,2,1,2,0
"PTHR23262_SF1",0,0,1,1,0,0,0,0,0,0,0,0,0,2,0,9,0,0,0,0,0,0,0,0,0,0,1,3,0,0,0,0,1,2,0,0,3,0,1,0,1,0,0,0,0
"PTHR23262_SF11",0,1,0,0,0,0,1,1,0,1,0,0,0,0,0,0,0,0,0,0,0,1,1,0,1,0,1,0,0,0,0,0,0,1,0,1,1,0,1,1,0,0,0,0,0
"PTHR23262_SF18",0,0,2,2,0,0,1,0,0,0,0,0,0,2,0,3,0,0,1,0,1,1,0,2,0,0,0,2,0,0,0,0,0,1,0,0,1,0,2,0,2,0,0,0,0
"PTHR23262_SF26",0,1,0,0,4,3,0,3,3,0,0,0,4,0,2,0,1,0,0,1,0,1,3,0,2,0,3,0,0,2,2,1,0,0,0,2,0,3,0,3,0,3,0,0,1
"PTHR23262_SF30",0,0,6,9,1,0,5,0,0,2,1,0,0,3,0,3,2,3,5,0,2,2,0,4,0,0,0,4,1,0,0,0,1,6,1,0,3,0,2,0,2,0,0,0,0
"PTHR23262_SF35",0,0,1,0,0,0,0,0,0,0,1,0,0,0,0,3,0,0,2,0,1,2,0,2,0,0,0,1,0,0,0,0,0,4,0,0,2,0,2,0,1,0,0,0,0
"PTHR23262_SF36",0,0,4,4,0,1,5,0,0,1,1,1,0,5,0,17,0,1,4,0,4,6,0,3,0,0,0,4,0,0,0,1,1,5,0,0,4,0,5,0,3,0,0,0,0
"PTHR23262_SF40",0,0,1,1,0,0,2,0,0,2,1,1,0,1,0,3,0,0,3,0,1,0,0,2,0,0,0,2,1,1,5,0,1,1,0,0,0,0,2,0,2,0,0,0,0
"PTHR23263_SF4",0,1,1,1,1,1,1,1,1,1,0,1,1,1,1,1,1,0,1,0,0,1,1,1,1,1,0,1,1,1,1,1,1,1,1,0,1,1,1,1,1,0,0,1,1
"PTHR23263_SF41",0,0,1,0,0,0,1,1,0,0,0,0,0,1,0,1,0,0,0,0,1,0,1,0,1,0,0,0,0,0,1,0,0,0,0,1,1,0,1,1,1,0,0,0,1
"PTHR23263_SF46",0,0,0,3,0,0,1,0,0,0,0,0,0,2,0,3,0,0,1,0,3,1,0,0,0,0,0,0,0,0,0,0,0,0,0,0,1,0,1,0,3,0,0,0,0
"PTHR23266_SF73",0,0,10,11,2,0,29,1,0,1,3,7,0,19,0,33,0,7,9,28,14,8,58,13,2,2,8,7,1,0,0,0,2,13,0,23,11,6,14,15,14,1,0,0,1
"PTHR23266_SF79",0,0,1,1,1,0,1,0,0,1,1,1,0,1,0,1,0,0,1,0,1,0,1,1,0,0,2,1,1,0,2,0,1,1,1,1,1,1,1,1,0,1,0,1,1
"PTHR23266_SF85",0,0,5,1,0,0,3,0,0,0,0,0,0,1,0,3,0,1,2,2,3,0,4,2,0,1,1,2,0,0,0,0,0,4,0,4,2,0,4,1,2,0,0,0,0
"PTHR23266_SF88",0,0,0,0,0,1,0,1,1,0,0,0,0,1,1,0,0,0,0,0,0,0,4,0,1,0,3,0,0,1,1,1,1,0,0,3,2,0,1,3,0,0,0,0,0
"PTHR23266_SF90",0,1,0,1,1,1,1,1,0,1,1,1,1,3,1,2,0,0,1,1,1,1,1,1,0,1,1,0,1,1,1,0,1,1,1,1,2,0,2,1,0,1,0,1,1
"PTHR23267_SF108",0,0,3,1,0,0,0,0,0,0,3,2,0,1,0,1,0,0,2,2,3,9,0,2,0,0,8,3,0,0,2,0,1,2,0,1,1,0,2,5,0,0,0,0,0
"PTHR23267_SF109",0,1,5,1,0,3,3,0,1,0,1,0,2,2,0,3,0,0,2,0,1,0,0,3,0,0,0,3,1,0,0,0,2,2,0,15,1,1,2,0,1,0,0,0,0
"PTHR23267_SF116",0,0,5,6,0,0,5,1,0,5,0,1,2,4,0,10,3,0,7,3,5,8,0,7,0,0,0,3,0,0,0,0,2,7,0,0,5,0,5,0,1,0,0,0,0
"PTHR23267_SF117",0,0,2,0,0,0,1,0,0,0,1,1,0,1,0,2,0,1,1,0,2,1,2,2,0,0,0,1,0,0,0,0,0,1,0,0,0,0,1,0,1,1,0,0,0
"PTHR23267_SF153",0,0,2,0,0,0,0,0,0,0,2,2,0,0,0,0,0,1,3,0,1,0,0,1,0,0,0,0,0,0,0,0,0,2,0,0,0,0,0,0,0,0,0,0,0
"PTHR23267_SF156",0,6,3,1,20,0,2,0,0,4,2,5,0,2,0,1,0,0,3,8,3,0,0,3,0,2,0,0,1,1,0,0,0,2,0,0,2,0,3,0,2,4,2,0,10
"PTHR23268_SF17",0,1,1,2,2,0,2,0,1,1,3,2,1,3,0,4,0,0,2,4,2,0,1,2,0,0,1,2,1,1,0,0,0,1,3,1,1,0,2,0,0,0,0,2,1
"PTHR23285_SF3",0,1,0,1,1,1,1,0,0,1,1,1,1,1,1,1,1,0,1,1,1,1,1,1,1,0,1,1,0,1,0,1,1,1,1,1,0,1,1,1,0,1,1,1,0
"PTHR23309_SF13",0,0,1,1,1,0,1,0,0,0,0,1,1,1,0,1,0,0,1,0,0,1,0,1,0,0,0,1,1,0,1,0,0,1,0,0,1,1,1,0,1,1,0,0,0
"PTHR23320_SF37",0,1,1,1,0,1,1,0,0,0,0,0,0,1,0,1,1,1,1,0,1,1,1,1,1,0,1,1,0,1,1,0,0,1,1,0,1,0,1,1,1,0,0,0,0
"PTHR23320_SF46",0,1,1,1,1,1,1,0,0,1,1,1,1,1,0,2,1,0,1,0,1,1,1,1,1,1,1,1,1,1,1,0,1,1,0,1,1,1,1,1,1,0,1,1,0
"PTHR23320_SF53",0,0,2,2,0,0,2,0,0,0,0,0,0,2,0,2,0,0,2,0,2,0,0,2,0,0,0,2,0,0,0,0,0,2,0,0,2,0,2,0,2,0,0,0,0
"PTHR23349_SF4",0,1,1,1,1,1,1,1,1,1,1,1,1,1,1,1,0,1,1,1,1,1,1,1,1,1,1,1,1,1,1,1,1,1,1,1,1,1,1,1,0,1,1,2,0
"PTHR23349_SF5",0,1,0,1,1,1,1,1,1,1,1,1,1,0,1,1,0,0,1,0,1,1,1,1,1,0,1,0,0,0,0,1,1,1,1,1,1,1,1,1,2,1,1,1,0
"PTHR23352_SF1",0,1,1,1,1,1,1,1,1,1,1,1,1,1,1,1,1,1,1,0,1,1,1,1,1,1,1,1,1,0,0,1,1,1,1,1,1,1,1,1,1,1,0,0,1
"PTHR23359_SF23",0,1,1,1,1,1,1,3,1,2,1,1,1,1,2,1,1,0,2,1,2,1,1,1,1,1,1,2,1,1,1,3,1,1,0,1,2,1,1,1,1,1,1,1,1
"PTHR23365_SF4",0,2,1,1,0,1,1,1,1,1,1,1,1,1,1,1,1,1,1,1,1,1,1,1,1,0,1,1,1,1,0,1,1,1,1,1,1,1,1,1,1,1,1,1,1
"PTHR23404_SF7",0,1,1,1,0,1,1,1,0,1,1,1,0,1,1,1,1,1,1,1,1,1,1,1,1,0,1,1,0,1,0,1,1,1,1,1,1,0,0,1,1,1,1,0,0
"PTHR23425_SF5",0,0,2,1,0,0,4,0,0,0,0,0,0,1,0,2,0,0,2,0,2,0,0,1,0,0,0,0,0,0,0,0,0,1,0,0,2,0,2,0,2,0,0,0,0
"PTHR24003_SF462",0,1,1,2,0,1,1,1,0,0,1,1,1,1,1,1,1,1,1,1,1,1,1,1,0,0,1,1,0,1,0,1,0,1,1,1,1,1,1,1,1,1,1,1,0
"PTHR24006_SF379",0,0,1,0,0,0,1,0,0,0,0,0,0,1,0,1,0,0,0,0,1,0,0,0,0,0,0,0,0,0,0,0,0,0,0,0,1,0,1,0,0,0,0,0,0
"PTHR24011_SF226",0,1,1,2,1,1,1,1,1,1,1,1,1,1,1,2,1,1,1,2,1,1,2,1,1,1,1,1,1,1,1,1,1,1,1,1,1,1,1,1,1,1,1,1,1
"PTHR24011_SF252",0,1,1,1,0,1,0,1,1,1,1,1,1,1,1,1,1,0,0,1,1,1,1,0,1,0,1,1,1,0,1,0,1,0,0,1,1,1,1,1,1,1,0,0,1
"PTHR24011_SF271",0,0,1,1,1,0,1,1,1,1,0,1,1,1,1,1,1,1,1,1,1,1,1,1,1,1,1,1,1,0,1,1,1,1,1,1,1,1,2,1,0,1,0,2,1
"PTHR24012_SF266",0,1,2,4,0,0,2,0,0,0,0,0,0,2,3,1,0,0,2,0,1,1,2,2,1,0,0,2,1,1,0,0,0,2,0,1,2,1,3,1,2,1,0,0,0
"PTHR24012_SF323",0,0,1,1,0,2,0,1,1,1,0,1,0,2,1,1,1,0,1,0,1,1,2,1,1,0,0,1,0,0,0,4,0,1,0,0,2,0,2,0,2,0,2,0,0
"PTHR24022_SF23",0,1,0,1,1,1,1,0,1,1,1,1,1,1,1,1,1,0,1,0,1,1,1,1,1,1,1,1,1,0,1,0,1,1,1,1,1,1,1,1,0,1,1,1,1
"PTHR24022_SF24",0,1,1,1,1,1,1,1,1,0,1,3,1,0,1,1,1,1,1,1,1,1,1,1,1,1,1,1,1,0,1,1,1,1,1,1,0,1,1,1,1,1,0,1,1
"PTHR24023_SF354",0,0,1,2,1,0,0,0,0,1,0,0,1,0,0,1,1,0,1,0,0,0,1,1,1,0,1,0,1,0,1,1,0,1,0,0,1,1,0,1,1,0,0,0,1
"PTHR24023_SF372",0,1,1,1,1,1,1,1,1,1,1,1,1,1,1,1,0,1,1,1,1,1,1,1,1,1,1,1,1,1,1,1,1,1,1,1,1,1,1,1,1,1,1,1,0
"PTHR24023_SF482",0,1,0,0,0,1,1,1,1,2,0,1,0,0,0,0,1,1,0,0,0,1,1,0,1,0,1,0,0,0,0,0,1,0,2,1,1,0,1,0,1,0,0,0,1
"PTHR24023_SF495",0,1,1,1,1,0,1,1,0,0,1,1,1,1,0,1,1,1,1,0,1,1,1,1,1,1,0,0,1,1,1,0,1,1,1,1,1,1,0,2,1,1,1,1,0
"PTHR24023_SF498",0,0,1,1,1,0,1,0,0,0,0,1,0,1,0,1,1,0,1,0,1,0,1,0,0,0,1,1,0,1,0,0,0,1,0,0,1,0,1,0,1,0,1,0,0
"PTHR24028_SF101",0,1,1,1,1,1,1,1,0,1,0,1,1,1,0,1,1,1,1,0,1,1,1,1,0,0,0,1,1,1,0,0,0,1,0,1,1,0,1,1,1,2,0,0,0
"PTHR24028_SF112",0,1,1,1,0,1,1,0,1,1,1,1,1,1,0,1,1,0,1,1,1,1,1,1,1,0,1,1,1,0,0,1,0,1,0,1,1,0,1,1,1,1,0,1,0
"PTHR24028_SF60",0,1,1,1,0,1,1,0,1,1,1,0,0,1,0,1,1,1,1,1,0,0,1,1,0,0,0,1,0,1,0,1,1,1,0,1,0,0,1,1,1,1,1,0,0
"PTHR24028_SF68",0,0,1,1,1,1,1,1,1,0,0,0,1,1,0,1,1,0,1,1,1,1,1,1,0,0,0,1,1,1,0,0,0,1,0,1,1,0,1,1,1,1,0,0,1
"PTHR24028_SF70",0,1,1,1,1,1,1,1,1,1,1,1,1,1,1,2,1,1,1,1,1,1,3,1,1,0,1,1,1,1,0,2,1,1,0,1,1,0,1,1,1,1,0,3,1
"PTHR24028_SF71",0,0,0,0,0,0,1,0,0,0,0,1,0,0,0,1,0,0,0,1,0,0,1,0,0,0,0,0,0,0,1,1,0,0,0,0,1,1,1,1,0,0,1,0,0
"PTHR24028_SF75",0,1,1,1,1,1,1,1,0,1,0,0,1,0,1,1,1,0,0,0,0,1,1,1,1,0,0,1,1,0,1,1,1,1,0,0,0,0,0,1,0,1,0,0,1
"PTHR24028_SF83",0,1,1,1,1,0,1,0,0,1,1,1,1,1,0,2,1,1,2,0,1,1,1,1,2,0,0,2,0,0,0,1,1,1,0,2,1,0,1,1,1,0,0,0,0
"PTHR24028_SF84",0,1,1,1,1,1,1,1,0,0,0,1,1,1,2,2,1,0,1,0,1,0,2,1,1,0,1,1,0,0,1,1,0,1,0,1,1,0,1,1,0,1,0,0,0
"PTHR24028_SF86",0,0,0,0,0,0,0,1,0,0,0,0,0,1,1,1,1,0,1,0,0,1,1,0,1,0,0,1,0,0,0,1,0,0,0,1,1,0,1,1,1,1,0,0,0
"PTHR24028_SF90",0,1,1,0,0,1,1,0,0,0,1,1,1,1,1,0,0,0,1,1,1,0,1,1,1,0,1,1,0,0,1,1,0,1,0,1,1,0,1,1,0,1,0,0,0
"PTHR24028_SF94",0,0,1,1,1,1,1,0,0,0,1,1,1,1,1,1,1,0,1,0,1,1,1,1,1,1,1,1,1,0,1,1,0,1,0,0,1,0,1,1,1,1,0,0,1
"PTHR24028_SF98",0,1,0,0,1,1,0,1,0,0,1,1,1,0,0,0,1,0,1,1,0,0,1,0,0,0,1,0,0,0,1,1,0,1,0,0,0,1,1,1,0,1,0,0,1
"PTHR24031_SF225",0,0,1,1,0,0,1,0,0,0,0,0,0,1,0,1,0,0,1,0,1,1,0,1,0,0,0,1,0,0,0,0,1,1,0,0,1,0,1,0,1,0,0,0,0
"PTHR24033_SF44",0,0,0,0,0,0,0,1,0,0,0,1,0,0,1,1,1,0,0,0,0,0,0,0,0,0,0,1,0,0,0,1,0,0,0,0,0,0,0,0,1,0,1,0,0
"PTHR24063_SF227",0,0,1,1,0,0,1,0,1,2,0,1,0,1,0,1,1,1,1,1,1,1,1,1,1,0,1,1,0,0,1,1,1,1,1,1,1,0,1,1,1,1,1,1,0
"PTHR24063_SF322",0,0,5,2,0,0,2,0,0,0,0,0,0,4,0,2,0,0,1,0,2,0,0,2,1,0,0,6,0,0,1,0,0,4,0,0,4,0,3,0,3,0,0,0,0
"PTHR24064_SF170",0,1,1,1,1,1,1,1,1,1,1,1,1,1,1,1,1,1,1,1,1,1,1,1,1,1,2,1,1,1,1,1,1,1,1,1,1,1,1,1,1,1,1,1,2
"PTHR24067_SF75",0,1,3,4,2,0,1,1,3,0,1,1,1,2,3,1,2,1,2,1,1,4,1,2,4,1,2,1,1,0,0,4,3,2,1,1,2,4,2,2,2,1,0,1,1
"PTHR24067_SF92",0,1,1,3,2,1,2,1,2,0,1,1,1,1,2,1,1,1,1,1,1,1,1,1,1,1,1,1,1,1,2,2,1,1,1,1,1,1,1,1,1,1,1,1,2
"PTHR24067_SF96",0,1,1,1,2,1,1,1,1,1,0,1,1,1,1,1,2,1,1,6,1,1,1,1,1,1,1,0,1,1,2,1,1,1,1,2,1,1,1,1,1,1,1,1,2
"PTHR24068_SF24",0,1,2,1,0,1,1,2,1,0,1,1,0,3,1,1,1,0,2,1,1,2,0,2,1,0,2,1,0,1,1,0,1,2,2,1,2,0,2,0,1,1,1,2,0
"PTHR24068_SF35",0,1,1,2,1,1,1,1,1,1,1,1,1,1,1,1,1,1,1,2,2,1,2,1,2,1,2,1,1,1,1,1,1,1,1,2,2,1,2,2,1,1,1,1,1
"PTHR24072_SF123",0,0,1,1,1,0,1,0,0,0,0,0,0,0,0,1,0,0,0,1,0,4,2,1,0,0,1,1,3,0,5,3,0,1,0,1,1,1,1,1,0,0,0,0,0
"PTHR24073_SF103",0,0,1,1,0,0,0,0,0,1,0,0,0,0,0,0,1,0,1,0,1,0,1,1,0,0,1,1,0,0,1,0,0,1,0,1,0,0,1,1,0,0,0,0,0
"PTHR24073_SF393",0,1,1,1,0,1,0,0,0,0,1,0,0,1,0,1,0,0,1,1,1,1,1,0,0,0,3,1,0,0,0,0,0,1,1,0,1,0,1,0,1,1,0,1,0
"PTHR24073_SF442",0,0,0,0,0,0,1,0,0,0,0,0,0,0,0,1,0,0,1,0,1,0,0,0,0,0,0,0,0,0,0,0,0,0,0,0,0,0,0,0,0,0,0,0,0
"PTHR24078_SF145",0,1,1,1,1,1,1,1,1,1,1,1,1,1,1,1,1,1,1,1,1,1,1,1,1,1,1,1,1,0,1,1,1,1,1,1,1,1,1,1,1,1,1,1,1
"PTHR24078_SF149",0,1,1,1,1,1,1,1,1,1,1,1,1,1,1,1,1,1,1,1,1,1,1,1,1,1,1,1,1,1,1,0,0,1,1,1,1,1,1,1,1,1,1,0,1
"PTHR24089_SF217",0,0,0,1,0,1,1,0,0,0,0,0,1,2,0,1,0,1,1,0,1,1,0,1,0,0,0,1,0,0,0,0,0,2,1,0,0,0,1,0,1,1,1,1,0
"PTHR24089_SF246",0,1,1,1,1,1,1,1,1,1,0,1,1,1,1,1,1,1,1,1,1,1,1,1,1,1,0,1,1,1,1,1,1,1,1,1,1,1,1,1,1,1,1,1,1
"PTHR24095_SF140",0,0,1,1,0,0,1,0,0,0,0,0,0,2,0,2,0,0,1,0,1,0,0,1,0,0,0,1,0,0,0,0,0,1,0,0,1,0,2,0,1,0,0,0,0
"PTHR24095_SF143",0,0,0,1,0,0,0,0,0,0,0,0,0,1,0,1,0,0,0,0,0,1,0,0,0,0,0,1,0,0,0,0,0,0,0,0,1,0,1,0,1,0,0,0,0
"PTHR24100_SF45",0,0,3,2,0,0,1,0,0,0,0,0,0,2,0,3,1,0,3,0,1,1,0,3,0,0,0,2,0,0,0,0,2,3,0,0,2,0,2,0,1,0,0,0,0
"PTHR24100_SF56",0,0,1,0,0,0,0,1,1,3,8,9,0,1,1,1,0,1,0,5,1,0,1,1,1,0,1,1,0,1,1,1,0,1,0,1,1,0,1,0,0,0,1,0,0
"PTHR24100_SF57",0,0,3,3,0,0,1,0,0,0,0,0,0,2,0,2,0,0,2,0,1,0,0,3,0,0,0,1,0,0,0,0,0,2,0,0,2,0,2,0,2,0,0,0,0
"PTHR24103_SF295",0,0,1,1,0,1,1,0,0,0,0,1,0,1,0,2,0,0,1,0,0,1,0,1,0,0,0,1,0,0,0,0,0,1,0,0,0,0,3,0,1,0,0,0,0
"PTHR24103_SF302",0,0,3,1,0,0,2,0,0,0,0,0,0,1,0,2,0,0,3,0,1,0,0,2,0,0,0,3,0,0,2,0,0,1,0,0,4,0,5,0,1,0,0,0,0
"PTHR24103_SF303",0,0,1,1,0,0,0,0,0,0,0,1,0,1,0,14,0,0,1,1,1,1,1,1,0,0,0,1,0,0,1,0,0,1,1,0,1,0,1,0,1,0,0,0,1
"PTHR24103_SF307",0,0,4,1,0,0,1,0,0,0,0,0,0,2,0,3,0,0,2,0,2,0,0,3,0,0,0,3,0,0,0,0,0,4,0,0,1,0,2,0,0,0,0,0,0
"PTHR24103_SF310",0,0,3,1,0,0,0,0,0,0,0,0,0,3,0,3,0,0,2,0,2,0,0,3,0,0,0,6,0,0,0,0,0,1,0,0,2,0,2,0,1,0,0,0,0
"PTHR24103_SF313",0,1,1,1,1,1,1,1,1,2,1,1,1,1,1,2,1,1,1,0,1,1,1,1,1,0,1,1,1,1,1,1,1,1,0,1,1,1,1,1,1,1,1,0,1
"PTHR24103_SF49",0,5,1,1,0,6,0,2,3,1,6,4,1,1,0,2,2,2,1,2,1,2,7,1,5,1,1,1,1,4,1,1,2,1,0,3,1,1,1,2,1,0,0,0,0
"PTHR24103_SF86",0,1,1,1,1,1,1,1,1,1,1,1,1,1,1,2,1,1,1,0,1,1,1,1,1,1,1,1,1,1,1,1,0,1,1,1,0,1,2,1,1,1,1,1,1
"PTHR24106_SF62",0,0,1,1,0,0,1,0,0,0,0,0,0,1,0,1,0,1,1,3,1,1,0,1,0,0,0,1,0,0,1,0,2,1,0,0,1,0,1,0,1,1,0,0,0
"PTHR24106_SF63",0,0,1,1,0,0,0,0,0,0,0,0,0,1,0,0,0,0,1,0,1,0,0,1,0,0,0,1,0,0,0,0,0,1,0,0,0,0,0,0,1,0,0,0,0
"PTHR24106_SF8",0,0,1,1,0,0,1,1,0,0,1,1,1,1,1,1,0,0,1,1,1,1,5,1,1,0,1,1,0,0,1,0,3,1,0,1,1,1,1,6,1,1,0,0,0
"PTHR24106_SF87",0,0,1,1,0,0,2,0,0,0,0,0,0,1,0,10,0,0,1,0,1,0,0,1,0,0,0,1,0,0,0,0,0,1,0,0,1,0,2,0,1,0,0,0,0
"PTHR24115_SF384",0,1,1,1,1,1,1,1,1,1,0,1,1,1,1,1,1,1,1,0,1,1,1,1,1,1,1,1,1,0,1,1,0,1,1,1,1,1,1,1,1,1,1,1,1
"PTHR24115_SF392",0,0,1,0,0,0,0,1,1,0,0,0,0,0,1,1,0,0,1,1,1,0,0,0,2,0,1,1,0,0,0,0,0,0,0,1,0,0,0,0,0,0,0,0,0
"PTHR24118_SF46",0,0,2,1,0,0,1,0,0,0,0,0,0,4,0,18,0,0,2,0,4,0,0,1,0,0,0,3,0,0,0,0,0,2,0,0,3,0,7,0,1,0,0,1,0
"PTHR24133_SF16",0,1,0,1,1,1,1,0,1,0,1,0,1,1,1,1,1,1,1,2,1,0,1,1,1,0,1,0,1,0,0,1,1,0,1,1,0,1,1,1,0,1,0,1,0
"PTHR24147_SF1",0,0,3,1,0,0,0,0,0,0,0,0,0,1,0,4,0,0,3,0,2,0,0,1,0,0,0,3,0,0,0,0,0,0,0,0,1,0,5,0,1,0,0,0,0
"PTHR24147_SF17",0,0,0,1,0,0,2,2,0,1,0,0,0,2,0,1,1,1,2,1,4,1,0,3,0,0,0,2,0,0,1,0,4,4,0,1,2,1,3,0,2,0,1,0,0
"PTHR24152_SF1",0,0,1,1,0,0,1,0,0,0,0,0,0,1,0,1,0,0,1,0,1,0,0,1,0,0,0,1,0,0,0,0,0,1,0,0,1,0,1,0,1,0,0,0,0
"PTHR24166_SF5",0,1,1,1,1,1,1,1,1,1,1,0,1,1,1,1,1,0,1,0,1,1,1,1,1,0,1,1,1,1,0,1,1,1,0,1,0,1,1,1,1,0,0,1,1
"PTHR24180_SF12",0,1,1,1,1,1,1,1,0,1,1,1,1,1,1,2,1,1,1,1,1,1,1,1,1,1,1,1,1,1,2,1,1,1,1,1,1,1,1,1,1,1,1,1,1
"PTHR24206_SF23",0,0,1,1,1,0,1,0,0,0,0,1,1,1,0,1,0,0,1,0,0,1,1,1,0,0,0,1,1,0,1,0,0,1,1,0,1,0,1,0,1,1,0,1,1
"PTHR24208_SF71",0,1,1,1,1,1,1,0,0,1,1,1,1,1,1,2,1,1,1,0,1,2,1,1,0,0,1,0,1,0,0,0,0,1,1,1,1,1,1,1,0,1,0,1,1
"PTHR24242_SF190",0,2,1,0,1,1,1,1,1,0,1,1,1,1,0,1,1,1,1,1,1,1,1,1,1,0,1,1,1,1,1,1,1,1,1,1,1,1,1,1,1,1,0,0,0
"PTHR24248_SF59",0,1,0,1,0,3,0,0,0,1,0,0,1,0,0,0,0,1,0,0,0,1,0,0,1,0,0,0,0,2,0,0,0,0,1,0,0,0,0,0,0,0,0,1,2
"PTHR24248_SF60",0,0,0,1,2,0,1,0,0,1,1,1,0,1,1,1,3,1,1,2,0,1,4,1,3,0,2,0,1,1,1,1,1,0,0,3,1,0,1,2,1,0,0,3,1
"PTHR24249_SF241",0,0,1,1,1,1,1,0,1,0,1,0,1,1,1,1,1,1,1,1,1,0,0,1,1,0,1,1,0,0,0,2,1,1,1,1,1,1,1,2,0,0,1,0,1
"PTHR24249_SF82",0,1,1,1,0,1,0,0,1,0,1,1,1,0,1,0,1,1,1,1,1,1,1,1,0,0,1,0,1,1,1,0,0,1,1,1,0,1,0,1,1,1,0,1,0
"PTHR24256_SF100",0,2,1,1,1,0,1,0,1,0,2,1,2,1,0,1,0,0,1,1,1,2,0,1,0,0,0,1,0,1,0,0,1,1,0,0,1,1,1,0,1,1,1,0,1
"PTHR24256_SF96",0,1,1,1,1,1,1,1,1,1,1,1,1,1,1,1,1,1,1,0,1,1,1,1,1,1,1,1,1,1,0,1,1,1,1,1,1,1,1,1,1,1,1,1,1
"PTHR24256_SF98",0,1,1,1,1,1,1,1,1,1,1,1,1,1,1,2,1,1,2,0,2,1,2,1,2,1,2,1,1,1,0,1,2,1,1,2,1,1,1,2,1,1,1,2,1
"PTHR24256_SF99",0,1,1,1,1,0,1,1,0,1,0,1,0,1,1,2,2,2,1,1,1,0,2,1,2,0,2,1,2,1,2,1,2,1,7,2,1,0,1,2,1,1,0,4,2
"PTHR24259_SF14",0,2,1,1,1,1,0,1,3,2,0,1,1,1,1,0,1,2,1,1,1,1,3,1,3,1,3,1,1,3,2,1,1,1,2,3,1,0,1,3,1,2,1,1,1
"PTHR24259_SF33",0,1,1,1,0,2,1,0,0,1,1,1,0,1,0,1,0,0,1,1,1,1,1,1,1,0,1,0,0,1,0,0,0,1,0,1,0,0,1,1,1,1,1,0,0
"PTHR24259_SF62",0,1,1,1,1,0,0,0,0,0,0,0,1,1,0,0,1,1,1,0,1,1,1,1,1,1,1,0,1,1,1,0,1,1,0,1,1,1,1,1,1,0,1,0,1
"PTHR24259_SF74",0,1,1,1,2,1,1,1,1,1,1,1,1,1,1,1,1,1,1,1,1,1,1,1,1,0,1,0,1,0,1,1,1,1,2,1,0,1,0,1,1,1,1,2,1
"PTHR24268_SF90",0,0,1,1,0,0,1,0,0,0,1,2,0,1,0,1,0,0,1,0,1,1,1,1,1,0,1,1,0,0,0,0,1,1,0,1,1,0,1,1,1,0,0,0,0
"PTHR24268_SF96",0,0,0,0,0,0,0,0,0,0,0,0,0,1,0,1,0,0,1,0,1,0,0,1,0,0,0,0,0,0,0,0,0,1,0,0,1,0,1,0,0,0,0,0,0
"PTHR24276_SF48",0,1,1,1,1,1,1,1,1,1,1,1,1,1,1,1,1,1,1,1,1,1,1,1,1,1,1,1,1,1,1,1,1,1,1,1,1,1,1,1,1,1,1,1,1
"PTHR24279_SF46",0,0,2,2,0,0,1,0,0,0,0,0,1,1,0,2,0,0,2,0,2,2,0,2,0,0,0,1,0,0,0,0,2,2,0,0,2,0,1,0,1,1,0,0,0
"PTHR24290_SF46",0,1,2,1,1,1,2,1,2,0,0,2,0,3,1,2,1,0,2,0,1,3,1,2,1,0,1,2,1,1,1,4,1,2,0,2,2,1,2,1,3,2,1,0,1
"PTHR24290_SF61",0,0,1,1,0,0,2,0,0,0,0,3,1,1,0,3,0,0,1,0,2,0,2,1,0,0,0,1,0,0,0,0,0,1,0,0,1,0,1,0,2,0,0,0,0
"PTHR24290_SF67",0,0,2,1,0,0,3,0,0,0,0,0,0,2,0,2,0,0,2,0,2,1,0,1,0,0,0,1,0,0,1,0,1,2,0,0,2,0,2,0,1,0,0,0,0
"PTHR24290_SF72",0,0,1,1,0,0,1,0,0,0,0,0,0,3,0,1,0,0,2,0,2,0,0,1,0,0,0,1,0,0,0,0,0,3,0,0,2,0,2,0,1,0,0,0,0
"PTHR24300_SF123",0,0,0,1,0,0,1,2,0,0,0,0,0,1,1,2,3,0,1,0,1,3,2,2,2,0,4,0,0,0,4,1,1,1,0,4,0,0,0,3,1,0,0,0,0
"PTHR24300_SF131",0,0,3,1,0,0,1,0,0,0,0,0,0,2,0,2,0,0,2,0,1,0,0,2,0,0,1,2,0,0,1,0,1,2,0,1,1,0,2,2,1,0,0,0,0
"PTHR24300_SF141",0,0,2,1,0,0,2,0,0,0,0,0,0,1,0,1,0,0,2,0,2,0,1,4,0,0,0,1,0,0,0,0,1,2,0,0,1,0,1,0,1,0,0,0,0
"PTHR24316_SF19",0,1,1,1,0,1,0,0,0,0,0,0,0,1,0,1,0,0,1,0,1,0,0,1,0,0,0,1,0,1,0,0,0,1,0,0,1,0,1,0,1,0,0,0,0
"PTHR24325_SF16",0,1,1,1,1,1,1,0,1,2,1,1,1,1,1,2,1,0,1,0,1,1,1,1,1,1,1,1,1,1,0,0,1,1,1,1,0,1,1,1,0,1,1,1,0
"PTHR24325_SF19",0,1,1,1,1,1,1,1,1,1,1,1,1,1,1,1,1,1,1,0,1,1,1,1,1,1,1,1,1,0,1,1,1,1,1,1,1,1,1,1,1,1,1,2,0
"PTHR24326_SF161",0,1,1,1,1,1,1,1,0,1,1,1,1,0,1,1,1,1,1,0,1,1,1,1,1,1,1,1,1,1,0,1,1,1,1,1,1,1,1,1,1,1,1,1,1
"PTHR24326_SF52",0,1,1,1,1,0,1,1,1,1,0,0,0,1,1,1,1,0,1,1,0,1,1,1,1,0,1,1,1,0,0,1,0,1,1,1,1,1,2,2,1,1,0,1,0
"PTHR24329_SF134",0,0,3,1,0,0,3,0,0,1,0,0,0,3,0,1,0,1,1,0,0,0,0,1,0,0,0,3,0,1,0,0,1,1,0,0,3,0,3,0,1,0,1,0,0
"PTHR24329_SF276",0,1,1,1,0,1,1,1,0,0,1,1,0,1,1,1,1,1,1,0,1,1,1,1,1,0,1,1,0,1,1,1,1,1,1,1,1,1,1,2,1,1,1,2,1
"PTHR24329_SF293",0,1,0,1,0,1,2,1,1,1,1,1,1,1,1,1,1,1,1,0,1,1,1,1,1,0,1,0,1,0,0,0,1,1,0,1,1,1,1,1,0,1,1,0,0
"PTHR24329_SF299",0,0,1,1,1,0,1,0,0,0,0,1,1,0,0,1,0,0,1,0,1,1,0,1,0,1,0,1,0,0,1,0,2,1,0,0,1,0,0,0,0,1,0,0,0
"PTHR24335_SF3",0,0,0,1,1,0,1,0,0,0,0,0,0,1,0,1,0,0,1,0,0,0,0,1,0,1,0,1,0,0,0,0,0,1,0,0,0,1,1,0,0,0,0,0,0
"PTHR24340_SF25",0,1,0,1,1,1,1,0,0,1,1,1,1,1,1,1,0,1,1,0,1,1,1,1,1,0,1,1,1,0,0,1,1,1,1,0,0,1,1,1,0,1,0,1,1
"PTHR24340_SF26",0,1,0,1,1,1,1,1,1,1,1,1,1,0,1,1,1,1,1,0,1,1,1,1,1,0,1,0,1,1,0,0,1,1,1,1,0,0,1,1,0,1,0,1,0
"PTHR24343_SF66",0,0,0,0,0,0,0,0,0,0,0,0,0,0,0,1,0,0,0,0,0,0,0,0,0,0,1,0,0,0,0,0,0,0,0,0,0,0,0,0,0,0,0,0,0
"PTHR24347_SF141",0,2,1,1,2,1,1,1,1,1,1,2,2,1,1,1,1,1,1,1,1,1,1,1,1,1,1,1,2,2,1,1,0,1,1,1,1,2,1,1,1,2,1,1,2
"PTHR24347_SF150",0,0,1,1,1,0,1,0,0,0,0,0,1,1,0,1,0,0,1,0,0,1,1,1,0,0,0,1,0,0,0,0,0,1,1,0,1,1,1,0,1,1,0,0,0
"PTHR24353_SF53",0,0,0,1,0,0,4,0,0,0,0,0,0,0,0,1,0,0,1,0,1,0,0,0,0,0,0,1,0,0,0,0,0,0,0,0,1,0,1,0,1,0,0,0,0
"PTHR24361_SF199",0,1,0,0,0,0,0,0,0,0,0,0,0,0,0,0,0,0,0,0,0,0,0,0,0,0,1,0,0,0,0,0,0,0,0,0,0,0,0,0,0,0,0,0,0
"PTHR24362_SF11",0,0,1,1,1,1,1,1,1,1,1,1,1,1,1,1,1,1,1,1,1,1,1,1,1,1,1,1,1,1,1,1,1,1,1,1,1,1,1,1,1,1,1,1,1
"PTHR24362_SF242",0,1,1,1,1,1,1,1,2,0,1,1,1,1,1,1,1,1,1,1,1,1,1,1,1,1,1,1,1,1,1,1,1,1,1,1,1,1,1,1,1,1,1,1,1
"PTHR24365_SF67",0,1,1,1,1,1,1,1,1,1,1,1,1,1,1,1,1,0,1,1,1,1,1,1,1,1,1,0,1,1,0,1,1,1,1,1,1,1,1,1,1,1,1,1,1
"PTHR24367_SF34",0,1,1,1,0,1,1,1,1,1,1,1,1,1,1,1,1,0,1,0,1,0,1,1,1,1,1,0,0,1,0,1,1,1,1,1,1,1,1,1,1,1,0,1,1
"PTHR24369_SF47",0,0,0,0,0,0,0,0,0,0,0,0,0,0,0,0,0,0,0,0,1,0,0,0,0,0,0,0,0,0,0,0,0,0,0,0,0,0,0,0,0,0,0,0,0
"PTHR24373_SF105",0,1,0,1,1,0,1,1,1,1,1,0,0,0,1,1,1,1,1,1,1,0,1,1,1,1,1,1,1,0,1,1,0,1,1,0,0,1,1,1,0,0,0,1,0
"PTHR24373_SF113",0,0,1,1,1,0,1,0,0,0,0,1,1,1,0,1,0,1,1,0,0,1,0,1,0,0,0,1,1,0,1,0,0,1,0,0,1,1,1,0,1,1,0,0,0
"PTHR24373_SF96",0,1,0,1,1,1,1,1,1,0,1,1,1,1,1,1,1,0,1,0,1,1,2,1,1,1,1,1,1,1,1,1,1,1,1,1,0,1,1,1,1,1,1,1,1
"PTHR24375_SF100",0,0,7,10,0,0,11,0,0,0,0,0,0,5,0,8,0,0,5,0,2,0,0,5,0,0,0,6,0,0,0,0,0,6,0,0,9,0,8,0,4,0,0,0,0
"PTHR24375_SF102",0,0,1,2,0,0,4,0,0,0,0,0,0,2,0,10,0,0,3,0,1,1,0,1,0,0,0,2,0,0,0,0,0,1,0,0,6,0,5,0,2,0,0,0,0
"PTHR24375_SF104",0,1,0,1,1,1,1,1,1,1,1,1,1,0,1,1,1,0,0,1,1,0,1,0,1,1,1,1,1,1,1,1,1,0,1,1,0,1,0,1,1,1,1,1,1
"PTHR24375_SF105",0,1,1,2,1,1,0,1,1,0,0,0,0,1,1,0,1,0,1,0,1,1,1,1,1,0,1,1,0,0,0,1,0,1,0,1,1,0,1,1,1,1,0,0,0
"PTHR24375_SF110",0,1,2,3,1,1,3,1,0,3,1,1,0,4,1,2,1,0,2,0,1,1,0,2,0,1,0,3,1,1,2,0,1,2,0,0,3,1,3,0,1,1,1,0,1
"PTHR24375_SF121",0,0,1,1,0,0,1,0,0,0,0,0,0,1,0,1,0,0,2,0,1,0,0,1,0,0,0,1,0,0,0,0,0,1,0,0,1,0,2,0,1,0,0,0,0
"PTHR24375_SF122",0,1,0,1,1,1,1,1,1,1,1,1,1,1,1,1,1,1,1,2,1,1,1,1,1,0,1,0,1,0,0,1,0,1,2,1,1,1,1,1,1,1,0,1,1
"PTHR24375_SF127",0,2,1,2,2,2,0,1,2,1,6,6,2,2,1,2,0,0,1,0,1,1,2,0,1,3,0,0,2,3,1,0,2,2,0,2,2,2,2,1,2,3,0,1,6
"PTHR24375_SF128",0,0,1,1,0,0,1,0,0,0,0,0,0,1,0,1,0,0,1,1,1,1,0,1,0,0,0,1,0,0,0,0,0,1,2,0,1,0,1,0,1,0,0,0,0
"PTHR24375_SF132",0,0,2,1,0,0,1,1,2,0,0,0,0,2,0,3,0,0,2,0,2,1,1,2,1,0,0,2,0,0,0,1,0,2,0,1,2,0,2,1,1,0,0,0,0
"PTHR24375_SF43",0,0,1,1,0,0,1,0,0,0,1,1,0,0,0,1,0,0,1,0,1,0,1,1,0,0,0,1,0,0,0,0,1,1,1,0,1,0,1,1,1,0,0,1,0
"PTHR24377_SF108",0,0,3,3,0,0,1,0,0,0,0,0,0,3,2,4,0,0,3,0,2,1,0,3,0,0,0,3,0,0,0,0,4,3,0,0,3,0,3,0,1,0,0,0,0
"PTHR24377_SF110",0,2,1,1,1,0,1,1,0,1,2,2,1,2,0,2,1,0,1,0,1,1,0,1,0,0,0,1,1,1,0,0,2,1,0,0,2,2,2,0,1,1,1,0,1
"PTHR24377_SF111",0,1,1,1,1,1,1,0,0,3,2,1,1,1,1,1,1,0,1,0,1,1,0,1,0,0,0,1,1,1,1,0,1,1,0,0,1,1,1,0,1,1,1,0,1
"PTHR24377_SF115",0,1,1,0,1,0,1,0,0,0,1,1,1,1,0,1,1,0,1,0,1,1,0,1,0,1,0,1,1,0,0,0,1,1,0,0,1,1,1,0,0,1,1,0,1
"PTHR24377_SF116",0,0,1,1,0,0,1,0,0,1,0,0,0,1,0,1,0,0,1,0,1,0,1,1,1,0,1,1,0,0,0,0,1,1,0,0,1,0,1,1,1,0,1,0,0
"PTHR24377_SF119",0,0,1,1,0,0,0,1,2,0,0,0,0,1,1,1,2,0,1,0,1,1,1,1,1,0,1,1,0,0,1,1,1,1,0,2,1,0,1,1,1,0,0,0,0
"PTHR24377_SF128",0,0,1,1,1,0,1,1,1,0,1,1,1,1,1,1,1,0,1,0,1,0,1,1,1,0,1,1,1,0,1,1,1,1,0,1,1,1,1,1,1,1,1,0,1
"PTHR24377_SF133",0,0,1,1,1,1,1,1,1,1,1,0,1,0,3,1,1,0,1,1,1,1,1,1,1,1,1,1,0,0,1,1,2,1,0,1,1,1,1,2,1,1,1,0,0
"PTHR24377_SF138",0,0,1,1,0,0,1,0,0,0,0,0,0,1,0,1,0,0,1,0,1,0,0,1,0,0,0,1,0,0,1,0,0,1,0,0,1,0,1,0,1,0,1,0,0
"PTHR24377_SF142",0,0,1,1,0,1,1,0,0,1,1,1,0,1,0,2,1,0,1,0,1,1,0,1,0,0,0,0,0,0,0,0,1,1,0,0,1,0,1,0,1,1,1,0,0
"PTHR24377_SF144",0,1,0,1,1,1,1,1,1,1,1,1,1,1,1,1,1,0,1,0,1,1,0,1,0,1,0,1,1,1,1,0,1,1,0,0,1,1,1,0,1,1,1,0,0
"PTHR24377_SF145",0,0,1,1,0,0,0,0,0,0,0,0,0,0,0,1,0,0,1,0,1,1,0,1,0,0,0,1,0,0,1,0,0,1,0,0,1,0,1,0,1,0,0,0,0
"PTHR24377_SF153",0,0,12,14,0,0,22,0,0,0,0,0,0,20,0,25,0,0,16,0,11,1,0,18,0,0,0,16,1,0,0,0,1,14,0,0,21,0,28,0,7,0,0,0,0
"PTHR24377_SF16",0,0,1,1,0,0,1,0,0,0,0,0,0,1,0,2,0,0,1,0,1,0,0,1,0,0,0,1,0,0,0,0,0,1,0,0,1,0,1,0,1,0,0,0,0
"PTHR24377_SF165",0,1,1,1,1,1,0,1,1,0,1,1,1,1,0,2,1,0,1,0,1,1,0,1,0,1,0,1,1,1,0,0,1,1,0,0,1,1,1,0,1,1,1,0,1
"PTHR24377_SF176",0,1,1,1,1,1,0,1,1,1,1,1,1,1,1,0,1,0,1,0,1,0,1,1,1,1,1,1,1,1,1,1,1,1,0,1,1,1,1,1,0,1,0,1,2
"PTHR24377_SF177",0,1,1,1,1,1,1,1,1,2,2,1,3,1,1,1,1,1,1,0,1,1,1,1,0,2,2,1,1,0,1,0,0,1,0,1,1,2,1,2,1,0,1,0,1
"PTHR24377_SF183",0,1,1,1,2,1,0,1,1,2,2,1,1,1,1,1,1,0,1,1,1,1,1,1,1,1,1,1,2,1,1,0,0,1,0,1,1,1,1,1,1,2,0,0,1
"PTHR24377_SF202",0,0,1,1,0,0,1,0,0,2,1,1,0,1,1,2,1,0,1,0,1,1,1,1,1,0,1,1,0,0,1,0,0,1,1,1,1,0,1,1,1,1,0,0,0
"PTHR24377_SF203",0,0,1,1,0,0,1,0,0,0,0,0,0,1,0,2,0,0,1,0,2,0,0,1,0,0,1,1,1,0,0,0,0,1,0,0,0,0,1,0,1,0,0,0,0
"PTHR24377_SF204",0,1,2,1,1,1,1,1,1,0,1,1,2,2,1,2,1,0,2,1,2,1,0,2,0,0,0,2,1,1,1,1,1,3,0,0,2,2,2,0,1,1,0,0,1
"PTHR24377_SF205",0,0,2,2,0,2,0,3,2,6,1,2,0,1,4,1,2,1,2,2,1,1,5,2,3,1,5,1,1,2,2,0,3,2,10,7,2,0,1,8,2,0,2,8,1
"PTHR24377_SF220",0,0,1,4,0,0,4,0,0,0,0,0,0,3,0,3,0,0,1,0,3,0,0,2,0,0,0,2,0,0,0,0,0,2,0,0,2,0,2,0,1,0,0,0,0
"PTHR24377_SF221",0,1,1,1,1,1,1,2,2,0,1,1,1,1,1,1,1,0,1,1,1,1,1,1,1,1,1,1,1,1,1,1,0,1,0,1,1,1,1,1,1,1,1,0,1
"PTHR24377_SF229",0,0,1,1,0,0,1,0,0,0,0,0,0,1,0,1,0,0,1,0,1,0,0,1,0,0,0,1,0,0,0,0,0,1,0,0,1,0,1,0,1,0,0,0,0
"PTHR24377_SF233",0,0,1,1,0,0,0,0,0,0,0,0,0,1,0,2,0,0,2,0,2,0,0,1,0,0,0,1,0,0,0,0,0,2,0,0,1,0,2,0,1,0,0,0,0
"PTHR24377_SF244",0,1,0,1,1,1,1,1,1,1,1,1,1,1,1,2,0,1,0,1,1,1,1,0,1,1,1,1,1,2,1,0,1,0,0,1,0,1,0,1,1,1,0,0,1
"PTHR24377_SF247",0,0,3,3,0,0,4,0,0,0,0,0,0,1,0,7,0,0,3,0,4,1,0,5,0,0,0,3,0,0,0,0,1,4,0,0,1,0,4,0,3,0,0,0,0
"PTHR24377_SF252",0,2,1,1,1,1,1,1,0,1,1,1,1,1,1,1,1,0,1,0,1,1,1,1,1,1,1,1,1,1,1,1,1,1,0,1,1,1,1,2,1,1,1,0,1
"PTHR24377_SF254",0,0,6,4,0,0,3,0,0,0,0,0,0,5,0,6,0,0,6,0,2,4,0,3,0,0,0,5,1,0,1,0,1,5,0,0,4,1,4,0,2,0,0,0,1
"PTHR24377_SF255",0,1,1,1,1,1,1,0,0,0,1,1,1,1,0,1,0,0,1,0,1,1,0,1,0,1,0,1,1,1,0,0,1,1,0,0,1,1,1,0,1,1,1,0,1
"PTHR24377_SF256",0,0,2,1,0,0,1,0,0,1,0,1,0,0,0,1,1,0,1,0,1,1,0,1,0,1,0,1,1,0,0,0,1,1,0,0,1,1,1,0,1,1,1,0,1
"PTHR24377_SF268",0,2,1,2,2,2,2,2,2,2,1,3,4,1,2,1,2,0,1,0,2,3,3,1,2,1,3,1,1,2,2,1,0,2,7,6,1,1,1,5,1,1,0,8,2
"PTHR24377_SF270",0,0,3,0,0,0,3,0,0,0,0,0,0,2,0,7,0,0,6,0,2,0,0,2,0,0,0,4,0,0,0,0,0,3,0,0,5,0,5,0,2,0,0,0,0
"PTHR24377_SF275",0,0,1,1,0,0,1,0,0,0,0,0,0,1,0,1,0,0,1,0,1,0,0,1,0,0,0,1,0,0,0,0,0,1,0,0,1,0,1,0,1,0,0,0,0
"PTHR24377_SF277",0,0,1,1,1,1,1,0,0,1,1,1,1,1,1,1,0,0,1,0,0,1,0,1,0,1,0,1,1,1,1,0,1,1,0,0,1,1,1,0,1,1,1,0,1
"PTHR24377_SF279",0,0,8,2,0,0,1,0,0,0,0,0,0,10,2,9,0,0,8,0,8,6,8,5,1,0,6,8,0,0,0,1,12,8,0,1,8,0,10,2,3,0,0,0,0
"PTHR24377_SF283",0,6,2,0,1,3,1,0,1,1,0,0,1,0,0,2,1,0,0,0,1,1,1,0,1,1,1,1,1,2,3,1,0,0,0,1,0,1,0,1,0,0,0,0,0
"PTHR24377_SF285",0,1,1,1,1,1,1,1,1,3,1,1,1,1,1,1,1,1,1,0,1,1,1,1,1,1,1,1,1,1,1,1,1,1,0,1,1,1,1,1,1,1,1,0,1
"PTHR24377_SF30",0,1,1,1,0,0,1,0,0,0,0,0,0,1,0,1,0,0,1,0,1,0,0,1,0,0,0,1,0,0,1,0,0,1,0,0,1,0,1,0,1,0,0,0,0
"PTHR24377_SF75",0,0,1,1,0,0,1,0,0,0,0,0,0,1,0,1,0,0,1,0,1,1,0,1,0,0,0,1,0,0,0,0,1,1,0,0,1,0,1,0,1,0,0,0,0
"PTHR24381_SF110",0,1,1,1,1,1,1,0,0,2,1,1,1,2,0,3,1,0,2,2,1,2,0,1,0,0,0,1,1,3,0,0,0,2,0,0,2,2,2,0,1,1,1,0,1
"PTHR24381_SF116",0,0,2,1,0,0,2,0,0,0,0,0,0,2,0,2,0,0,2,0,2,2,3,2,1,0,2,2,0,0,0,0,1,2,0,1,2,0,2,1,1,0,0,0,0
"PTHR24381_SF120",0,0,1,1,1,0,1,0,0,0,1,1,1,1,1,1,0,0,1,1,1,1,0,1,0,1,0,1,1,0,1,0,1,1,0,0,1,1,2,0,1,0,0,2,1
"PTHR24381_SF121",0,0,1,1,0,0,0,0,0,0,0,0,0,1,0,1,0,0,1,0,0,0,0,1,0,0,0,1,0,0,0,0,0,1,0,0,1,0,1,0,1,0,0,0,0
"PTHR24381_SF123",0,1,1,1,1,1,1,0,0,1,1,1,1,1,0,1,0,0,1,0,1,1,0,1,0,1,0,1,1,1,0,0,1,1,0,0,1,1,1,0,1,1,0,0,1
"PTHR24381_SF127",0,0,1,0,0,0,1,0,0,0,0,0,0,1,0,1,0,0,1,0,7,0,0,1,0,0,0,1,0,0,0,0,0,1,0,0,1,0,1,0,0,0,0,0,0
"PTHR24381_SF129",0,0,1,1,1,0,1,0,0,1,1,1,2,1,0,1,1,0,1,0,1,1,0,1,0,1,0,1,1,0,0,0,1,1,0,0,1,1,1,0,1,0,1,0,1
"PTHR24381_SF136",0,0,1,1,0,0,1,0,0,0,0,0,0,1,0,1,0,0,1,0,1,0,0,1,0,0,0,1,0,0,0,0,0,1,0,0,1,0,1,0,0,0,0,0,0
"PTHR24381_SF139",0,1,1,1,1,1,1,1,1,1,1,0,1,1,1,1,1,0,1,1,1,1,1,1,1,0,1,1,0,0,1,1,0,1,0,1,1,1,1,2,1,0,1,0,1
"PTHR24381_SF22",0,0,1,1,0,0,1,0,0,0,0,0,0,1,0,1,0,0,1,0,1,0,0,0,0,0,0,1,0,0,0,0,0,1,0,0,1,0,1,0,1,0,0,0,0
"PTHR24381_SF26",0,0,1,1,0,0,0,0,0,0,0,0,0,1,0,1,0,0,1,0,1,0,0,1,0,0,0,1,0,0,0,0,0,1,0,0,1,0,1,0,1,0,1,0,0
"PTHR24381_SF35",0,0,2,1,0,0,0,0,0,0,0,0,0,6,0,6,0,0,2,0,2,0,0,1,0,0,0,3,0,0,0,0,0,2,0,0,4,0,5,0,1,0,0,0,0
"PTHR24381_SF44",0,0,1,0,0,0,0,0,0,0,0,0,0,1,0,1,0,0,1,0,1,1,0,1,0,0,0,1,0,0,0,0,1,1,0,0,0,0,1,0,0,0,0,0,0
"PTHR24381_SF5",0,0,1,1,0,0,1,0,0,0,0,0,0,1,0,1,0,0,1,0,1,0,0,1,0,0,0,1,0,0,0,0,0,1,0,0,1,0,1,0,1,0,0,0,0
"PTHR24381_SF62",0,1,1,1,1,1,1,1,1,1,1,1,1,1,1,1,2,0,2,1,2,1,3,2,2,1,2,1,1,0,1,1,1,1,0,3,1,1,1,2,1,1,1,0,1
"PTHR24381_SF76",0,0,0,1,1,1,1,0,1,1,1,1,0,1,0,1,0,0,0,0,1,0,0,0,0,0,0,0,0,0,0,0,1,0,0,0,1,0,1,0,0,1,1,0,1
"PTHR24381_SF77",0,0,1,1,1,0,1,0,0,0,0,0,1,1,0,2,0,0,1,0,1,0,0,1,0,0,0,1,1,0,0,0,0,1,0,0,2,1,1,0,0,0,1,0,0
"PTHR24381_SF97",0,0,1,1,0,0,0,0,0,0,0,0,0,1,0,2,0,0,1,0,1,1,0,1,0,0,0,1,0,0,0,0,1,1,0,0,1,0,1,0,1,0,1,0,0
"PTHR24382_SF32",0,0,1,1,0,0,1,1,1,0,0,0,0,1,1,2,1,0,2,0,1,2,0,1,0,0,0,1,0,0,0,0,2,2,0,0,2,0,2,0,2,0,0,0,0
"PTHR24387_SF11",0,0,2,3,0,0,2,0,0,0,0,0,0,2,0,2,0,0,2,0,2,0,0,3,0,0,0,2,0,0,0,0,0,2,0,0,4,0,4,0,2,0,0,0,0
"PTHR24387_SF12",0,0,2,3,0,0,2,0,0,0,2,0,0,3,0,3,0,0,3,0,1,0,0,3,0,0,0,3,0,0,0,0,0,2,0,0,3,0,3,0,1,0,0,0,0
"PTHR24387_SF186",0,1,1,1,1,1,1,1,1,1,1,1,1,2,1,1,0,1,1,1,1,1,1,1,1,1,2,1,1,1,1,1,0,1,0,1,1,1,1,1,1,1,1,0,1
"PTHR24387_SF192",0,0,1,2,0,0,1,0,0,0,0,0,0,1,0,2,0,0,1,0,1,0,0,2,0,0,0,2,0,0,0,0,0,1,0,0,1,0,2,0,1,0,0,0,0
"PTHR24387_SF193",0,1,1,1,1,1,0,0,0,1,1,1,2,1,0,1,0,0,1,0,0,0,0,1,0,1,0,1,0,1,0,0,0,1,0,0,1,0,1,0,1,1,0,0,1
"PTHR24387_SF194",0,0,1,1,0,0,1,0,0,0,0,0,0,1,1,1,1,0,1,11,1,1,1,1,1,0,1,2,0,1,1,0,0,1,0,1,1,0,1,2,1,0,0,0,0
"PTHR24387_SF30",0,0,1,1,0,0,1,0,0,0,0,0,0,1,0,1,1,0,1,0,1,1,0,1,0,1,0,1,0,0,0,0,0,1,0,0,1,0,1,0,1,0,0,0,0
"PTHR24387_SF34",0,0,1,1,0,0,0,0,0,0,0,0,0,1,0,1,0,0,1,0,1,0,0,1,0,0,0,1,0,0,0,0,0,1,0,0,1,0,1,0,1,0,0,0,0
"PTHR24397_SF0",0,1,1,1,1,1,1,1,1,1,1,1,1,1,1,2,1,1,1,1,1,1,1,1,1,1,1,1,1,1,1,1,1,1,1,1,1,1,1,1,1,1,1,1,1
"PTHR24402_SF15",0,0,1,1,0,0,1,0,0,0,0,0,0,1,1,1,0,0,1,0,1,1,0,1,0,0,0,1,0,0,1,0,1,1,0,1,1,0,1,1,1,0,0,0,0
"PTHR24402_SF157",0,0,1,0,0,0,1,0,0,0,0,0,0,1,0,1,0,0,1,0,1,0,2,1,0,0,0,0,0,0,0,0,0,1,0,0,1,0,1,1,1,0,0,0,0
"PTHR24402_SF163",0,0,2,1,0,0,1,0,0,0,0,0,0,2,0,3,0,0,2,0,2,0,0,1,0,0,0,2,0,0,0,0,0,2,0,0,2,0,2,0,1,0,0,0,0
"PTHR24402_SF166",0,1,1,1,0,1,1,0,0,0,1,0,0,1,0,2,0,0,1,0,1,0,0,1,0,0,0,0,0,0,0,0,0,1,0,0,1,0,1,0,1,1,0,0,0
"PTHR24402_SF168",0,0,1,1,0,0,1,0,0,0,0,0,0,1,0,1,0,0,1,0,1,0,0,1,0,0,0,1,0,0,0,0,0,1,0,0,1,0,1,0,0,0,0,0,0
"PTHR24402_SF173",0,0,1,1,1,0,1,0,0,0,1,1,0,3,0,1,0,0,1,0,1,0,0,1,0,1,0,1,1,0,0,0,0,1,0,0,2,1,5,0,1,0,1,0,1
"PTHR24402_SF191",0,0,1,1,0,0,1,0,0,0,0,0,0,1,0,1,0,0,1,0,1,1,0,1,0,0,0,1,0,0,0,0,0,1,0,0,1,0,1,0,1,0,0,0,0
"PTHR24402_SF198",0,1,1,0,0,0,0,0,0,1,0,0,0,0,0,1,0,0,1,1,0,1,0,1,0,1,0,1,0,0,0,0,0,1,0,0,1,0,1,0,1,0,0,0,0
"PTHR24402_SF205",0,1,1,1,0,1,1,1,0,1,0,0,0,1,1,2,1,0,1,0,1,1,1,1,1,0,1,1,0,1,0,1,1,1,1,1,1,0,1,1,1,1,1,1,0
"PTHR24402_SF21",0,0,1,2,0,0,1,0,0,0,0,0,0,3,0,4,0,0,1,0,1,0,0,2,0,0,0,1,0,0,0,0,0,2,0,0,3,0,3,0,2,0,0,0,0
"PTHR24402_SF36",0,1,1,1,1,1,1,1,1,1,1,1,1,1,1,1,1,1,1,1,1,1,1,1,1,1,1,1,1,1,0,1,1,1,0,1,1,1,1,1,0,1,1,0,1
"PTHR24402_SF38",0,0,1,1,0,0,0,0,0,0,0,0,0,1,0,1,0,0,1,0,1,1,0,1,0,0,0,1,0,0,0,0,1,1,0,0,0,0,1,0,0,0,0,0,0
"PTHR24402_SF39",0,0,2,1,0,0,2,0,0,0,0,0,0,1,0,3,0,0,2,0,1,1,0,2,0,0,0,2,0,0,0,0,1,1,0,0,2,0,2,0,1,0,0,0,0
"PTHR24402_SF73",0,0,1,1,0,0,1,0,0,0,0,0,0,1,0,1,0,0,1,0,0,0,0,1,0,0,0,1,0,0,0,0,0,1,0,0,1,0,1,0,1,0,0,0,0
"PTHR24402_SF85",0,1,1,1,0,0,1,0,0,0,0,1,0,1,1,3,0,0,2,0,1,1,2,1,1,0,1,2,0,1,1,0,0,2,0,1,2,0,2,1,2,0,0,0,0
"PTHR24404_SF10",0,0,1,1,0,0,1,0,0,0,0,0,0,1,0,1,0,0,1,0,1,1,0,1,0,0,0,1,0,0,0,0,1,1,0,0,1,0,1,0,1,0,0,0,0
"PTHR24404_SF25",0,1,1,1,1,1,1,1,1,1,1,1,1,1,1,1,1,0,1,1,1,1,0,1,0,1,1,1,1,1,1,1,1,1,0,1,1,1,1,0,1,1,1,0,1
"PTHR24406",0,1,1,1,1,1,1,1,1,1,1,1,1,0,1,1,1,1,1,0,1,1,1,1,1,0,1,1,1,1,1,1,1,1,0,1,1,1,2,2,1,1,1,1,1
"PTHR24407_SF5",0,0,1,1,0,0,1,0,0,0,0,0,0,1,0,2,0,0,1,0,0,0,0,1,0,0,0,1,0,0,0,0,0,1,0,0,1,0,1,0,1,0,0,0,0
"PTHR24408_SF17",0,1,0,1,1,1,1,1,1,1,0,1,1,1,1,1,1,1,1,0,1,1,1,1,1,1,1,1,1,1,1,1,1,1,1,1,0,1,2,1,1,1,1,1,2
"PTHR24409_SF1",0,1,0,1,1,1,1,1,1,1,1,1,1,1,1,1,1,1,1,1,1,1,1,1,1,1,0,1,1,1,1,1,1,1,1,1,1,0,1,1,1,1,1,1,1
"PTHR24409_SF8",0,1,0,1,1,1,1,0,1,1,1,1,1,1,1,1,1,1,1,0,1,1,1,1,1,0,1,0,1,0,0,1,1,1,1,1,0,1,1,1,0,1,1,1,1
"PTHR24412_SF136",0,0,1,1,1,0,1,0,0,0,0,1,1,2,0,1,0,0,2,0,0,1,0,2,0,0,0,2,0,0,0,0,0,2,1,0,1,1,1,0,1,1,0,1,0
"PTHR24416_SF251",0,0,1,1,1,0,1,0,0,1,0,1,1,1,0,1,1,0,1,1,0,0,0,1,0,0,0,1,1,0,1,1,0,1,2,0,1,1,1,0,1,0,0,2,0
"PTHR24416_SF91",0,1,1,1,1,1,1,1,1,1,1,1,1,1,1,1,1,1,1,1,1,1,1,1,1,1,3,1,1,1,1,1,1,1,1,1,1,1,1,1,1,1,1,1,1
"PTHR25462_SF202",0,0,2,1,0,0,0,0,0,0,0,0,0,1,0,2,0,0,3,0,2,0,1,3,0,1,0,2,0,0,1,0,0,2,0,0,1,0,1,0,0,0,0,0,0
"PTHR25462_SF211",0,0,1,0,0,0,1,0,0,0,0,0,0,1,0,3,0,0,2,0,2,0,0,2,0,0,0,1,0,0,2,0,1,2,0,0,2,0,2,0,1,0,0,0,0
"PTHR25462_SF84",0,0,0,0,0,0,0,0,0,0,0,0,0,0,0,0,0,0,0,0,0,0,1,0,1,0,0,0,0,0,0,0,0,0,0,0,0,0,0,1,0,0,0,0,0
"PTHR26374_SF12",0,0,1,3,0,0,1,0,0,0,0,0,0,1,0,2,0,0,1,0,1,1,0,1,0,0,0,1,0,0,1,0,0,1,0,0,1,0,1,0,1,0,0,0,0
"PTHR26379_SF144",0,0,1,1,0,0,1,0,0,0,0,0,0,1,0,1,0,0,1,0,0,0,0,1,0,0,0,1,0,0,0,1,0,1,0,0,1,0,1,0,1,0,0,0,1
"PTHR26451_SF158",0,2,1,0,2,1,1,0,0,2,3,3,1,0,0,0,1,3,1,0,0,3,1,1,1,0,1,1,0,3,0,2,3,1,3,1,2,1,2,1,0,1,0,3,2
"PTHR26451_SF260",0,1,1,1,1,1,1,1,1,2,1,0,1,2,1,1,2,2,1,1,1,1,1,1,0,0,1,4,1,1,1,1,1,1,1,0,1,0,1,1,1,1,0,1,1
"PTHR26451_SF28",0,1,1,1,0,1,1,1,2,1,1,1,1,1,1,1,1,2,1,1,0,0,2,1,0,1,2,1,1,2,1,0,1,1,3,2,1,0,0,2,0,0,0,2,1
"PTHR26451_SF72",0,0,0,0,1,1,1,1,1,1,1,2,1,0,1,4,1,1,0,0,1,0,3,0,0,2,0,0,2,1,1,0,1,1,0,2,0,1,0,4,0,4,0,0,1
"PTHR26451_SF82",0,1,1,1,1,0,0,0,0,2,0,1,1,1,1,1,1,2,1,1,1,1,0,0,0,1,0,0,1,1,1,0,1,1,1,0,0,1,1,0,1,3,0,0,0
"PTHR31077",0,1,1,1,1,3,1,1,1,1,0,1,1,1,2,1,1,1,1,1,1,1,1,1,1,1,2,1,1,1,2,2,0,1,1,2,1,1,1,1,1,1,1,1,1
"PTHR31107",0,1,1,1,1,1,1,1,1,0,1,1,1,1,1,1,1,0,1,1,0,1,1,1,1,2,1,1,1,1,0,1,1,1,1,1,1,0,1,2,1,0,1,0,1
"PTHR31437_SF1",0,1,1,1,1,1,1,1,1,1,1,1,1,1,2,1,1,1,1,1,1,1,1,1,1,1,2,1,1,1,1,1,1,2,1,1,1,1,1,1,1,1,1,1,1
"PTHR31577",0,1,4,1,2,1,1,0,0,0,0,1,1,2,0,1,0,0,1,0,2,0,1,0,0,2,0,1,0,1,0,0,1,1,0,1,2,0,2,8,1,0,1,0,0
"PTHR31716",0,1,1,0,1,1,1,1,1,1,1,1,0,0,1,1,0,1,1,0,1,0,1,1,1,0,1,0,1,0,0,1,0,0,1,1,0,1,0,1,1,1,1,1,1
"PTHR31770_SF2",0,2,1,1,1,0,1,1,1,0,0,1,1,1,1,1,1,0,1,0,1,0,1,1,1,0,0,0,1,0,1,1,0,1,0,1,0,1,1,0,0,1,1,1,0
"PTHR31774_SF4",0,1,0,1,0,1,1,1,1,1,1,1,1,1,1,1,1,0,1,0,1,1,1,1,1,1,1,1,0,0,0,1,1,1,1,1,0,1,1,1,1,1,0,0,0
"PTHR31870",0,1,1,0,1,1,1,1,0,1,1,1,1,1,1,1,1,0,1,1,1,0,1,1,1,1,2,1,1,1,1,1,1,1,0,1,1,1,1,1,1,0,1,0,1
"PTHR32093_SF9",0,0,0,0,1,0,1,0,0,0,0,1,1,0,0,1,0,0,0,0,1,1,0,0,0,1,0,1,0,0,0,0,0,0,0,0,0,0,0,0,0,0,1,0,1
"PTHR32157",0,2,1,2,0,2,2,0,0,1,0,0,0,3,0,18,0,0,3,0,3,0,0,2,0,1,0,2,0,2,1,0,1,3,0,0,2,0,3,0,2,2,0,0,0
"PTHR32289_SF2",0,1,0,1,0,0,1,0,0,0,0,0,0,1,0,1,1,1,1,0,1,1,1,1,1,0,1,1,1,1,1,0,0,1,0,1,1,0,1,1,1,1,1,0,0
"PTHR32289_SF5",0,1,1,1,1,1,1,0,0,1,1,1,1,1,1,1,1,0,1,1,1,0,1,1,0,0,0,1,1,1,1,0,1,1,0,1,1,1,1,0,1,1,1,0,1
"PTHR32337",0,1,1,1,1,1,1,1,1,1,1,1,1,1,1,1,1,1,1,1,1,1,1,1,1,1,1,1,1,1,0,1,1,1,0,1,1,1,2,1,1,1,1,1,1
"TF313161",0,1,1,1,1,1,1,1,1,1,1,1,1,1,1,1,1,1,1,1,1,1,1,1,1,1,1,1,1,1,1,1,1,1,2,1,1,1,1,1,1,1,1,4,1
"TF314676",0,1,1,1,1,1,1,2,1,1,0,1,1,1,2,1,1,0,1,1,0,1,1,1,1,0,1,1,1,1,1,3,0,1,1,1,1,0,1,1,1,0,0,1,0
"TF320386",0,1,1,1,1,1,1,1,1,1,1,1,1,1,1,1,1,1,1,1,1,1,1,1,1,1,1,1,1,0,0,1,1,1,1,1,1,1,1,1,1,1,1,1,1
"TF322869",0,1,1,1,1,1,1,2,1,1,1,1,2,1,1,1,0,0,1,0,1,1,1,1,1,0,1,1,1,1,1,0,1,1,1,1,1,2,1,1,1,0,0,0,1
"TF328826",0,1,1,1,1,1,1,1,1,1,1,1,1,1,0,1,0,0,1,1,1,1,1,1,1,0,0,1,0,1,1,0,1,1,1,1,1,1,0,1,1,0,1,1,1
"TF329078",0,1,1,1,1,2,1,0,1,1,1,1,1,1,0,1,1,1,1,1,1,1,1,1,1,0,1,1,1,1,1,1,0,1,1,1,1,1,2,1,1,1,1,1,1
"TF332961",0,1,0,1,0,1,1,0,1,0,1,1,1,0,1,1,0,0,0,0,1,0,1,0,1,0,1,1,0,0,0,0,1,1,1,1,0,1,1,0,0,0,0,0,0
"TF332971",0,1,0,1,1,2,2,1,1,1,1,1,1,1,1,1,0,1,1,0,1,1,1,1,2,0,1,1,1,1,1,1,1,1,1,1,1,1,1,1,1,1,1,1,0
"TF333267",0,1,1,1,1,1,1,1,1,1,1,1,1,1,1,1,1,1,2,1,1,2,1,2,1,1,1,1,1,1,1,3,1,1,2,1,1,1,1,2,1,1,1,2,2
"TF333609",0,0,0,1,0,0,0,0,0,0,0,0,0,0,0,1,0,0,1,0,1,0,0,1,0,0,0,0,0,1,0,0,0,0,0,0,0,0,1,0,0,0,0,0,0
"TF336319",0,0,1,1,1,0,1,1,1,1,1,1,1,1,1,1,1,1,1,1,1,1,1,1,1,1,2,1,0,1,1,0,0,1,1,1,1,0,2,1,1,0,1,1,0
"TF336862",0,1,1,1,1,1,1,1,1,1,1,1,1,1,1,1,1,0,1,0,1,1,6,1,1,0,1,1,1,0,1,1,0,1,0,1,1,1,1,0,1,0,1,0,1
"TF337018",0,0,1,1,0,1,1,0,0,1,1,1,1,1,0,1,0,0,0,0,1,1,1,1,0,1,0,1,1,0,0,0,0,1,0,1,1,0,1,1,1,1,0,0,0
"TF337053",0,1,1,1,0,0,0,0,1,1,1,1,1,1,1,1,1,0,1,0,1,1,1,1,1,0,1,1,1,1,0,1,1,1,0,1,1,1,1,1,1,0,1,0,1
"TF337302",0,1,1,1,1,1,1,1,1,1,0,1,1,1,1,1,1,1,1,1,1,1,1,1,1,1,1,1,1,1,1,1,1,1,1,1,1,1,1,1,1,1,1,1,1
"TF337389",0,1,1,1,1,1,1,1,1,0,1,1,1,1,1,2,1,1,1,0,1,1,1,1,1,1,1,1,1,1,1,1,1,1,0,1,1,1,1,1,1,1,1,0,1
"TF337679",0,1,0,1,0,1,1,1,1,1,1,1,0,1,1,1,1,0,1,1,1,1,1,1,1,0,1,1,1,1,1,1,1,1,1,1,1,1,1,1,1,0,0,1,0
"TF338219",0,1,1,1,1,1,1,1,0,1,1,1,1,1,0,1,0,1,1,0,1,0,1,1,1,1,1,1,1,1,0,1,0,1,0,1,1,0,2,1,1,1,1,0,0
"TF338230",0,0,1,1,0,0,1,0,0,0,1,1,1,1,0,1,0,1,1,0,1,1,1,1,1,1,0,1,0,1,1,0,1,1,0,1,1,0,1,1,1,0,1,0,0
"TF338340",0,1,1,1,1,0,1,0,0,0,0,1,1,1,0,2,0,0,1,0,1,1,2,1,2,0,1,1,0,0,0,0,0,1,0,1,1,0,1,2,1,0,0,0,0
"TF338380",0,0,1,1,0,0,0,0,0,0,0,0,0,2,0,1,0,0,1,0,1,0,0,1,0,0,0,0,0,0,0,0,0,0,0,0,0,0,0,0,0,0,1,0,0
"TF338405",0,1,1,1,1,0,1,0,0,1,0,0,2,1,0,1,0,1,1,0,1,1,0,1,0,0,0,0,0,1,0,0,0,1,0,1,1,1,1,0,1,1,1,0,1
"TF338547",0,1,1,1,0,1,1,0,0,1,1,1,0,1,0,1,0,1,1,0,0,0,1,1,0,0,0,1,0,1,1,0,0,1,0,1,1,0,1,1,1,1,1,0,1
"TF338548",0,0,1,1,1,0,1,0,0,0,1,1,1,1,0,1,0,0,1,0,1,1,0,1,0,0,0,1,0,1,1,0,0,1,0,0,1,0,1,1,1,1,0,0,0
"TF339232",0,1,0,1,1,1,1,0,0,1,1,1,1,0,1,1,0,0,1,0,1,1,1,0,1,1,2,0,1,0,0,0,1,1,1,1,0,1,1,1,0,1,0,0,0
"TF339241",0,1,0,1,0,1,0,0,0,1,1,1,0,0,1,1,0,1,0,0,1,0,1,1,0,0,1,0,0,0,0,0,0,1,1,1,0,1,1,1,0,1,0,0,0
"TF339653",0,1,1,1,1,0,1,0,0,1,1,1,1,1,0,1,0,0,1,0,1,1,1,1,1,0,1,1,0,1,0,0,0,1,0,1,1,1,1,1,1,1,0,0,1
"TF339744",0,1,1,1,1,1,1,1,1,1,1,1,1,1,1,1,1,1,1,1,0,1,1,1,1,0,1,1,1,0,1,1,1,1,1,1,1,1,1,1,1,1,1,1,1
"TF339946",0,0,1,1,0,0,1,0,0,0,0,0,0,1,0,1,0,0,1,0,1,0,0,1,0,0,0,1,0,0,0,0,0,1,0,0,1,0,1,0,1,0,0,0,0
"TF340598",0,0,1,0,0,0,0,0,0,0,0,0,0,1,0,1,0,0,0,0,0,0,0,0,0,0,0,1,0,0,0,0,0,0,0,0,1,0,2,0,0,0,0,0,0
"TF340640",0,1,1,1,0,1,2,0,0,0,0,0,1,1,0,0,0,0,1,0,1,0,0,1,0,0,0,1,0,0,0,0,0,1,0,1,1,1,1,0,1,1,0,0,1
"TF340655",0,0,1,1,0,0,1,0,0,0,0,0,0,1,0,0,0,0,1,0,1,0,0,1,0,0,0,1,0,0,0,0,0,0,0,0,1,0,1,0,1,0,0,0,0
"TF340679",0,0,1,1,0,0,0,0,0,0,0,0,0,1,0,1,0,0,1,0,1,0,0,1,0,0,0,1,0,0,0,0,0,1,0,0,1,0,1,0,1,0,0,0,0
"TF340686",0,0,0,1,0,0,1,0,0,0,0,0,0,1,0,1,0,1,1,0,1,1,1,1,0,0,1,1,0,0,0,0,0,1,0,0,1,1,1,0,1,1,1,0,0
"TF340698",0,0,1,1,0,0,1,0,0,0,0,0,0,1,0,1,0,0,1,0,0,1,0,1,0,0,0,0,0,0,0,0,0,1,0,0,1,0,1,0,1,0,0,0,0
"TF340885",0,1,0,0,0,0,0,0,0,0,1,1,0,0,0,1,0,1,0,0,1,0,0,0,0,0,0,1,0,0,0,0,0,0,0,0,1,0,1,0,0,0,0,0,0
"TF340896",0,0,2,2,0,0,2,0,0,0,0,0,0,2,0,2,0,0,2,0,1,0,0,2,0,0,0,2,0,0,0,0,0,2,0,0,2,0,2,0,2,0,0,0,0
"TF340934",0,0,1,1,1,0,1,0,0,0,0,1,0,1,0,1,0,0,1,0,1,0,0,1,0,0,0,1,0,0,1,0,0,1,0,0,1,0,1,0,1,1,0,0,0
"TF341054",0,0,1,2,3,0,1,0,1,1,1,1,2,1,0,0,0,0,2,0,0,1,0,1,0,0,0,1,1,0,1,0,0,2,0,0,2,2,2,0,1,0,0,1,1
"TF341071",0,0,1,0,0,0,1,0,0,0,0,0,0,1,0,0,0,0,1,0,1,0,0,1,0,0,0,1,0,0,0,0,0,1,0,0,1,0,1,0,0,0,0,0,0
"TF341125",0,1,1,1,1,1,1,1,1,1,0,1,1,1,1,1,1,1,1,1,0,1,1,1,1,0,1,1,0,1,0,1,0,1,1,1,1,1,1,1,1,1,1,2,1
"TF341513",0,0,1,1,0,0,1,0,0,0,0,0,1,1,0,0,0,0,1,0,0,0,0,1,0,0,0,0,1,0,0,0,0,1,0,0,1,1,1,0,1,0,0,0,1
"TF341593",0,1,0,1,1,0,1,0,0,0,1,1,0,1,0,0,0,0,0,0,0,0,0,0,0,0,0,1,1,0,0,0,0,0,0,0,1,0,1,0,0,0,0,0,1
"TF341624",0,0,0,0,0,0,0,0,0,0,0,0,0,1,0,1,0,0,1,0,0,0,0,1,0,0,0,0,0,0,1,0,0,1,0,0,1,0,1,0,1,0,1,0,0
"TF341753",0,0,0,1,0,0,0,0,0,0,0,0,0,1,0,1,0,0,0,0,0,0,0,0,0,0,0,0,0,0,0,0,0,0,0,0,1,0,2,0,0,0,0,0,0
"TF341850",0,0,1,0,0,0,0,0,0,0,0,0,0,1,0,1,0,0,1,0,0,0,0,1,0,0,0,1,0,0,0,0,0,1,0,0,1,0,1,0,0,0,0,0,0
"TF341894",0,0,1,1,0,0,0,0,0,0,0,0,0,1,0,1,0,0,1,0,1,0,0,1,0,0,0,0,0,0,0,0,0,1,0,0,1,0,1,0,1,0,1,0,0
"TF341897",0,0,0,1,0,0,0,0,0,0,0,0,0,1,0,6,0,0,0,0,0,0,0,0,0,0,0,1,0,0,0,0,0,0,0,0,1,0,1,0,0,0,1,0,0
"TF341912",0,0,0,1,0,0,0,0,0,0,0,0,0,1,0,0,0,0,1,0,1,0,0,1,0,0,0,1,0,0,0,0,0,0,0,0,1,0,1,0,0,0,1,0,0
"TF342045",0,0,4,2,0,1,0,0,0,1,0,0,0,2,0,0,0,0,2,0,1,3,0,0,0,0,0,1,0,2,0,0,1,0,0,0,2,0,3,0,0,0,1,0,0
"TF342067",0,0,1,0,0,0,0,0,0,0,0,0,0,1,0,0,0,0,1,0,0,0,0,1,0,0,0,0,0,0,0,0,0,1,0,1,0,1,2,0,0,0,1,0,0
"TF342071",0,0,1,1,0,0,0,0,0,0,0,0,0,1,0,0,0,0,1,0,1,0,0,1,0,0,0,1,0,0,0,0,0,1,0,0,1,0,1,0,1,0,0,0,0
"TF342116",0,0,0,1,0,0,0,0,0,0,0,0,0,1,0,1,0,0,0,0,1,0,0,0,0,0,0,0,0,0,0,0,0,0,0,0,1,0,1,0,1,0,0,0,0
"TF342122",0,1,1,1,1,1,1,1,1,0,1,1,1,2,1,2,1,1,1,1,1,1,1,1,1,0,1,1,1,1,1,1,0,1,1,1,1,1,1,1,1,1,1,1,1
"TF342158",0,0,1,1,0,0,0,0,0,0,0,0,0,1,0,0,0,0,1,0,0,0,0,1,0,0,0,1,0,0,0,0,0,1,0,0,1,0,1,0,0,0,0,0,0
"TF342259",0,0,1,1,0,0,0,0,0,0,0,0,0,1,0,1,0,0,1,0,0,0,0,1,0,0,0,1,0,0,0,0,0,1,0,0,1,0,1,0,1,0,0,0,0
"TF342372",0,0,1,1,0,0,0,0,0,0,0,0,0,1,0,1,0,0,1,0,0,0,0,1,0,0,0,1,0,0,0,0,0,1,0,0,1,0,1,0,1,0,0,0,0
"TF342418",0,0,1,0,0,0,1,0,0,0,0,0,0,1,0,1,0,0,1,0,1,0,0,1,0,0,0,1,0,0,0,0,0,1,0,0,1,0,1,0,1,0,1,0,0
"TF342445",0,2,1,0,3,0,2,0,0,0,2,1,2,1,0,0,0,0,0,0,0,0,0,2,0,0,0,2,2,0,2,0,0,2,0,2,0,0,2,0,1,1,0,0,4
"TF342576",0,0,0,1,0,0,0,0,0,0,0,0,0,1,0,1,0,0,2,0,0,0,0,0,0,0,0,0,0,0,0,0,0,0,0,0,0,0,1,0,0,0,0,0,0
"TF342705",0,0,0,1,0,0,0,0,0,0,0,0,0,1,0,0,0,0,0,0,1,0,0,1,0,0,0,0,0,0,0,0,0,0,0,0,0,0,0,0,0,0,0,0,0
"TF343181",0,0,1,1,0,0,1,0,0,1,0,1,1,1,0,1,0,0,1,0,0,1,2,1,0,0,0,1,0,1,1,0,0,1,0,0,1,1,1,0,1,1,1,0,0
"TF343192",0,1,1,1,1,1,1,1,1,0,1,1,1,1,1,1,1,0,1,0,1,1,1,1,1,1,1,1,1,1,1,1,0,1,1,1,1,1,1,1,1,1,0,1,1
"TF343373",0,0,1,1,0,0,1,0,0,0,0,1,0,1,0,1,0,0,1,0,1,1,1,1,1,0,0,1,0,0,0,0,0,1,1,1,1,0,1,0,0,0,0,1,0
"TF343538",0,2,1,1,2,1,1,0,0,0,1,1,2,2,1,2,1,0,2,1,2,2,2,1,0,1,2,2,2,0,1,0,0,2,2,2,2,1,2,1,1,2,0,2,2
"TF350509",0,1,1,1,0,0,1,0,1,0,1,1,0,1,1,1,0,1,1,0,0,0,1,1,0,0,1,1,0,0,1,1,0,1,0,1,0,1,1,1,1,0,0,0,0
"TF353180",0,0,1,1,0,0,0,0,0,0,0,0,0,1,0,1,0,0,0,0,0,0,0,1,0,0,0,1,0,0,0,0,0,1,0,0,1,0,1,0,1,0,0,0,0
"TF353304",0,0,1,1,0,0,0,0,0,0,0,0,0,1,0,1,0,0,1,0,1,0,0,1,0,0,0,0,0,0,0,0,0,1,0,0,1,1,0,0,1,0,1,0,0
"TF353352",0,1,1,1,1,0,0,0,0,0,0,0,0,1,0,0,0,0,1,0,1,0,0,1,0,0,0,0,0,0,0,0,0,1,0,0,1,0,1,0,1,0,1,0,0
"TF353389",0,0,0,0,0,0,1,0,0,0,0,0,0,0,0,0,0,0,1,0,1,0,0,0,0,0,0,1,1,0,0,0,0,1,0,0,1,0,1,0,0,0,1,0,0
"TF353536",0,1,1,1,1,1,1,1,1,0,1,1,1,1,1,1,1,0,1,0,0,1,1,1,0,0,1,1,1,0,2,0,0,1,0,1,1,1,1,0,1,0,1,0,1
"TF353595",0,0,1,1,0,0,1,1,0,0,0,1,1,0,1,1,1,0,1,0,1,1,1,1,1,1,0,1,1,1,0,0,1,1,0,1,0,1,1,0,1,1,0,0,1
"TF353601",0,0,1,1,0,0,0,0,0,0,0,0,0,1,0,1,0,0,1,0,1,0,0,1,0,0,0,1,0,0,0,0,0,1,0,0,0,0,1,0,1,0,0,0,0
"TF353626",0,0,1,1,1,1,1,1,0,0,1,1,1,1,0,1,0,0,1,0,1,1,0,1,0,0,0,1,1,0,0,0,0,1,0,0,1,1,1,0,1,1,1,0,1
"TF353652",0,0,1,0,0,0,0,0,0,0,1,1,0,1,0,1,0,1,1,1,1,0,0,1,0,0,0,1,0,1,0,0,1,1,0,0,1,0,1,0,0,0,1,0,0
"TF353931",0,1,1,1,0,0,1,1,1,1,1,1,0,1,1,1,1,0,1,0,1,1,1,1,1,0,1,1,0,1,0,1,1,1,0,1,1,0,1,1,1,1,1,0,0
"TF353988",0,0,1,1,0,0,0,0,0,0,0,0,0,1,0,1,0,0,1,0,1,0,0,1,0,0,0,1,0,0,0,0,0,1,0,0,1,0,1,0,1,0,0,0,0
"TF354016",0,0,1,1,0,0,1,0,0,0,0,0,0,1,0,1,0,0,1,0,1,0,0,1,0,0,0,1,0,0,0,0,0,1,0,0,0,0,1,0,1,0,1,0,0
"TF354057",0,0,2,2,0,0,0,0,0,0,0,1,1,2,0,4,0,0,3,0,2,2,2,1,0,0,0,2,1,0,0,0,0,0,0,0,0,1,2,0,0,3,0,0,0
"TF354093",0,0,1,1,0,0,1,0,0,0,0,0,0,1,0,1,0,0,1,0,1,0,0,1,0,0,0,1,0,0,0,0,0,1,0,0,0,0,1,0,1,0,1,0,0
"TF354108",0,1,1,1,1,0,1,1,1,0,1,1,1,1,0,1,1,0,1,1,1,1,1,1,1,1,1,1,1,1,1,0,1,1,1,1,0,1,1,1,1,1,0,1,1
"TF354134",0,1,1,1,1,1,1,1,0,0,1,1,1,1,1,6,1,0,1,0,1,1,1,1,1,1,1,1,1,1,1,0,0,1,0,1,1,1,1,1,0,1,1,0,1
"TF354155",0,0,1,1,0,0,0,0,0,0,0,0,0,1,0,0,0,0,1,0,0,0,0,1,0,0,0,1,0,0,0,0,0,1,0,0,1,0,1,0,1,0,0,0,0
"TF354158",0,0,1,1,1,0,1,0,0,0,0,1,1,1,0,0,0,0,1,0,1,1,0,1,0,0,0,1,1,0,1,0,0,1,0,0,1,0,1,0,1,1,0,0,1
"TF354199",0,0,1,1,0,0,1,0,0,0,0,0,0,1,0,1,0,0,1,0,1,0,0,1,0,0,0,1,0,0,0,0,0,1,0,0,0,0,1,0,1,0,0,0,0
"TF600074",0,1,1,1,1,1,1,1,1,1,2,1,1,1,1,1,1,0,1,1,1,1,1,1,1,1,1,1,1,1,1,1,0,1,0,1,1,1,1,1,1,1,1,1,1
"TF600254",0,0,1,1,0,0,1,0,0,1,0,0,0,1,0,1,0,0,2,0,0,1,0,2,0,0,0,1,0,0,0,0,0,2,0,0,1,0,1,0,0,0,0,0,0
"TF600298",0,1,1,1,1,1,1,1,1,0,1,1,1,1,1,1,1,1,1,1,1,1,1,1,1,1,1,1,1,1,1,0,1,1,1,1,1,1,1,1,1,1,1,2,1
"TF600426",0,0,1,1,1,0,1,0,0,0,0,1,1,0,0,1,0,0,1,0,0,1,0,1,0,0,0,1,0,0,1,0,0,1,0,0,1,1,1,0,1,1,0,0,0
"TF600816",0,1,1,1,1,1,1,1,1,1,1,1,1,1,1,2,1,0,1,0,1,1,1,1,1,0,1,1,1,1,0,1,1,1,1,1,1,1,1,2,1,1,1,1,1
"TF601183",0,0,1,1,1,1,1,1,0,1,1,1,1,1,1,1,1,1,1,1,1,1,1,1,1,1,1,1,1,1,1,0,1,1,0,1,1,1,1,1,1,1,1,1,1
"TF601495",0,0,2,3,0,0,0,0,0,0,0,0,0,0,0,0,0,0,2,0,0,0,0,1,1,0,0,0,0,0,0,3,0,1,1,0,0,0,0,1,2,1,0,0,0
"TF601632",0,1,1,1,1,1,1,1,2,1,1,1,1,1,0,2,1,0,1,1,1,1,2,1,1,1,1,1,1,1,1,1,1,1,1,1,2,1,1,1,2,1,1,1,1
"TF602204",0,0,0,0,1,0,1,1,0,0,0,0,0,0,0,0,0,0,0,0,0,0,0,0,1,0,1,0,1,0,0,0,0,0,0,0,0,1,0,0,1,0,0,0,1
"TF602866",0,0,1,1,1,1,1,1,1,1,1,1,1,1,1,1,1,1,1,2,1,1,1,1,2,1,3,1,1,1,11,1,1,1,1,2,1,2,2,1,1,0,1,1,1
"TF603763",0,1,1,1,1,1,1,1,1,1,1,1,1,1,1,2,1,1,1,1,1,1,1,1,1,1,1,1,1,1,1,1,1,1,0,1,1,1,1,1,1,1,1,0,1
"TF604370",0,1,0,1,1,1,1,1,1,1,1,1,1,1,1,1,1,1,0,0,1,1,1,0,1,0,1,1,0,1,0,1,1,1,1,1,0,1,1,1,0,1,1,0,0
"TF604535",0,0,1,1,2,1,1,0,0,0,0,1,2,2,0,1,0,0,1,0,0,1,0,1,0,0,0,1,1,1,2,2,1,1,0,0,2,2,2,0,1,1,1,0,0
"TF606361",0,1,1,1,1,1,0,1,1,1,1,1,1,1,1,1,1,1,1,1,1,1,1,1,1,0,1,1,1,1,1,1,0,1,1,1,1,1,1,2,0,0,1,2,1
"TF606370",0,1,1,1,1,1,1,1,1,1,1,1,1,1,1,1,1,0,1,1,1,1,1,1,1,1,1,1,1,1,1,1,0,1,1,1,1,1,1,1,1,1,1,1,1
"TF606932",0,0,1,0,0,2,1,1,1,1,1,1,1,1,1,1,1,0,1,0,1,0,1,1,1,0,1,1,1,1,1,0,2,1,2,1,1,1,1,0,1,1,0,2,0
"TF607005",0,0,1,1,0,0,1,1,1,1,0,0,0,1,1,1,0,1,1,0,1,1,1,1,1,0,1,1,0,0,1,1,1,1,0,1,1,0,1,1,1,0,1,0,0
"TF607801",0,1,1,1,0,1,1,0,1,1,0,1,1,1,1,1,1,1,1,0,1,1,1,1,1,1,1,1,1,1,1,1,0,1,1,1,1,1,1,1,1,2,0,1,1
"TF608303",0,1,0,1,1,1,1,1,0,1,0,1,1,1,0,1,0,0,1,1,1,0,1,1,1,1,1,1,1,1,1,0,1,1,1,1,1,1,1,1,1,1,0,1,1
"TF608361",0,1,1,1,0,0,1,0,0,0,1,1,1,1,1,1,1,1,1,0,1,0,1,1,1,1,1,1,0,1,1,0,1,1,1,1,1,1,1,1,1,1,1,1,0
"TF608688",0,0,1,1,0,0,1,0,0,0,0,0,0,1,0,1,0,0,1,0,1,0,0,1,0,0,0,0,0,0,0,0,0,1,0,0,0,0,1,0,1,0,0,0,0
"TF608735",0,1,1,1,1,1,1,0,1,1,1,1,1,1,1,2,1,0,1,0,1,1,3,1,1,0,1,1,1,2,3,1,0,1,1,1,1,1,1,1,1,1,1,1,1
"TF608976",0,1,2,1,1,2,2,1,1,4,0,1,1,1,1,1,1,1,2,2,1,1,1,1,1,0,0,0,3,1,1,1,1,0,1,1,1,2,1,1,1,1,0,1,2
"TF609224",0,1,1,1,1,1,1,0,0,0,0,1,1,1,0,1,0,1,1,0,1,0,1,1,1,1,0,1,1,0,0,0,0,1,0,1,1,0,1,1,0,1,1,0,1
"TF609557",0,1,0,1,0,1,1,1,1,0,1,1,1,1,1,1,1,0,1,1,1,1,1,1,1,0,1,1,0,0,0,1,1,1,1,1,0,1,1,0,1,1,1,1,0
"TF609737",0,1,1,1,1,1,1,1,1,1,1,1,1,1,1,1,1,0,1,0,1,1,1,1,1,1,1,1,1,0,0,1,1,1,0,1,1,1,1,1,1,1,1,1,1
"TF609848",0,1,1,1,1,1,1,0,0,1,1,1,1,1,0,1,1,0,1,1,0,1,1,1,1,1,1,1,1,1,1,0,1,1,1,1,0,1,1,1,1,1,1,0,1
"TF610104",0,1,1,1,1,1,1,1,1,1,1,1,1,1,1,1,1,1,1,0,1,1,2,1,1,1,1,1,1,1,1,1,1,1,1,1,1,1,1,1,1,1,0,1,1
"TF610409",0,1,1,1,1,0,1,1,0,1,1,1,1,1,0,2,0,1,1,0,1,1,1,1,0,1,1,1,1,1,0,0,1,1,0,1,1,1,1,2,1,1,1,0,1
"TF611022",0,4,2,1,1,1,1,1,2,1,1,1,2,1,3,1,1,1,2,1,1,2,1,2,1,1,1,2,2,1,1,1,1,1,1,1,1,4,1,1,1,1,1,1,1
"TF611117",0,0,2,1,1,1,1,0,1,1,1,1,1,1,1,1,1,1,1,0,0,1,1,0,1,0,1,1,1,0,1,0,1,0,0,1,1,0,1,1,1,1,1,0,0
"TF611129",0,1,1,1,1,1,0,1,0,1,1,1,1,1,1,1,1,0,1,1,1,0,1,1,1,0,1,1,0,1,1,0,1,1,0,1,1,1,2,2,1,1,1,0,1
"TF611301",0,1,1,1,1,1,1,1,1,0,1,1,1,1,1,1,0,1,1,1,1,1,1,1,1,0,0,1,1,1,1,1,0,1,1,1,1,1,1,1,1,1,0,2,1
"TF612019",0,1,1,1,1,1,1,1,1,1,1,1,1,1,1,1,1,1,1,1,1,1,1,1,1,1,1,1,1,1,1,1,1,1,1,1,1,1,1,1,1,1,0,1,0
"TF612135",0,1,1,1,0,1,1,1,1,0,1,1,1,1,1,1,1,1,1,1,1,1,1,1,1,0,1,0,0,1,0,0,0,1,1,1,0,1,1,1,0,0,0,1,1
"TF612350",0,1,1,1,1,1,1,1,1,1,0,1,0,1,1,1,1,0,1,1,0,1,1,1,1,0,1,1,1,0,0,1,1,1,1,1,1,1,1,1,1,1,0,1,1
"TF613866",0,1,0,1,1,2,1,0,1,1,1,2,1,1,1,1,0,0,2,0,1,2,1,2,1,2,1,1,0,1,1,1,1,2,0,0,0,1,3,0,0,1,1,0,0
"TF615259",0,0,2,2,1,0,1,0,0,0,0,2,1,2,0,2,0,1,2,0,1,1,0,2,0,0,0,2,0,0,0,0,0,2,0,0,2,0,2,0,2,1,1,0,0
"TF615774",0,1,0,1,1,1,1,1,0,1,1,1,1,1,1,1,0,1,1,0,0,1,1,0,1,0,1,1,0,1,0,0,1,1,0,1,1,1,1,1,1,1,1,0,1
"TF615792",0,1,1,1,0,1,1,1,0,1,1,1,1,1,0,1,1,0,1,1,1,1,1,1,1,1,1,1,0,1,0,0,0,1,0,1,1,1,1,2,1,1,1,0,1
"TF616291",0,0,1,1,1,1,1,1,1,0,0,1,1,1,0,1,1,0,1,0,1,1,1,1,1,1,0,1,0,1,1,1,0,1,0,1,1,1,1,1,1,1,0,0,1
"TF617295",0,1,1,1,1,1,0,1,1,1,1,1,1,1,1,2,1,1,1,0,1,1,1,1,1,1,1,1,1,0,1,1,1,1,1,1,1,1,1,1,1,1,1,1,0
"TF617466",0,1,1,0,1,1,1,0,0,1,1,1,1,1,0,1,1,1,1,1,1,1,1,1,0,0,0,0,0,1,1,0,1,1,1,1,1,1,1,0,1,1,0,1,0
"TF617841",0,0,1,1,0,0,1,0,0,1,0,0,0,1,0,1,0,1,1,1,0,1,1,1,0,0,0,1,0,0,1,0,0,1,0,1,1,0,1,0,1,0,0,0,1
"TF620338",0,0,1,1,1,0,0,1,1,0,0,0,1,1,1,1,0,1,1,0,1,0,0,1,1,0,1,1,0,0,0,0,0,1,1,1,1,0,1,0,1,0,1,1,1
"TF621227",0,0,1,0,1,0,0,1,1,1,0,1,1,1,1,1,1,1,0,0,0,1,1,0,1,1,1,0,1,0,1,1,1,1,2,1,1,1,1,2,0,0,0,3,0
"TF621564",0,1,2,3,2,1,1,2,2,2,2,3,2,1,3,3,1,0,2,2,3,1,4,3,1,1,1,2,2,1,1,2,0,2,2,3,0,1,2,1,2,2,0,2,1
"TF621592",0,1,1,1,0,0,0,0,0,0,1,0,1,1,0,2,1,1,1,0,1,1,1,1,1,1,1,0,1,0,0,0,1,1,1,1,0,1,1,1,1,1,0,0,0
"TF621748",0,1,2,2,2,0,2,1,0,0,0,0,0,2,0,0,2,0,1,0,0,1,0,1,2,0,1,1,0,0,0,4,0,1,0,1,1,0,2,0,2,0,0,0,1
"TF621873",0,0,1,1,0,0,0,0,0,0,0,0,0,1,0,1,0,0,1,1,0,1,0,1,0,0,0,1,0,0,0,0,0,1,0,0,0,0,1,0,1,0,0,0,0
"TF622695",0,0,0,1,0,0,1,1,1,0,0,1,0,0,1,0,1,1,0,0,1,1,1,1,1,0,1,0,0,0,0,1,0,1,1,1,0,0,0,1,0,0,0,1,0
"TF623325",0,1,1,1,1,1,1,1,1,1,1,1,2,1,1,1,1,1,1,0,1,1,1,1,1,0,1,1,1,0,0,1,1,1,1,1,1,1,1,1,1,1,0,1,1
"TF624041",0,0,1,1,2,0,1,0,0,0,1,1,1,1,0,1,0,1,0,1,1,1,1,1,1,0,1,1,1,1,1,0,0,1,0,1,1,1,0,1,0,1,1,0,2
"TF624891",0,1,0,0,0,0,1,0,0,0,1,1,1,1,0,2,0,1,0,0,1,0,1,0,0,0,1,0,1,0,0,0,0,0,0,1,1,1,1,1,1,1,0,1,1
"TF625786",0,0,0,0,0,0,0,0,0,0,0,0,0,0,0,0,0,0,0,0,0,2,0,0,0,0,0,1,0,1,0,1,0,1,0,1,1,2,0,0,0,0,0,0,1
"TF626096",0,1,1,1,0,1,1,1,1,0,1,1,1,1,1,1,1,1,1,1,1,1,1,1,0,1,1,1,1,1,0,1,1,1,1,1,1,1,1,0,1,1,0,1,0
"TF626998",0,0,2,2,1,0,2,0,0,0,1,1,0,2,0,6,0,0,2,0,1,0,0,2,0,0,0,2,0,0,0,0,0,2,0,0,1,0,1,0,1,0,0,0,1
"TF628698",0,1,0,0,1,1,1,1,1,1,1,1,0,0,1,1,1,0,1,1,0,1,1,1,1,0,1,0,1,0,1,0,1,1,0,1,0,1,1,1,0,0,0,0,0
"TF628955",0,1,0,0,0,1,1,0,0,1,1,1,1,0,1,1,0,0,1,1,1,0,1,1,1,1,0,0,1,0,0,1,1,1,1,0,0,1,1,1,0,1,0,0,0
"TF628999",0,0,1,1,0,0,1,0,0,0,2,1,0,1,1,1,1,0,1,1,1,0,0,1,0,0,0,1,0,0,0,0,0,1,0,0,1,0,1,0,0,0,0,0,0
"TF629101",0,1,1,1,1,1,0,1,1,1,1,1,1,1,0,0,1,0,1,0,1,1,1,1,0,1,1,1,1,1,1,0,1,1,0,1,1,1,1,0,1,0,0,1,1
"TF629785",0,1,1,1,2,1,1,0,1,1,1,1,1,1,1,1,1,1,1,1,0,1,1,1,1,1,2,1,1,1,1,1,1,1,1,1,1,1,1,1,1,0,0,1,2
"TF630347",0,0,1,1,1,0,0,0,0,0,1,1,1,1,0,1,0,1,1,1,1,0,0,1,0,0,0,0,0,0,0,0,0,1,0,0,1,3,1,1,1,0,1,0,0
"TF630502",0,0,1,1,0,0,0,0,0,1,0,1,0,1,0,0,0,0,1,0,0,1,0,1,0,0,0,1,0,1,0,0,0,1,0,0,1,1,1,0,1,0,1,0,0
"TF631113",0,0,1,1,0,0,0,0,0,0,0,0,0,1,0,1,0,0,1,0,1,1,0,1,0,0,0,1,0,0,0,0,0,1,0,0,0,0,0,0,2,0,1,0,0
"TF631128",0,0,0,1,0,1,1,0,0,0,0,0,1,1,0,1,0,1,0,1,0,0,1,1,0,0,0,0,1,1,1,0,0,0,0,1,1,0,0,0,1,1,0,0,0
"TF631233",0,1,1,1,1,1,1,0,0,2,0,1,1,1,0,1,0,0,1,0,1,1,1,1,0,0,1,1,1,1,1,0,1,1,0,0,1,1,1,1,1,1,0,1,1
"TF631234",0,0,0,1,1,0,1,0,0,0,0,1,1,0,0,1,0,0,1,0,1,1,0,0,1,0,1,1,1,0,0,0,1,1,1,0,0,1,1,0,0,0,0,0,0
"TF631829",0,0,0,0,0,2,0,1,2,1,1,1,2,0,3,1,0,0,0,2,0,2,1,0,1,0,1,1,1,2,2,4,1,1,3,1,0,1,1,1,1,0,0,1,0
"TF631979",0,0,2,1,0,0,1,1,1,0,0,0,0,1,1,1,0,0,1,1,1,1,1,1,1,1,0,1,0,0,0,1,0,1,0,1,1,1,0,0,1,1,0,1,1
"TF633005",0,1,1,1,2,1,1,1,1,0,1,1,1,1,1,1,1,0,1,1,1,1,1,1,1,0,1,1,1,1,1,0,1,1,1,1,1,1,1,1,1,1,0,1,1
"TF633267",0,0,0,0,0,1,1,0,0,0,0,1,0,1,2,1,0,0,1,0,0,0,0,1,0,0,1,0,0,0,0,1,0,0,0,0,0,0,1,0,1,0,0,0,0
"TF633325",0,1,1,1,0,1,1,1,1,1,1,1,1,1,2,1,0,0,1,1,1,1,1,1,1,0,1,1,1,1,0,1,0,1,1,1,1,1,1,1,1,1,0,1,1
"TF633845",0,1,1,1,0,1,0,0,1,0,1,1,1,1,1,1,1,1,1,0,1,0,1,1,1,0,1,1,0,0,1,1,1,1,0,1,1,0,1,0,1,0,0,0,1
"TF634036",0,1,1,1,0,1,1,1,0,0,0,1,1,1,0,1,0,0,1,0,1,1,1,1,1,1,1,1,1,0,1,0,0,1,0,1,1,1,1,1,1,1,0,0,0
"TF634113",0,0,2,2,1,2,2,2,2,1,0,1,2,2,2,2,2,0,2,0,2,2,2,2,2,0,0,2,2,2,2,2,0,2,0,2,1,2,2,2,2,2,0,0,0
"TF634240",0,0,1,1,1,1,1,1,1,0,1,1,1,1,1,1,1,0,1,1,1,1,1,1,1,0,1,1,1,1,1,0,1,1,0,1,1,1,1,1,1,1,0,0,1
"TF634252",0,0,1,1,1,0,1,1,2,0,1,0,0,2,1,1,1,0,0,0,0,0,2,1,2,0,0,0,0,0,2,1,0,1,1,1,1,0,1,0,0,1,0,0,1
"TF635011",0,0,1,1,1,0,0,0,0,0,0,1,0,1,0,1,0,0,1,0,0,1,0,1,0,0,0,1,1,0,0,0,1,1,0,0,1,1,1,0,1,0,0,0,0
"TF635318",0,0,1,0,0,0,0,0,0,0,0,0,0,1,0,1,0,0,1,0,1,0,0,1,0,0,0,1,0,0,0,0,0,1,0,0,1,0,1,0,0,0,1,0,0
"TF635393",0,1,1,1,1,0,1,1,0,1,1,1,1,1,1,1,1,0,1,0,1,1,1,1,1,1,2,1,1,1,1,1,0,1,1,1,1,1,1,1,1,1,0,0,1
"TF635489",0,0,1,1,1,0,1,1,1,1,1,1,1,1,1,1,0,0,1,0,1,1,1,1,1,1,1,1,1,1,0,1,0,1,1,1,1,0,1,0,1,1,0,0,1
"TF636737",0,0,0,1,0,1,0,1,1,1,1,0,0,1,1,1,0,0,1,0,1,1,1,0,1,0,1,0,0,0,0,0,0,0,1,0,1,0,2,1,0,1,1,0,1
"TF637259",0,1,1,1,1,1,1,1,1,1,1,1,1,1,1,1,1,1,1,0,1,1,2,1,1,0,1,1,1,1,1,1,0,1,0,1,1,1,1,1,1,1,0,0,1
"TF637381",0,0,1,0,0,0,1,0,0,1,0,1,1,1,0,1,0,0,0,0,0,0,0,0,0,0,0,1,0,1,1,0,0,1,0,0,0,0,1,0,0,1,0,0,0
"TF637555",0,1,1,1,1,1,1,1,1,0,1,1,1,0,1,1,1,1,1,1,1,1,1,1,1,0,1,0,0,1,1,1,0,1,0,0,0,1,1,1,0,1,0,0,0
"TF637735",0,1,0,1,1,1,1,0,0,1,1,1,1,0,0,0,1,0,0,1,0,1,1,0,1,1,0,0,1,1,1,1,1,0,1,1,0,1,0,1,1,1,0,1,0
"TF638463",0,1,1,1,1,1,1,0,0,0,1,1,1,1,1,1,0,0,1,0,1,1,1,1,0,0,1,1,1,1,1,0,0,1,1,1,1,1,1,0,1,1,0,1,0
"TF638641",0,0,1,1,0,0,1,0,0,0,0,0,0,1,0,1,0,0,1,0,1,0,0,1,0,0,0,1,0,0,0,0,0,1,0,0,1,0,2,0,0,0,0,0,0
"TF638839",0,1,1,1,1,0,1,1,1,1,0,1,1,1,1,1,1,0,1,0,1,1,1,1,1,0,1,1,1,1,1,1,0,1,1,1,1,1,1,1,1,1,0,1,0
"TF639363",0,0,1,2,1,1,2,0,0,0,1,0,0,3,0,0,0,0,1,0,0,1,0,3,0,0,0,1,0,0,0,1,0,2,0,0,2,0,1,0,0,1,2,0,1
"TF640871",0,0,1,1,0,0,2,1,1,0,0,0,0,1,1,1,1,1,2,1,1,2,1,1,1,0,1,2,0,0,3,4,2,1,0,2,1,1,1,0,2,0,0,0,1
"TF641360",0,0,0,1,0,0,0,0,0,0,1,0,0,1,0,1,1,0,1,0,0,0,0,0,0,0,0,0,1,0,0,0,0,1,0,1,1,0,1,0,1,0,1,0,0
"TF641425",0,1,0,0,0,1,0,0,1,1,0,0,0,1,1,1,0,0,0,0,0,0,1,0,0,0,0,1,0,0,0,0,1,0,0,1,0,1,2,1,0,1,0,0,0
"TF641748",0,0,1,1,0,0,0,0,0,0,0,0,0,1,0,0,0,0,1,0,1,0,0,1,0,0,0,1,0,0,0,0,0,0,0,0,1,1,1,0,1,0,1,0,0
"TF642557",0,1,1,1,1,1,1,0,0,1,1,1,1,1,1,1,1,0,1,0,1,1,0,1,1,0,1,1,1,1,1,0,0,1,1,1,1,1,1,1,1,1,0,1,1
"TF643417",0,0,0,1,0,0,0,0,0,1,1,0,1,1,0,2,0,0,0,0,0,1,0,0,0,0,0,1,1,0,1,0,0,0,0,0,2,0,1,0,0,1,0,1,1
"TF643453",0,0,0,1,0,0,1,0,0,0,0,0,0,0,0,0,0,1,1,0,0,0,1,1,0,0,1,0,0,0,0,1,1,0,0,1,0,0,0,1,0,0,0,0,0
"TF643723",0,1,1,1,1,1,1,1,1,0,1,1,1,1,1,1,1,0,1,1,1,2,1,1,1,1,0,1,1,0,1,1,0,1,1,2,1,1,1,0,1,1,1,1,0
"TF643877",0,1,1,1,1,0,1,1,1,1,1,1,1,1,1,1,1,1,1,0,1,1,1,1,1,0,1,1,1,0,1,1,0,1,1,1,1,1,1,0,1,0,0,1,1
"TF644054",0,1,1,0,1,1,1,1,1,0,1,0,1,1,1,1,1,1,1,1,1,0,1,1,1,0,1,1,1,1,1,1,1,1,1,1,1,1,0,0,1,1,1,1,1
"TF644429",0,0,1,1,0,0,1,1,1,0,0,0,0,2,1,1,1,0,1,0,0,0,1,1,1,0,1,1,0,0,0,0,0,1,1,1,2,0,1,0,1,0,0,0,0
"TF644515",0,0,1,1,1,0,1,0,0,0,0,1,1,1,0,1,0,0,1,0,0,1,0,1,1,0,1,1,1,0,1,0,0,1,1,1,1,1,1,0,1,0,1,2,0
"TF644543",0,0,1,1,0,0,1,0,0,0,0,0,0,1,0,1,0,0,1,0,1,1,0,1,1,0,1,1,0,0,0,0,0,1,0,0,1,0,1,0,1,0,0,0,0
"TF644723",0,0,0,1,0,0,0,1,1,1,0,0,0,1,1,1,0,0,0,0,1,1,1,1,1,1,1,0,0,1,0,1,0,1,0,1,0,1,1,0,0,0,0,0,0
"TF645020",0,1,1,1,1,0,1,0,0,1,1,1,1,1,0,2,0,0,1,0,1,1,0,1,0,0,0,1,1,1,0,0,0,1,0,1,1,1,1,0,1,1,0,0,1
"TF645174",0,0,0,0,0,1,0,0,0,2,0,0,0,1,0,0,0,1,2,0,0,0,0,2,0,0,0,0,0,0,0,0,1,1,0,1,0,0,0,0,1,0,0,0,0
"TF645205",0,1,1,0,0,0,1,0,0,1,0,1,1,1,1,1,1,0,1,0,1,1,1,1,1,0,1,1,1,0,0,0,0,1,0,1,1,1,1,1,1,1,0,0,0
"TF645405",0,0,0,1,1,0,1,1,1,0,0,0,0,0,0,0,0,1,0,1,0,1,1,0,1,0,1,0,0,0,0,0,1,0,1,1,0,0,0,1,0,0,0,1,0
"TF645411",0,0,1,1,0,1,1,1,1,1,0,1,0,1,1,1,0,0,1,0,1,0,0,1,0,0,0,1,0,0,0,0,0,1,0,0,1,0,1,0,1,0,1,0,0
"TF645468",0,0,0,0,0,0,0,0,0,0,0,0,0,1,0,1,0,0,0,0,0,0,0,0,0,0,0,1,0,0,1,0,0,0,0,0,0,0,1,0,0,0,0,0,0
"TF645839",0,0,0,1,0,0,1,0,0,1,0,0,0,1,0,1,0,0,1,0,1,0,0,0,0,0,0,0,0,0,0,0,0,1,0,0,1,0,0,0,1,0,1,0,0
"TF645848",0,0,1,1,0,0,2,0,0,0,0,0,0,0,0,1,0,0,2,0,1,0,0,2,0,0,0,1,0,0,0,0,0,1,0,0,1,0,0,0,3,0,1,0,0
"TF646723",0,0,0,0,0,0,0,0,0,0,1,0,0,0,0,1,0,0,0,0,1,0,0,1,0,0,1,0,1,0,1,0,0,0,0,0,0,0,1,0,0,0,0,0,0
"TF647296",0,1,1,1,1,1,1,1,0,1,0,1,1,1,0,1,0,1,1,1,1,1,1,1,1,1,2,1,1,1,1,0,1,1,0,1,1,1,1,1,1,1,1,0,1
"TF647830",0,0,1,1,1,0,1,1,1,1,0,1,1,1,1,1,1,0,1,0,1,1,1,1,1,0,1,1,1,1,1,1,0,1,1,1,1,1,1,1,1,1,0,0,0
"TF648215",0,0,1,1,1,0,1,0,0,0,1,1,1,1,0,1,0,0,1,0,0,1,0,1,0,0,2,1,1,0,1,0,0,1,0,0,1,1,1,1,1,1,0,0,1
"TF648532",0,0,0,1,0,0,0,0,0,0,0,0,0,0,0,0,0,0,0,1,0,0,0,1,0,0,0,0,0,0,0,0,0,1,0,0,0,0,0,0,0,0,1,0,0
"TF648572",0,0,0,0,0,0,0,0,0,0,0,0,0,1,0,0,0,0,0,0,0,0,0,0,0,0,0,0,0,0,0,0,0,0,0,0,0,0,0,0,0,0,0,0,0
"TF649498",0,1,1,1,1,1,0,0,0,1,1,0,0,1,0,1,0,1,1,1,1,0,1,1,0,0,0,0,0,1,1,0,0,1,0,0,1,0,1,1,1,1,0,0,0
"TF650257",0,0,1,1,0,0,1,0,0,1,0,0,0,1,0,1,0,0,1,0,0,1,1,1,1,0,1,1,0,1,0,0,0,1,0,2,1,0,1,0,1,1,0,0,0
"TF650494",0,0,1,1,0,0,0,0,0,0,0,1,0,1,1,1,0,0,0,0,0,1,0,1,0,0,0,1,0,0,0,0,0,0,0,0,0,1,1,0,1,0,1,0,1
"TF651024",0,1,1,1,1,0,1,0,1,1,0,1,1,1,1,2,1,0,1,0,1,1,1,1,1,0,1,1,1,1,1,1,0,1,0,1,1,1,1,1,1,1,0,0,1
"TF651265",0,0,1,1,0,0,1,1,1,1,0,1,1,1,1,1,1,0,1,0,1,0,1,1,1,0,1,1,1,1,0,1,0,1,0,1,1,1,1,1,1,1,0,1,0
"TF651979",0,0,1,1,0,0,1,0,0,0,0,0,0,1,0,1,0,0,1,0,1,0,0,1,0,0,0,0,0,0,0,0,0,1,0,0,1,0,1,0,1,0,0,0,0
"TF653265",0,0,0,0,0,0,0,0,0,0,0,0,0,1,0,0,0,0,1,0,1,0,0,1,0,0,0,0,0,0,0,0,0,1,0,0,1,0,1,0,1,0,1,0,0
"TF653556",0,1,0,2,1,1,1,0,1,0,0,1,1,0,1,1,1,0,2,1,0,0,1,0,1,0,1,1,0,1,1,2,0,3,2,1,0,1,0,1,0,2,0,2,1
"TF653660",0,0,0,1,1,0,1,0,0,0,0,1,0,1,0,1,0,0,1,0,1,1,0,1,0,0,0,1,1,1,1,0,0,1,0,0,0,1,1,0,1,1,0,0,0
"TF653734",0,1,0,1,0,1,1,0,0,0,1,1,1,1,0,0,1,0,1,0,0,1,0,1,0,0,1,1,0,0,0,1,0,0,0,1,1,1,1,0,0,1,0,0,1
"TF654454",0,0,0,0,1,0,1,0,0,0,1,1,1,1,0,0,0,0,0,1,0,1,0,0,0,0,0,0,1,0,1,0,1,0,0,0,0,1,2,0,0,1,1,0,1
"TF654560",0,0,1,1,0,0,0,0,0,0,0,0,0,0,0,1,0,0,1,0,0,0,0,1,0,0,0,0,0,0,0,0,0,1,0,0,0,0,0,0,1,1,0,0,0
"TF654990",0,0,1,0,0,0,0,0,0,0,0,0,0,1,0,1,0,0,1,0,0,0,0,1,0,0,0,1,0,0,0,0,0,1,0,0,1,0,1,0,0,0,0,0,0
"TF655127",0,0,1,1,0,0,0,0,0,0,0,0,0,1,0,1,0,0,1,0,0,0,0,1,0,1,0,1,0,0,0,0,1,1,0,0,1,0,1,0,1,0,0,0,0
"TF655183",0,0,3,0,0,0,3,0,0,0,1,0,0,2,1,1,0,0,3,0,1,0,0,2,1,0,0,1,1,0,0,1,0,1,2,1,1,0,2,1,1,0,0,1,1
"TF655221",0,0,1,0,0,0,0,0,0,0,0,0,0,1,0,0,0,0,1,0,1,1,0,1,0,0,0,1,1,0,0,0,0,1,0,0,1,0,1,0,1,0,0,0,0
"TF655539",0,0,0,1,0,0,0,0,0,1,1,0,0,1,0,1,1,0,0,0,0,0,1,0,1,1,0,1,0,0,0,0,0,0,0,1,0,0,1,0,1,0,0,0,0
"TF655615",0,1,1,2,1,2,3,2,1,0,0,1,1,1,2,1,1,0,1,1,1,1,2,1,1,1,2,1,1,1,2,5,1,1,1,1,1,2,2,1,1,1,1,2,1
"TF656432",0,0,0,1,0,0,0,0,0,0,0,0,0,1,0,1,0,0,1,0,0,0,0,1,0,0,1,0,0,0,0,0,0,1,0,0,0,0,0,0,1,0,0,0,0
"TF656701",0,0,0,0,0,0,1,0,0,0,0,0,0,1,0,0,0,0,1,0,0,0,0,1,0,0,0,1,0,0,0,0,0,1,0,0,1,0,1,0,0,0,0,0,0
"TF657075",0,0,1,1,1,0,1,1,1,0,0,1,1,1,0,1,1,0,1,0,1,1,1,1,1,0,1,1,1,0,1,1,0,1,0,1,0,1,1,1,1,1,0,0,1
"TF657094",0,0,1,1,0,0,1,0,0,0,0,1,0,1,0,1,0,0,1,0,1,0,0,1,0,0,0,1,0,0,1,0,0,1,0,0,1,0,1,0,1,0,0,0,0
"TF657137",0,0,0,1,0,0,0,0,0,0,0,0,0,1,0,2,0,0,0,0,1,1,0,0,0,0,0,0,0,1,0,0,0,0,0,0,0,0,1,0,1,0,0,0,0
"TF657282",0,0,1,1,0,0,0,0,0,0,0,0,0,1,0,1,0,0,1,0,1,0,0,1,0,0,0,1,0,0,0,0,0,1,0,0,1,0,1,0,0,0,0,0,0
"TF658032",0,0,1,1,0,0,1,1,1,0,0,1,1,1,1,1,1,0,1,0,1,1,1,1,1,0,1,1,1,1,1,1,0,1,0,1,1,1,1,0,1,1,0,0,0
"TF658280",0,0,1,1,0,0,1,0,0,0,0,0,0,1,0,0,1,0,1,0,1,1,0,1,0,0,0,1,0,0,0,0,0,1,0,0,1,0,1,0,1,0,0,0,1
"TF658769",0,0,0,0,0,0,0,0,0,0,0,0,0,1,0,1,0,0,1,0,0,0,0,1,0,0,0,1,0,0,0,0,0,0,0,0,0,0,1,0,0,0,0,0,0
"TF659253",0,0,3,1,0,0,2,0,0,0,0,0,0,4,0,0,0,0,2,0,1,0,0,2,0,0,0,2,0,0,0,0,0,2,0,0,3,0,2,0,0,0,0,0,1
"TF659446",0,0,1,1,1,0,1,0,0,0,0,0,0,1,0,1,0,0,1,0,1,1,0,1,0,0,0,1,0,1,0,0,0,1,0,0,1,0,0,0,1,0,0,0,1
"TF659764",0,1,0,0,0,1,0,0,1,0,1,0,0,0,1,2,0,2,1,0,1,0,1,1,0,0,1,1,0,0,0,1,0,0,0,0,0,0,1,0,0,1,0,0,1
"TF660307",0,1,0,1,0,1,1,0,0,1,1,1,1,1,1,1,0,0,1,0,1,1,1,1,1,0,1,1,1,0,1,1,0,1,1,1,0,1,1,1,0,1,1,1,0
"TF660328",0,1,0,1,1,1,1,0,0,0,1,1,1,1,1,1,0,0,1,0,1,1,2,1,1,0,1,1,1,1,1,0,0,1,0,1,1,1,1,0,1,1,0,0,1
"TF661312",0,0,0,0,0,0,0,0,0,0,0,0,0,1,0,1,0,0,0,0,0,0,0,0,0,0,0,0,0,0,0,0,0,0,0,0,1,0,1,0,0,0,0,0,0
"TF661620",0,1,1,1,1,1,1,0,1,1,1,1,1,1,1,1,1,0,1,0,0,1,1,1,1,0,1,1,1,0,1,1,0,1,0,1,1,1,1,1,1,1,0,0,1
"TF661708",0,0,0,0,0,0,0,0,0,0,0,0,0,1,0,0,0,0,1,0,0,0,0,1,0,0,0,0,0,0,0,0,0,1,0,0,1,0,1,0,1,0,0,0,0
"TF662215",0,0,1,0,0,0,0,0,0,0,0,0,0,1,0,0,0,0,0,0,0,0,0,0,0,0,0,1,0,0,0,0,0,1,0,0,1,0,1,0,0,0,0,0,0
"TF662303",0,0,1,1,0,0,0,0,0,0,0,0,1,1,0,1,0,0,1,0,1,0,0,1,0,0,0,1,1,0,0,0,0,1,0,0,0,1,1,0,0,0,0,0,0
"TF662368",0,1,1,1,1,0,2,1,1,0,0,1,1,1,1,1,1,0,1,1,1,1,1,1,1,0,1,1,0,0,1,1,1,1,1,1,1,1,1,1,1,1,0,1,0
"TF662518",0,0,1,1,1,0,1,1,1,0,1,1,1,1,1,1,1,0,1,0,1,1,1,1,1,0,1,1,1,0,1,1,0,1,1,1,1,1,1,1,1,0,0,0,0
"TF662608",0,0,0,0,0,1,1,0,0,0,0,0,0,0,0,0,0,0,0,0,0,0,0,0,0,0,0,0,0,0,0,0,0,0,0,0,1,1,1,0,1,0,0,0,0
"TF662656",0,0,1,1,0,0,1,1,1,1,0,1,1,1,1,1,1,0,1,0,1,1,1,1,1,0,1,1,1,1,1,1,0,1,1,1,0,1,1,1,1,1,0,1,0
"TF662735",0,0,1,2,1,0,1,2,0,0,0,1,1,2,2,1,1,0,2,0,0,1,1,1,2,0,1,2,1,0,2,4,0,1,1,1,2,1,2,0,1,1,0,1,1
"TF662802",0,0,1,1,0,0,1,0,0,1,0,1,1,1,0,1,0,0,1,0,0,1,0,1,0,0,0,0,0,0,0,0,0,1,0,0,1,1,1,0,1,0,0,2,0
"TF662962",0,1,1,1,1,1,1,0,1,1,1,1,1,1,1,1,1,0,1,0,1,0,1,1,1,1,1,1,1,1,1,0,1,1,1,1,1,1,1,1,1,0,1,1,1
"TF663630",0,0,0,1,0,0,0,1,0,0,0,0,0,1,0,1,1,0,1,0,0,0,0,0,0,0,0,1,0,0,0,0,0,1,0,0,1,0,1,0,0,0,1,0,0
"TF664442",0,1,1,1,1,1,1,1,1,1,1,1,1,1,1,1,1,0,1,0,1,1,1,1,1,0,0,1,1,1,1,1,0,1,0,1,1,1,1,1,1,1,0,0,1
"TF664602",0,0,1,1,1,0,0,0,0,1,0,0,0,1,0,1,0,1,1,0,0,0,0,1,0,0,1,1,0,0,0,0,0,1,1,0,1,0,1,0,1,0,0,2,0
"TF665174",0,1,1,1,1,1,1,1,1,1,1,1,1,2,1,1,1,0,1,0,1,1,1,1,1,0,0,0,1,0,1,1,1,1,1,1,1,0,1,1,0,1,0,1,1
"TF665402",0,0,0,1,0,0,0,0,0,0,0,0,0,1,0,1,0,0,0,0,0,0,0,0,0,0,0,1,0,0,0,0,0,0,0,0,1,0,2,0,0,0,0,0,0
"TF665941",0,0,2,1,1,1,1,1,1,1,0,0,1,1,2,1,1,0,1,0,1,0,1,1,1,0,0,0,0,1,1,2,0,1,0,0,1,1,1,0,1,1,0,0,1
"TF666264",0,0,0,1,0,0,0,0,0,0,0,0,0,0,0,0,0,0,0,0,0,0,0,0,0,0,0,0,0,0,0,0,0,0,0,0,0,0,0,0,2,0,0,0,0
"TF666429",0,0,2,1,1,1,1,1,0,1,1,1,1,1,1,1,1,0,1,0,1,1,1,2,1,0,1,1,1,1,1,0,0,2,0,1,2,1,2,0,1,1,0,1,1
"TF666517",0,0,0,1,1,0,0,0,0,0,0,0,0,0,0,1,0,0,1,0,0,1,1,1,0,0,0,0,0,0,0,0,0,1,0,0,0,0,0,0,1,0,0,1,0
"TF676798",0,0,1,1,0,0,0,0,0,0,0,0,0,1,0,1,0,0,0,0,1,0,0,1,0,0,0,0,1,0,0,1,0,1,0,0,2,0,0,0,0,0,0,0,1
"PTHR10015_SF3",0,0,0,1,0,11,0,0,0,0,1,1,0,0,0,2,0,1,0,2,3,0,1,0,1,0,1,0,0,0,0,0,0,0,1,1,0,0,0,1,0,31,0,1,1
"PTHR10026_SF13",0,0,0,0,0,0,0,0,0,0,0,0,0,0,0,0,0,0,0,0,0,0,0,0,0,1,0,0,0,0,0,0,0,0,0,1,0,0,0,0,0,0,0,0,1
"PTHR10044_SF94",0,2,1,0,0,1,0,0,0,0,1,1,0,2,0,3,0,0,1,0,1,0,1,1,0,0,0,1,0,1,0,0,0,1,0,0,1,0,1,0,0,0,1,0,0
"PTHR10083_SF193",0,1,0,0,0,0,0,0,0,0,0,0,0,0,0,0,0,0,0,0,0,0,0,0,0,0,0,0,1,0,0,0,0,0,0,0,0,0,0,0,0,1,0,0,0
"PTHR10083_SF196",0,1,0,0,1,0,0,0,0,0,0,0,1,0,0,0,0,0,0,1,0,0,0,0,0,0,0,0,0,1,0,0,0,0,0,0,0,0,0,0,0,0,0,0,1
"PTHR10165_SF83",0,1,0,0,0,0,0,0,0,1,0,0,0,0,0,0,0,0,0,0,0,0,0,0,0,0,0,0,0,1,0,0,0,0,0,0,0,0,0,0,0,0,0,1,0
"PTHR10168_SF60",0,1,0,0,0,1,0,0,0,0,1,1,0,0,0,0,1,1,0,0,0,0,1,0,2,0,1,0,0,1,1,0,0,0,0,0,0,0,0,0,0,0,1,0,0
"PTHR10206_SF1",0,1,0,0,0,1,0,1,1,2,1,1,0,0,1,0,1,0,0,2,0,0,1,0,0,0,1,0,0,1,1,1,0,0,0,1,0,0,0,1,0,1,0,0,0
"PTHR10270_SF199",0,0,0,0,0,1,0,0,0,0,1,0,0,0,0,1,0,0,0,0,1,0,1,0,0,0,0,0,0,0,0,0,0,0,0,0,0,0,1,1,0,2,0,0,1
"PTHR10288_SF98",0,1,1,1,1,1,1,1,1,1,1,1,1,1,1,1,1,1,1,1,1,1,1,1,1,0,1,1,1,1,1,1,0,1,1,1,1,1,1,0,1,1,0,0,1
"PTHR10505_SF8",0,2,0,0,0,2,0,0,0,0,1,1,1,0,0,0,0,0,0,0,0,0,0,0,0,1,0,0,0,1,0,0,0,0,0,0,0,1,0,0,0,2,2,0,0
"PTHR10514_SF22",0,1,0,0,1,1,1,1,5,0,1,1,1,0,0,1,1,0,0,0,0,0,1,0,1,1,1,0,1,1,1,1,1,0,0,1,0,1,0,1,0,1,0,0,1
"PTHR10548_SF94",0,0,0,0,0,0,0,0,0,0,0,0,0,0,0,1,0,0,0,0,0,1,0,1,0,0,0,0,0,0,0,0,0,0,0,0,1,0,1,0,0,0,0,1,0
"PTHR10666_SF96",0,0,0,3,1,0,0,1,1,0,0,0,0,1,0,2,0,0,2,2,0,0,0,0,1,0,0,0,0,0,0,1,0,2,0,0,1,0,1,1,0,0,0,0,2
"PTHR10799_SF542",0,0,1,1,1,0,1,0,0,0,0,1,1,1,1,1,1,0,1,0,0,1,1,1,0,0,1,1,1,0,1,0,0,1,0,1,0,1,1,0,1,1,0,0,0
"PTHR10903_SF53",0,3,1,0,0,4,0,1,0,1,0,1,0,1,1,1,0,0,1,4,1,1,1,1,1,0,1,0,0,0,1,0,0,1,2,1,1,1,2,1,0,0,0,6,0
"PTHR10903_SF7",0,3,1,1,1,6,1,2,1,0,0,4,1,1,2,2,1,0,1,8,1,2,2,1,2,0,3,1,0,5,2,2,2,1,3,2,1,1,2,1,1,1,2,5,2
"PTHR11177_SF34",0,1,0,0,0,1,0,0,0,0,1,0,0,0,0,0,0,1,0,0,0,0,0,0,0,0,0,0,0,1,0,0,0,0,0,0,0,0,0,0,0,0,0,0,0
"PTHR11346_SF80",0,2,0,0,1,6,0,1,1,1,4,5,1,0,1,0,0,2,0,1,0,0,1,0,1,0,1,0,1,2,1,1,0,0,2,1,0,1,0,2,0,1,0,2,0
"PTHR11389_SF338",0,1,0,0,1,1,0,0,0,0,0,0,0,0,0,0,0,0,0,0,0,0,1,0,1,1,1,0,1,1,0,0,0,0,1,1,0,0,0,0,0,0,0,1,1
"PTHR11437_SF22",0,1,0,0,0,1,0,0,1,0,1,1,1,1,0,1,1,1,0,0,1,0,0,0,0,1,1,0,1,1,1,0,1,0,0,1,1,2,1,0,0,0,0,0,0
"PTHR11442_SF42",0,5,0,1,1,4,0,2,1,1,2,1,1,0,1,0,5,1,0,2,1,1,3,1,3,1,0,0,1,3,2,1,0,0,1,3,0,2,0,5,0,3,2,1,1
"PTHR11467_SF18",0,1,0,0,1,1,1,0,1,0,1,1,1,0,0,1,1,1,0,1,1,0,1,0,1,1,0,0,1,1,0,0,1,0,0,1,1,1,1,1,0,0,0,0,0
"PTHR11480_SF39",0,0,0,0,0,1,1,1,0,1,1,1,0,1,0,1,0,0,0,0,1,0,1,0,0,0,1,1,0,0,1,0,1,0,0,1,1,0,1,1,0,1,0,0,0
"PTHR11537_SF45",0,1,0,0,1,1,1,1,1,1,0,1,1,0,1,1,1,1,0,1,1,0,1,0,1,1,1,0,1,1,1,1,1,0,1,1,0,1,0,1,0,1,1,1,1
"PTHR11639_SF1",0,3,0,0,0,3,0,0,0,2,1,1,0,0,0,0,0,4,0,8,0,1,0,0,0,0,0,0,0,2,0,0,2,0,0,0,0,0,0,0,0,2,0,0,0
"PTHR11732_SF161",0,0,0,0,0,0,0,0,0,0,0,0,0,0,0,0,0,0,0,0,0,0,0,0,0,0,1,0,0,0,0,0,0,0,0,0,0,0,0,0,1,0,0,0,1
"PTHR11732_SF165",0,14,0,0,0,15,0,3,0,5,7,3,0,0,2,0,4,6,0,0,0,0,6,0,6,0,5,0,0,17,8,1,0,0,5,7,0,0,0,5,0,1,0,1,0
"PTHR11732_SF181",0,2,1,0,1,3,1,1,1,1,1,3,1,1,1,1,2,1,1,0,1,1,1,2,1,0,2,0,2,2,1,1,2,1,1,2,1,2,0,1,0,1,1,2,1
"PTHR11736_SF58",0,12,0,0,0,8,0,0,0,0,0,0,0,0,0,0,0,0,0,1,0,0,0,0,0,0,0,0,0,15,0,0,0,0,0,0,0,0,0,0,0,4,0,0,0
"PTHR11736_SF67",0,2,1,2,0,6,3,0,0,3,1,1,3,1,0,2,2,1,2,0,1,0,5,2,1,0,1,1,1,5,4,0,1,2,0,2,1,1,2,4,2,0,0,0,0
"PTHR11771_SF34",0,1,1,0,1,1,0,1,1,0,0,0,0,1,1,0,1,0,1,0,1,0,1,1,1,1,0,1,1,1,0,1,0,1,0,2,1,0,1,1,0,0,0,0,0
"PTHR11785_SF198",0,1,0,0,0,1,0,0,0,0,1,4,0,0,0,0,0,0,0,0,0,0,0,0,0,0,0,0,0,1,1,0,0,0,0,0,0,0,0,0,0,1,0,0,0
"PTHR11785_SF306",0,1,0,0,1,1,0,2,1,0,0,0,1,0,0,0,0,0,0,0,0,0,1,0,1,1,1,0,1,1,0,0,0,0,1,3,0,1,0,3,0,1,0,2,0
"PTHR11829_SF114",0,0,0,1,0,0,1,1,1,0,0,1,1,1,1,1,0,0,1,1,1,1,1,1,1,0,1,0,1,0,0,1,0,1,1,1,0,1,1,1,1,1,0,0,1
"PTHR11937_SF183",0,0,1,1,1,1,1,1,1,1,1,1,1,1,1,1,1,1,1,1,0,0,1,1,0,0,1,0,1,0,1,0,1,1,1,1,1,1,2,1,1,1,1,1,1
"PTHR11937_SF184",0,0,0,0,0,1,0,0,0,0,1,0,0,0,0,0,0,0,0,0,0,0,0,0,0,0,0,0,0,0,0,0,0,0,0,0,0,0,0,0,0,0,0,0,0
"PTHR11961_SF1",0,3,0,0,0,3,0,0,0,1,1,2,0,1,0,0,1,1,0,0,0,1,1,0,1,1,1,0,1,3,1,0,1,0,0,1,1,1,1,1,0,1,0,5,0
"PTHR12002_SF4",0,1,0,0,1,1,1,0,0,1,1,1,1,0,0,1,0,0,0,2,0,0,11,0,1,1,5,0,1,1,3,0,1,0,0,8,1,0,1,7,0,4,0,0,0
"PTHR12002_SF41",0,1,0,0,1,1,1,1,1,1,1,1,1,0,1,1,1,1,0,1,1,0,1,0,1,2,1,1,1,1,1,2,1,0,1,1,0,0,1,1,0,1,1,1,1
"PTHR12002_SF76",0,1,0,0,0,0,0,0,1,3,1,1,0,0,1,0,0,7,0,1,0,0,8,0,3,0,4,0,0,1,1,0,0,0,0,13,0,0,0,9,0,0,0,0,1
"PTHR12002_SF77",0,1,1,0,1,1,2,0,0,0,0,1,1,2,2,2,2,1,2,1,2,0,0,1,1,1,0,2,1,1,2,2,0,2,1,0,1,1,2,0,0,1,1,1,1
"PTHR12174_SF38",0,1,0,0,1,1,2,1,1,1,1,1,1,1,1,3,1,1,0,0,1,1,1,0,0,1,1,0,1,1,1,1,1,0,1,1,1,0,2,1,0,1,0,0,1
"PTHR12241_SF90",0,1,1,1,1,1,1,0,0,1,0,0,0,1,0,1,0,1,1,0,1,1,1,1,0,1,2,1,0,1,0,0,1,1,1,1,1,0,1,1,0,0,0,1,1
"PTHR12241_SF98",0,0,0,0,1,1,1,0,1,1,1,1,1,1,0,1,1,0,0,0,1,1,1,0,1,1,1,1,1,1,0,1,1,0,1,1,1,0,1,1,0,0,0,0,1
"PTHR12305_SF43",0,1,0,0,1,1,1,0,0,1,1,1,0,1,2,1,0,0,1,1,1,0,0,1,0,0,0,0,1,1,0,0,1,0,1,0,2,0,2,0,0,1,1,1,1
"PTHR12383_SF3",0,1,1,1,1,0,1,1,1,0,0,1,1,1,1,1,1,1,1,0,1,1,1,1,1,1,0,1,1,0,1,1,1,1,0,1,1,1,1,0,1,1,1,1,0
"PTHR12435",0,0,0,0,1,0,0,0,0,0,1,0,0,0,0,2,0,0,0,0,1,0,1,0,0,0,0,0,0,0,0,0,0,0,1,0,0,0,0,0,0,1,0,1,1
"PTHR12650_SF16",0,0,2,1,3,2,1,0,0,0,2,2,2,2,0,1,0,1,1,0,0,1,0,1,0,0,0,1,1,0,0,0,0,1,2,1,1,1,1,0,2,1,0,2,3
"PTHR13087_SF3",0,1,0,0,1,0,1,0,1,1,1,1,1,1,0,1,0,1,0,1,1,0,1,0,1,1,1,0,1,1,1,0,1,0,1,1,1,1,1,1,0,1,1,1,0
"PTHR13140_SF299",0,1,1,0,0,1,0,0,0,0,1,1,1,0,0,0,0,0,0,1,0,0,1,0,0,0,1,1,0,1,1,1,0,0,0,0,0,0,0,0,0,0,1,0,0
"PTHR13226_SF16",0,1,0,0,1,1,1,0,1,1,1,1,1,1,0,1,1,0,1,0,0,0,1,1,1,0,1,1,1,1,0,0,1,0,0,1,1,1,1,1,0,1,0,0,1
"PTHR13253_SF54",0,2,0,0,0,3,0,0,0,0,0,0,0,0,0,0,0,0,0,0,0,0,1,0,0,0,2,0,0,1,0,0,0,0,0,1,0,0,0,1,0,1,0,0,0
"PTHR13711_SF149",0,6,0,0,0,1,1,0,0,2,1,1,1,0,1,1,0,1,0,2,0,0,1,0,0,0,1,0,0,1,0,0,0,0,0,0,0,1,0,0,0,2,0,0,0
"PTHR13935_SF47",0,1,0,0,1,1,1,0,0,1,1,1,1,1,0,1,1,1,0,1,1,0,1,0,0,0,1,1,1,1,0,0,1,0,0,1,0,1,1,1,0,1,1,1,0
"PTHR13943_SF31",0,2,0,0,0,0,0,0,0,0,0,0,0,0,0,0,0,0,0,0,0,0,0,0,0,0,0,0,0,0,1,0,0,0,2,0,0,0,0,0,0,0,0,4,0
"PTHR14449",0,1,0,0,1,1,1,1,1,1,1,1,1,0,1,1,0,1,0,1,1,1,1,0,1,1,1,1,1,1,1,1,0,0,1,1,1,0,1,1,0,1,1,1,0
"PTHR14819",0,2,0,0,0,4,0,1,0,0,2,3,1,0,1,0,1,7,0,9,0,1,2,0,0,0,2,0,0,1,2,0,2,0,0,5,1,1,1,1,0,1,1,2,0
"PTHR15001_SF19",0,1,1,1,1,0,1,0,0,0,1,1,0,1,0,3,0,0,1,1,1,1,0,1,0,0,1,2,1,1,1,0,0,1,0,0,1,1,2,0,1,0,0,0,0
"PTHR15001_SF20",0,1,0,0,0,0,0,0,0,0,0,1,0,1,0,1,0,0,1,0,1,0,1,1,1,0,1,1,1,0,1,0,0,1,0,1,1,0,1,1,0,1,0,0,0
"PTHR15001_SF5",0,2,0,0,1,2,0,0,1,0,0,1,1,0,0,0,0,1,0,1,1,0,1,0,1,0,1,0,0,2,0,1,0,0,0,1,0,1,0,1,0,1,0,0,1
"PTHR15452",0,1,1,1,0,0,0,0,0,1,0,1,0,1,0,8,1,0,1,0,1,1,1,1,0,1,1,1,0,1,0,1,0,1,0,1,1,0,1,1,1,0,0,0,0
"PTHR15555",0,1,0,0,1,1,1,1,1,1,1,1,1,1,1,1,1,0,0,1,1,0,1,0,1,1,1,1,1,1,0,1,1,0,1,1,1,1,1,1,0,1,1,1,1
"PTHR16081",0,1,1,1,1,1,1,1,1,2,1,1,1,1,1,1,1,1,1,0,1,0,1,1,1,1,1,0,1,0,1,1,1,0,1,1,1,0,1,1,0,1,0,1,1
"PTHR16140_SF1",0,0,0,0,0,0,0,0,0,0,0,0,0,0,1,1,1,1,0,0,0,0,1,0,0,0,1,0,0,0,0,0,1,0,0,1,0,0,0,0,0,0,0,0,1
"PTHR16886",0,0,0,0,0,1,1,0,1,1,1,1,0,1,1,1,1,0,1,0,0,0,1,0,1,0,0,1,0,0,1,0,0,0,0,1,1,0,1,1,0,0,0,0,0
"PTHR17408_SF2",0,1,0,0,1,1,1,0,0,0,1,1,1,0,0,0,0,0,0,0,0,0,0,0,0,0,1,0,1,1,0,0,0,0,1,1,0,1,0,1,0,1,0,1,1
"PTHR17571_SF30",0,1,0,0,1,1,1,1,1,1,1,1,0,0,0,0,1,0,0,0,1,0,1,0,1,0,1,0,1,1,1,1,0,0,0,1,0,1,0,1,0,1,0,0,1
"PTHR19051_SF17",0,1,0,1,0,0,4,0,0,1,0,1,0,2,0,3,0,0,0,0,4,2,1,0,0,0,1,1,3,1,1,0,3,0,0,2,1,0,2,2,0,2,0,0,0
"PTHR19241_SF198",0,1,0,0,1,1,0,0,0,0,0,0,1,0,0,1,0,0,1,0,0,0,1,1,1,0,1,0,1,1,0,0,0,0,1,5,1,0,1,2,0,1,0,1,2
"PTHR19290_SF52",0,1,0,1,0,1,1,0,1,1,1,1,1,0,1,1,0,1,1,1,1,1,1,1,1,0,2,0,0,1,1,0,1,0,1,0,0,1,0,1,0,0,0,2,0
"PTHR19290_SF85",0,1,1,0,1,1,1,1,1,0,1,1,0,0,1,1,1,1,0,1,0,1,1,1,0,1,1,1,1,0,1,0,1,1,1,1,1,1,2,1,0,1,1,2,1
"PTHR19303_SF163",0,1,1,0,1,1,1,1,1,1,1,1,1,1,1,1,1,1,1,1,0,0,1,1,1,1,1,0,1,0,0,1,1,1,1,1,1,1,1,1,1,1,0,1,1
"PTHR19375_SF168",0,1,1,1,0,1,1,1,1,1,1,1,0,0,1,1,1,0,1,0,0,1,0,1,0,0,0,1,0,1,0,0,0,0,0,0,0,0,2,0,0,1,0,0,0
"PTHR19433_SF59",0,3,1,1,0,0,2,0,0,1,2,3,1,1,0,2,0,0,0,1,0,0,1,0,0,0,1,1,0,2,1,0,0,0,1,1,1,0,0,0,2,3,0,2,0
"PTHR19441_SF11",0,1,0,0,2,0,0,0,0,0,1,1,0,0,0,0,0,0,0,0,0,0,1,0,0,0,0,0,0,1,0,0,0,0,0,0,0,0,0,1,0,0,0,0,3
"PTHR19441_SF23",0,2,0,0,0,0,0,0,0,0,0,0,1,0,1,0,0,3,0,5,0,0,2,0,1,1,2,0,1,3,0,0,0,0,0,4,0,0,0,3,0,0,0,0,0
"PTHR19446_SF239",0,247,0,0,0,3,0,0,0,0,0,0,0,0,0,0,0,0,0,0,0,0,0,0,0,0,0,0,0,8,0,0,0,0,0,0,0,0,0,0,0,0,0,0,0
"PTHR19446_SF326",0,5,0,0,9,3,53,0,0,0,0,0,5,0,0,0,0,0,0,0,31,0,0,0,0,1,3,1,0,1,56,0,0,0,12,0,0,0,0,0,0,19,0,20,5
"PTHR19818_SF54",0,2,1,0,1,2,0,0,1,1,1,2,2,0,2,0,1,1,1,1,1,0,1,1,1,2,1,0,2,2,1,1,2,1,0,0,0,1,0,0,1,2,1,0,1
"PTHR20855_SF29",0,1,0,1,1,1,1,1,1,1,1,1,1,0,1,1,1,0,1,1,1,1,1,1,1,1,1,0,1,0,1,1,1,1,1,1,1,1,1,1,0,1,1,1,1
"PTHR22234",0,1,1,1,1,1,1,1,1,1,1,1,1,1,1,1,1,1,1,1,1,1,1,1,1,0,1,1,1,1,1,1,0,1,0,1,1,1,1,1,1,1,1,0,1
"PTHR22573_SF38",0,1,0,0,0,1,0,0,0,0,0,0,0,0,0,0,0,0,0,0,0,0,0,0,0,0,0,0,0,0,0,0,0,0,0,0,0,0,0,0,0,0,0,0,0
"PTHR22605_SF6",0,1,0,0,0,0,0,0,0,0,0,0,0,0,0,0,0,0,0,0,0,0,0,0,0,0,0,0,0,0,0,0,0,0,0,0,0,0,0,0,0,1,0,0,0
"PTHR22800_SF149",0,1,0,0,0,1,0,1,1,0,1,1,0,0,1,0,1,0,0,0,0,0,1,0,1,0,1,0,0,1,1,0,0,0,0,1,0,0,0,1,0,1,0,0,0
"PTHR22800_SF152",0,1,0,0,1,1,0,0,0,0,2,2,1,0,0,0,0,1,0,1,0,0,0,0,0,0,0,0,1,1,1,0,1,0,0,0,0,1,0,0,0,1,0,0,1
"PTHR22801_SF38",0,2,0,0,0,2,0,3,3,0,2,2,2,0,2,0,1,1,0,3,0,0,4,0,2,2,3,0,2,3,2,3,1,0,4,4,0,2,0,4,0,2,1,2,0
"PTHR22810",0,1,0,0,0,1,1,0,0,1,1,1,1,1,0,1,0,1,0,1,1,0,1,1,0,1,1,0,1,1,0,0,1,0,0,1,1,1,1,1,0,1,0,0,1
"PTHR22847_SF404",0,1,0,0,0,0,0,0,0,0,0,0,0,0,0,0,0,0,0,0,0,0,0,0,0,0,0,1,0,0,0,0,0,0,0,0,0,0,0,0,0,1,0,0,0
"PTHR22918_SF3",0,4,0,0,0,4,0,0,0,0,4,5,0,0,0,0,0,0,0,1,0,0,0,0,0,0,0,0,0,4,1,0,0,0,0,0,0,0,0,0,0,1,0,0,0
"PTHR22962_SF21",0,0,0,0,0,0,0,0,0,0,0,0,0,0,0,0,0,1,0,0,0,0,1,0,1,0,1,0,0,1,0,0,1,0,0,1,0,0,0,1,0,1,0,0,0
"PTHR22980_SF3",0,1,1,1,0,1,1,1,1,2,1,1,1,1,1,2,1,3,1,1,1,1,1,1,1,1,1,1,1,1,1,1,1,2,1,1,1,1,1,0,1,1,1,1,1
"PTHR23009",0,1,1,0,1,0,1,0,0,0,1,1,0,1,0,1,1,1,1,0,1,0,1,1,0,0,0,0,1,0,0,0,1,1,0,1,1,1,1,1,0,0,1,0,1
"PTHR23050_SF150",0,1,2,3,2,0,0,0,0,1,0,0,2,1,0,3,1,0,0,2,1,1,3,0,0,0,0,1,0,0,1,2,1,0,1,0,0,2,0,1,1,0,0,1,0
"PTHR23091_SF205",0,1,0,0,0,1,1,1,1,0,0,1,0,1,1,1,1,0,1,0,1,0,0,2,0,0,1,1,0,1,1,0,1,1,0,0,1,1,1,0,0,1,0,0,0
"PTHR23155_SF418",0,1,0,0,0,0,0,0,0,0,0,0,0,0,0,0,0,0,0,0,0,0,0,0,0,0,0,0,0,0,0,0,0,0,1,0,0,0,0,0,0,0,0,0,0
"PTHR23231_SF3",0,3,0,0,0,0,0,0,0,1,0,0,0,0,0,0,0,1,0,1,0,0,30,0,0,0,0,0,0,1,1,0,1,0,0,1,0,0,0,1,0,0,0,0,0
"PTHR23232_SF48",0,3,0,0,0,0,0,0,0,0,0,0,0,0,0,0,0,0,1,0,0,0,0,1,0,0,0,0,0,6,0,0,0,1,0,0,0,0,0,0,0,0,0,0,0
"PTHR23248_SF31",0,1,0,1,1,1,1,1,0,0,0,0,1,0,0,0,0,1,0,0,1,1,0,0,0,1,0,0,0,1,1,0,1,0,0,0,0,1,0,0,0,0,0,0,1
"PTHR23262_SF32",0,9,0,0,0,12,0,0,0,1,0,1,1,0,1,0,1,0,0,0,0,1,1,0,0,0,0,0,0,0,1,0,0,0,0,0,0,0,0,1,1,3,0,0,1
"PTHR23263_SF19",0,1,0,0,0,1,1,0,0,0,1,1,0,1,0,1,0,0,1,1,0,0,1,1,1,0,0,1,0,0,0,0,0,1,0,1,1,0,0,1,0,0,0,0,0
"PTHR23263_SF27",0,0,0,0,0,1,2,1,0,1,0,4,1,0,0,2,2,1,0,0,0,0,0,0,0,0,2,0,0,1,1,0,0,0,0,0,2,1,2,0,0,0,0,0,0
"PTHR23267_SF126",0,0,0,0,0,0,1,0,0,0,0,4,0,1,0,1,0,2,0,2,3,0,6,1,0,0,3,1,0,22,0,0,0,2,0,8,3,0,2,0,0,4,0,2,0
"PTHR23268_SF21",0,5,2,1,0,1,4,0,0,13,4,5,2,5,0,17,0,0,5,10,6,0,2,4,0,0,1,5,2,14,3,0,1,6,5,1,5,0,5,0,0,3,0,0,2
"PTHR23272_SF6",0,1,1,0,1,1,0,1,1,1,1,1,1,1,1,1,1,1,1,1,1,0,1,1,1,1,1,1,0,1,0,1,1,1,1,1,0,2,1,1,0,1,1,1,1
"PTHR23320_SF42",0,1,1,1,1,1,1,1,1,1,1,1,1,1,1,1,1,0,1,1,1,1,1,1,1,1,1,1,1,1,1,1,0,1,0,1,1,1,1,1,1,1,0,1,1
"PTHR23324_SF41",0,1,0,0,0,1,0,0,0,1,0,0,1,1,0,1,0,0,0,0,0,0,0,0,0,0,0,0,0,1,1,0,0,1,0,0,1,0,1,0,0,0,0,0,0
"PTHR23339_SF58",0,0,0,0,0,0,0,0,0,0,0,0,0,0,0,0,0,0,0,0,0,2,0,1,1,0,0,0,0,0,1,0,0,0,0,0,0,0,1,0,0,1,0,0,0
"PTHR23339_SF60",0,1,1,0,1,1,0,0,0,1,1,1,2,0,0,0,1,0,1,0,0,1,0,0,0,1,0,0,1,1,1,1,1,0,0,0,0,0,0,0,0,0,0,0,0
"PTHR24012_SF339",0,0,0,0,0,0,0,0,0,0,0,0,0,0,0,0,0,0,0,0,0,0,0,0,0,0,0,0,0,0,0,0,0,0,0,0,0,0,0,0,0,0,0,0,0
"PTHR24015_SF0",0,1,0,0,1,0,1,0,0,0,1,1,1,0,0,1,0,0,0,0,1,0,1,0,0,0,1,0,1,0,1,0,0,0,1,1,0,0,0,0,0,1,0,1,1
"PTHR24022_SF85",0,3,0,0,0,3,0,0,0,5,0,0,0,0,1,0,2,4,0,0,0,3,0,0,0,0,0,0,0,3,2,0,3,0,0,0,0,0,0,0,0,4,0,0,0
"PTHR24023_SF364",0,1,1,0,1,1,0,1,1,1,1,1,0,0,1,1,1,1,1,1,1,1,1,1,1,0,2,1,1,1,1,1,1,0,1,1,0,0,1,1,1,0,1,0,1
"PTHR24028_SF105",0,1,0,0,1,1,0,0,1,0,1,0,0,0,0,1,0,0,0,1,0,1,1,0,1,0,1,0,0,0,0,0,1,0,0,1,1,0,0,1,0,1,0,0,0
"PTHR24028_SF110",0,0,1,0,1,0,1,0,1,1,1,1,1,1,0,1,1,0,1,1,1,1,1,2,2,0,1,1,0,0,1,1,1,1,0,0,0,1,1,2,1,0,0,0,1
"PTHR24028_SF111",0,0,0,0,1,0,0,1,1,0,0,0,0,0,0,1,0,0,0,0,0,1,2,0,1,0,0,0,1,1,0,0,0,0,0,0,1,0,0,0,0,0,0,0,0
"PTHR24044_SF234",0,0,0,0,0,0,0,0,0,0,0,0,0,0,0,0,0,0,0,0,0,0,0,0,0,0,0,0,0,1,1,0,0,0,0,0,0,0,0,0,0,0,0,0,0
"PTHR24070_SF154",0,1,0,0,0,1,0,0,0,0,1,1,1,0,0,0,1,1,0,0,0,0,1,0,0,1,2,0,1,1,0,0,1,0,0,1,0,1,0,1,0,0,0,0,1
"PTHR24070_SF202",0,1,1,0,0,0,1,0,0,1,1,1,0,1,0,1,0,1,0,1,1,0,0,0,0,1,0,1,1,1,1,0,1,0,0,0,1,0,1,0,0,1,1,0,0
"PTHR24073_SF390",0,0,0,0,0,0,0,0,0,0,0,0,0,0,0,0,0,0,0,0,0,0,0,0,0,0,0,0,0,0,0,0,0,0,0,0,1,0,0,0,0,1,1,0,0
"PTHR24073_SF427",0,1,1,1,0,0,1,0,0,0,0,0,0,1,0,1,0,0,1,0,1,0,0,1,0,0,0,1,0,0,0,0,0,1,1,0,1,0,1,0,1,0,1,0,0
"PTHR24077_SF18",0,0,1,1,1,1,0,0,0,0,1,1,1,1,0,0,1,1,2,1,0,1,1,1,1,1,1,1,1,0,1,0,2,2,0,1,0,1,4,1,1,1,0,0,1
"PTHR24089_SF228",0,0,0,0,0,0,0,0,0,0,0,0,0,0,0,1,0,0,0,0,0,0,0,0,0,0,0,0,0,0,0,0,0,0,0,0,0,0,0,0,0,0,0,0,0
"PTHR24089_SF243",0,1,0,0,1,0,0,1,1,0,1,1,1,0,0,0,1,0,1,1,1,0,1,0,1,0,0,0,1,0,1,1,0,0,0,1,0,1,0,1,0,0,0,0,1
"PTHR24100_SF9",0,1,0,0,0,1,0,0,0,0,0,0,0,1,0,0,2,0,1,3,0,0,6,2,2,0,5,1,0,2,0,0,1,2,0,6,0,0,1,2,0,0,1,0,0
"PTHR24103_SF87",0,1,0,0,0,0,0,0,0,1,1,1,0,1,0,8,0,1,1,0,1,0,1,1,1,0,2,1,0,1,1,0,0,1,0,1,1,0,1,1,0,1,0,0,0
"PTHR24115_SF323",0,0,0,0,0,0,0,1,1,0,0,0,1,0,1,1,0,1,0,0,0,1,1,0,0,1,1,0,1,0,0,0,0,0,1,1,0,0,0,1,0,1,1,1,0
"PTHR24115_SF334",0,1,0,0,0,1,0,1,1,1,0,1,1,0,1,0,1,0,0,0,0,0,1,0,1,3,2,0,0,0,1,1,0,0,1,1,0,1,0,1,0,0,0,0,0
"PTHR24173_SF12",0,1,1,0,1,1,1,1,1,2,0,1,1,2,1,1,1,1,1,1,0,0,2,1,1,1,1,0,1,2,0,1,1,0,1,1,1,1,4,1,1,1,0,1,1
"PTHR24229_SF0",0,0,0,0,0,1,0,0,0,0,1,1,0,1,1,2,1,0,2,2,2,1,1,1,1,0,1,1,0,0,0,0,2,0,0,1,0,0,2,1,0,1,1,0,0
"PTHR24229_SF20",0,1,0,0,0,1,1,1,1,1,1,1,1,1,1,1,1,1,1,1,1,0,1,1,1,1,1,1,1,1,0,1,1,1,1,1,1,1,1,1,0,1,1,1,1
"PTHR24236",0,1,1,0,1,1,1,1,1,0,1,1,1,1,1,1,1,1,1,1,1,0,1,1,1,1,1,0,1,0,1,1,1,1,1,1,1,1,1,1,0,1,0,1,1
"PTHR24242_SF180",0,1,0,0,1,1,0,1,0,0,1,1,1,0,1,0,1,1,0,0,0,0,5,0,0,1,2,0,1,0,0,0,0,0,2,0,0,1,0,4,0,1,0,1,1
"PTHR24242_SF204",0,1,0,0,0,0,0,0,0,0,0,0,1,0,1,0,1,2,0,0,0,0,0,0,0,1,0,0,1,0,0,0,0,0,0,0,0,0,0,0,0,0,0,0,0
"PTHR24249_SF252",0,1,0,0,0,0,0,0,0,0,0,0,0,0,0,2,1,0,0,1,0,0,1,0,1,0,0,0,0,0,0,0,0,0,0,0,0,0,0,1,0,0,1,0,0
"PTHR24256_SF7",0,1,0,0,0,1,0,0,0,1,1,0,0,0,1,0,0,0,0,1,0,1,0,0,0,0,0,0,0,1,0,0,1,0,3,0,0,0,0,0,0,0,0,1,0
"PTHR24272_SF45",0,1,0,0,0,1,0,0,0,1,0,1,0,0,0,0,1,1,0,0,0,0,0,0,0,0,1,0,0,1,1,0,0,0,0,1,0,0,0,0,0,1,0,0,0
"PTHR24290_SF55",0,3,0,0,2,7,0,1,3,1,5,3,5,0,2,0,3,1,1,2,0,0,4,0,2,4,2,0,5,4,1,0,0,0,3,0,0,3,0,3,0,4,2,4,5
"PTHR24316_SF252",0,1,0,0,0,1,1,1,1,1,1,1,0,0,1,0,1,0,0,0,1,0,1,0,1,0,1,0,0,1,1,1,1,0,0,1,0,0,0,1,1,1,0,2,0
"PTHR24316_SF311",0,1,0,0,0,1,0,1,2,2,1,1,0,0,0,0,0,1,0,1,0,0,0,0,0,0,0,0,0,1,1,0,0,0,6,0,0,0,0,0,0,1,0,1,0
"PTHR24320_SF55",0,0,1,1,1,1,0,0,0,1,0,0,0,1,1,1,0,0,1,0,1,0,0,1,0,1,0,1,1,1,0,0,0,1,1,0,1,0,1,0,1,2,1,1,1
"PTHR24346_SF6",0,1,0,0,0,0,1,0,3,1,0,7,0,0,0,0,0,0,0,3,0,0,23,0,0,0,6,0,0,0,9,0,1,0,0,19,0,0,0,15,0,0,0,0,0
"PTHR24375_SF22",0,2,1,0,0,2,1,0,0,0,0,0,0,1,0,1,0,0,2,0,2,0,7,1,2,0,3,1,0,1,0,0,5,2,1,8,1,0,1,4,2,1,0,1,0
"PTHR24377_SF107",0,1,0,0,1,0,0,0,0,1,1,1,1,1,1,1,0,0,1,0,0,1,1,1,1,1,1,1,0,0,1,0,0,0,0,1,1,0,1,2,0,1,0,0,1
"PTHR24377_SF114",0,1,0,0,1,0,1,1,0,1,1,1,1,1,0,1,1,1,0,0,1,1,1,1,0,1,0,1,1,1,1,0,1,1,0,1,1,0,1,1,0,1,0,0,1
"PTHR24377_SF154",0,0,0,0,1,0,0,0,0,0,0,1,0,0,0,0,0,0,0,0,0,0,0,0,0,1,0,0,1,1,0,0,1,0,0,0,0,0,0,0,0,1,0,0,0
"PTHR24377_SF170",0,0,0,0,0,0,0,0,0,2,0,0,0,0,0,0,0,0,0,0,0,0,0,0,1,0,0,0,0,0,1,0,0,0,0,0,0,0,0,0,0,0,0,0,2
"PTHR24377_SF198",0,1,1,0,1,1,0,0,0,1,1,1,1,0,0,0,0,0,1,0,1,0,0,0,0,1,0,0,1,0,0,0,1,0,1,0,1,1,0,0,1,0,1,1,1
"PTHR24412_SF122",0,1,0,0,0,1,0,0,0,1,1,1,0,0,0,0,0,1,0,0,0,0,0,0,0,0,0,1,0,1,0,0,0,0,0,1,0,0,0,0,0,1,1,0,0
"PTHR24412_SF57",0,1,0,0,1,1,1,1,2,1,1,1,1,0,1,1,1,1,1,1,1,0,1,1,1,1,1,0,1,1,1,1,1,1,0,1,1,1,1,0,0,1,0,1,1
"PTHR25480_SF183",0,0,1,1,1,0,1,0,0,1,1,1,1,1,0,1,0,0,1,0,0,1,0,1,0,0,0,1,1,0,1,0,0,1,1,0,0,1,1,0,1,1,0,1,0
"PTHR25952_SF188",0,2,0,0,10,0,14,0,0,0,3,38,7,0,1,0,0,0,0,0,37,1,6,0,0,3,3,0,0,2,30,0,0,1,0,0,0,0,0,2,0,49,0,2,4
"PTHR26374_SF154",0,1,0,0,0,0,0,0,0,1,1,0,0,0,0,0,0,3,0,1,0,0,0,0,0,0,0,0,0,3,0,0,1,0,0,0,0,0,0,0,0,0,0,0,0
"PTHR26451_SF118",0,1,0,0,0,1,0,0,0,1,1,2,1,0,0,0,0,3,0,0,0,0,0,0,0,0,0,0,0,0,1,0,0,0,0,0,0,1,0,0,0,3,0,0,0
"PTHR26451_SF120",0,2,0,0,0,2,0,0,0,0,1,2,0,0,1,0,1,3,0,0,0,0,0,0,0,0,0,0,0,2,0,0,0,0,0,0,0,0,0,2,0,0,0,0,0
"PTHR26451_SF121",0,3,0,0,1,0,0,1,1,1,1,1,1,0,1,1,1,4,1,1,1,0,1,0,0,2,1,1,1,0,1,0,2,1,1,1,0,0,1,1,1,1,0,1,1
"PTHR26451_SF148",0,1,0,0,0,1,0,1,1,0,0,0,1,0,0,0,1,1,0,0,0,0,1,0,0,0,1,0,1,0,0,0,1,0,0,1,0,1,0,1,0,1,0,0,1
"PTHR26451_SF154",0,1,0,0,1,0,0,0,0,1,1,1,2,0,0,0,0,0,0,0,0,0,0,0,0,4,0,0,2,0,0,0,0,0,0,0,0,2,0,0,0,2,0,0,1
"PTHR26451_SF155",0,1,1,0,1,1,1,1,1,0,3,2,0,1,0,1,1,0,1,1,1,0,0,1,0,1,0,0,1,1,1,1,0,1,0,0,0,1,0,0,0,4,0,0,1
"PTHR26451_SF157",0,1,0,0,1,1,0,0,0,1,1,1,1,1,0,1,0,2,0,1,1,0,0,0,0,0,0,1,1,0,0,0,1,0,0,0,0,1,1,0,0,1,0,0,1
"PTHR26451_SF160",0,1,0,1,1,1,1,1,1,1,1,1,1,1,0,1,1,0,1,1,1,0,1,1,0,1,1,1,1,0,1,0,1,1,0,1,1,1,1,1,0,1,0,1,1
"PTHR26451_SF163",0,0,0,0,1,0,1,0,0,0,0,1,1,0,0,0,0,1,0,1,0,0,0,0,0,1,0,0,1,0,0,0,1,0,1,0,0,1,0,0,0,0,0,1,1
"PTHR26451_SF171",0,1,0,0,0,0,0,0,1,1,2,4,1,0,2,0,0,0,0,0,0,0,0,0,0,1,0,0,0,1,1,0,0,0,0,0,0,3,0,0,0,1,0,0,0
"PTHR26451_SF172",0,0,0,0,0,0,0,0,0,1,1,0,0,0,2,0,0,2,0,0,0,0,0,0,0,0,0,0,0,0,0,0,0,0,0,0,0,0,0,0,0,1,0,1,0
"PTHR26451_SF184",0,1,0,0,2,0,0,0,0,1,1,1,0,0,0,0,1,1,0,0,0,0,1,0,1,2,0,0,1,1,1,0,1,0,4,1,0,0,0,0,0,1,0,2,3
"PTHR26451_SF218",0,1,0,0,0,0,1,0,0,1,0,1,0,1,1,1,1,0,0,0,0,0,2,0,1,1,0,1,0,0,0,0,1,0,2,2,1,0,1,2,1,0,0,2,0
"PTHR26451_SF221",0,2,0,0,1,0,0,0,1,1,1,1,1,1,0,1,0,3,0,2,0,0,2,0,1,2,3,0,2,1,1,0,1,0,1,1,1,0,0,1,0,3,0,0,1
"PTHR26451_SF237",0,0,0,0,1,1,1,1,1,1,1,1,1,1,2,1,0,2,1,0,1,0,1,1,1,1,1,0,1,1,0,0,1,1,0,1,1,1,1,1,0,1,0,1,1
"PTHR26451_SF244",0,1,0,0,0,0,0,0,0,0,0,1,0,0,0,0,1,1,0,0,0,0,0,0,0,0,0,0,0,0,0,0,0,0,0,0,0,0,0,0,0,1,0,0,0
"PTHR26451_SF249",0,1,1,0,0,0,1,0,0,0,1,1,0,1,1,1,1,1,1,0,0,0,0,1,0,1,0,1,1,1,1,0,1,1,0,0,0,1,0,0,0,1,0,1,0
"PTHR26451_SF268",0,5,0,0,0,4,0,0,0,0,0,0,0,0,0,0,0,0,0,0,0,0,0,0,0,0,0,0,0,1,0,0,0,0,0,0,0,0,0,0,0,10,0,0,0
"PTHR26451_SF269",0,1,0,1,1,1,0,3,2,1,1,1,1,0,1,0,1,2,0,1,0,0,1,0,0,1,1,0,1,1,0,2,1,0,0,1,0,1,0,0,0,0,0,2,0
"PTHR26451_SF279",0,5,0,0,0,1,0,0,0,0,2,2,0,0,0,0,0,1,0,5,0,0,0,0,0,0,0,0,0,1,0,0,0,0,0,0,0,0,0,0,0,10,0,0,0
"PTHR26451_SF288",0,1,0,0,0,2,0,1,1,7,2,1,0,0,3,0,0,3,0,0,0,0,3,0,0,0,2,0,0,0,0,0,0,0,0,0,0,0,0,4,0,2,0,0,0
"PTHR26451_SF298",0,2,0,0,1,3,0,1,1,3,5,6,1,0,2,4,1,2,0,1,0,0,1,0,0,1,0,0,1,2,2,0,1,0,0,1,0,2,3,3,0,1,0,0,1
"PTHR26451_SF31",0,1,0,0,1,0,0,0,0,1,1,1,1,1,1,1,2,1,0,0,0,0,0,0,0,1,0,0,1,1,1,0,1,0,1,0,1,1,0,0,0,5,0,0,2
"PTHR26451_SF314",0,1,0,0,0,0,0,1,3,6,2,2,1,0,7,0,5,0,0,0,0,0,9,0,0,1,8,0,0,1,3,0,1,0,0,7,0,1,0,10,0,4,0,0,0
"PTHR26451_SF320",0,3,0,0,0,1,0,0,1,0,3,2,0,0,4,0,0,1,0,0,0,0,1,0,0,0,1,0,0,0,0,0,0,0,0,2,0,0,0,2,0,0,0,0,0
"PTHR26451_SF43",0,3,0,0,1,0,2,2,1,1,1,6,3,0,2,0,2,4,0,0,0,0,2,0,0,2,0,0,0,0,3,0,1,0,1,1,0,1,0,2,0,4,0,2,2
"PTHR26451_SF46",0,1,0,0,2,1,1,1,0,1,0,1,1,1,1,1,1,2,0,0,1,0,1,0,0,0,1,1,2,1,1,0,1,0,0,1,0,1,1,1,0,4,0,1,3
"PTHR26451_SF52",0,4,0,0,0,2,0,0,0,1,0,0,0,0,0,5,0,0,0,0,0,0,0,0,0,1,0,0,0,2,0,0,0,0,1,0,0,0,0,0,0,15,0,2,0
"PTHR26451_SF53",0,1,0,0,0,1,1,1,0,0,1,1,0,0,0,7,1,1,0,1,1,0,1,0,1,1,1,0,1,0,1,1,1,0,1,1,0,0,0,1,0,1,0,1,1
"PTHR26451_SF6",0,1,0,0,0,1,1,0,0,3,1,1,1,1,1,1,0,1,1,0,1,0,2,1,1,1,1,1,1,1,1,1,1,1,1,2,1,1,1,2,0,1,0,2,1
"PTHR26451_SF97",0,2,0,0,1,1,0,1,0,1,1,1,0,1,1,8,1,5,0,0,1,0,2,0,2,1,2,0,1,2,1,1,0,0,0,2,0,0,0,1,0,1,0,0,1
"PTHR31974",0,1,0,1,1,1,1,1,1,1,1,0,1,0,2,1,1,0,1,0,1,0,1,1,1,1,1,1,1,1,0,0,0,0,1,0,0,1,1,1,0,0,0,2,1
"TF338155",0,1,0,1,0,1,1,0,0,1,1,0,0,1,0,1,0,1,1,0,0,1,1,1,1,0,1,1,0,0,0,0,0,1,0,1,0,0,0,1,0,1,1,0,0
"TF338163",0,1,0,0,0,1,1,1,1,0,1,1,1,1,1,1,1,0,1,1,0,1,1,1,0,0,1,1,1,1,1,1,0,1,1,1,1,1,1,0,0,0,0,1,0
"TF339083",0,1,0,0,1,1,0,0,1,1,1,1,1,0,0,0,1,1,0,0,0,0,1,0,1,0,1,0,1,1,0,0,0,0,1,1,0,0,0,1,0,1,0,0,0
"TF339494",0,0,1,1,1,1,1,0,0,1,1,1,1,1,0,1,1,0,1,1,1,1,0,1,0,1,1,1,1,1,1,0,0,1,1,1,0,1,2,0,1,1,0,1,1
"TF340508",0,1,1,1,1,1,0,0,0,0,1,0,1,1,0,1,0,0,1,0,1,1,0,1,0,0,0,0,1,0,1,0,0,1,0,0,1,1,1,0,1,0,1,0,1
"TF340529",0,1,1,1,1,2,3,0,0,0,2,2,1,2,0,0,0,0,2,0,0,1,0,2,0,0,1,1,2,0,1,0,0,3,2,2,1,1,1,0,0,1,0,0,1
"TF341047",0,1,1,0,0,0,1,0,0,0,0,0,1,1,0,0,0,0,0,0,0,0,0,0,0,0,1,1,1,0,1,0,0,0,0,0,1,1,1,0,0,0,0,0,1
"TF341053",0,1,1,1,1,1,1,0,0,0,1,1,1,1,0,0,0,0,1,0,1,0,0,1,0,0,1,1,1,0,0,0,0,1,0,1,1,1,1,0,1,1,0,0,1
"TF341366",0,1,1,0,0,0,1,0,0,0,1,1,0,1,0,0,0,0,1,0,1,0,0,1,0,0,0,1,1,0,0,0,0,1,1,1,1,0,1,0,0,1,0,0,1
"TF353991",0,1,2,0,1,0,2,0,0,1,1,0,1,1,0,1,1,0,1,0,0,0,1,0,1,1,1,1,1,1,0,0,1,1,1,1,1,0,1,1,1,1,0,1,1
"TF354095",0,1,0,0,1,1,1,1,0,0,1,1,1,1,0,0,0,0,0,0,1,0,0,0,0,0,0,1,1,0,0,0,0,0,0,1,1,1,1,0,0,1,0,0,1
"TF601828",0,2,0,0,1,2,0,1,1,1,0,1,1,0,0,0,0,0,0,1,0,0,0,0,0,0,0,0,0,3,1,0,1,0,0,0,0,0,0,1,0,1,1,0,1
"TF604153",0,3,0,0,0,3,1,0,0,2,2,2,0,0,0,1,0,0,0,0,1,0,0,0,0,0,0,0,0,3,0,0,0,0,1,0,0,0,0,0,0,4,0,0,0
"TF606657",0,1,1,1,1,1,1,1,1,1,1,1,1,1,1,1,1,1,1,1,1,1,1,1,2,1,1,1,1,0,1,1,1,1,1,1,1,1,1,1,1,1,1,1,1
"TF611682",0,1,1,0,0,1,1,1,1,1,1,1,1,1,0,1,1,1,0,0,1,1,1,0,1,1,1,0,1,0,1,1,1,0,0,1,1,1,1,1,1,0,1,1,1
"TF611840",0,1,1,1,1,1,2,1,0,1,0,1,1,2,0,1,0,1,1,1,2,1,0,1,0,0,0,2,1,1,1,0,1,1,0,0,2,0,2,0,1,1,1,0,1
"TF616096",0,1,0,0,0,0,1,1,1,1,1,1,1,1,1,1,1,0,0,0,1,0,1,0,1,0,1,0,1,0,1,1,1,0,1,1,0,1,1,1,0,1,1,1,1
"TF616858",0,1,1,1,0,1,1,1,1,1,1,1,1,1,1,1,0,1,1,1,1,1,1,1,1,0,1,1,0,1,1,1,1,1,1,1,1,1,1,1,1,1,1,1,1
"TF620205",0,1,1,1,0,0,0,1,0,1,1,1,0,1,0,1,0,0,1,0,1,1,0,1,0,1,0,1,0,1,0,0,1,1,0,1,1,0,1,0,1,1,1,1,1
"TF620886",0,1,1,1,1,0,0,0,0,1,0,1,1,0,0,1,0,0,1,0,0,0,1,0,0,1,0,0,1,1,1,0,0,0,0,0,0,0,1,1,1,1,0,0,1
"TF626699",0,0,0,0,1,0,1,0,0,1,0,1,1,1,0,1,1,0,0,0,0,0,1,0,1,0,1,0,1,1,1,0,0,0,1,1,1,1,1,0,0,0,1,0,0
"TF627723",0,1,0,0,1,0,1,0,1,1,1,0,1,1,1,1,0,1,0,1,1,0,1,0,1,0,1,0,1,1,1,0,1,0,1,1,1,0,1,1,0,1,0,0,1
"TF628407",0,1,1,0,0,1,0,1,1,1,1,1,1,0,1,1,0,0,1,0,0,1,1,1,1,0,1,1,1,1,1,0,0,1,1,1,1,1,0,1,0,1,0,1,1
"TF629541",0,0,1,1,1,0,1,0,0,0,0,1,1,1,1,1,0,0,1,0,0,0,0,1,0,0,0,1,1,0,1,0,0,1,0,0,0,1,1,0,1,1,1,0,0
"TF630969",0,0,0,0,0,0,0,0,0,2,0,0,0,0,0,1,0,0,1,0,0,0,0,0,0,0,0,0,0,0,0,0,0,0,0,0,0,0,0,0,1,0,1,0,0
"TF633109",0,0,0,0,0,0,0,0,0,0,0,0,0,0,0,0,0,1,0,2,0,0,1,0,0,0,0,0,0,1,1,0,1,0,0,0,0,0,0,0,0,0,0,0,0
"TF638863",0,0,0,0,1,0,0,0,0,0,0,0,0,1,0,1,0,0,1,0,0,0,0,0,0,0,0,0,1,0,1,0,0,0,1,0,1,0,1,0,0,0,0,1,0
"TF638972",0,1,1,0,1,1,1,0,1,1,1,1,1,1,1,1,0,0,1,0,1,0,1,1,0,0,1,1,1,1,0,0,0,1,1,1,1,1,1,0,0,1,0,1,1
"TF642337",0,1,0,0,1,1,1,1,0,1,1,1,1,1,1,0,1,0,0,0,0,0,1,0,1,0,1,0,1,0,0,1,0,0,0,1,0,1,0,0,0,1,1,0,1
"TF646962",0,1,1,1,1,0,1,1,1,1,1,1,1,1,1,1,1,0,1,0,1,1,1,1,1,0,1,1,1,1,1,1,0,1,1,1,1,1,1,1,1,1,0,1,1
"TF648076",0,0,0,0,0,0,0,0,0,0,0,0,0,0,0,1,0,0,0,0,0,0,0,0,0,0,0,0,0,0,0,0,0,0,0,0,0,0,0,0,0,0,0,1,0
"TF648172",0,0,0,0,0,0,0,0,0,0,0,0,0,0,0,1,0,0,0,0,0,0,0,0,0,0,0,0,0,0,0,0,0,0,0,0,0,0,0,0,0,0,0,0,0
"TF648868",0,1,1,0,0,0,0,0,0,0,0,0,0,0,0,0,1,0,0,0,0,0,0,0,0,0,0,0,0,0,0,0,0,0,0,0,1,0,0,0,1,0,0,0,0
"TF651177",0,3,0,1,1,1,1,1,0,1,1,1,1,0,0,0,1,0,1,1,0,1,1,0,1,0,1,2,1,0,1,0,0,1,0,1,0,1,0,1,1,0,0,0,1
"TF651695",0,1,1,1,1,1,1,1,1,0,1,1,1,1,1,0,1,0,1,0,1,1,1,1,1,1,0,0,1,1,1,1,1,1,1,1,1,1,1,1,1,1,0,0,1
"TF654433",0,1,0,0,1,0,1,1,1,1,1,2,1,0,1,0,1,1,0,0,0,0,1,0,1,1,1,0,1,0,1,0,0,0,0,1,0,1,0,1,0,2,0,0,1
"TF654460",0,1,0,0,0,0,0,0,0,0,0,0,0,0,0,0,0,0,0,0,0,0,0,0,0,0,0,0,0,0,0,0,0,0,0,0,0,0,0,0,0,0,0,0,0
"TF655004",0,0,0,0,1,0,0,1,1,1,1,1,1,0,0,0,1,0,0,0,0,0,1,0,1,0,1,0,1,1,1,1,0,0,0,1,0,1,0,1,0,0,0,0,1
"TF657193",0,1,0,0,1,0,0,0,0,0,1,1,1,0,0,0,1,0,0,0,0,0,0,0,1,1,1,0,1,1,0,0,0,0,0,1,0,1,0,1,0,1,0,0,1
"TF658465",0,1,0,0,1,0,0,0,0,0,0,0,1,0,0,1,0,0,0,0,0,0,1,0,0,0,0,1,0,1,0,0,1,0,0,0,1,1,1,0,0,0,1,0,0
"TF659326",0,1,0,0,0,0,0,0,0,1,1,1,0,0,0,0,1,1,0,0,0,1,0,0,0,0,0,0,1,0,0,0,0,0,0,0,0,0,0,0,0,1,0,0,0
"TF659844",0,1,0,0,1,2,0,0,1,0,0,5,1,0,0,0,0,0,0,1,0,0,0,0,1,1,1,0,1,1,2,0,0,0,0,0,0,1,0,0,0,1,0,0,1
"TF660486",0,0,0,0,2,3,0,1,0,0,0,0,0,0,1,1,0,0,0,1,1,0,1,1,0,0,0,0,0,2,0,1,2,0,4,0,0,0,0,0,1,0,0,1,0
"TF660507",0,1,1,0,0,0,0,0,0,0,1,1,1,0,0,1,0,1,1,0,0,0,0,1,0,0,0,1,0,0,0,0,0,1,0,0,1,1,1,0,0,0,0,0,0
"TF662912",0,9,0,0,11,0,6,0,0,1,4,3,9,0,0,0,0,1,0,0,0,0,0,0,0,0,0,0,0,0,2,0,0,0,1,1,0,16,0,0,0,7,0,0,0
"TF663240",0,1,1,0,0,1,0,0,0,0,0,0,0,1,0,0,0,1,1,0,0,1,0,1,0,0,0,0,0,1,0,0,1,1,0,0,0,0,0,1,0,1,0,0,0
"PTHR10110_SF99",0,1,0,0,0,1,0,0,0,0,0,0,0,0,0,0,0,0,0,0,0,0,0,0,0,0,0,0,0,1,1,0,0,0,1,0,0,0,0,0,0,0,0,1,0
"PTHR10270_SF40",0,0,0,1,0,1,0,0,0,1,0,0,0,0,1,1,0,0,1,0,0,1,1,1,1,0,1,1,0,0,1,0,1,1,0,0,0,1,1,0,0,0,0,2,0
"PTHR10369_SF5",0,0,1,2,0,1,1,1,0,0,0,0,1,2,0,2,0,0,1,0,0,1,2,1,3,1,1,2,0,0,1,1,0,0,2,0,2,0,1,0,1,0,0,1,1
"PTHR10424_SF44",0,0,1,0,1,0,1,0,0,0,0,0,0,1,0,1,0,0,1,0,4,0,3,1,1,0,2,1,0,1,4,0,0,1,2,2,1,0,1,1,0,0,0,1,1
"PTHR10666_SF94",0,1,0,0,0,1,0,0,0,0,0,0,0,0,0,1,0,0,1,0,0,0,1,0,0,0,0,0,0,1,0,0,0,0,1,0,0,0,1,1,0,1,0,0,0
"PTHR11003_SF104",0,1,0,0,0,1,0,0,0,1,0,2,0,0,0,0,0,0,0,0,0,0,0,0,0,0,0,0,0,2,0,0,0,0,1,0,0,0,0,0,0,2,0,1,0
"PTHR11210_SF2",0,1,0,0,1,0,0,0,0,1,0,0,0,0,0,0,1,0,0,0,0,0,0,0,0,0,0,0,1,0,0,1,0,0,0,0,0,0,0,0,0,0,0,1,0
"PTHR11232_SF34",0,1,0,1,0,1,1,1,0,1,0,1,1,1,1,1,1,1,0,0,1,1,1,0,0,0,1,0,0,1,0,0,1,1,1,1,0,1,1,1,1,1,0,1,0
"PTHR11232_SF37",0,0,0,0,0,0,0,0,0,0,0,0,1,0,0,1,0,1,0,0,0,0,1,0,0,0,0,0,1,0,1,0,0,0,0,0,0,0,0,0,0,0,0,0,0
"PTHR11349_SF55",0,0,0,1,0,0,1,0,0,0,0,0,0,1,1,1,0,1,0,0,1,0,1,0,0,0,0,1,1,0,0,0,0,1,0,0,0,0,1,0,1,1,0,0,1
"PTHR11389_SF409",0,1,1,0,0,1,1,0,0,0,1,1,0,1,0,1,0,0,1,0,1,0,1,1,0,0,0,0,1,0,0,0,1,1,0,0,1,0,1,1,0,0,0,0,0
"PTHR11697_SF93",0,1,1,0,1,0,1,0,0,0,1,1,0,1,0,1,0,0,1,0,0,1,0,1,0,0,0,1,0,0,0,0,1,1,0,0,1,1,1,0,0,0,0,0,1
"PTHR11697_SF99",0,1,1,1,0,0,0,0,0,0,0,1,0,1,0,1,0,0,1,0,1,0,0,1,0,0,0,1,0,0,0,0,1,1,0,0,1,1,1,0,0,1,0,0,1
"PTHR11731_SF86",0,0,0,0,0,0,0,0,0,0,0,1,0,0,0,0,0,0,0,1,0,0,0,0,0,0,0,0,0,0,1,0,0,0,0,0,0,0,0,1,0,1,1,0,0
"PTHR11736_SF19",0,1,0,0,1,0,1,0,1,6,0,4,0,1,0,1,2,5,0,3,1,2,11,0,2,0,5,1,0,2,4,1,5,0,0,3,1,0,2,9,0,1,1,0,1
"PTHR11829_SF139",0,2,0,1,0,1,2,1,0,1,1,1,1,1,0,6,1,0,1,1,1,1,1,1,0,0,1,1,1,1,1,0,1,1,0,1,0,1,3,0,1,1,0,1,0
"PTHR11829_SF85",0,1,1,1,0,1,1,0,2,1,1,1,1,0,0,1,1,1,2,0,1,2,1,0,1,0,0,0,1,1,0,0,1,1,1,0,0,1,1,1,0,1,1,1,0
"PTHR11972_SF11",0,0,1,0,0,0,0,0,1,0,0,1,1,1,0,1,0,0,1,0,1,1,1,0,0,0,0,1,0,0,0,1,0,1,0,0,0,1,1,0,0,1,0,0,0
"PTHR12276_SF46",0,0,0,1,1,0,0,0,0,1,0,0,0,0,0,0,0,0,0,0,0,0,0,0,0,0,1,0,0,0,0,2,0,0,0,0,0,0,0,0,0,0,0,0,0
"PTHR13139_SF35",0,1,0,0,0,0,1,0,0,1,0,1,1,0,0,0,0,0,0,0,0,0,0,0,0,0,0,0,0,0,1,0,0,0,1,0,0,0,0,0,0,0,0,0,0
"PTHR13968_SF16",0,0,0,0,1,1,1,1,1,0,0,1,1,0,1,0,0,0,0,0,0,0,1,0,1,0,0,1,0,1,1,1,0,0,1,1,0,0,0,0,0,1,0,0,1
"PTHR13976_SF34",0,1,0,0,0,0,1,0,0,0,0,0,0,0,0,0,0,0,0,0,0,0,0,1,0,0,0,0,0,0,0,0,0,0,0,0,1,0,0,0,0,0,0,0,0
"PTHR15284_SF2",0,0,0,0,1,0,1,0,0,0,0,0,1,0,0,1,0,0,0,0,1,0,1,0,0,0,0,0,0,1,1,0,0,0,1,0,0,0,0,0,0,1,0,0,1
"PTHR15367",0,0,0,0,0,0,0,0,0,0,2,0,1,1,0,1,0,1,0,0,0,0,0,0,0,0,0,0,0,0,0,0,0,0,1,0,1,0,0,1,0,0,1,0,0
"PTHR18871_SF1",0,1,0,0,0,1,0,0,1,0,0,0,0,0,0,1,0,1,0,0,0,0,1,0,0,0,1,1,0,0,0,0,1,0,0,0,0,0,0,0,0,0,0,0,0
"PTHR19143_SF182",0,0,0,0,0,0,0,0,0,0,0,0,0,0,0,1,0,0,0,0,0,0,0,0,0,1,0,0,0,0,0,0,0,0,0,0,0,0,0,0,0,0,0,0,0
"PTHR19290_SF53",0,1,0,0,0,1,1,0,0,1,1,1,1,1,1,1,1,0,0,0,1,0,1,1,1,0,2,0,0,1,0,0,1,1,1,1,0,0,1,1,0,0,0,1,1
"PTHR19297_SF88",0,0,0,0,0,0,1,0,0,0,0,0,0,0,0,2,0,0,0,0,0,0,1,0,1,0,0,0,0,0,0,0,0,0,0,1,0,1,0,0,0,0,0,0,0
"PTHR19303_SF223",0,0,0,0,1,0,1,0,0,0,0,0,0,1,0,1,0,0,0,0,1,0,0,1,0,1,0,1,1,0,0,0,1,1,0,0,1,0,1,0,0,1,0,0,0
"PTHR19433_SF66",0,2,1,0,0,0,1,0,0,3,1,4,1,1,0,1,0,4,1,1,1,0,4,1,0,1,0,1,0,1,1,0,0,1,0,1,1,0,1,0,0,0,0,0,0
"PTHR19441_SF26",0,1,0,0,0,0,0,0,0,0,1,1,0,0,0,0,0,0,0,0,0,0,0,0,0,0,0,0,0,1,0,0,0,0,1,0,0,0,0,0,0,0,0,0,0
"PTHR20908",0,1,0,0,0,1,0,0,0,0,0,0,0,0,0,0,0,0,0,0,0,0,0,0,0,0,0,0,0,1,0,0,0,0,0,0,0,0,0,0,0,0,0,0,0
"PTHR21495_SF39",0,1,1,0,0,1,1,0,0,1,1,1,0,0,0,4,0,1,1,0,0,0,1,1,0,1,1,1,1,1,0,0,0,1,1,1,0,1,2,1,0,1,1,0,0
"PTHR22800_SF144",0,0,0,0,1,1,0,2,0,0,0,0,1,0,0,0,0,0,0,0,0,0,1,0,1,1,1,0,0,1,0,0,0,0,0,1,0,0,0,1,0,1,0,0,1
"PTHR22800_SF160",0,2,0,0,0,1,0,0,1,0,1,1,0,0,0,0,0,0,0,0,0,0,2,0,1,0,1,0,0,2,1,0,0,0,0,2,0,0,0,2,0,1,0,0,0
"PTHR23008",0,0,0,0,1,1,0,0,1,1,0,0,0,0,0,1,1,0,0,0,0,1,1,0,0,0,0,0,0,0,0,0,1,0,0,0,0,0,0,0,0,1,1,0,1
"PTHR23212",0,1,0,0,1,1,0,1,1,1,0,1,1,1,1,1,0,0,1,1,1,1,1,1,1,1,1,1,1,0,1,0,0,1,3,0,0,1,1,1,0,2,1,5,1
"PTHR23263_SF47",0,1,0,0,0,2,0,1,1,0,1,1,0,0,1,0,2,1,0,3,0,1,2,0,1,1,1,0,0,1,3,0,0,0,0,1,0,0,0,2,0,0,0,2,0
"PTHR23267_SF114",0,2,0,0,1,2,0,2,1,1,0,1,0,0,5,0,0,1,0,0,0,1,22,0,0,1,2,0,0,1,24,0,9,1,2,15,0,0,0,23,0,7,0,0,0
"PTHR23267_SF121",0,0,0,0,0,0,1,0,0,1,0,1,0,0,0,1,0,1,0,1,1,0,0,0,0,0,0,0,0,1,0,0,0,0,1,0,0,0,0,0,0,0,0,1,0
"PTHR23267_SF154",0,1,0,0,1,0,0,0,0,1,1,2,1,0,0,0,0,0,0,1,0,0,0,0,0,1,0,0,0,2,0,0,0,0,0,0,0,0,0,0,0,1,0,0,1
"PTHR23268_SF23",0,1,0,1,1,1,2,0,0,1,0,2,0,1,0,2,0,0,0,2,0,0,1,0,0,0,1,3,0,1,1,0,0,0,0,0,1,0,2,0,0,1,0,0,0
"PTHR23304_SF92",0,0,0,0,0,2,5,0,0,3,1,2,22,0,0,0,0,0,0,0,13,0,0,0,0,1,0,0,0,0,0,0,0,0,5,0,0,0,1,0,0,14,0,0,1
"PTHR23320_SF52",0,1,1,0,2,2,0,0,1,1,0,1,1,0,0,0,0,1,1,0,2,0,1,1,0,1,1,1,1,1,0,0,0,1,0,1,0,0,1,1,0,0,0,0,1
"PTHR23430_SF19",0,1,1,1,1,2,1,1,1,1,1,2,2,1,1,2,2,0,1,1,1,1,1,1,1,0,5,1,1,1,3,0,1,1,3,1,0,1,2,1,1,1,2,2,2
"PTHR24023_SF443",0,0,0,1,1,0,0,1,0,0,0,1,1,1,1,1,0,0,1,0,1,0,1,1,1,1,1,0,0,0,0,0,1,1,1,1,1,1,0,1,0,1,0,0,0
"PTHR24027_SF262",0,0,1,0,0,0,0,0,0,0,0,0,0,0,0,2,0,1,1,0,0,1,0,1,0,0,0,1,0,1,0,0,1,1,0,0,1,0,1,1,0,0,0,0,0
"PTHR24028_SF113",0,1,0,1,0,1,0,0,1,0,1,0,0,1,0,1,1,0,1,0,0,1,1,0,1,0,1,1,1,0,0,0,0,0,0,0,0,0,1,1,1,0,1,0,1
"PTHR24068_SF32",0,1,0,0,0,0,0,2,1,0,0,2,0,0,0,0,2,2,0,0,0,1,2,0,0,0,1,0,0,0,2,0,0,0,0,1,0,0,0,1,0,1,0,0,0
"PTHR24073_SF314",0,1,0,0,1,0,0,1,0,0,0,0,0,0,0,0,0,0,0,0,0,0,1,0,0,0,0,0,0,0,0,0,0,0,0,0,0,0,0,0,0,0,0,0,1
"PTHR24100_SF54",0,1,0,0,0,0,0,0,0,0,0,0,0,0,0,0,1,0,0,0,0,0,2,0,1,0,2,0,0,1,0,0,1,0,0,2,0,0,0,1,0,0,0,0,0
"PTHR24139_SF32",0,0,0,0,0,0,0,0,0,1,0,0,0,0,0,1,0,0,0,1,0,0,0,0,0,0,1,0,0,0,0,0,0,0,1,0,0,0,0,1,0,0,0,1,1
"PTHR24166_SF25",0,1,0,1,1,1,0,0,0,1,1,1,1,1,1,1,0,1,0,0,1,0,1,1,1,1,1,0,1,1,1,0,0,1,1,1,1,0,1,1,0,0,0,1,1
"PTHR24207_SF2",0,0,0,0,0,0,0,0,0,0,0,0,0,0,0,0,0,0,0,0,0,0,0,0,0,0,0,0,0,0,0,0,0,0,0,0,0,0,0,0,0,1,0,0,1
"PTHR24221_SF138",0,0,0,0,0,0,0,0,0,0,0,0,0,0,0,0,0,0,1,0,0,0,0,0,0,0,0,0,0,4,0,0,0,0,0,0,0,0,0,0,0,1,0,0,0
"PTHR24300_SF134",0,1,0,0,0,0,1,1,1,0,0,0,0,1,0,0,1,0,0,0,0,1,1,0,1,0,1,0,0,1,1,1,1,0,1,1,1,0,1,1,0,1,0,1,0
"PTHR24365_SF256",0,1,1,0,1,1,1,1,1,1,1,1,1,1,1,2,1,1,1,1,1,0,1,1,1,1,1,1,1,1,1,1,1,1,1,1,1,1,1,1,0,1,1,1,1
"PTHR24377_SF192",0,1,0,0,0,0,0,0,0,0,0,0,0,0,0,0,0,0,0,0,0,0,1,0,0,0,0,0,0,0,0,0,0,0,0,0,0,0,0,2,0,0,0,0,0
"PTHR24377_SF222",0,1,1,1,1,1,1,1,1,1,0,0,0,0,1,0,1,0,0,0,0,0,3,0,0,1,1,0,1,0,1,1,1,1,4,1,1,0,1,1,2,0,0,3,0
"PTHR24377_SF234",0,1,0,0,0,1,1,0,0,0,0,0,0,0,0,1,0,0,0,0,1,0,0,0,0,1,0,0,0,1,0,0,0,0,0,0,1,0,0,0,1,2,0,0,1
"PTHR24377_SF281",0,0,0,0,2,1,0,0,1,1,1,1,0,0,0,0,2,0,1,1,1,1,0,0,0,0,1,0,0,0,1,1,0,1,0,0,0,0,1,0,0,0,0,0,0
"PTHR25952_SF187",0,6,0,0,0,3,0,0,0,0,0,0,0,0,0,0,0,0,0,0,0,0,0,0,0,0,0,0,0,2,0,0,0,0,0,0,0,0,0,0,0,0,0,0,0
"PTHR26451_SF21",0,1,0,0,0,0,0,0,0,0,0,0,0,0,0,0,0,10,0,0,0,0,0,0,0,0,0,0,0,1,0,0,0,0,0,0,0,0,0,0,0,1,0,0,0
"PTHR26451_SF247",0,1,0,0,0,1,0,0,0,1,1,0,1,0,0,1,0,1,0,1,0,0,0,0,0,1,0,0,1,1,0,0,1,0,1,0,1,1,1,0,0,0,0,0,0
"PTHR31968",0,0,0,0,0,1,0,1,1,1,0,0,1,0,1,1,1,1,0,0,0,0,1,0,0,0,0,0,0,1,0,1,1,0,0,1,0,0,0,1,0,1,0,0,2
"TF332563",0,0,1,0,0,0,0,0,0,0,1,1,0,0,0,1,0,0,1,0,0,0,1,1,0,0,0,0,0,0,1,0,0,1,1,0,0,0,0,1,0,1,1,1,0
"TF336881",0,1,0,0,0,0,1,0,0,1,1,1,1,1,1,1,1,1,0,0,1,0,1,0,0,0,1,0,0,1,1,0,1,0,0,1,1,1,1,1,0,0,0,0,0
"TF337660",0,1,0,0,1,1,1,1,1,1,1,1,1,1,0,1,1,1,0,1,1,1,1,1,1,1,1,0,1,0,0,0,1,0,1,1,1,1,1,1,0,1,1,1,1
"TF337787",0,0,0,0,0,0,1,0,0,0,0,1,1,1,0,1,0,0,1,0,0,0,1,1,0,0,1,1,0,0,0,0,0,1,0,1,1,1,1,0,0,1,0,0,0
"TF339060",0,1,0,1,2,1,1,0,1,2,1,1,2,0,0,1,0,0,1,0,1,1,2,1,1,1,1,0,2,1,0,1,2,1,1,0,0,1,0,0,0,2,0,1,2
"TF339061",0,1,0,0,2,2,0,0,6,0,0,0,0,0,0,0,0,0,4,0,11,0,0,0,0,0,0,2,0,6,1,0,0,2,0,0,0,0,0,0,0,0,0,0,4
"TF353567",0,0,0,0,1,0,1,0,0,0,1,1,1,0,0,0,0,1,0,0,1,0,0,0,0,0,1,0,1,0,1,0,0,0,0,1,0,0,0,0,0,0,0,0,0
"TF353708",0,0,0,0,1,0,1,0,0,1,1,1,1,0,0,0,0,0,0,0,1,0,0,0,1,0,1,0,1,0,0,0,0,0,0,0,0,0,0,1,0,1,0,0,1
"TF602902",0,2,0,0,2,2,1,0,1,2,2,2,2,1,2,2,2,2,2,1,2,0,3,2,1,1,2,1,0,1,1,1,2,2,1,1,0,2,2,2,0,2,1,2,0
"TF604464",0,1,0,0,0,0,1,0,0,4,2,1,1,0,0,0,0,0,0,0,21,0,0,0,0,0,0,0,0,24,23,0,0,0,7,0,0,0,0,0,0,1,0,0,1
"TF605960",0,4,0,0,0,5,7,0,1,15,0,1,1,0,0,0,0,0,2,0,30,0,0,0,0,2,0,0,1,14,18,0,0,0,1,0,0,0,0,0,0,2,0,1,0
"TF608307",0,1,0,0,0,0,0,0,0,0,0,0,0,0,0,0,0,0,0,0,0,0,0,0,0,0,0,0,0,1,0,0,0,0,1,0,0,0,0,0,0,0,0,1,0
"TF608661",0,0,0,0,0,0,1,0,1,0,0,0,0,0,0,0,0,0,0,0,2,0,0,0,0,0,0,0,0,0,1,0,0,0,1,0,0,0,0,0,0,6,0,2,1
"TF608715",0,2,0,0,1,1,1,0,0,0,0,0,4,0,0,0,0,0,0,0,6,0,0,0,0,0,0,0,0,1,0,0,0,0,0,0,0,0,0,0,0,1,0,3,0
"TF613402",0,0,0,0,4,0,0,0,0,0,1,5,10,1,1,0,1,0,0,0,6,0,0,0,0,0,0,0,1,0,4,0,0,0,1,0,0,0,0,0,0,8,2,0,4
"TF617544",0,1,0,0,1,1,0,0,0,1,1,1,1,0,0,0,0,0,0,0,0,0,0,0,0,1,0,0,1,1,0,0,0,0,1,0,0,0,0,0,0,1,0,1,1
"TF622760",0,1,0,0,0,1,0,0,0,0,0,0,0,1,0,1,0,0,1,1,1,0,1,1,1,1,0,0,0,1,0,0,0,1,0,0,0,0,0,0,0,0,0,0,0
"TF626791",0,1,0,0,0,0,0,0,0,1,1,0,0,0,0,0,0,1,0,1,0,0,0,0,0,0,1,0,0,1,0,0,1,0,1,1,0,1,0,1,0,0,0,1,0
"TF627558",0,1,0,0,0,1,1,0,0,1,1,1,1,1,0,1,1,1,0,0,1,0,1,0,1,0,1,0,1,0,0,0,1,0,0,0,0,1,1,1,0,1,0,0,0
"TF630019",0,1,0,0,0,1,0,1,1,0,0,0,0,0,1,0,1,0,0,0,1,1,1,0,0,0,1,0,0,0,1,0,0,0,0,1,0,0,0,0,0,0,0,1,1
"TF630986",0,1,0,0,0,2,1,0,0,1,1,0,0,0,0,1,0,0,0,0,0,0,1,0,0,0,0,0,1,0,1,0,0,0,0,0,1,0,1,0,0,0,0,0,1
"TF637515",0,1,0,0,9,1,0,0,0,0,0,1,0,0,0,0,0,0,0,0,1,0,0,0,0,1,0,0,0,2,3,0,0,0,0,0,0,0,0,0,0,1,0,0,2
"TF641023",0,1,0,0,0,1,0,0,0,1,0,0,1,0,0,0,0,1,0,0,0,0,0,0,0,0,0,0,0,0,0,0,0,0,0,1,0,1,0,0,0,0,0,0,0
"TF644438",0,0,0,0,0,1,0,1,0,0,0,0,0,0,1,0,1,0,1,0,0,1,1,0,0,0,0,0,1,0,0,0,0,0,0,2,0,0,0,0,0,1,0,0,1
"TF644523",0,0,0,0,0,0,0,0,0,0,0,0,0,0,0,0,0,0,1,0,3,0,0,1,0,0,0,0,0,0,2,0,0,0,0,0,0,0,1,0,0,0,0,0,0
"TF645310",0,1,0,1,0,1,1,0,0,0,1,1,1,0,0,1,0,0,1,0,1,1,1,1,1,0,1,1,0,0,0,0,0,1,0,1,0,0,1,1,0,0,0,0,0
"TF649811",0,1,0,0,0,0,0,0,0,0,1,1,1,1,0,1,0,0,0,0,1,1,1,0,0,0,1,0,1,0,1,0,0,0,1,1,0,1,1,0,0,0,0,0,0
"TF652528",0,0,0,1,1,0,0,0,0,0,0,0,0,0,0,1,0,0,0,0,0,0,0,0,0,0,0,0,0,0,0,1,0,0,0,0,0,0,0,0,0,1,0,0,0
"TF654622",0,0,1,0,0,0,0,0,0,0,0,0,0,1,0,0,0,1,0,0,0,0,1,0,0,0,0,1,0,1,0,0,0,0,1,0,1,0,1,0,0,0,0,0,0
"TF659919",0,0,0,0,0,1,0,0,0,0,0,0,0,0,0,0,0,0,0,0,0,0,0,0,0,0,0,0,0,0,0,0,0,0,0,0,0,0,0,1,0,0,0,0,0
"TF661740",0,0,0,0,0,1,0,1,1,0,0,0,1,0,1,1,0,0,0,0,0,0,1,0,1,0,1,0,0,0,0,1,0,0,0,0,0,0,0,1,0,0,0,0,0
"TF662988",0,0,0,0,0,0,0,0,0,0,0,0,0,0,0,0,0,0,0,0,0,0,0,0,0,0,0,0,0,1,0,0,0,0,0,0,0,0,0,0,0,0,0,0,0
"PTHR10024_SF179",0,1,0,0,0,1,1,0,1,1,1,1,1,1,1,1,0,0,1,0,1,0,1,1,0,0,1,1,1,1,0,1,1,1,1,1,0,1,1,1,0,1,0,2,0
"PTHR10127_SF311",0,1,1,0,0,1,1,0,0,1,1,1,0,1,0,1,0,0,1,0,1,1,0,1,0,0,0,1,0,0,0,0,0,1,1,0,1,0,1,0,0,1,0,0,0
"PTHR10290_SF0",0,1,1,0,0,0,0,1,1,0,1,1,0,1,0,1,0,0,1,0,1,1,1,1,1,0,1,1,0,1,0,1,1,1,1,1,1,0,1,1,0,1,0,1,0
"PTHR10290_SF3",0,1,0,0,0,0,0,0,0,0,0,0,0,0,0,0,0,0,0,0,0,0,0,0,0,0,0,0,0,0,0,0,0,0,0,0,0,0,0,0,0,0,0,0,0
"PTHR10357_SF116",0,2,0,0,0,0,0,0,0,0,0,0,0,0,0,0,0,0,0,0,0,0,0,0,0,0,0,0,0,0,0,0,0,0,0,0,0,0,0,0,0,0,0,0,0
"PTHR10898_SF10",0,1,0,0,0,0,0,0,0,0,0,0,0,0,1,0,0,0,0,0,0,0,0,0,0,0,0,0,0,0,0,1,0,1,0,0,0,0,0,0,0,1,0,0,0
"PTHR10909_SF216",0,1,0,0,0,0,0,0,0,0,0,0,0,0,0,0,1,0,1,0,0,0,0,0,0,0,0,0,0,1,0,0,0,0,0,0,0,0,0,0,0,0,0,0,0
"PTHR11071_SF227",0,1,1,0,0,0,0,0,0,0,0,0,0,0,0,0,0,0,0,1,0,0,0,0,0,0,0,0,0,0,0,0,0,1,0,0,0,0,0,0,0,0,0,0,0
"PTHR11267_SF80",0,1,0,0,0,0,0,0,0,0,0,0,0,1,0,0,0,0,1,0,0,0,1,0,0,0,0,0,0,0,0,0,0,0,0,0,0,0,0,0,0,0,0,0,0
"PTHR11442_SF7",0,1,1,1,0,1,0,0,0,0,1,0,0,1,0,1,0,0,1,0,0,0,1,1,0,0,1,0,1,0,0,0,0,1,1,0,1,0,1,1,1,0,0,2,0
"PTHR11710_SF2",0,1,0,1,2,1,0,0,0,0,0,0,0,1,0,1,0,0,1,0,0,1,0,0,0,0,2,1,0,0,1,1,0,1,0,1,3,1,3,3,1,0,0,0,0
"PTHR11736_SF53",0,1,0,0,1,0,1,0,0,1,1,1,1,1,1,1,0,4,0,1,1,0,0,0,0,0,0,0,1,1,1,0,0,0,0,1,0,0,0,0,0,1,3,0,1
"PTHR11736_SF73",0,1,0,0,1,0,1,0,0,0,1,1,1,0,0,0,0,0,0,0,1,0,0,0,0,0,0,0,0,0,1,0,0,0,0,0,0,2,0,0,0,0,0,0,0
"PTHR12673_SF68",0,1,0,1,0,0,0,0,0,0,2,0,0,0,0,1,0,1,0,0,0,0,1,0,0,1,2,0,0,0,0,0,0,0,1,1,0,0,0,0,1,0,0,1,1
"PTHR12773_SF1",0,1,0,0,0,0,0,0,0,0,1,1,0,1,0,0,0,0,0,0,0,0,0,0,0,0,0,0,0,0,1,0,0,0,0,0,1,0,1,0,0,0,0,0,0
"PTHR13420_SF0",0,1,0,0,0,0,0,0,0,0,0,0,0,0,0,0,0,0,0,0,0,0,0,0,0,0,0,0,0,0,0,0,0,0,0,0,0,0,0,0,0,0,0,0,0
"PTHR13585",0,1,0,0,1,0,0,0,0,0,1,0,1,0,0,0,0,1,1,0,0,0,0,0,0,0,0,0,1,0,0,0,0,0,0,0,0,0,0,0,0,0,0,0,0
"PTHR13976_SF36",0,1,0,0,0,0,1,0,0,1,0,0,0,0,0,0,0,0,0,0,0,0,0,0,0,0,0,0,0,0,0,0,0,0,0,0,0,0,0,0,0,0,0,0,0
"PTHR14003_SF9",0,1,0,0,1,0,0,0,1,0,1,0,0,0,0,2,0,0,0,0,1,0,1,0,1,0,0,0,0,0,1,0,0,0,0,1,1,0,0,0,0,1,0,0,0
"PTHR14317",0,1,0,0,0,1,0,1,0,0,0,0,1,0,0,1,1,0,0,1,0,0,1,1,1,0,1,1,1,1,0,0,0,1,0,1,0,1,0,1,0,0,1,0,1
"PTHR15057",0,1,0,0,0,0,0,0,0,0,0,0,0,3,0,6,0,0,1,0,0,0,0,0,0,0,0,0,0,0,0,0,0,0,0,0,3,0,3,0,0,0,0,0,0
"PTHR15344_SF13",0,1,0,0,1,1,1,0,0,1,1,1,1,0,1,4,1,1,0,0,0,0,1,1,1,0,1,0,0,1,0,0,1,1,0,1,0,1,2,1,0,1,1,0,1
"PTHR15377_SF3",0,1,0,0,0,0,0,0,0,0,0,0,0,0,0,0,0,0,0,0,0,0,0,0,0,0,0,0,0,0,0,1,0,0,0,0,0,0,0,0,0,0,0,0,0
"PTHR19328_SF24",0,1,0,1,0,0,0,0,1,0,0,0,0,0,0,0,1,0,0,0,0,1,0,0,0,0,1,0,0,0,1,1,1,1,0,0,0,0,0,0,0,1,0,0,0
"PTHR19959_SF116",0,1,0,0,0,0,0,0,0,0,0,0,0,0,0,0,0,0,0,0,0,0,0,0,0,0,0,0,0,1,0,0,0,0,0,0,0,0,0,0,0,0,0,0,0
"PTHR21521",0,1,0,0,0,0,0,0,0,0,1,0,0,0,0,0,0,1,0,0,0,0,0,0,0,0,0,0,0,1,0,0,0,0,1,0,0,0,0,0,0,1,0,1,0
"PTHR21845",0,1,0,1,0,1,1,1,1,0,0,0,0,0,1,1,0,1,1,0,1,0,1,1,1,0,0,0,0,1,0,0,1,1,0,1,0,0,1,1,0,1,0,0,0
"PTHR23067_SF40",0,1,0,0,1,0,1,0,0,0,0,0,0,0,0,0,0,0,0,0,1,0,0,0,0,0,0,0,0,1,0,0,0,0,0,0,0,0,0,0,0,1,0,0,1
"PTHR23097_SF84",0,1,0,0,1,3,0,1,0,0,0,2,1,0,0,0,0,0,0,3,0,0,3,0,2,1,2,0,1,2,0,0,0,0,1,1,0,0,0,1,0,1,0,2,1
"PTHR23115_SF99",0,1,0,0,0,0,1,0,2,0,0,0,0,0,1,0,0,1,0,0,0,1,0,0,1,0,0,0,0,0,1,1,0,0,1,1,0,0,0,0,0,0,0,0,0
"PTHR23213_SF185",0,1,0,1,1,2,1,1,2,1,1,1,1,1,4,1,1,0,1,0,1,1,1,1,1,1,1,1,1,1,1,1,1,1,1,1,0,1,1,0,1,1,1,2,0
"PTHR23231_SF15",0,2,0,0,0,0,0,0,0,1,0,0,0,0,0,0,0,0,0,2,0,0,0,0,0,0,1,0,0,1,1,0,1,0,0,1,0,0,0,1,0,2,0,0,0
"PTHR23263_SF24",0,2,1,0,0,0,0,1,1,1,0,0,0,0,0,0,0,0,0,0,1,0,6,1,0,0,1,0,0,0,0,0,0,1,0,0,0,0,0,2,0,0,0,0,0
"PTHR23263_SF43",0,1,0,0,0,0,1,0,0,0,0,0,0,1,0,2,1,0,0,0,0,0,0,0,3,0,1,0,0,0,0,0,1,0,0,3,2,0,2,0,0,0,0,0,0
"PTHR23266_SF70",0,1,0,0,0,0,0,0,0,0,0,0,1,0,0,0,0,0,0,1,0,0,0,0,0,0,0,0,0,0,1,0,0,0,0,0,0,0,0,0,0,1,0,0,0
"PTHR23430_SF45",0,5,0,0,0,0,0,0,0,0,0,0,0,0,0,0,0,0,0,0,0,0,0,0,0,0,0,0,0,0,0,0,0,0,0,0,0,0,0,0,0,0,0,0,0
"PTHR24023_SF397",0,1,0,0,0,0,0,0,0,0,0,0,0,0,0,1,0,0,0,0,0,0,0,0,0,0,0,0,0,0,0,0,0,0,0,0,0,0,0,0,0,1,0,0,0
"PTHR24028_SF66",0,1,1,1,0,1,0,0,0,0,0,0,0,0,1,1,0,0,1,0,0,0,1,0,1,1,1,0,0,0,1,1,0,1,0,1,0,0,1,1,0,1,0,0,1
"PTHR24035_SF99",0,1,0,0,0,0,0,0,0,0,0,0,0,0,1,0,1,0,0,0,0,0,1,0,1,1,0,0,0,1,1,0,0,0,0,1,0,0,0,1,0,0,0,0,0
"PTHR24067_SF88",0,1,0,0,0,0,0,0,0,0,1,0,0,0,0,0,0,0,0,0,0,0,0,0,0,0,0,0,0,0,0,0,0,0,0,0,0,0,0,0,0,0,0,0,0
"PTHR24077_SF199",0,1,0,0,1,1,0,1,0,0,1,1,0,0,1,0,0,1,0,1,0,0,1,0,0,1,1,0,1,1,1,1,0,0,1,1,0,1,0,1,0,1,0,0,1
"PTHR24242_SF165",0,2,0,0,1,0,0,0,0,2,0,2,1,0,3,0,0,4,0,1,0,0,0,0,0,2,0,0,0,0,1,0,2,0,0,0,0,0,0,0,0,3,0,0,0
"PTHR24242_SF177",0,1,0,0,0,0,1,0,1,1,1,1,0,0,0,0,1,1,0,0,0,0,1,0,0,1,1,0,1,0,1,1,0,0,0,2,0,0,0,1,0,1,0,0,0
"PTHR24242_SF197",0,1,0,0,0,0,0,0,0,0,0,1,1,0,1,0,0,11,0,0,0,0,0,0,0,0,0,0,0,0,1,0,0,0,0,0,0,0,0,0,0,1,0,1,0
"PTHR24242_SF199",0,1,0,0,2,0,0,0,0,1,2,0,1,0,1,0,0,2,0,1,0,0,0,0,0,3,0,0,1,2,1,0,0,0,0,0,0,1,0,0,0,4,0,0,2
"PTHR24346_SF23",0,1,0,0,0,0,0,0,0,1,0,0,0,0,0,1,0,1,0,0,0,0,0,0,0,0,0,0,0,0,2,0,0,0,0,1,0,0,0,0,0,0,0,0,0
"PTHR24356_SF147",0,1,0,1,0,0,0,0,0,0,0,0,0,0,0,0,0,0,0,0,0,0,0,0,0,0,0,0,0,0,0,0,0,0,0,0,0,0,0,0,0,0,0,0,0
"PTHR24357_SF59",0,1,0,0,0,0,0,0,0,1,0,0,1,0,0,2,0,1,1,0,1,0,2,0,0,0,0,0,0,1,0,0,0,1,0,0,1,0,1,0,0,1,0,1,1
"PTHR24365_SF66",0,1,0,0,0,0,1,0,1,1,0,0,0,0,0,0,0,0,1,0,0,0,0,1,1,0,0,0,0,0,0,1,0,0,0,0,0,0,0,1,0,0,0,0,0
"PTHR24377_SF163",0,1,0,0,0,0,0,0,0,0,0,0,0,0,0,0,0,0,0,1,0,0,0,0,0,0,0,0,0,0,0,0,0,0,0,0,0,0,0,0,0,0,0,0,0
"PTHR24377_SF187",0,1,2,0,0,0,0,0,0,0,0,0,0,2,0,2,0,0,1,0,1,0,0,1,0,0,0,2,0,0,0,0,0,1,0,0,1,0,2,0,0,0,0,0,0
"PTHR24381_SF21",0,3,0,0,0,4,0,0,0,0,0,0,0,1,0,2,0,1,0,0,0,0,0,0,0,0,0,1,0,0,0,0,1,0,0,0,0,0,0,0,0,0,0,0,0
"PTHR24381_SF80",0,1,0,0,0,0,0,0,0,0,0,0,0,0,0,0,0,0,0,0,0,0,0,0,0,0,0,0,0,0,0,0,0,0,0,0,0,0,0,1,0,0,1,0,0
"PTHR26374_SF147",0,1,0,0,0,1,0,0,0,0,0,0,0,0,0,0,0,0,0,0,0,0,0,0,0,0,0,0,0,1,0,0,0,0,0,0,0,0,0,0,0,0,0,0,0
"PTHR26451_SF133",0,1,0,0,0,0,0,0,0,14,1,1,0,0,0,0,0,2,0,0,0,0,0,0,0,0,0,0,0,0,0,0,0,0,0,0,0,0,0,0,0,1,0,0,0
"PTHR26451_SF143",0,1,0,0,1,0,0,0,0,1,0,1,1,0,0,0,0,4,0,0,0,0,0,0,0,1,0,0,0,0,0,0,0,0,0,0,0,1,0,0,0,0,0,0,0
"PTHR26451_SF196",0,1,0,1,1,0,0,1,1,1,0,0,1,0,1,1,1,2,0,1,0,0,1,0,0,1,1,0,0,0,0,0,1,0,0,1,1,1,1,1,0,0,0,0,0
"PTHR26451_SF242",0,1,0,0,0,0,1,1,0,0,0,1,1,0,0,0,1,0,0,1,0,0,1,0,0,0,1,0,0,1,1,0,1,0,1,1,0,0,0,1,0,2,0,5,0
"PTHR26451_SF324",0,1,1,0,0,1,1,0,0,1,1,2,0,1,1,1,1,0,0,0,0,0,0,0,0,1,0,0,1,0,0,1,2,0,0,0,1,1,1,0,1,1,0,0,0
"TF336258",0,1,0,0,1,0,0,0,0,0,0,0,0,0,0,0,0,1,0,0,0,0,0,0,0,0,1,0,0,0,0,0,0,0,0,0,0,0,0,0,0,0,0,1,0
"TF340906",0,1,0,0,0,1,1,0,0,0,1,1,1,1,0,0,0,0,1,0,1,0,0,1,0,0,0,1,1,0,0,0,0,1,0,0,1,1,2,0,0,0,0,0,1
"TF341933",0,1,0,1,1,0,0,0,0,1,0,2,1,1,0,1,0,1,0,0,1,0,0,0,0,0,0,1,0,1,0,0,0,0,0,0,1,0,1,0,0,0,0,0,1
"TF343624",0,1,1,0,0,0,0,0,0,0,0,0,0,0,0,1,0,0,0,0,1,0,1,0,0,0,0,0,0,0,0,0,1,0,0,0,0,1,0,0,0,1,0,0,0
"TF350684",0,1,0,0,1,1,1,0,0,0,2,1,1,1,0,0,0,0,0,0,1,0,0,1,0,0,0,0,1,0,0,0,0,0,0,0,1,1,1,0,0,0,0,0,0
"TF601711",0,1,0,0,0,0,4,0,0,0,0,1,3,0,0,0,0,0,0,0,14,0,0,0,0,0,0,0,0,7,2,0,0,0,0,0,0,0,0,0,0,4,0,1,0
"TF621433",0,1,1,2,0,0,2,0,0,0,0,0,0,0,0,0,0,0,4,0,0,0,0,0,1,0,3,0,0,0,0,0,0,0,1,2,1,0,0,0,0,0,0,2,0
"TF624196",0,3,0,0,0,0,0,0,0,0,0,0,0,0,0,0,0,0,0,0,0,0,0,0,0,0,0,0,0,0,0,0,0,0,0,0,0,0,0,0,0,0,0,0,0
"TF624586",0,1,0,0,0,0,0,0,0,0,1,0,0,0,0,2,0,0,0,0,0,0,0,0,0,0,0,0,0,0,0,0,0,0,0,0,0,0,0,0,0,0,0,0,0
"TF629195",0,1,1,1,1,0,0,0,0,1,0,1,0,1,0,1,0,0,1,0,1,1,1,1,0,0,0,1,1,1,0,0,0,1,0,0,1,1,1,0,1,1,0,0,1
"TF631805",0,1,0,2,1,1,1,0,1,0,1,1,1,0,1,1,0,1,0,0,0,0,1,1,1,0,1,1,1,1,0,1,0,1,0,0,0,1,1,0,0,0,0,1,0
"TF632110",0,1,0,0,0,0,0,0,0,0,1,0,0,0,0,0,0,0,0,0,0,0,0,0,0,0,1,0,0,0,0,0,0,0,0,0,0,0,0,0,0,0,0,0,1
"TF635814",0,1,0,0,0,1,0,0,0,0,0,0,1,0,0,0,0,0,0,1,0,0,1,0,0,1,0,0,0,1,0,0,0,0,1,0,0,0,0,0,0,0,0,0,1
"TF637054",0,1,0,0,0,0,0,0,0,1,0,0,0,0,0,0,0,0,0,0,0,0,1,0,0,0,0,0,0,0,0,0,0,0,0,0,0,0,0,0,0,0,0,0,0
"TF638119",0,1,0,0,0,0,0,0,0,0,0,0,0,0,0,0,0,0,0,0,0,0,0,0,0,0,0,0,0,0,0,0,0,0,0,0,0,0,0,0,0,0,0,0,0
"TF640417",0,2,0,0,0,0,2,0,0,0,0,0,0,0,0,0,0,0,0,0,5,0,0,0,0,0,0,0,1,2,22,0,0,0,4,0,0,0,0,1,0,0,0,5,2
"TF642738",0,1,0,0,0,0,0,0,0,0,0,0,0,0,0,0,0,1,0,0,0,0,0,0,0,0,0,0,0,0,0,0,0,0,0,0,0,0,0,0,0,0,0,0,1
"TF645503",0,1,0,0,0,0,0,0,0,0,0,0,0,0,0,0,0,1,0,1,0,0,0,0,0,0,0,0,0,1,0,0,0,0,1,0,0,0,0,0,0,0,0,0,0
"TF649151",0,1,0,0,0,1,0,0,1,0,1,0,0,0,1,1,0,0,0,0,0,0,0,0,0,0,0,0,0,0,1,0,0,0,0,0,1,0,0,0,0,0,0,1,1
"TF652605",0,1,0,0,0,0,0,0,0,0,0,1,1,0,0,0,0,0,0,0,1,0,0,0,0,0,1,0,0,0,0,0,0,0,1,0,0,0,0,0,0,0,0,0,0
"PTHR10179_SF36",0,0,1,1,0,0,1,0,0,0,0,0,0,1,0,1,0,0,1,0,1,0,0,2,0,0,0,1,0,0,0,0,0,1,0,0,1,0,1,0,0,0,0,0,0
"PTHR10179_SF38",0,0,2,1,0,0,1,0,0,0,0,0,0,2,0,2,0,0,2,0,2,0,0,2,0,0,0,2,0,0,0,0,0,2,0,0,2,0,2,0,1,0,0,0,0
"PTHR10454_SF130",0,0,1,0,0,0,1,0,0,1,0,0,0,0,0,2,0,0,1,0,1,0,0,1,0,0,0,0,0,0,0,0,0,1,1,0,1,0,1,0,0,0,0,1,0
"PTHR10514_SF17",0,0,1,0,0,0,0,0,0,0,0,0,0,1,0,2,0,0,1,0,0,0,0,1,0,0,0,1,0,0,0,0,0,1,1,0,1,0,1,0,0,0,0,0,0
"PTHR10547",0,0,2,1,0,0,1,0,0,0,0,0,0,2,0,2,0,0,2,0,2,0,3,2,2,0,1,0,0,0,0,0,0,2,0,1,2,0,2,6,1,0,0,0,0
"PTHR10676_SF233",0,0,1,1,0,0,0,1,1,0,0,0,0,1,1,1,1,0,1,0,0,1,1,1,1,0,0,1,0,0,0,1,0,1,0,0,1,0,1,0,1,0,0,0,0
"PTHR10694_SF39",0,0,1,0,0,0,0,0,1,0,0,0,0,1,0,1,0,1,1,0,0,1,1,1,0,0,1,1,0,0,0,1,0,1,1,0,1,0,1,2,0,0,0,2,0
"PTHR10804_SF89",0,0,1,0,0,0,0,0,0,0,0,0,0,0,0,0,0,0,1,0,0,0,0,0,0,0,0,0,0,0,0,0,0,0,0,0,0,0,0,0,0,0,0,0,0
"PTHR10849_SF14",0,0,1,0,1,0,0,0,0,0,0,0,0,0,0,1,0,0,1,0,0,1,0,1,1,0,0,1,0,0,0,0,0,0,0,0,1,1,0,0,0,0,0,1,0
"PTHR10953_SF140",0,0,1,0,0,0,0,0,0,0,0,0,0,0,0,1,0,0,1,0,0,1,0,1,0,0,0,0,0,0,0,1,0,1,0,0,1,0,1,0,1,1,0,0,0
"PTHR11178_SF19",0,0,1,0,0,0,0,0,0,0,0,0,0,0,0,1,0,0,0,0,0,1,0,0,0,0,0,0,0,1,0,0,0,0,0,0,0,0,0,0,0,0,0,0,0
"PTHR11571_SF115",0,0,2,0,0,0,1,0,0,0,0,0,0,2,0,2,0,0,1,0,1,0,0,1,0,0,0,1,0,0,0,0,0,1,0,0,3,0,3,0,0,0,0,0,0
"PTHR11571_SF117",0,0,1,1,0,0,0,1,1,0,0,0,0,2,3,1,2,0,1,0,0,1,4,0,3,0,1,2,0,0,3,4,1,1,0,4,1,0,1,5,1,0,0,0,0
"PTHR11571_SF131",0,0,1,0,0,0,0,0,0,0,0,0,0,1,0,1,3,0,1,0,1,0,1,1,1,0,1,1,0,0,2,0,1,0,0,3,1,0,1,2,0,0,0,0,0
"PTHR11588_SF80",0,0,1,0,0,0,0,0,0,0,0,0,0,1,0,0,0,0,0,0,0,0,0,1,0,0,0,1,0,0,0,0,0,0,0,1,1,0,0,0,1,0,0,0,0
"PTHR11639_SF44",0,0,1,0,0,0,0,0,0,0,0,0,0,1,0,1,0,0,1,0,2,0,0,1,0,0,0,0,0,0,0,0,0,0,0,0,1,0,1,0,0,0,0,0,0
"PTHR11695_SF401",0,0,1,0,1,0,0,0,0,0,0,0,0,0,0,0,0,0,1,0,0,0,0,0,0,0,0,0,0,0,0,2,0,0,0,0,1,0,0,0,0,0,0,0,0
"PTHR11732_SF153",0,0,1,0,0,0,0,0,0,0,0,0,0,1,0,1,0,0,0,0,0,0,0,0,0,0,0,1,0,0,0,0,0,0,0,0,1,0,1,0,0,0,0,0,0
"PTHR11736_SF47",0,0,1,1,0,0,0,0,0,0,0,0,0,1,0,1,0,0,1,0,1,0,0,1,0,0,0,1,0,0,0,0,0,1,0,0,1,0,1,0,1,0,0,0,0
"PTHR11736_SF49",0,0,1,0,0,0,0,0,0,0,0,0,0,1,0,1,0,0,1,0,0,0,0,1,0,0,0,0,0,0,0,0,0,0,0,0,0,0,1,0,0,0,0,0,0
"PTHR11736_SF60",0,0,1,1,0,0,0,0,0,0,0,0,0,0,0,2,0,0,2,0,2,0,0,0,0,0,0,0,0,0,0,0,0,2,0,0,0,0,1,0,0,0,0,0,0
"PTHR11736_SF71",0,0,1,0,0,0,0,0,0,0,0,0,0,1,0,1,0,0,1,0,2,0,0,2,0,0,0,1,0,0,0,0,0,4,0,0,1,0,2,0,1,0,0,0,0
"PTHR11736_SF75",0,0,1,0,0,0,1,0,0,0,0,0,0,1,0,1,0,0,1,0,0,0,0,1,0,0,0,0,0,0,0,0,0,1,0,0,1,0,1,0,0,0,0,0,0
"PTHR11785_SF238",0,0,1,0,0,0,0,1,1,0,1,1,0,1,1,1,1,0,1,0,1,1,1,1,1,0,1,1,0,0,1,1,1,1,0,2,1,1,1,1,0,1,1,0,0
"PTHR11818_SF40",0,0,1,0,0,0,0,0,0,0,0,0,0,0,0,0,0,0,0,0,0,0,0,0,0,0,0,0,0,0,0,0,0,0,1,0,0,0,0,0,0,0,0,2,0
"PTHR11860_SF46",0,0,1,1,0,0,0,0,0,0,0,0,0,1,0,1,0,0,1,0,2,1,0,1,0,0,0,0,0,0,0,0,0,1,0,0,1,0,1,0,0,0,0,0,0
"PTHR11909_SF139",0,0,1,0,0,0,1,0,0,0,0,0,0,1,0,1,0,0,1,0,1,0,0,1,0,0,0,1,0,0,0,0,0,1,0,0,1,0,1,0,0,0,0,0,0
"PTHR11926_SF178",0,0,1,0,0,0,0,0,0,0,0,0,0,2,0,3,0,3,1,1,0,3,0,1,0,1,0,1,1,0,0,0,0,1,0,0,1,0,2,0,0,0,0,0,0
"PTHR11929_SF137",0,0,2,1,0,0,0,0,0,0,0,0,0,3,1,3,0,0,2,0,1,0,0,2,0,0,0,0,0,0,0,0,1,3,0,0,2,0,2,0,1,0,0,0,0
"PTHR12138_SF14",0,0,1,0,0,0,4,0,0,0,0,0,0,2,0,2,0,0,3,0,90,0,0,3,0,0,0,0,0,0,0,0,0,3,0,0,1,0,2,0,0,0,0,0,0
"PTHR12138_SF15",0,0,1,0,0,0,11,0,0,0,0,0,0,2,0,2,0,0,0,0,39,0,0,0,0,0,0,2,0,0,0,0,0,0,0,0,3,0,3,0,0,0,0,0,0
"PTHR12138_SF30",0,0,1,1,0,0,30,0,0,0,0,0,0,2,0,5,0,0,2,0,32,0,0,2,0,0,0,1,0,0,0,0,0,2,0,0,2,0,1,0,0,0,0,0,0
"PTHR12156_SF20",0,0,1,1,0,0,0,0,0,0,0,0,0,1,0,1,0,0,1,0,1,0,0,1,0,0,0,1,0,0,0,0,0,1,0,0,1,0,1,0,0,0,0,0,0
"PTHR12442_SF35",0,0,1,0,0,0,0,0,0,0,1,0,0,1,0,1,1,0,0,0,0,0,0,0,0,0,1,1,0,0,0,0,0,1,0,0,0,0,0,0,1,1,1,0,0
"PTHR13000_SF0",0,0,1,0,0,0,0,0,0,0,0,0,0,0,0,0,0,0,0,1,0,0,0,0,0,0,0,1,0,0,0,0,0,0,0,0,0,1,0,0,0,0,0,0,0
"PTHR13857_SF21",0,0,1,0,0,0,1,0,0,0,0,0,0,1,0,3,0,0,1,0,2,0,0,1,0,0,0,1,0,0,0,0,0,1,0,0,1,0,1,0,0,0,0,0,0
"PTHR15001_SF16",0,0,1,1,0,0,0,0,0,0,0,0,0,1,0,1,0,0,1,0,1,0,0,1,0,0,0,1,0,0,0,0,0,1,0,0,1,0,0,0,1,0,0,0,0
"PTHR15194",0,0,1,0,0,0,1,0,0,0,0,0,0,1,0,1,0,0,1,0,1,0,1,1,0,0,0,0,0,0,0,0,0,1,0,0,1,0,0,0,0,0,0,0,0
"PTHR15431_SF5",0,0,1,0,0,0,1,0,0,1,0,0,1,2,0,0,0,0,1,0,0,0,0,1,0,0,0,1,1,0,0,1,0,1,0,0,2,0,1,0,2,0,0,0,0
"PTHR15459_SF3",0,0,1,1,0,0,1,1,1,0,0,0,0,1,1,2,1,1,1,1,0,1,1,1,2,1,1,1,0,0,1,1,1,1,1,1,0,0,2,1,1,0,0,1,0
"PTHR16201_SF38",0,0,1,0,0,0,1,0,0,0,0,0,0,1,0,1,0,0,1,0,1,1,0,1,0,0,0,1,0,0,0,0,0,1,0,0,0,0,1,0,1,0,0,0,0
"PTHR16213_SF19",0,0,1,0,0,0,1,0,0,0,0,0,0,1,0,1,0,0,1,0,2,0,0,1,0,0,0,1,0,0,0,0,0,1,0,0,0,0,1,0,0,0,0,0,0
"PTHR16213_SF44",0,0,1,1,0,0,1,0,0,0,0,0,0,1,0,1,0,0,1,0,1,0,0,1,0,0,0,1,0,0,0,0,0,1,0,0,1,0,1,0,1,0,0,0,0
"PTHR16213_SF45",0,0,1,0,0,0,1,0,0,0,0,0,0,2,0,1,0,0,0,0,79,0,0,0,0,0,0,1,0,0,0,0,0,0,0,0,1,0,2,0,0,0,0,0,0
"PTHR16213_SF50",0,0,1,0,0,0,1,0,0,0,0,0,0,0,0,0,0,0,0,0,6,0,0,0,0,0,0,0,0,0,0,0,0,0,0,0,0,0,0,0,0,0,0,0,0
"PTHR16471",0,0,1,0,0,0,2,0,0,0,0,0,0,5,0,2,0,0,1,0,4,0,0,2,0,0,0,2,0,0,0,0,0,1,0,0,3,0,7,0,0,0,0,0,0
"PTHR16932_SF17",0,0,1,0,0,0,0,0,0,0,0,0,0,1,0,2,0,0,1,0,1,0,0,1,0,0,0,1,0,0,0,0,0,1,0,0,0,0,0,0,0,0,0,0,0
"PTHR17571_SF17",0,0,1,1,0,0,1,0,0,0,0,0,0,1,0,1,0,0,1,0,1,0,1,1,1,0,1,1,0,0,0,0,0,1,0,1,1,0,1,1,1,0,0,0,0
"PTHR17598",0,0,1,0,0,0,0,1,0,0,0,0,0,0,1,1,0,1,1,1,1,0,0,1,0,0,0,0,0,0,0,0,0,1,1,0,0,0,0,0,0,0,0,1,0
"PTHR17901_SF14",0,0,1,0,0,0,0,0,0,0,0,0,0,1,0,2,0,0,1,0,0,1,1,1,0,0,1,1,0,0,0,0,0,1,1,0,1,0,1,0,0,0,0,1,0
"PTHR19134_SF273",0,0,1,0,0,0,0,0,0,0,0,0,0,0,1,0,0,0,0,0,0,0,0,0,0,0,0,0,0,0,0,0,0,0,0,0,0,0,0,0,0,0,0,0,0
"PTHR19134_SF274",0,0,1,0,0,0,0,0,0,0,0,0,0,0,0,0,0,0,0,0,0,0,0,0,0,0,0,0,0,0,0,0,0,0,0,0,0,0,0,0,0,0,0,0,0
"PTHR19433_SF63",0,0,2,1,1,0,0,0,0,1,0,0,0,1,0,4,0,0,0,0,1,0,2,0,0,0,0,2,0,1,1,0,0,0,3,0,1,0,1,0,0,1,0,4,0
"PTHR19871_SF5",0,0,1,0,0,0,0,0,0,0,0,0,0,1,0,2,0,0,1,0,0,1,1,1,0,0,0,1,0,0,0,0,0,1,0,0,1,0,1,0,0,0,0,0,0
"PTHR19970_SF1",0,0,1,0,0,0,0,0,0,0,0,0,0,2,0,1,0,0,1,0,0,0,0,1,0,0,0,1,0,0,0,0,0,0,0,0,1,0,1,0,0,0,0,0,0
"PTHR22800_SF148",0,0,1,0,0,0,0,0,0,0,0,0,0,1,0,2,0,0,0,0,0,0,0,1,0,0,0,1,0,0,0,0,0,1,0,0,1,0,2,0,0,0,0,0,0
"PTHR22802_SF204",0,0,1,0,0,0,0,0,2,0,0,0,0,1,0,1,0,1,1,0,1,1,5,1,2,0,4,1,0,0,0,0,0,1,0,3,1,0,1,4,0,0,0,0,0
"PTHR22839_SF1",0,0,1,0,0,0,1,0,0,0,0,0,0,1,0,1,0,0,1,0,0,1,0,1,0,0,0,0,0,0,0,0,0,1,1,0,0,0,1,0,0,0,0,0,0
"PTHR22878",0,0,2,0,0,0,12,0,0,0,0,0,0,4,0,3,0,0,0,0,62,0,0,1,0,0,0,2,0,1,0,0,0,2,0,0,5,0,6,0,0,0,0,0,0
"PTHR22971_SF0",0,0,1,1,0,0,0,0,0,1,0,0,0,1,0,0,0,0,1,0,0,0,0,1,0,0,0,0,0,0,4,0,0,0,0,1,0,0,1,0,0,0,0,0,0
"PTHR23056_SF29",0,0,1,0,0,0,0,0,0,0,0,0,0,0,1,1,0,0,0,0,0,0,1,0,1,0,0,0,0,0,0,1,0,0,0,1,0,0,0,1,0,0,0,0,0
"PTHR23074_SF20",0,0,1,0,0,0,0,0,0,0,0,0,0,1,0,0,0,0,1,0,0,0,1,1,0,0,0,1,1,0,0,0,0,0,0,0,1,0,1,0,1,0,0,0,0
"PTHR23074_SF79",0,0,1,0,0,0,1,0,0,0,0,0,0,0,0,0,0,0,1,0,0,0,0,0,0,0,0,1,1,0,1,0,0,1,1,0,0,0,1,1,1,0,0,0,0
"PTHR23075_SF5",0,0,1,0,0,0,0,0,0,0,0,0,0,1,0,1,0,0,1,0,2,0,0,1,0,0,0,0,0,0,0,0,0,2,0,0,1,0,1,0,0,0,0,0,0
"PTHR23097_SF96",0,0,1,0,0,0,0,0,0,0,0,0,0,1,0,1,0,0,1,0,1,0,0,1,0,0,0,0,0,0,0,0,0,1,0,0,1,0,1,0,0,0,0,0,0
"PTHR23113_SF28",0,0,2,0,0,0,0,0,0,0,0,0,0,1,0,1,0,0,12,0,9,0,0,6,0,0,0,1,0,0,4,0,0,7,0,0,1,0,2,0,0,0,0,0,1
"PTHR23143_SF8",0,0,2,0,0,0,0,0,0,0,0,0,0,3,0,6,0,0,3,0,2,0,0,0,0,0,0,0,0,0,0,0,0,2,0,0,1,0,1,0,0,0,0,0,0
"PTHR23143_SF9",0,0,1,0,0,0,0,0,0,0,0,0,0,2,0,12,0,0,2,0,6,0,0,2,0,0,0,2,0,0,0,0,0,3,0,0,1,0,5,0,0,0,0,0,0
"PTHR23180_SF213",0,0,1,0,0,0,0,0,0,0,0,0,0,2,0,4,0,0,4,0,3,0,0,3,0,0,0,2,0,0,0,0,0,2,0,0,0,0,2,0,0,0,0,0,0
"PTHR23203_SF4",0,0,1,2,0,0,0,0,0,0,0,0,0,2,0,8,0,0,2,0,2,0,0,1,0,0,0,4,0,0,0,0,0,2,0,0,2,0,2,0,0,0,0,0,0
"PTHR23213_SF192",0,0,1,0,0,0,0,0,0,0,0,0,0,1,0,1,0,0,1,0,1,0,0,1,0,0,0,0,0,0,0,0,0,1,0,0,1,0,1,0,0,0,0,0,0
"PTHR23232_SF45",0,0,1,0,0,0,1,0,0,0,0,0,0,1,0,3,0,1,1,0,0,0,0,1,0,0,0,2,0,0,0,0,0,0,0,0,1,0,2,0,1,0,0,0,0
"PTHR23262_SF17",0,0,4,1,0,0,2,3,6,1,0,0,2,2,3,1,0,1,3,0,1,3,12,5,3,0,4,3,0,0,1,5,2,2,4,4,1,1,2,3,1,0,0,0,0
"PTHR23262_SF19",0,0,2,1,0,0,3,0,0,0,0,1,0,0,0,2,0,0,0,0,0,0,0,1,0,0,0,0,0,0,0,0,0,1,0,0,1,0,1,0,0,0,0,0,0
"PTHR23262_SF43",0,0,1,1,0,0,0,0,0,0,1,0,0,3,0,2,0,0,1,1,2,0,0,2,0,0,0,0,0,0,0,0,0,0,0,0,0,1,1,0,0,0,0,0,0
"PTHR23262_SF6",0,0,2,1,0,4,0,0,0,0,0,0,0,4,0,8,0,0,2,0,3,0,0,3,0,0,0,2,0,1,0,0,0,2,0,0,1,0,4,0,0,0,0,0,0
"PTHR23262_SF8",0,0,2,1,0,0,0,3,0,1,0,2,0,3,2,3,0,1,0,2,1,1,0,1,0,0,0,2,0,0,0,0,0,0,2,0,1,0,4,0,1,0,0,1,0
"PTHR23267_SF132",0,0,1,1,0,0,0,0,0,0,0,0,0,0,0,2,0,0,1,0,0,0,0,1,0,0,0,1,0,0,0,0,0,1,0,2,1,0,1,0,1,1,0,0,0
"PTHR23267_SF152",0,0,1,0,0,0,2,10,1,0,0,0,0,1,1,1,1,0,3,0,4,1,1,3,0,0,0,0,0,0,0,2,1,3,0,1,0,0,0,2,1,2,0,0,0
"PTHR23359_SF74",0,0,1,1,0,0,0,0,0,0,0,0,0,1,0,1,0,1,0,0,0,1,0,0,0,0,0,1,0,0,0,0,0,0,0,0,0,1,0,0,1,0,1,0,0
"PTHR23425_SF2",0,0,1,0,0,0,0,0,0,0,0,0,0,1,0,1,0,0,1,0,1,0,0,1,0,0,0,1,0,0,0,0,0,1,0,0,1,0,1,0,0,0,0,0,0
"PTHR24023_SF428",0,0,1,0,0,0,0,0,0,0,0,0,0,1,0,0,0,0,1,1,1,0,0,1,0,0,0,1,0,0,0,0,0,1,1,0,0,0,0,0,0,1,0,0,0
"PTHR24023_SF440",0,0,1,0,0,0,0,1,1,1,0,0,0,1,0,0,0,1,0,0,0,1,1,0,0,0,1,0,0,0,1,0,0,0,1,0,0,0,0,1,0,0,0,1,0
"PTHR24028_SF92",0,0,1,1,1,0,0,0,1,0,2,0,0,1,0,1,1,0,1,1,1,0,1,1,1,0,0,1,0,0,0,1,0,1,0,1,1,0,1,1,1,0,0,0,0
"PTHR24100_SF13",0,0,2,2,0,0,0,0,0,2,0,0,0,1,0,2,0,0,1,0,3,0,0,2,0,0,0,2,0,0,1,0,2,2,0,0,2,0,2,0,2,0,0,0,0
"PTHR24118_SF13",0,0,2,1,0,0,0,0,0,0,0,0,0,1,0,3,0,0,2,0,7,0,0,0,0,0,0,2,0,0,0,0,0,3,0,0,0,0,1,0,1,0,0,0,0
"PTHR24147_SF10",0,0,1,1,0,0,2,0,0,0,0,0,0,1,0,2,0,0,1,0,1,0,0,1,0,0,0,2,0,0,0,0,0,1,0,0,1,0,4,0,0,0,0,0,0
"PTHR24147_SF22",0,0,1,1,0,0,3,0,0,0,0,0,0,2,0,1,0,0,4,0,2,0,0,2,0,0,0,4,0,0,0,0,0,2,0,0,1,0,3,0,1,0,0,0,0
"PTHR24147_SF3",0,0,2,0,0,0,3,0,0,0,0,0,0,2,0,2,0,0,1,0,0,0,0,1,0,0,0,0,0,0,0,0,0,1,0,0,1,0,5,0,0,0,0,0,0
"PTHR24173_SF6",0,0,1,1,0,0,1,0,0,0,0,0,0,1,1,1,0,1,1,0,1,1,0,1,0,0,0,1,0,0,0,0,0,1,1,0,1,0,1,0,1,0,0,0,0
"PTHR24242_SF59",0,0,1,0,0,1,0,0,0,1,1,1,0,1,1,0,1,0,0,1,0,1,1,0,0,0,1,1,0,0,1,0,0,0,1,1,0,0,0,0,0,1,0,1,0
"PTHR24268_SF98",0,0,1,0,0,0,0,0,0,0,0,0,0,0,0,2,0,0,1,0,1,0,0,1,0,0,0,1,0,0,0,0,0,1,0,0,1,0,1,0,1,0,0,0,0
"PTHR24273_SF27",0,0,1,0,0,0,0,0,0,0,0,0,0,0,0,0,0,0,1,0,0,0,0,1,0,0,0,0,0,0,0,0,0,1,0,0,0,0,1,0,0,0,0,0,0
"PTHR24329_SF255",0,0,1,0,0,0,0,0,0,0,0,0,0,0,0,0,0,0,0,0,0,0,0,0,0,0,0,1,0,0,0,0,0,0,1,0,0,0,0,0,0,0,0,0,0
"PTHR24329_SF261",0,0,1,1,0,0,1,0,0,0,0,0,0,1,0,2,0,0,1,0,1,0,0,1,0,0,0,1,0,0,0,0,0,1,0,0,0,0,2,0,1,0,1,0,0
"PTHR24329_SF264",0,0,1,0,0,0,0,0,0,1,0,0,0,1,0,1,0,0,1,0,1,0,0,1,0,0,0,1,0,0,0,0,0,1,0,0,1,0,1,0,0,0,0,0,0
"PTHR24375_SF130",0,0,1,1,1,0,1,0,0,1,0,0,1,1,0,1,0,0,0,0,0,0,0,0,0,0,0,1,1,0,0,0,0,0,0,0,1,2,1,0,1,1,0,1,2
"PTHR24377_SF126",0,0,1,0,1,0,0,0,0,1,0,1,0,1,0,1,0,0,1,0,1,1,0,1,0,1,0,1,1,0,0,0,1,1,0,0,1,1,1,0,0,0,0,0,1
"PTHR24377_SF197",0,0,4,1,0,0,1,0,0,0,0,0,0,2,0,3,0,0,4,0,0,0,0,3,0,0,0,2,0,0,0,0,0,2,0,0,3,0,2,0,0,0,0,0,0
"PTHR24377_SF226",0,0,1,0,0,0,0,0,0,0,0,0,0,1,0,1,0,0,0,0,1,0,0,1,0,0,0,1,0,0,0,0,0,1,0,0,0,0,1,0,0,0,0,0,0
"PTHR24377_SF241",0,0,1,0,0,0,0,0,0,0,1,0,0,1,0,1,0,0,0,0,0,0,0,0,0,1,0,1,0,0,4,0,1,0,0,1,1,1,1,0,0,0,0,0,0
"PTHR24381_SF111",0,0,1,0,0,0,1,0,0,0,1,1,0,1,0,1,0,0,0,0,0,0,0,1,0,0,0,0,0,0,0,0,1,1,0,0,0,0,1,0,0,0,0,0,0
"PTHR24381_SF130",0,0,1,0,1,0,0,0,0,0,1,1,1,1,0,1,0,0,1,0,1,1,0,1,0,1,0,1,1,0,0,0,0,1,0,0,1,1,1,0,0,0,0,0,1
"PTHR24381_SF18",0,0,2,0,0,0,0,0,0,0,0,1,0,3,0,9,0,0,1,0,3,0,0,0,0,1,0,3,0,1,0,0,0,4,0,0,0,0,4,0,0,0,0,0,0
"PTHR24385_SF53",0,0,1,0,0,0,0,0,0,0,0,1,0,1,0,1,0,0,1,0,1,0,0,1,0,0,0,0,0,0,0,0,0,1,0,0,1,0,1,0,0,0,0,0,0
"PTHR24387_SF195",0,0,2,0,0,0,0,0,0,0,0,0,0,1,0,4,0,0,1,0,1,0,0,1,0,0,0,2,0,0,0,0,0,1,0,0,2,0,3,0,0,0,0,0,0
"PTHR24402_SF169",0,0,1,1,0,0,1,0,0,0,0,0,0,1,0,2,0,0,1,0,1,0,0,1,0,0,0,1,0,0,0,0,0,1,0,0,1,0,1,0,1,0,0,0,0
"PTHR24402_SF192",0,0,1,1,0,0,0,0,0,0,0,0,0,1,0,2,0,0,1,0,1,0,0,2,0,0,0,2,0,0,0,0,0,2,0,0,1,0,1,0,1,0,0,0,0
"PTHR24402_SF22",0,0,1,1,0,0,1,0,0,0,0,0,0,2,0,4,0,0,1,0,1,0,0,2,0,0,0,2,0,0,1,0,0,2,0,0,1,0,2,0,1,0,0,0,0
"PTHR24404_SF24",0,0,1,0,0,0,0,0,0,0,0,1,1,1,0,2,0,0,1,0,1,1,0,1,0,0,0,1,1,0,0,0,0,1,0,0,1,1,1,0,0,1,1,0,0
"PTHR26451_SF137",0,0,1,0,0,0,0,0,0,0,0,0,0,1,0,2,0,0,0,0,1,0,0,0,0,0,0,0,0,0,0,0,0,2,0,0,1,0,2,0,0,0,0,0,0
"PTHR26451_SF285",0,0,2,0,0,0,0,0,0,0,0,0,0,1,0,1,0,0,2,0,0,0,0,1,0,0,0,0,0,0,0,0,0,1,0,0,1,0,1,0,1,0,0,0,0
"TF336407",0,0,1,0,0,0,0,0,0,0,0,0,0,1,0,0,0,0,1,0,0,0,0,0,0,0,0,1,0,0,0,0,0,1,0,0,1,0,0,0,0,0,0,0,0
"TF338583",0,0,1,1,0,0,0,0,0,0,0,0,0,1,0,1,0,0,1,0,1,0,0,1,0,0,0,1,0,1,0,0,1,1,0,0,1,0,1,0,0,0,0,0,0
"TF338586",0,0,1,0,0,0,0,0,0,0,0,0,0,1,0,1,0,0,1,0,1,0,0,1,0,0,0,1,0,0,0,0,0,1,0,0,1,0,1,0,0,0,0,0,0
"TF339268",0,0,1,0,0,0,0,0,0,0,0,1,0,0,0,1,0,1,0,0,0,0,0,1,0,0,0,1,0,0,0,0,0,0,0,0,0,0,0,0,0,0,0,0,0
"TF340500",0,0,1,0,0,0,0,0,0,0,0,0,0,1,0,0,0,0,1,0,0,0,0,1,0,0,0,0,0,0,0,0,0,1,0,0,1,0,1,0,0,0,0,0,0
"TF340518",0,0,1,0,0,0,0,0,0,0,0,0,0,1,0,0,0,0,1,0,0,0,0,1,0,0,0,1,0,0,0,0,0,1,0,0,1,0,1,0,1,0,1,0,0
"TF340744",0,0,1,1,0,1,0,0,0,0,0,0,0,1,0,0,0,0,1,0,0,0,0,0,0,0,0,1,0,0,0,0,0,0,0,0,1,0,1,0,0,0,0,0,0
"TF341063",0,0,1,0,0,0,0,0,0,0,0,0,0,1,0,1,0,0,1,0,1,0,0,1,0,0,0,1,0,0,0,0,0,1,0,0,1,0,1,0,1,0,0,0,0
"TF341229",0,0,1,0,0,0,0,0,0,0,0,0,0,1,0,1,0,0,1,0,1,0,0,1,0,0,0,1,0,0,0,0,0,1,0,0,0,0,1,0,0,0,0,0,0
"TF341258",0,0,1,0,0,0,0,0,0,0,0,1,0,1,0,0,0,0,0,0,0,0,0,0,0,0,0,0,0,0,0,0,0,0,0,0,1,0,1,0,0,0,0,0,0
"TF341666",0,0,1,0,0,0,0,0,0,0,0,0,0,1,0,1,0,0,1,0,1,0,0,1,0,0,0,0,0,0,0,0,0,1,0,0,1,0,1,0,0,0,0,0,0
"TF341874",0,0,1,0,0,0,0,0,0,0,0,0,0,2,0,0,0,0,1,0,1,0,0,0,0,0,0,1,0,0,0,0,0,1,0,0,1,0,1,0,0,0,1,0,0
"TF342225",0,0,1,0,0,0,0,0,0,0,0,0,0,1,0,0,0,0,1,0,1,0,0,0,0,0,0,0,0,0,0,0,0,1,0,0,1,0,1,0,1,0,1,0,0
"TF342481",0,0,1,0,0,0,0,0,0,0,0,0,0,1,0,0,0,0,1,0,0,0,0,1,0,0,0,1,0,0,0,0,0,0,0,0,1,0,1,0,0,0,1,0,0
"TF351892",0,0,1,1,0,0,1,0,0,0,0,0,0,1,0,1,0,0,1,0,1,0,0,1,0,0,0,0,0,0,0,0,0,1,0,0,1,0,1,0,1,1,0,0,1
"TF353801",0,0,1,0,0,0,0,0,0,0,0,0,0,1,0,0,0,0,1,0,1,0,0,1,0,0,0,1,0,0,0,0,0,1,0,0,1,0,1,0,0,0,0,0,0
"TF353909",0,0,1,0,0,0,0,0,0,0,0,0,0,1,0,0,0,0,1,0,0,0,0,0,0,0,0,1,0,0,0,0,0,1,0,0,1,0,1,0,0,0,1,0,0
"TF354044",0,0,1,0,0,0,0,0,0,0,0,0,0,1,0,0,0,0,0,0,0,0,0,0,0,0,0,0,0,0,0,0,0,1,0,0,0,0,0,0,0,0,1,0,0
"TF354094",0,0,1,1,0,0,1,0,0,0,0,4,1,1,0,1,0,1,1,0,1,1,1,1,1,0,0,1,1,1,1,0,0,1,0,1,1,1,1,0,1,1,1,0,0
"TF625702",0,0,1,0,0,0,0,0,0,1,0,1,0,0,0,1,0,0,0,0,0,0,0,0,0,0,0,1,0,0,0,0,0,1,0,0,1,0,1,0,0,0,1,0,0
"TF630385",0,0,1,1,0,0,1,0,0,0,0,0,0,1,0,1,0,0,1,0,1,0,1,1,1,0,1,1,0,1,0,0,0,1,0,1,0,0,1,1,1,1,1,0,0
"TF635058",0,0,1,0,0,0,0,0,0,0,0,0,0,0,0,0,0,0,0,0,0,0,0,0,0,0,0,0,0,0,0,0,0,0,0,0,0,0,0,0,0,0,0,0,0
"TF635512",0,0,1,0,0,0,0,0,0,0,0,0,0,0,0,1,0,0,0,0,0,0,0,0,0,0,0,0,0,0,0,0,0,0,0,0,0,0,0,0,0,0,0,0,0
"TF639957",0,0,1,1,1,1,1,0,0,0,0,1,0,0,0,1,0,0,1,0,1,0,0,1,0,0,0,1,0,1,0,0,0,1,0,0,1,0,1,0,1,0,0,0,0
"TF640554",0,0,1,0,0,0,0,0,0,0,0,0,0,0,0,1,0,0,0,0,0,0,1,0,1,0,0,0,0,0,0,0,0,0,0,0,0,0,0,0,0,0,0,1,0
"TF641662",0,0,1,0,1,0,1,0,0,0,0,0,0,1,0,0,0,0,1,0,1,0,0,1,0,0,1,1,0,0,0,0,0,1,1,1,1,0,2,0,0,0,0,1,1
"TF642857",0,0,1,1,0,0,1,0,0,0,0,1,1,1,0,1,0,0,1,0,0,0,0,1,0,0,0,1,1,0,0,0,0,1,0,0,1,0,1,0,0,1,1,0,0
"TF644221",0,0,1,0,0,0,0,0,0,0,0,0,0,1,0,1,0,0,1,0,0,1,0,1,0,0,0,1,0,0,0,0,0,1,0,0,1,0,1,0,0,0,1,0,0
"TF648576",0,0,1,0,0,0,0,0,0,0,0,0,0,0,0,0,0,0,0,0,0,0,0,0,0,0,0,0,0,0,0,0,0,0,0,0,0,0,0,0,0,0,0,0,0
"TF649775",0,0,1,1,0,0,1,0,0,0,0,0,0,1,0,1,0,0,1,0,0,1,0,1,0,0,0,1,0,0,0,0,0,1,0,0,1,0,1,0,1,0,1,0,0
"TF650029",0,0,1,0,0,0,0,0,0,0,0,0,0,0,0,0,0,0,0,0,0,0,0,0,0,0,0,0,0,0,0,0,0,0,0,0,1,0,1,0,0,0,0,0,0
"TF653172",0,0,1,0,0,0,0,0,0,0,0,0,0,3,0,3,0,0,2,0,0,0,0,4,0,0,0,4,0,0,0,0,0,3,0,0,4,0,3,0,0,0,0,0,0
"TF653526",0,0,1,0,0,0,0,0,0,0,0,0,0,1,0,0,0,0,1,0,0,0,0,1,0,0,0,1,0,0,0,0,0,1,0,0,1,0,1,0,0,0,0,0,0
"TF653960",0,0,1,0,0,0,0,0,0,0,0,0,0,2,0,1,0,0,1,0,1,0,0,1,0,0,0,2,0,0,0,0,0,2,0,0,0,0,3,0,1,0,0,0,0
"TF655053",0,0,1,1,0,0,0,0,0,0,0,0,0,0,0,0,0,1,0,0,1,0,0,0,0,0,0,0,0,0,1,0,1,0,0,0,0,0,0,0,1,0,0,0,0
"TF657946",0,0,2,0,0,0,0,0,0,0,0,0,0,2,0,2,0,0,0,0,1,0,0,0,0,0,0,0,0,0,0,0,0,1,0,0,0,0,1,0,0,0,0,0,0
"TF658018",0,0,1,1,0,0,0,0,0,0,0,0,0,1,0,1,0,0,1,0,0,0,0,0,0,0,0,1,0,0,0,0,1,1,0,0,1,0,1,0,0,0,0,0,0
"TF660571",0,0,1,0,1,0,1,0,0,1,0,1,1,1,0,1,1,0,0,0,0,0,0,0,0,0,0,1,0,0,1,0,0,0,0,0,1,1,1,0,0,0,0,0,0
"TF662079",0,0,2,0,0,0,0,0,0,0,0,0,0,2,0,1,0,0,1,0,0,0,0,1,0,0,0,0,0,0,0,0,0,1,0,0,1,0,1,0,1,0,0,0,0
"TF663500",0,0,1,0,0,0,0,0,0,0,0,0,0,0,0,0,0,0,1,0,0,0,0,0,0,0,0,0,0,0,0,0,0,0,0,0,0,0,0,0,1,0,0,0,0
"TF664799",0,0,1,1,1,0,1,0,0,0,0,0,1,1,0,1,0,1,1,1,1,0,1,1,1,0,1,1,0,0,0,0,1,1,0,1,1,0,1,0,1,1,1,0,0
"TF665059",0,0,1,1,1,0,0,1,0,0,1,1,1,1,0,0,0,0,1,0,1,0,1,1,1,0,1,1,0,1,1,0,0,1,0,1,0,0,1,1,1,1,0,0,1
"TF665615",0,0,1,1,0,0,0,0,0,1,0,0,0,1,0,2,0,2,0,0,0,0,1,1,0,0,0,0,0,0,0,1,1,0,0,0,0,1,0,1,0,0,0,0,0
"TF665714",0,0,1,0,0,0,0,0,0,0,0,0,0,1,0,0,0,0,0,0,0,0,0,0,0,0,0,0,0,0,0,0,0,1,0,0,0,0,1,0,0,0,0,0,0
"PTHR10357_SF135",0,0,0,0,0,0,0,0,1,0,0,0,0,0,1,0,1,0,0,0,0,0,5,0,3,0,2,0,0,0,0,1,0,0,0,3,0,0,0,1,0,0,0,0,0
"PTHR10658_SF34",0,0,0,0,0,0,0,0,0,1,0,0,0,0,1,1,0,0,0,1,0,0,0,0,0,0,0,0,0,0,0,0,0,0,1,0,0,0,0,0,0,0,0,2,0
"PTHR10666_SF75",0,0,0,0,0,0,1,0,0,0,0,0,0,0,0,0,0,0,0,1,0,0,0,0,1,1,0,0,0,0,0,0,0,0,0,0,0,0,0,0,0,0,0,0,0
"PTHR10742_SF244",0,0,0,0,0,0,0,1,1,8,1,1,0,0,1,0,2,1,0,0,0,0,1,0,1,0,1,0,0,1,0,1,0,0,1,1,0,0,0,1,0,1,0,1,0
"PTHR10751_SF23",0,0,0,0,0,0,0,2,1,1,0,0,0,0,1,0,0,0,0,0,0,0,3,0,3,0,2,0,1,0,0,0,0,0,0,6,0,0,0,2,0,0,0,0,0
"PTHR11351_SF23",0,0,0,0,0,0,0,1,2,0,0,0,0,0,2,0,0,0,0,0,0,0,2,0,3,0,3,0,0,0,0,1,0,0,0,5,0,0,0,3,0,0,0,0,0
"PTHR11412_SF72",0,0,0,0,0,0,0,1,1,0,1,2,0,0,0,0,0,0,0,0,0,0,3,0,0,0,4,0,0,0,2,0,0,0,0,3,0,0,0,3,0,0,0,0,0
"PTHR11571_SF96",0,0,0,0,0,0,0,1,1,1,0,0,1,1,1,1,1,1,1,1,1,1,4,1,6,0,2,0,0,0,1,3,0,2,1,1,1,0,1,1,1,0,0,2,0
"PTHR11588_SF73",0,0,0,0,0,0,0,0,1,0,0,0,0,0,0,0,0,0,0,0,0,0,0,0,0,0,0,0,0,0,0,0,0,0,0,0,0,0,0,0,0,0,0,0,0
"PTHR11636_SF14",0,0,0,0,0,0,1,0,0,0,1,1,0,0,1,1,1,0,0,0,0,0,1,0,1,1,1,0,1,0,0,1,0,0,0,0,1,0,0,1,0,0,0,0,0
"PTHR11783_SF56",0,0,0,0,0,0,0,1,1,0,0,0,0,0,0,0,0,0,0,0,0,0,1,0,1,0,1,0,0,0,1,1,0,0,2,1,0,0,0,1,0,0,0,1,0
"PTHR11850_SF73",0,0,0,0,0,0,0,0,0,0,0,0,0,1,0,1,0,0,0,0,0,0,1,0,0,0,0,0,0,0,0,0,0,0,0,0,0,0,0,0,0,0,0,0,0
"PTHR11850_SF85",0,0,0,0,0,0,0,1,0,0,0,0,0,0,0,0,1,0,0,0,0,0,1,0,0,0,0,0,0,0,0,0,0,0,0,0,0,0,0,0,0,0,0,0,0
"PTHR11915_SF212",0,0,0,0,0,0,0,1,0,1,0,0,0,0,0,2,0,1,0,0,0,0,2,0,1,0,0,0,0,0,0,1,0,0,0,0,0,0,0,0,0,0,0,0,0
"PTHR12136_SF50",0,0,0,0,0,0,0,0,0,0,0,0,0,0,0,0,0,1,0,0,0,0,1,0,1,0,0,0,0,0,0,0,1,0,0,0,0,0,0,0,0,1,0,0,0
"PTHR15892",0,0,0,0,0,0,0,0,0,0,0,0,1,0,1,2,1,0,0,0,1,0,1,1,0,0,1,0,0,0,1,1,0,0,1,0,0,0,0,0,0,0,0,1,2
"PTHR16306_SF0",0,0,0,0,0,0,0,0,0,0,0,0,0,0,0,1,0,0,0,0,0,0,0,0,0,0,0,1,0,0,0,0,0,0,0,0,1,0,0,0,0,0,0,0,0
"PTHR21136_SF4",0,0,0,0,0,0,0,1,0,0,0,0,1,0,0,0,1,0,0,0,0,0,1,0,0,1,1,0,0,1,0,0,0,0,1,1,0,0,0,0,0,1,0,1,0
"PTHR21319_SF2",0,0,0,1,0,0,0,0,1,0,0,0,0,0,1,0,0,0,0,0,0,0,0,0,0,1,1,0,0,0,0,0,0,0,0,0,0,0,0,1,0,0,1,0,0
"PTHR21428",0,0,0,0,0,0,0,0,0,0,0,0,0,0,0,0,0,0,0,0,0,0,1,0,0,0,0,0,0,0,0,0,0,0,0,0,0,0,0,0,0,0,0,0,0
"PTHR22764_SF55",0,0,0,0,1,0,0,1,0,1,0,0,0,0,0,0,0,1,0,0,1,0,0,0,0,0,0,1,0,0,0,0,0,0,1,0,0,0,0,0,0,0,0,1,0
"PTHR22957_SF214",0,0,0,0,0,0,0,0,0,0,0,0,0,0,0,1,0,0,0,0,0,0,0,1,0,0,0,1,0,0,0,0,0,0,0,0,0,0,0,0,0,0,1,0,0
"PTHR23023_SF78",0,0,0,0,0,0,0,0,1,0,0,0,0,1,1,0,1,0,0,0,0,1,1,0,1,0,1,0,0,0,1,1,1,0,1,1,1,0,1,1,0,0,0,1,0
"PTHR23119_SF25",0,0,0,0,0,0,0,0,0,0,0,0,0,0,0,1,0,0,0,0,0,0,0,0,0,0,0,0,0,0,0,0,0,0,0,0,0,0,0,0,0,0,0,0,0
"PTHR23262_SF44",0,0,0,0,0,0,0,2,5,0,1,0,0,0,2,0,5,1,0,1,0,0,18,0,5,0,6,0,0,0,0,1,0,0,0,5,0,0,0,9,0,0,0,0,0
"PTHR23262_SF48",0,0,0,0,0,0,0,1,5,0,0,0,0,0,1,0,0,0,1,1,0,0,5,0,2,0,0,0,0,0,0,3,0,0,0,4,0,0,0,4,0,0,0,0,0
"PTHR24023_SF417",0,0,0,0,0,0,0,1,1,0,0,0,0,0,1,1,1,0,0,0,0,0,1,0,0,0,0,0,0,0,0,1,0,0,0,0,0,0,0,1,0,0,0,0,0
"PTHR24026_SF2",0,0,0,0,0,0,0,1,1,1,0,0,0,0,1,0,1,0,0,1,0,0,1,0,1,0,1,0,0,1,1,1,1,0,0,1,0,0,0,0,0,0,0,0,0
"PTHR24027_SF250",0,0,0,0,0,0,0,0,1,1,0,0,0,0,0,0,1,0,0,0,0,0,1,0,0,0,0,0,0,0,1,1,0,0,0,0,0,0,0,0,0,0,0,0,0
"PTHR24061_SF407",0,0,0,0,0,0,0,1,4,5,0,0,0,0,0,0,1,0,0,0,0,0,9,0,0,0,0,0,0,0,0,0,0,0,0,1,0,0,0,5,0,0,0,0,0
"PTHR24061_SF423",0,0,0,0,0,0,0,2,5,0,1,0,0,0,2,0,0,2,0,0,0,1,4,0,0,0,0,0,0,0,3,1,1,0,8,5,0,0,0,3,0,0,0,13,0
"PTHR24061_SF424",0,0,0,0,0,0,0,0,1,0,0,1,1,0,0,0,0,1,0,0,0,0,0,0,0,0,0,0,0,0,0,0,1,0,0,0,0,0,0,0,0,0,0,0,0
"PTHR24070_SF219",0,0,0,2,0,0,0,0,0,0,0,0,0,0,0,0,0,0,0,0,0,0,1,0,0,0,1,0,0,0,0,0,0,0,0,0,0,0,0,0,0,0,0,0,0
"PTHR24072_SF111",0,0,0,0,1,0,0,0,0,1,1,0,0,1,0,0,0,0,1,0,0,0,0,0,0,0,0,0,0,0,0,1,1,0,0,0,0,0,0,0,0,0,0,0,0
"PTHR24084_SF21",0,0,0,0,0,1,0,0,0,0,1,0,0,0,0,1,0,1,0,0,0,0,1,0,0,0,0,1,0,1,0,0,0,0,1,0,0,0,0,0,0,0,0,0,1
"PTHR24115_SF162",0,0,0,0,0,0,0,1,1,0,0,0,0,0,1,1,1,0,0,0,0,0,1,0,1,0,0,0,0,0,0,1,0,0,0,0,0,0,0,0,0,0,0,0,0
"PTHR24115_SF355",0,0,0,0,0,0,0,0,0,0,0,0,0,0,0,0,0,0,0,0,0,0,0,0,0,0,0,0,1,0,0,0,0,0,0,0,0,0,0,0,0,0,0,0,0
"PTHR24208_SF98",0,0,0,0,0,0,1,1,1,0,0,0,0,0,0,0,0,0,0,0,0,0,0,0,1,0,0,0,0,0,0,1,1,0,0,0,0,0,0,0,1,0,1,0,0
"PTHR24290_SF70",0,0,0,0,0,0,0,2,2,0,0,0,0,0,0,0,1,0,0,0,0,0,4,0,3,0,2,0,0,0,0,2,0,0,0,3,0,0,0,1,0,0,0,0,0
"PTHR24349_SF23",0,0,0,0,0,0,0,0,0,0,0,0,0,0,0,1,0,0,0,0,0,0,0,0,0,0,1,0,0,0,0,0,0,0,0,0,0,0,0,0,0,0,0,0,0
"PTHR24377_SF193",0,0,0,0,0,0,1,1,1,1,1,2,0,0,1,0,0,1,0,0,0,1,1,0,1,0,1,0,0,0,0,1,0,0,0,1,0,0,0,2,0,0,0,0,0
"PTHR24377_SF225",0,0,0,0,0,0,0,1,1,0,0,0,0,0,0,0,1,0,0,0,0,0,1,0,1,0,1,0,0,0,0,0,0,0,0,1,0,0,0,1,0,0,0,0,0
"PTHR24377_SF91",0,0,0,0,0,0,0,1,1,0,0,0,0,0,1,0,1,0,0,0,0,0,1,0,1,0,1,0,0,0,2,1,0,0,0,1,0,0,0,1,0,0,0,0,0
"PTHR26451_SF178",0,0,0,0,0,0,0,0,2,0,0,0,0,0,0,0,0,0,0,0,0,0,2,0,1,0,1,0,0,0,1,0,0,0,0,2,0,0,0,3,0,0,0,0,0
"PTHR26451_SF195",0,0,0,0,1,0,0,0,2,0,0,0,1,0,1,0,1,12,0,0,0,1,2,0,0,1,2,0,0,0,0,0,1,0,2,2,0,1,0,1,0,0,0,2,0
"TF335552",0,0,0,0,0,0,0,0,0,0,0,0,0,0,0,0,0,0,0,0,0,0,1,0,1,0,0,0,0,0,0,0,0,0,0,0,0,0,0,0,0,1,0,0,1
"TF343176",0,0,0,0,0,0,0,0,3,0,0,0,0,0,0,0,0,0,0,1,1,0,0,0,0,0,0,0,0,0,0,0,0,0,0,0,0,0,0,1,0,0,0,0,0
"TF343493",0,0,0,0,0,0,0,0,2,0,0,0,0,0,0,0,0,0,0,0,0,0,0,0,0,0,0,0,0,0,0,0,0,0,0,0,0,0,0,6,0,0,0,0,0
"TF600713",0,0,0,1,0,1,0,0,0,0,0,0,0,0,0,0,0,0,0,1,0,0,0,0,0,0,0,0,0,1,0,0,1,0,0,1,0,0,0,0,0,0,0,1,0
"TF631755",0,0,0,0,0,0,0,0,1,0,0,0,0,0,0,0,0,0,0,0,0,0,1,0,0,0,0,0,0,0,0,0,0,0,0,0,0,0,0,1,0,0,0,0,0
"TF638562",0,0,0,0,0,0,0,1,1,0,1,0,0,1,1,1,1,0,0,0,0,0,1,1,0,0,1,0,0,0,1,1,0,0,0,1,1,0,1,0,0,1,0,0,0
"TF641324",0,0,0,0,1,0,1,1,1,0,0,1,0,0,1,0,1,0,0,1,0,0,1,0,1,0,1,0,1,0,1,1,0,0,0,1,0,0,0,1,0,0,0,0,0
"TF642358",0,0,0,0,0,1,1,0,1,1,0,0,0,0,0,0,0,0,0,0,1,0,0,0,0,0,0,0,0,0,0,0,0,0,0,0,0,0,0,5,0,1,0,0,0
"TF651117",0,0,0,0,0,0,0,1,1,0,0,0,0,0,1,0,1,0,0,0,0,0,1,0,1,0,1,0,0,0,0,1,0,0,0,1,0,0,0,0,0,0,0,0,0
"TF658297",0,0,0,0,0,0,0,1,1,0,0,0,0,0,1,0,1,0,0,0,0,1,2,0,1,0,1,1,0,0,0,0,0,0,0,1,0,0,0,0,1,0,1,0,0
"PTHR10127_SF611",0,0,0,0,0,0,0,0,0,1,0,0,0,0,1,0,1,0,0,1,0,0,3,0,1,0,0,0,0,0,0,0,0,0,0,1,0,0,0,3,0,0,0,0,0
"PTHR10625_SF109",0,0,0,0,0,0,0,0,0,0,1,0,0,0,0,1,0,1,1,0,1,0,0,1,0,0,0,0,0,0,0,0,0,1,0,0,0,0,0,0,0,0,0,0,1
"PTHR10681_SF66",0,0,0,0,0,0,0,0,0,0,0,0,0,0,1,0,0,0,0,0,0,0,0,0,0,0,0,0,0,0,1,0,0,1,0,0,0,0,0,0,0,0,0,0,0
"PTHR11339_SF234",0,0,0,0,0,0,1,0,0,0,0,1,0,0,0,0,0,0,0,0,0,0,0,0,0,0,0,0,0,0,1,0,0,0,2,0,0,0,0,0,0,0,0,2,0
"PTHR11413_SF40",0,0,0,0,0,0,1,0,0,0,0,0,0,0,0,0,0,0,1,0,2,0,0,0,0,0,0,0,0,0,0,0,0,0,0,0,1,0,1,0,0,0,0,0,0
"PTHR11639_SF55",0,0,0,1,1,0,1,0,0,3,0,2,0,0,0,0,0,2,1,0,1,0,0,1,0,1,0,0,0,1,0,0,0,0,0,0,0,0,0,0,2,1,0,0,1
"PTHR12629_SF2",0,0,0,0,0,0,1,0,0,0,0,0,0,0,0,1,0,0,1,0,1,0,0,2,0,0,0,1,0,0,0,0,0,1,0,0,0,0,0,0,0,0,0,0,0
"PTHR12984_SF14",0,0,0,0,0,0,0,0,0,0,0,0,0,1,0,0,0,0,1,0,0,0,0,1,0,0,0,1,0,0,0,0,0,1,0,0,1,0,0,0,0,0,0,0,0
"PTHR13832_SF268",0,0,0,0,0,0,0,0,0,0,0,0,0,1,0,0,0,0,1,0,0,0,0,1,0,0,0,1,0,0,0,0,0,1,0,0,0,0,1,0,0,0,0,0,1
"PTHR15438",0,0,0,0,0,0,0,0,0,0,0,0,0,11,0,30,0,0,1,0,1,0,0,1,0,0,0,3,0,0,0,0,0,1,0,0,1,0,6,0,0,0,0,0,0
"PTHR15880",0,0,0,0,0,0,0,0,0,0,0,0,0,2,0,2,0,0,1,0,2,0,0,1,0,0,0,1,0,0,0,0,0,1,0,0,2,0,2,0,0,0,0,0,0
"PTHR18937_SF193",0,0,0,0,0,0,1,0,0,0,0,0,0,0,0,0,0,0,1,0,0,0,0,1,0,0,0,0,0,0,0,0,0,0,0,0,0,0,0,1,0,1,0,0,0
"PTHR18945_SF429",0,0,0,1,0,1,0,0,0,1,0,0,0,0,0,0,0,0,1,1,1,1,0,0,0,0,0,0,0,0,1,0,1,0,1,0,0,0,0,0,1,0,0,1,0
"PTHR19051_SF6",0,0,0,0,1,0,0,0,0,0,1,1,1,0,0,1,0,0,1,0,0,0,0,1,0,0,0,0,1,0,0,0,0,0,0,0,0,0,1,0,0,0,0,0,0
"PTHR19860_SF9",0,0,0,0,0,0,0,0,0,0,0,0,0,1,0,1,0,0,1,0,1,0,0,1,0,0,0,1,0,0,0,0,0,1,0,0,1,0,1,0,0,0,0,0,0
"PTHR21713_SF2",0,0,0,0,0,0,0,0,0,0,0,0,0,3,0,1,0,0,0,0,0,0,0,0,0,0,1,0,0,0,0,0,0,1,1,0,2,0,1,0,0,0,0,0,1
"PTHR22534",0,0,0,0,0,0,0,0,0,0,0,0,0,3,0,0,0,0,1,0,0,0,0,1,0,0,0,0,0,0,0,0,0,1,0,0,2,0,2,0,0,0,0,0,0
"PTHR22802_SF200",0,0,0,1,0,0,0,0,0,0,0,0,0,1,0,2,0,0,0,0,0,0,0,0,0,0,0,1,0,0,0,0,0,0,0,0,1,0,1,0,1,0,0,0,0
"PTHR23024_SF115",0,0,0,0,1,0,0,0,0,0,0,0,0,0,0,0,0,0,1,0,0,0,1,0,0,0,1,1,0,0,0,0,0,0,1,1,1,0,0,1,1,0,0,1,1
"PTHR23202_SF27",0,0,0,0,0,0,0,0,0,0,0,0,0,0,0,0,0,0,1,0,0,0,0,1,0,0,0,0,0,0,0,0,0,0,0,0,0,0,0,0,0,1,0,0,0
"PTHR23262_SF13",0,0,0,0,0,0,0,0,0,1,0,0,0,1,0,1,0,0,1,0,0,0,0,1,0,0,0,0,0,0,0,0,0,1,0,0,1,1,1,0,0,0,0,0,0
"PTHR23263_SF35",0,0,0,0,0,0,0,0,0,0,0,0,0,1,0,1,0,0,1,0,0,0,0,1,0,0,0,1,0,0,0,0,0,1,0,0,0,0,1,0,0,0,0,0,0
"PTHR23266_SF80",0,0,0,0,1,0,2,0,0,1,0,2,0,2,0,8,0,0,0,1,1,0,0,1,0,0,0,2,0,0,1,0,0,1,0,1,1,0,3,0,1,0,0,0,0
"PTHR23267_SF128",0,0,0,0,0,0,1,0,0,0,0,0,0,2,0,3,0,0,3,0,3,0,0,3,0,0,0,2,0,0,0,0,0,2,0,0,2,0,2,0,1,0,0,0,0
"PTHR23267_SF142",0,0,0,0,0,0,0,2,1,5,0,1,1,0,0,0,1,0,1,1,1,1,2,1,0,0,2,0,0,0,0,0,1,0,0,4,0,1,0,1,0,1,0,0,0
"PTHR23268_SF14",0,0,0,0,0,0,1,0,0,1,1,1,0,2,0,4,0,0,0,0,2,0,1,0,0,0,1,1,0,0,0,0,0,0,1,1,1,0,2,0,0,1,0,1,0
"PTHR23425_SF4",0,0,0,0,0,0,0,0,0,0,0,0,0,1,0,2,0,0,1,0,1,0,0,1,0,0,0,2,0,0,0,0,0,2,0,0,0,0,2,0,0,0,0,0,0
"PTHR24023_SF381",0,0,0,0,0,1,0,0,0,0,0,0,0,0,0,2,0,0,0,0,0,0,1,0,0,0,0,0,0,0,0,0,0,0,1,0,0,0,0,0,0,1,0,0,0
"PTHR24068_SF44",0,0,0,1,0,0,0,1,0,0,0,0,0,0,0,0,0,0,1,0,1,1,1,1,0,0,1,0,0,0,0,0,0,0,0,1,0,0,0,1,0,0,0,0,0
"PTHR24068_SF50",0,0,0,1,0,0,0,0,0,0,0,0,0,0,0,1,0,0,1,0,0,0,0,1,0,0,0,1,0,0,0,0,0,1,0,0,0,0,1,0,1,0,0,0,0
"PTHR24089_SF61",0,0,0,0,1,0,0,0,0,0,0,0,1,0,0,0,0,0,1,0,0,0,0,0,0,0,0,0,0,0,0,0,0,0,0,0,1,1,0,0,0,0,0,0,0
"PTHR24176_SF1",0,0,0,2,0,0,3,0,0,0,0,0,0,1,0,3,0,0,4,0,2,0,0,4,0,0,0,2,0,0,0,0,0,3,0,0,2,0,8,0,1,0,0,0,0
"PTHR24375_SF103",0,0,0,0,0,0,0,0,0,0,0,0,0,2,0,1,0,0,0,0,2,0,0,0,0,0,0,2,0,0,0,0,0,1,0,0,1,0,1,0,0,0,0,0,0
"PTHR24377_SF184",0,0,0,1,0,0,1,0,0,0,0,0,0,1,0,1,0,0,1,0,1,0,0,1,0,0,0,2,0,0,0,0,0,1,0,0,1,0,1,0,1,0,0,0,0
"PTHR24377_SF3",0,0,0,1,0,0,0,0,0,0,0,0,0,1,0,1,0,0,1,0,0,0,0,0,0,0,0,1,0,0,0,0,0,1,0,0,1,0,2,0,1,0,0,0,0
"PTHR24387_SF209",0,0,0,0,0,0,0,0,0,0,0,0,0,1,0,3,0,0,1,0,1,0,0,1,0,0,0,2,0,0,0,0,0,2,0,0,2,0,2,0,1,0,0,0,0
"PTHR26451_SF123",0,0,0,0,1,0,0,0,0,1,0,1,0,1,0,1,1,1,1,0,1,0,0,0,0,2,0,0,0,1,0,0,0,1,0,0,1,0,1,0,0,2,0,0,0
"PTHR26451_SF194",0,0,0,0,0,0,0,0,0,0,0,0,0,1,0,2,0,0,0,0,1,0,0,0,0,0,0,0,0,0,0,0,0,0,0,0,2,0,2,0,0,0,0,0,0
"PTHR26451_SF322",0,0,0,0,0,0,0,0,0,3,0,3,0,1,1,1,1,2,1,0,1,0,0,1,0,0,0,0,0,0,1,0,0,1,0,0,0,0,1,0,0,1,0,0,0
"TF340411",0,0,0,0,0,0,0,0,0,0,0,0,0,3,0,3,0,0,3,0,1,0,0,1,0,0,0,2,0,0,0,0,0,1,0,0,1,0,6,0,0,0,0,0,0
"TF341024",0,0,0,0,0,0,0,0,0,0,0,0,0,1,0,0,0,0,0,0,0,0,0,0,0,0,0,0,0,0,0,0,0,0,0,0,1,0,1,0,0,0,0,0,0
"TF341718",0,0,0,0,0,0,0,0,0,0,0,0,0,0,0,0,0,0,1,0,2,0,0,1,0,0,0,1,0,0,0,0,0,1,0,0,0,0,5,0,0,0,0,0,0
"TF342190",0,0,0,0,0,0,0,0,0,0,0,0,0,1,0,0,0,0,1,0,0,0,0,1,0,0,0,1,0,0,0,0,0,1,0,0,1,0,1,0,0,0,0,0,0
"TF354179",0,0,0,0,0,0,0,0,0,0,0,0,0,1,0,1,0,0,0,0,0,0,0,0,0,0,0,1,0,0,0,0,0,0,0,0,1,0,1,0,0,0,0,0,0
"TF603962",0,0,0,0,0,0,0,0,0,6,0,0,0,0,0,0,0,0,0,0,1,0,0,1,0,0,0,0,0,0,0,0,0,1,0,0,0,0,0,0,0,0,0,0,0
"TF628365",0,0,0,0,0,0,0,0,0,0,0,0,0,0,0,0,0,0,1,0,0,0,0,1,0,0,0,0,0,0,0,0,0,1,0,0,0,0,0,0,0,0,0,0,0
"TF634848",0,0,0,0,0,0,0,0,0,0,0,0,0,0,0,0,0,0,1,0,0,0,1,0,0,0,0,0,0,0,0,0,0,1,0,0,0,0,0,0,0,0,0,0,0
"TF636355",0,0,0,1,0,0,0,0,0,1,0,0,0,1,0,1,0,0,1,0,0,0,0,0,0,0,0,0,0,0,0,0,0,0,0,0,1,0,0,0,0,0,0,0,0
"TF642013",0,0,0,1,0,0,0,0,0,0,0,0,0,0,0,0,0,0,2,0,0,0,0,0,0,0,0,1,0,0,0,0,0,1,0,0,0,0,0,0,0,0,0,0,0
"TF647924",0,0,0,0,0,0,0,0,0,0,0,0,0,0,0,1,0,0,0,0,0,1,0,1,0,0,0,0,0,0,0,0,0,0,0,0,1,0,0,0,0,0,0,0,0
"TF651486",0,0,0,1,0,0,1,1,1,1,0,0,0,1,2,1,1,1,1,0,1,1,1,1,1,1,1,1,1,0,1,3,1,1,0,0,1,0,1,2,1,0,0,1,0
"TF653981",0,0,0,0,0,0,1,0,0,0,0,0,0,0,0,0,0,0,0,0,0,0,0,0,0,0,0,0,0,0,0,0,0,1,0,0,1,0,1,0,0,0,0,0,0
"TF654010",0,0,0,0,0,0,0,0,0,0,0,0,0,1,0,0,0,0,1,0,0,0,0,1,0,0,0,0,0,0,0,0,0,1,0,0,1,0,1,0,0,0,0,0,0
"TF655174",0,0,0,0,0,0,0,0,0,1,0,0,0,1,0,1,0,0,0,0,0,0,0,0,0,0,0,0,0,0,0,0,0,0,0,0,0,0,1,0,0,0,0,0,0
"TF656776",0,0,0,0,0,0,0,0,0,0,0,0,0,0,0,0,0,0,1,0,0,0,0,0,0,0,0,1,0,0,0,0,0,0,0,0,0,0,1,0,0,0,0,0,0
"TF660546",0,0,0,0,0,0,0,0,0,0,0,0,0,1,0,0,0,0,1,0,1,0,0,1,0,0,0,0,0,0,0,0,0,0,0,0,1,0,1,0,0,0,0,0,0
"TF661150",0,0,0,0,0,0,0,0,0,0,1,0,0,0,0,0,0,0,0,1,0,0,0,0,0,0,0,0,0,0,0,0,0,0,1,0,0,0,0,0,0,1,0,0,1
"TF662313",0,0,0,0,3,1,1,0,0,0,0,0,0,0,0,0,0,0,1,0,1,0,0,1,0,0,0,0,0,0,3,0,0,1,0,0,0,0,0,0,0,0,0,0,0
"PTHR10006_SF6",0,0,0,0,0,1,0,0,0,1,0,0,0,0,0,0,0,1,0,0,0,0,1,0,1,0,1,0,0,2,0,0,1,0,0,1,0,0,0,1,0,1,0,0,0
"PTHR10044_SF89",0,0,0,0,0,0,0,1,1,0,0,0,1,0,1,0,1,0,0,1,0,0,4,0,2,0,4,0,0,0,0,1,1,0,0,7,0,1,0,1,0,0,0,0,0
"PTHR10199_SF79",0,0,0,0,0,0,0,2,0,1,1,1,0,0,0,0,0,1,0,1,0,0,0,0,0,1,0,0,1,0,0,0,0,0,1,0,0,0,0,0,0,0,0,1,1
"PTHR10334_SF159",0,0,0,0,0,0,0,0,0,0,1,1,0,0,1,0,0,1,0,0,0,0,0,0,0,0,0,0,0,0,0,0,0,0,1,0,0,0,0,0,0,0,0,1,0
"PTHR10357_SF124",0,0,0,0,0,0,0,0,0,0,0,0,0,0,0,0,0,0,0,0,0,0,1,0,3,0,1,0,0,0,0,2,0,0,0,1,0,0,0,1,0,0,0,0,0
"PTHR10424_SF41",0,0,0,0,1,0,20,0,0,98,0,0,5,1,0,1,1,0,0,0,36,0,2,0,0,3,1,0,3,34,2,0,1,2,9,5,0,0,0,0,1,6,0,25,2
"PTHR10424_SF43",0,0,0,0,0,1,1,0,0,1,0,0,0,0,0,1,0,0,0,0,1,0,0,0,0,0,0,0,0,0,0,0,0,0,1,0,0,0,0,0,0,5,0,1,0
"PTHR10459_SF38",0,0,0,0,0,0,0,0,0,0,1,0,0,0,0,0,0,0,0,0,0,1,0,0,0,0,1,1,0,0,0,0,0,0,0,0,0,0,0,0,0,1,0,0,0
"PTHR10799_SF557",0,0,0,0,0,0,0,1,0,0,0,0,0,0,1,0,0,0,0,0,0,0,0,0,0,1,0,0,0,0,0,1,0,0,0,0,0,0,0,0,0,0,0,0,0
"PTHR10907_SF51",0,0,0,0,0,0,0,0,0,1,0,0,0,0,0,0,0,1,0,0,0,0,0,0,0,0,0,0,0,0,0,0,1,0,1,1,0,0,0,0,0,0,0,1,0
"PTHR11309_SF78",0,0,0,0,0,0,0,1,0,0,0,0,0,0,0,0,0,1,0,0,0,0,0,0,0,0,0,0,0,0,0,0,0,0,0,0,0,0,0,0,0,0,0,0,0
"PTHR11559_SF149",0,0,0,0,0,0,0,1,1,0,1,1,0,0,0,0,2,0,0,0,0,0,1,0,1,0,2,0,0,0,2,1,0,0,0,1,0,0,0,1,0,0,1,0,0
"PTHR11818_SF48",0,0,0,0,0,0,0,0,0,0,0,0,0,0,0,0,2,0,0,0,0,0,3,0,3,0,3,0,0,0,0,0,0,0,1,3,0,0,0,2,0,0,0,0,0
"PTHR12232_SF6",0,0,0,0,1,0,0,0,0,0,1,0,1,0,0,0,1,0,0,0,0,1,0,0,0,1,0,1,1,0,1,0,0,0,0,1,0,1,0,1,0,1,0,0,1
"PTHR13711_SF173",0,0,0,0,0,1,0,0,0,0,0,0,0,0,0,0,0,0,0,0,0,0,0,0,0,1,0,0,0,1,0,0,0,0,0,0,0,0,0,0,0,1,0,0,0
"PTHR13748_SF38",0,0,0,1,0,1,0,0,0,0,0,0,0,0,2,4,0,0,0,0,1,1,0,0,0,0,0,0,0,0,0,1,0,1,1,0,0,0,3,0,0,0,0,0,0
"PTHR14499_SF30",0,0,0,0,0,0,0,0,0,0,0,0,0,0,0,0,1,0,0,1,0,0,1,0,1,0,1,0,0,0,1,0,0,0,1,1,0,0,0,1,0,0,0,1,0
"PTHR15503_SF4",0,0,0,0,0,0,1,0,0,0,0,0,0,1,0,1,0,0,0,0,1,0,0,0,0,0,0,1,0,0,1,0,0,0,0,0,0,0,0,0,0,0,1,0,0
"PTHR16982_SF4",0,0,0,0,0,0,1,1,0,1,0,0,0,0,1,0,1,1,0,0,0,0,1,0,1,0,1,0,0,0,1,1,1,0,1,1,0,0,0,1,0,0,0,0,0
"PTHR18806_SF27",0,0,0,0,0,1,0,0,0,0,0,0,0,0,0,0,0,1,0,0,0,0,0,0,0,0,0,0,0,0,0,1,0,0,0,0,0,0,0,1,0,0,0,0,0
"PTHR19325_SF332",0,0,0,0,0,0,0,0,0,1,0,0,0,0,1,0,0,0,0,0,0,0,4,0,1,0,1,0,0,0,0,1,0,0,0,6,0,0,0,2,0,0,0,0,0
"PTHR21330_SF1",0,0,0,0,0,0,0,0,0,0,0,0,0,0,0,0,0,0,0,0,0,0,0,1,0,0,0,0,0,0,0,1,0,0,1,0,0,0,0,0,0,0,0,0,0
"PTHR22835_SF127",0,0,0,1,0,0,0,0,0,0,0,0,0,0,0,0,0,0,0,0,0,0,0,0,0,0,0,0,0,0,1,0,0,0,0,0,0,0,0,0,0,0,0,0,0
"PTHR23024_SF124",0,0,0,0,0,0,1,0,1,0,0,0,0,0,1,0,0,0,1,0,0,0,3,0,3,0,6,0,0,0,1,0,0,0,0,4,0,0,0,5,0,0,0,0,0
"PTHR23067_SF30",0,0,0,0,0,0,1,1,0,2,1,1,0,0,0,2,0,0,0,0,0,0,1,0,1,0,0,0,0,2,1,0,0,0,0,1,0,0,0,1,0,0,0,0,1
"PTHR23228_SF121",0,0,0,0,0,0,1,0,0,0,0,0,0,1,0,2,0,1,0,0,1,0,0,0,0,0,0,0,0,0,1,0,1,0,0,0,1,0,2,0,0,0,0,0,0
"PTHR23257_SF389",0,0,0,0,1,0,0,0,0,0,0,0,0,0,0,0,0,0,0,0,0,0,0,0,0,0,0,0,0,0,0,0,0,0,0,0,0,0,0,0,0,0,0,0,0
"PTHR23267_SF135",0,0,0,0,0,0,1,1,1,0,0,1,0,0,1,0,0,0,0,0,1,0,26,0,0,0,0,0,0,0,0,1,0,0,0,10,0,0,0,13,0,0,0,0,0
"PTHR24028_SF56",0,0,0,0,0,1,0,1,1,0,0,1,0,0,1,2,0,0,0,1,0,0,1,1,0,1,1,1,0,0,0,0,1,1,0,1,2,0,0,1,0,0,0,0,0
"PTHR24061_SF0",0,0,0,0,0,0,0,0,6,5,0,0,0,0,1,0,0,2,0,0,0,0,28,0,1,0,1,0,0,1,22,0,0,0,1,0,0,0,0,9,0,2,0,2,0
"PTHR24078_SF124",0,0,0,0,0,0,0,0,1,0,0,0,0,0,0,0,0,0,0,0,0,0,0,0,0,0,0,0,0,0,0,0,0,0,0,0,0,0,0,0,0,1,0,0,0
"PTHR24100_SF15",0,0,0,0,0,0,0,0,0,4,0,0,1,0,0,1,0,0,0,0,0,0,0,0,0,1,0,0,0,0,0,0,5,0,3,0,1,0,1,0,0,0,0,1,0
"PTHR24115_SF394",0,0,0,0,0,0,0,0,0,0,0,0,0,0,0,0,0,0,0,0,0,0,0,0,0,0,0,0,1,0,0,0,0,0,1,0,0,0,0,0,0,0,0,1,1
"PTHR24300_SF1",0,0,0,0,0,0,0,0,0,0,0,0,0,0,0,0,0,0,0,0,0,0,7,0,4,0,5,0,0,0,0,0,0,0,5,3,0,0,0,3,0,0,0,3,0
"PTHR24300_SF107",0,0,0,0,0,0,0,0,1,0,0,0,0,0,2,0,2,1,0,0,0,0,5,0,5,0,2,0,0,0,2,0,0,0,0,9,0,0,0,9,0,0,0,0,0
"PTHR24300_SF90",0,0,0,0,0,0,0,0,0,0,0,0,0,0,0,0,0,0,0,0,0,0,0,0,0,0,0,0,0,0,0,0,0,0,0,0,0,0,0,0,0,0,0,2,0
"PTHR24349_SF91",0,0,0,0,0,1,0,1,1,0,1,1,0,0,1,1,1,0,0,1,0,1,1,0,1,0,1,0,0,0,0,0,0,0,0,1,0,0,0,1,0,0,0,0,0
"PTHR24352_SF46",0,0,0,0,0,0,0,1,1,0,0,0,0,0,1,0,1,0,0,0,0,0,1,0,1,0,1,0,0,0,0,1,0,0,0,1,0,0,0,0,0,0,0,1,0
"PTHR24353_SF54",0,0,0,1,0,0,0,0,1,0,0,0,0,0,1,0,0,0,0,0,0,0,0,0,0,0,1,0,0,0,0,0,0,0,2,0,0,0,0,0,0,0,0,2,0
"PTHR24356_SF134",0,0,0,0,0,0,0,0,0,0,0,0,0,0,0,0,0,0,0,0,0,0,0,0,0,0,0,0,0,0,0,1,0,0,0,0,0,0,0,0,0,0,1,0,0
"PTHR24365_SF225",0,0,0,0,0,0,0,0,0,1,1,1,0,0,0,0,0,1,0,1,0,0,1,0,0,0,0,0,0,0,1,0,0,0,0,1,0,0,0,1,0,0,0,0,0
"PTHR24365_SF251",0,0,0,0,0,0,0,1,0,0,1,1,0,0,1,0,1,1,0,1,0,0,1,0,0,0,0,0,0,0,1,0,0,0,0,1,0,0,0,1,0,0,0,0,0
"PTHR24373_SF100",0,0,0,0,0,0,0,1,0,0,0,0,0,0,1,2,1,0,0,0,0,0,1,0,0,0,1,0,0,0,0,1,0,0,0,0,0,0,0,0,0,0,0,0,0
"PTHR24377_SF157",0,0,0,0,0,0,0,0,0,0,0,1,0,0,0,0,0,0,0,0,0,0,0,0,0,0,0,0,0,1,0,0,0,0,1,0,0,0,0,0,0,0,0,2,0
"PTHR24377_SF191",0,0,0,0,0,0,0,5,1,14,0,1,0,0,0,0,2,0,0,0,0,0,63,0,8,0,12,0,0,0,0,0,0,0,0,10,0,0,0,17,0,0,0,0,0
"PTHR24377_SF223",0,0,0,0,0,0,0,0,0,0,0,0,0,0,0,0,0,0,0,0,0,0,9,0,6,0,3,0,0,0,0,0,0,0,0,13,0,0,0,6,0,0,0,0,0
"PTHR24387_SF206",0,0,0,0,0,0,0,0,0,1,0,0,0,0,0,0,1,0,0,0,0,0,1,0,1,0,1,0,0,0,1,0,0,0,1,1,0,0,0,1,0,0,0,0,0
"PTHR24416_SF135",0,0,0,0,0,0,0,0,0,0,0,0,0,0,0,0,0,0,0,0,0,0,0,0,0,0,0,0,0,0,0,1,0,0,0,0,0,0,0,0,0,0,0,0,0
"PTHR26451_SF131",0,0,0,0,1,0,0,1,4,0,8,11,1,2,10,1,7,11,0,6,1,1,3,2,1,1,0,0,1,0,2,1,1,0,0,2,2,1,2,4,0,9,0,0,1
"PTHR26451_SF153",0,0,0,0,0,0,0,0,0,0,1,2,0,1,3,1,0,2,0,1,0,1,10,0,2,1,1,0,1,0,0,0,2,0,0,10,1,0,1,9,0,0,0,0,0
"PTHR26451_SF190",0,0,0,0,0,0,0,0,1,0,0,1,0,0,0,0,1,1,0,1,0,0,1,0,0,1,2,0,0,0,0,0,0,0,0,1,0,0,0,1,0,0,0,0,0
"TF337683",0,0,0,0,0,0,0,0,0,0,0,0,0,1,0,1,0,0,0,0,0,0,1,0,1,0,0,0,0,0,0,0,0,0,0,0,0,0,0,1,0,0,0,0,0
"TF604109",0,0,0,0,0,0,0,0,0,0,1,0,1,0,0,0,0,0,0,0,0,0,0,0,0,0,1,0,0,0,0,0,1,0,0,0,0,0,0,0,0,0,0,0,0
"TF605663",0,0,0,0,0,0,0,0,0,0,0,0,0,0,0,0,0,0,0,0,0,0,0,0,0,0,0,0,0,0,0,0,0,0,2,0,0,0,0,0,0,0,0,2,0
"TF622356",0,0,0,1,0,0,0,0,0,1,0,0,1,0,0,0,0,0,0,0,0,0,0,0,0,0,0,0,0,0,0,0,0,0,0,0,0,0,0,0,0,0,0,0,0
"TF628741",0,0,0,0,0,0,0,0,0,0,0,0,0,0,0,0,0,1,0,0,1,0,0,0,0,0,0,1,0,0,0,0,1,0,0,0,0,0,0,0,0,0,0,0,0
"TF628883",0,0,0,0,1,0,1,0,0,1,0,0,1,1,0,1,0,1,1,0,1,1,0,1,0,0,1,1,0,0,0,0,1,0,0,0,0,1,1,0,0,0,0,0,0
"TF650139",0,0,0,0,0,0,0,1,0,0,0,0,0,0,0,0,2,1,0,0,0,0,2,0,0,0,1,0,0,0,1,0,0,0,0,1,0,0,0,2,0,0,0,0,0
"TF659994",0,0,0,0,0,1,0,0,0,0,0,0,0,0,0,0,0,0,0,0,0,0,0,0,0,0,0,0,0,0,0,0,0,0,0,0,0,0,0,0,0,0,0,0,0
"TF661933",0,0,0,0,0,1,0,0,0,1,1,0,0,1,0,0,0,0,1,1,0,1,0,1,0,0,1,1,0,0,0,0,0,1,0,0,0,1,0,0,0,1,0,0,0
"TF663474",0,0,0,0,0,0,0,0,1,0,0,0,0,0,0,0,0,0,0,0,0,0,0,0,0,0,0,1,0,0,0,0,0,0,1,0,0,0,0,0,0,0,0,1,0
"TF664069",0,0,0,0,0,0,0,0,1,0,0,0,0,0,0,0,0,0,0,0,0,0,0,0,0,1,0,0,1,0,0,0,0,0,0,0,0,0,0,0,0,1,0,0,0
"TF666459",0,0,0,0,0,0,0,0,0,0,0,0,0,0,0,0,0,1,0,0,0,0,0,0,0,0,1,0,0,0,0,0,0,0,0,0,0,0,0,1,0,0,0,0,0
"PTHR11353_SF68",0,0,0,1,0,1,0,0,0,0,0,0,0,0,0,0,0,0,0,0,0,0,0,0,0,0,0,1,0,0,0,0,0,0,0,0,0,0,0,0,1,0,0,0,0
"PTHR11517_SF23",0,0,0,1,0,1,2,0,0,0,1,0,0,1,0,1,0,0,1,0,0,0,0,1,0,0,1,1,0,0,0,0,0,0,0,0,1,0,1,0,0,0,0,0,1
"PTHR13367_SF8",0,0,0,1,0,0,0,0,0,0,0,0,0,0,0,0,0,0,0,0,0,0,0,0,0,0,0,0,0,0,0,0,0,0,0,0,0,0,0,0,0,0,0,0,0
"PTHR13555_SF23",0,0,0,1,0,0,0,0,0,0,0,0,0,1,0,1,0,0,0,0,1,0,1,0,0,0,1,0,1,0,0,0,0,0,0,0,1,0,0,1,1,0,0,0,0
"PTHR15251",0,0,0,3,0,0,7,0,0,0,0,0,0,1,0,6,0,0,3,0,3,0,0,0,0,0,0,4,0,0,0,0,0,1,0,0,3,0,3,0,2,0,0,0,0
"PTHR22884_SF11",0,0,0,2,0,0,0,0,0,0,0,0,0,0,0,0,1,0,0,0,0,0,0,0,1,0,1,1,0,0,1,0,0,0,2,1,0,0,1,1,0,0,0,2,0
"PTHR22904_SF291",0,0,0,1,0,0,0,0,0,0,0,0,0,0,0,0,0,0,0,0,0,0,1,0,0,0,0,0,0,0,0,0,0,0,0,0,0,0,0,1,0,0,0,0,0
"PTHR22957_SF223",0,0,0,1,0,0,0,0,0,1,0,0,0,0,0,0,0,0,0,1,0,0,0,0,0,0,0,0,0,0,0,0,0,0,0,0,0,0,0,0,0,0,0,0,0
"PTHR23083_SF346",0,0,0,1,0,0,0,0,0,0,0,0,0,0,0,0,0,0,0,0,0,0,1,0,0,0,0,0,0,0,1,0,0,0,0,0,0,1,0,0,0,0,0,0,0
"PTHR23267_SF119",0,0,0,1,1,0,1,0,0,0,0,0,1,1,0,1,0,0,0,0,0,0,0,0,0,0,0,1,0,0,0,0,0,0,0,0,1,0,0,0,0,0,0,0,0
"PTHR24027_SF264",0,0,0,1,1,0,0,0,0,0,1,0,1,0,0,0,0,0,0,0,0,0,0,0,0,1,0,0,0,0,1,0,1,0,0,0,0,0,0,0,0,0,0,0,1
"PTHR24028_SF89",0,0,0,1,0,0,0,0,0,0,0,0,0,0,0,1,0,0,0,0,1,0,0,0,0,0,0,2,0,0,0,0,0,1,0,0,1,0,0,0,1,0,0,0,0
"PTHR24031_SF157",0,0,0,2,0,0,1,0,0,0,0,0,0,0,0,1,0,0,0,0,1,0,0,0,0,0,0,0,0,0,0,0,0,0,0,0,1,0,1,0,0,0,0,0,0
"PTHR24034_SF36",0,0,0,1,0,0,0,0,0,0,0,0,0,0,0,0,0,0,0,1,0,0,0,0,0,0,0,0,0,0,0,0,0,0,0,0,0,0,0,0,0,0,0,0,0
"PTHR24073_SF128",0,0,0,1,0,0,0,0,0,0,0,0,0,0,0,1,0,0,0,0,0,0,1,0,0,0,0,0,0,0,0,0,0,0,0,0,0,0,0,0,0,1,0,0,0
"PTHR24073_SF434",0,0,0,1,0,0,1,0,0,0,0,0,0,0,0,1,0,0,1,0,1,0,0,0,0,0,0,0,0,0,0,0,0,1,0,0,0,0,0,0,0,0,0,0,0
"PTHR24324_SF0",0,0,0,1,0,0,0,0,0,0,0,0,0,0,0,0,0,0,0,0,1,0,2,0,1,0,1,0,0,0,1,0,0,0,1,1,0,0,0,0,0,0,0,1,0
"PTHR31139_SF6",0,0,0,1,0,0,0,0,0,0,0,0,0,0,0,0,0,0,0,0,0,0,0,0,0,0,0,0,0,0,0,0,0,0,0,0,0,0,0,0,0,0,1,0,0
"TF339789",0,0,0,1,0,0,1,0,0,0,0,0,0,1,0,1,0,0,0,0,0,0,1,0,0,0,1,0,0,0,0,0,0,1,0,2,1,0,1,1,0,0,0,0,0
"TF655391",0,0,0,1,0,0,0,0,0,0,0,0,0,1,0,0,0,0,0,0,0,0,0,0,0,0,0,1,0,0,0,0,0,0,0,0,1,0,1,0,1,0,0,0,0
"TF656696",0,0,0,1,0,0,0,0,0,1,0,0,0,0,0,0,0,0,0,0,0,0,0,0,0,0,0,0,1,1,0,0,0,0,0,0,0,0,0,0,0,0,0,0,0
"PTHR11571_SF99",0,0,0,0,1,0,0,0,0,0,0,0,1,0,0,0,0,1,0,0,0,0,0,0,0,0,1,0,1,0,1,0,0,0,2,1,0,1,0,1,0,0,0,3,1
"PTHR12021_SF7",0,0,0,0,0,0,0,0,0,0,0,0,0,0,0,0,0,0,0,0,0,0,1,0,0,0,0,0,0,0,0,0,0,0,0,1,0,0,0,1,0,0,0,0,0
"PTHR12029_SF8",0,0,0,0,0,0,0,0,0,0,0,0,0,0,0,0,0,0,0,0,0,0,0,0,0,0,0,0,0,0,0,0,0,0,0,0,0,0,0,0,0,0,0,0,1
"PTHR24023_SF503",0,0,0,0,0,0,0,0,0,0,0,0,0,0,0,0,0,0,0,0,0,0,0,0,0,0,0,0,0,0,1,0,0,0,0,0,0,0,0,0,0,0,0,0,0
"PTHR24028_SF104",0,0,0,0,1,1,1,0,0,0,1,1,1,1,1,1,1,0,0,0,1,0,1,0,1,0,1,0,1,1,1,1,0,1,0,0,1,1,1,1,0,0,0,0,1
"PTHR24365_SF92",0,0,0,0,0,0,0,0,0,0,0,0,0,0,0,0,0,0,0,1,0,0,0,0,0,0,0,0,0,0,0,0,1,0,0,1,0,0,0,0,0,0,0,0,1
"PTHR24375_SF30",0,0,0,0,0,0,0,0,0,0,0,0,0,1,0,1,0,1,0,0,1,0,0,1,0,0,0,1,0,0,0,0,0,0,0,0,1,0,1,0,0,0,0,0,0
"PTHR24377_SF178",0,0,0,0,1,0,0,0,0,0,1,1,1,0,0,0,0,0,0,0,0,0,0,0,0,1,0,0,1,0,0,0,0,0,0,0,0,1,0,0,0,1,0,0,1
"PTHR24838_SF256",0,0,0,0,0,0,0,0,0,0,0,0,0,0,1,0,0,0,0,0,0,0,0,0,0,0,0,0,0,0,0,0,0,0,1,0,0,0,0,0,0,0,0,0,0
"PTHR26451_SF32",0,0,0,0,0,0,0,0,0,0,0,1,1,0,0,0,1,1,0,0,0,0,0,0,0,1,0,0,0,1,1,0,1,0,0,0,0,0,0,0,0,1,0,0,0
"TF634816",0,0,0,0,1,0,0,0,0,0,1,2,1,0,0,0,0,0,0,0,0,0,0,0,0,0,0,0,0,0,0,0,0,0,0,0,0,0,0,0,0,0,0,0,1
"TF639566",0,0,0,0,0,0,0,0,0,1,0,0,0,1,0,1,0,0,0,0,0,0,0,0,0,1,0,1,1,0,1,0,0,0,0,0,1,1,1,0,0,0,0,0,0
"TF652363",0,0,0,0,0,0,0,1,0,0,0,4,0,0,1,0,1,0,0,0,0,0,1,0,1,0,1,0,0,0,1,1,0,0,0,1,0,0,0,1,0,1,0,0,0
"TF655850",0,0,0,0,0,0,0,0,0,0,1,0,0,0,0,1,1,0,0,0,0,1,1,0,1,0,0,0,1,0,0,1,1,0,0,0,0,1,0,0,0,1,1,0,0
"TF659008",0,0,0,0,1,0,0,0,0,1,1,1,1,0,0,0,0,0,0,0,0,0,1,0,0,0,0,0,1,0,1,0,0,0,0,0,0,0,0,0,0,0,0,0,0
"PTHR10159_SF313",0,0,0,0,1,0,1,0,0,0,0,0,0,1,0,1,0,1,0,1,1,0,1,0,1,0,0,0,0,0,1,0,0,0,1,1,1,0,2,1,0,0,0,1,0
"PTHR10454_SF13",0,0,0,0,1,0,0,0,0,0,0,0,1,0,0,0,1,0,0,1,0,0,1,0,0,1,0,0,0,0,1,0,1,0,0,0,0,1,0,1,0,0,0,2,1
"PTHR10799_SF232",0,0,0,0,1,0,0,0,0,0,0,0,0,0,0,0,0,0,0,0,0,0,0,0,0,0,0,0,0,0,0,0,0,0,0,0,0,0,0,0,0,0,0,0,0
"PTHR10877_SF70",0,0,0,0,1,0,0,0,0,0,0,0,0,0,0,0,0,0,0,0,0,0,0,0,0,0,0,0,0,1,1,0,0,0,1,0,0,0,0,0,0,1,0,0,0
"PTHR11711_SF104",0,0,0,0,1,0,1,0,0,0,0,0,0,0,0,0,0,0,0,0,0,0,0,0,0,0,0,0,0,0,0,0,0,0,0,0,0,0,0,0,0,0,0,0,0
"PTHR12027_SF90",0,0,0,0,1,0,0,0,0,0,0,0,0,0,0,0,0,0,0,0,0,0,0,1,0,0,0,0,0,0,0,0,0,0,0,0,0,0,0,1,0,0,1,0,0
"PTHR12381_SF13",0,0,0,0,1,0,0,0,0,0,0,0,0,0,0,1,0,0,0,0,0,0,1,0,0,0,0,0,0,0,0,0,0,0,0,0,0,0,0,0,0,1,0,0,0
"PTHR19303_SF193",0,0,0,0,2,0,0,0,0,0,1,3,2,0,0,1,0,0,0,0,0,0,0,0,0,1,0,0,0,0,0,0,0,0,0,0,0,0,0,0,0,1,0,0,1
"PTHR22850_SF27",0,0,0,0,1,0,0,0,0,0,0,0,0,0,0,0,0,0,0,0,0,0,0,0,1,0,0,0,0,0,0,0,0,0,0,0,0,0,0,0,0,0,0,0,0
"PTHR23091_SF203",0,0,0,0,1,0,0,0,0,0,0,0,0,0,0,0,0,1,0,0,0,0,2,0,4,0,1,0,0,0,0,0,0,0,0,1,0,0,0,3,0,0,0,0,0
"PTHR24023_SF0",0,0,0,0,1,0,0,0,0,0,0,0,0,0,0,0,0,0,0,0,0,0,1,0,0,0,0,0,0,0,0,0,0,0,0,0,0,0,0,0,0,0,0,0,0
"PTHR24089_SF162",0,0,0,0,1,0,0,0,0,0,0,0,0,0,0,0,0,0,0,0,0,0,0,0,0,0,0,0,0,0,0,0,0,0,0,0,0,0,0,0,0,0,0,0,0
"PTHR24176_SF2",0,0,0,0,1,0,0,0,0,0,0,0,0,0,0,0,0,0,0,0,0,0,0,0,0,0,0,0,0,0,0,0,0,0,1,0,0,0,0,0,0,0,0,1,1
"PTHR24249_SF22",0,0,0,0,1,0,0,0,0,0,0,0,0,0,1,0,0,0,0,0,0,0,0,0,0,0,0,0,0,0,0,0,0,0,0,0,0,0,0,0,0,0,0,0,0
"PTHR24377_SF134",0,0,0,0,1,0,0,0,0,0,2,1,1,0,0,0,0,0,0,0,0,0,0,0,0,1,0,0,0,0,0,0,1,0,0,0,0,0,0,0,0,0,0,0,1
"PTHR26451_SF20",0,0,0,0,1,0,1,1,0,1,0,1,1,1,3,1,1,1,0,1,0,0,2,0,0,1,1,0,1,0,0,0,0,0,0,0,1,1,1,1,0,0,1,0,0
"PTHR26451_SF209",0,0,0,0,1,0,0,0,0,0,1,0,0,0,0,0,0,2,0,1,0,0,0,0,0,1,0,0,1,0,0,0,0,0,0,0,0,1,0,0,0,1,0,0,1
"TF342776",0,0,0,0,1,0,1,0,0,0,0,0,1,0,0,0,0,0,0,0,0,0,0,0,1,0,0,0,0,0,0,0,0,0,0,0,0,1,0,0,0,0,0,0,0
"TF602278",0,0,0,0,1,0,0,0,0,0,0,0,0,0,0,1,0,0,0,0,0,0,1,0,0,1,0,0,0,0,1,0,0,0,0,1,0,0,0,0,0,0,0,0,0
"TF605082",0,0,0,0,1,0,0,0,0,0,0,0,0,0,0,0,0,0,0,0,0,0,0,0,1,0,0,0,0,0,0,0,0,0,0,0,0,0,0,1,0,0,1,0,0
"TF638587",0,0,0,0,1,0,0,0,0,3,0,0,0,0,0,0,0,0,0,0,0,0,0,0,0,0,0,0,0,0,0,0,0,0,0,0,0,0,0,1,0,0,0,0,1
"TF649632",0,0,0,0,1,0,0,0,0,0,0,0,0,0,0,0,0,0,0,0,0,0,1,0,0,0,0,0,0,0,0,0,0,0,0,0,0,0,0,1,0,0,0,0,0
"TF657012",0,0,0,0,1,0,0,0,0,0,0,0,1,0,0,0,0,0,0,0,0,0,0,0,0,0,0,0,0,0,0,0,0,0,0,0,0,0,0,0,0,0,0,0,0
"TF665199",0,0,0,0,1,0,0,0,0,1,0,0,0,0,0,1,0,0,0,0,0,0,0,0,0,0,0,0,0,0,0,0,0,0,0,0,1,0,0,0,0,0,0,0,0
"PTHR10015_SF15",0,0,0,0,0,0,0,0,1,1,0,0,0,0,0,0,1,0,0,0,0,0,1,0,1,0,0,0,0,0,1,0,0,0,1,1,0,0,0,0,0,0,0,1,0
"PTHR10704_SF4",0,0,0,0,0,0,0,0,0,0,0,0,0,0,0,0,0,0,0,0,0,0,1,0,0,0,1,0,0,0,0,0,0,0,1,1,0,0,0,1,0,0,0,1,0
"PTHR10799_SF576",0,0,0,0,0,0,1,0,0,0,1,0,0,0,0,0,0,0,0,0,0,0,0,0,0,0,0,0,0,0,0,0,0,0,0,0,0,0,0,0,0,0,0,0,0
"PTHR10887_SF329",0,0,0,0,0,0,0,0,0,0,0,0,0,0,0,1,0,0,0,1,0,0,2,0,0,0,1,0,1,0,0,0,0,0,0,1,0,1,0,1,0,0,0,0,0
"PTHR11442_SF38",0,0,0,0,0,0,0,0,0,0,0,1,0,0,0,0,0,0,0,1,0,0,1,0,3,0,1,0,0,0,0,0,1,0,1,1,0,0,0,2,0,0,0,0,0
"PTHR11588_SF57",0,0,0,0,0,0,0,0,0,1,0,0,0,0,0,0,0,0,0,0,0,1,0,0,0,0,0,0,0,1,0,0,0,0,0,0,0,0,0,0,0,0,0,0,0
"PTHR11848_SF132",0,0,0,0,0,0,0,0,1,0,0,0,0,0,0,0,0,0,0,1,0,0,2,0,1,0,1,0,0,0,0,0,0,0,0,0,0,0,0,2,0,0,0,0,0
"PTHR12403_SF12",0,0,0,0,0,0,0,0,0,0,0,0,0,0,0,0,0,0,0,0,0,0,1,0,1,0,1,0,0,0,0,0,0,0,0,1,0,1,0,2,0,0,0,0,0
"PTHR12406_SF25",0,0,0,0,0,0,0,0,0,1,0,0,0,0,0,0,0,0,0,0,0,0,0,0,0,0,0,0,0,0,0,0,0,0,0,0,0,0,0,0,0,0,0,0,0
"PTHR12844_SF23",0,0,0,0,0,0,0,0,0,0,0,0,0,0,0,0,1,1,0,1,0,0,1,0,1,0,0,0,0,0,1,0,0,0,0,1,0,0,0,1,0,0,0,0,0
"PTHR13711_SF13",0,0,0,0,0,0,0,0,0,0,0,1,0,0,0,0,0,0,0,0,0,0,0,0,0,0,0,0,0,0,0,0,0,0,0,0,0,0,0,0,0,0,0,0,0
"PTHR14987_SF0",0,0,0,0,0,0,0,0,0,0,0,0,0,0,0,0,0,0,0,0,0,0,1,0,1,0,2,0,0,0,0,0,0,0,0,1,0,0,0,1,0,0,0,0,0
"PTHR15001_SF0",0,0,0,0,0,0,0,0,0,0,0,0,0,0,0,0,0,1,0,0,0,0,1,0,0,0,0,0,0,0,0,0,0,0,0,1,0,0,0,1,0,0,0,0,0
"PTHR19422",0,0,0,0,0,0,0,0,0,0,0,0,0,0,0,0,0,0,0,0,2,0,0,0,0,0,0,0,0,12,0,0,0,0,0,0,0,0,0,0,0,0,0,0,0
"PTHR21312_SF2",0,0,0,0,0,0,0,0,0,0,0,0,0,0,0,0,0,0,0,0,0,0,4,0,0,0,0,0,0,0,0,0,0,0,0,1,0,0,0,1,0,0,0,0,0
"PTHR21558",0,0,0,0,0,0,0,0,0,0,0,0,0,0,0,0,0,0,0,0,0,0,219,0,0,0,4,0,0,0,0,0,0,0,0,4,0,0,0,68,0,0,0,0,0
"PTHR23077_SF65",0,0,0,0,0,0,0,1,1,0,0,0,0,0,0,0,0,0,0,1,0,0,2,0,1,0,1,0,0,0,0,0,0,0,0,1,0,0,0,1,0,0,0,0,0
"PTHR23084_SF125",0,0,0,0,0,0,0,0,0,0,0,0,0,0,0,1,0,0,0,0,0,0,0,0,0,0,1,0,0,0,0,0,0,0,0,0,0,0,0,0,0,0,0,0,0
"PTHR23213_SF207",0,0,0,0,0,0,0,0,0,0,0,0,0,0,0,0,0,0,0,0,0,0,0,0,0,0,0,0,0,0,0,0,0,0,0,0,0,0,0,0,0,0,0,0,0
"PTHR23266_SF82",0,0,0,0,0,0,0,0,0,0,0,0,1,0,0,0,1,0,0,0,0,0,1,0,1,0,1,0,0,0,2,0,0,0,0,1,0,0,0,1,0,0,0,0,0
"PTHR23345",0,0,0,0,0,0,0,0,0,1,0,0,0,0,0,0,0,0,0,0,0,0,0,0,0,1,0,0,0,2,0,0,0,0,0,0,0,0,0,0,0,0,0,0,0
"PTHR23349_SF52",0,0,0,0,0,1,0,0,0,0,0,0,0,0,0,0,0,0,0,0,0,1,0,0,0,0,0,0,0,0,0,0,0,1,0,1,0,0,0,0,0,0,0,0,1
"PTHR24023_SF350",0,0,0,0,0,0,1,0,0,0,0,0,0,0,0,1,0,0,0,0,0,0,1,0,1,0,0,0,0,0,0,0,0,0,0,1,0,0,0,1,0,0,0,0,0
"PTHR24028_SF102",0,0,0,0,0,0,0,1,0,0,0,1,1,0,0,1,0,0,0,0,1,0,1,0,1,0,0,0,1,0,1,0,0,0,1,0,1,0,0,0,0,0,0,0,1
"PTHR24216_SF14",0,0,0,0,0,0,0,0,0,0,0,0,0,0,0,1,0,0,0,0,0,0,1,0,0,0,1,1,0,0,0,0,0,0,0,0,0,0,0,0,0,0,1,0,0
"PTHR24242_SF203",0,0,0,0,0,0,0,0,0,0,0,0,0,0,0,0,1,0,0,0,0,0,1,0,1,0,1,0,0,0,0,0,0,0,0,1,0,0,0,1,0,0,0,0,0
"PTHR24300_SF18",0,0,0,0,0,0,0,1,0,1,0,0,1,0,0,0,1,0,0,0,0,0,10,0,2,0,2,0,0,1,0,0,0,0,15,3,1,0,0,5,0,0,0,4,0
"PTHR24322_SF323",0,0,0,0,0,0,0,0,0,0,0,1,0,0,0,0,1,0,0,1,0,0,0,0,0,0,1,0,0,0,0,0,0,0,0,1,0,0,0,0,0,0,0,0,0
"PTHR24329_SF281",0,0,0,0,0,0,1,0,0,0,0,0,0,0,0,0,0,0,0,0,0,0,0,0,0,0,0,0,0,0,0,0,0,0,0,0,1,0,1,0,0,0,0,0,0
"PTHR24343_SF15",0,0,0,0,0,0,0,0,0,0,3,2,0,0,0,0,0,0,0,0,0,0,0,0,0,0,1,0,0,0,3,0,0,0,0,2,0,0,0,0,0,0,0,0,0
"PTHR24365_SF233",0,0,0,0,0,0,0,0,0,0,0,0,0,0,0,0,0,0,0,0,0,0,0,0,0,0,0,0,0,0,0,0,0,0,0,0,0,0,0,1,0,0,0,0,0
"PTHR24402_SF159",0,0,0,0,0,0,0,0,0,0,0,0,0,0,0,0,0,0,0,0,0,0,80,0,11,0,3,0,0,0,0,0,0,0,0,2,0,0,0,35,0,0,0,0,0
"PTHR24402_SF187",0,0,0,0,0,0,0,0,0,0,1,0,0,0,1,1,0,0,0,0,0,0,1,0,1,0,1,0,0,0,1,0,0,0,0,2,1,0,1,1,0,0,0,0,0
"PTHR26451_SF228",0,0,0,0,0,1,0,0,1,0,0,1,0,1,1,0,0,1,0,0,0,0,2,0,0,0,1,1,0,0,0,0,1,0,0,1,1,1,1,2,0,0,0,1,1
"PTHR32378",0,0,0,0,0,0,1,0,0,1,0,0,0,1,0,3,0,0,0,0,1,1,4,0,0,0,0,0,1,1,0,0,0,0,0,0,1,0,1,3,0,0,0,0,0
"TF319465",0,0,0,0,0,0,0,0,0,0,0,0,0,0,0,0,0,0,0,0,0,0,1,0,1,0,1,0,0,0,0,0,0,0,0,1,0,0,0,0,0,0,0,0,0
"TF328568",0,0,0,0,0,0,1,0,0,0,0,0,1,0,0,0,0,0,0,0,0,0,0,0,0,0,0,1,0,0,1,0,0,0,0,0,1,1,0,0,0,0,0,0,0
"TF330792",0,0,0,0,0,0,0,0,0,0,0,0,0,0,0,0,0,0,0,0,0,0,1,0,1,0,1,0,0,0,0,0,0,0,0,0,0,0,0,1,0,0,0,0,0
"TF336395",0,0,0,0,0,0,0,0,0,0,1,0,0,0,0,0,0,0,1,0,0,0,0,0,0,0,0,0,0,0,0,0,0,0,0,0,0,0,0,0,0,0,1,0,1
"TF604946",0,0,0,0,0,0,0,0,0,0,0,0,1,0,0,0,0,0,0,0,2,0,0,0,0,0,0,0,0,17,0,0,0,0,0,0,0,0,0,0,0,2,0,0,0
"TF605138",0,0,0,0,0,0,0,0,0,0,0,0,1,0,0,0,0,0,0,0,1,0,0,0,0,0,0,0,0,0,0,0,0,0,0,0,0,0,0,0,0,0,0,0,0
"TF635592",0,0,0,0,0,0,0,0,0,0,0,0,0,0,0,0,0,0,0,0,0,0,1,0,0,0,0,0,0,0,0,0,0,0,0,0,0,0,0,0,0,0,0,0,0
"TF636275",0,0,0,0,0,0,0,0,0,0,0,0,0,0,0,1,0,0,0,0,0,0,1,0,0,0,0,0,0,0,0,0,1,0,0,1,0,0,0,0,0,0,1,0,0
"TF646546",0,0,0,0,0,0,0,0,0,0,0,0,0,0,0,0,0,1,0,0,0,0,0,0,0,0,0,0,0,0,0,0,0,0,0,1,0,0,0,0,0,0,0,1,0
"TF658493",0,0,0,0,0,0,1,0,1,0,0,0,0,0,0,0,1,0,0,0,0,0,1,0,0,0,1,0,0,0,0,0,0,0,0,0,0,0,0,0,0,0,0,0,0
"TF660688",0,0,0,0,0,0,0,0,0,0,0,0,0,0,0,0,0,0,0,0,0,0,1,0,1,0,1,0,0,0,0,0,0,0,0,1,0,0,0,0,0,0,0,0,0
"PTHR10316_SF15",0,0,0,0,0,1,0,0,0,1,0,0,0,0,0,0,0,0,0,0,0,0,0,0,0,1,0,0,0,0,0,0,0,0,0,0,0,0,0,0,0,0,0,0,0
"PTHR10366_SF323",0,0,0,0,0,1,0,0,0,0,0,1,0,0,0,1,0,0,0,0,0,0,1,0,0,0,0,0,0,0,0,0,0,0,0,0,0,0,0,0,0,0,0,0,0
"PTHR11537_SF106",0,0,0,0,0,1,0,1,0,1,1,0,0,0,0,0,1,0,0,1,0,0,0,0,0,1,1,0,0,1,0,1,0,0,1,0,0,0,0,1,0,0,0,1,1
"PTHR11937_SF179",0,0,0,0,0,1,0,0,0,0,1,0,0,0,0,0,0,0,0,0,0,0,0,0,0,0,0,0,0,0,0,0,0,0,0,0,0,0,0,0,0,0,0,0,0
"PTHR23115_SF109",0,0,0,0,0,1,0,0,0,0,0,0,0,0,0,0,0,0,0,0,0,0,0,0,0,0,0,0,0,0,0,0,0,0,0,0,0,1,0,0,0,0,0,0,0
"PTHR23263_SF21",0,0,0,0,0,1,0,0,4,0,0,1,1,1,0,1,0,0,0,1,0,0,0,0,0,0,0,0,1,0,0,0,0,0,0,0,1,1,1,0,0,0,0,0,0
"PTHR24012_SF319",0,0,0,0,0,2,0,0,0,4,0,0,0,0,0,0,0,0,0,0,0,0,0,0,0,1,0,0,0,0,0,0,0,0,1,0,0,0,0,0,0,0,0,1,0
"PTHR24067_SF89",0,0,0,0,0,1,0,0,0,0,1,0,0,0,0,0,0,0,0,0,0,1,0,0,0,1,0,0,0,0,0,0,0,0,1,0,0,0,0,0,0,0,0,1,0
"TF350622",0,0,0,0,0,1,0,0,0,0,0,1,1,0,0,0,0,0,0,0,0,0,0,0,0,0,0,0,0,1,0,0,0,0,0,0,0,0,0,0,0,0,1,0,1
"TF616259",0,0,0,0,0,1,0,1,0,0,0,0,0,0,1,0,0,0,0,0,0,0,0,0,1,0,0,0,0,1,1,1,0,0,1,1,0,0,0,0,0,1,0,1,0
"TF632921",0,0,0,0,0,1,0,0,0,0,0,0,0,0,0,0,0,1,1,0,0,0,0,1,0,0,0,0,0,0,0,0,0,0,0,0,0,0,0,0,0,0,0,0,0
"TF642493",0,0,0,0,0,1,1,1,0,0,0,0,1,0,1,0,0,1,0,0,0,0,1,0,1,0,0,0,0,0,0,0,1,0,1,0,0,0,0,0,0,1,1,1,0
"PTHR10037_SF185",0,0,0,0,0,0,0,0,0,0,0,0,1,0,0,2,0,0,1,0,0,1,1,0,0,0,0,0,0,0,0,0,0,0,0,0,0,0,0,0,0,0,0,0,0
"PTHR10369_SF3",0,0,0,0,0,0,0,0,0,0,0,0,0,0,0,1,0,0,0,0,0,0,0,0,0,0,0,0,0,0,0,0,0,0,1,0,0,0,0,0,0,0,0,0,0
"PTHR11339_SF239",0,0,0,0,0,0,0,0,0,0,0,0,0,0,0,1,0,1,0,1,0,0,0,0,0,0,0,0,0,0,0,0,0,0,1,0,0,0,0,0,0,0,0,0,0
"PTHR11339_SF242",0,0,0,0,0,0,0,0,0,0,0,0,0,0,0,1,0,0,0,0,0,0,0,0,0,0,0,0,0,0,0,0,0,0,0,0,0,0,0,0,0,0,1,0,0
"PTHR13847_SF154",0,0,0,0,0,0,1,0,0,0,0,0,0,0,1,0,0,0,1,0,0,0,0,0,0,0,0,0,0,0,0,0,0,0,0,0,0,0,1,1,0,0,0,1,0
"PTHR24033_SF0",0,0,0,0,0,0,0,0,0,0,0,0,0,0,0,1,0,0,0,0,0,0,0,0,0,3,0,0,0,0,0,0,0,0,0,0,0,0,0,0,0,0,1,0,0
"PTHR24326_SF36",0,0,0,0,0,0,0,0,0,0,0,0,0,0,0,0,0,0,0,0,0,0,0,0,0,0,0,0,0,1,0,0,0,0,1,0,0,0,0,0,0,0,0,1,0
"PTHR24329_SF291",0,0,0,0,0,0,0,0,0,0,0,0,0,0,0,0,0,0,0,1,0,0,0,0,0,0,0,0,0,0,0,0,0,0,0,0,0,0,0,0,0,0,0,0,0
"PTHR24367_SF241",0,0,0,0,0,0,0,0,0,0,0,0,0,0,0,0,0,0,0,0,0,0,0,0,0,0,0,0,0,0,0,0,0,0,0,0,1,0,0,0,0,0,1,0,0
"PTHR24413_SF26",0,0,0,0,0,0,0,0,0,0,0,0,0,0,0,0,0,0,0,0,0,0,0,0,0,0,0,0,0,0,0,0,0,0,0,0,0,0,0,0,0,0,1,0,0
"PTHR26451_SF1",0,0,0,0,0,0,0,0,0,0,0,1,0,0,0,0,0,0,0,0,0,0,1,1,0,0,0,0,0,0,0,0,0,0,4,0,0,0,0,0,0,0,0,6,0
"PTHR32339",0,0,0,0,0,0,1,0,0,0,0,0,0,0,0,1,0,0,0,0,0,0,0,0,0,0,0,0,0,0,0,0,0,0,0,0,0,0,0,0,0,0,1,1,0
"TF336962",0,0,0,0,0,0,0,0,0,0,0,0,0,0,0,0,0,0,0,0,0,0,0,0,0,0,0,0,0,0,0,0,0,0,0,0,0,0,0,0,0,0,1,0,0
"TF340355",0,0,0,0,0,0,0,0,0,0,0,0,0,0,0,0,0,0,0,0,0,0,0,0,0,0,0,0,0,1,0,0,0,0,0,0,0,0,0,0,0,0,0,0,0
"TF340432",0,0,0,0,0,0,1,0,0,1,0,0,0,1,0,0,0,0,0,0,0,0,0,0,0,0,0,1,0,0,0,0,0,0,0,0,1,0,1,0,0,0,1,0,0
"TF340439",0,0,0,0,0,0,0,0,0,0,0,0,0,1,0,0,0,0,0,0,0,0,0,0,0,0,0,0,0,0,0,0,0,0,0,0,1,0,1,0,1,0,1,0,0
"TF340673",0,0,0,0,0,0,0,0,0,0,0,0,0,0,0,0,0,0,0,0,0,0,0,0,0,0,0,0,0,0,0,0,0,0,0,0,0,0,0,0,0,0,1,0,0
"TF341548",0,0,0,0,0,0,0,0,0,0,0,0,0,0,0,0,0,0,0,0,0,0,0,0,0,0,0,0,0,0,0,0,0,0,0,0,0,0,0,0,0,0,1,0,0
"TF342180",0,0,0,0,0,0,0,0,0,0,0,0,0,0,0,0,0,0,0,0,0,0,0,0,0,0,0,0,0,0,0,0,0,0,0,0,0,0,0,0,0,0,1,0,0
"TF342450",0,0,0,0,0,0,0,0,0,0,0,0,0,0,0,0,0,0,0,0,0,0,0,0,0,0,0,0,0,0,0,0,0,0,0,0,0,0,0,0,0,0,1,0,0
"TF353519",0,0,0,0,0,0,0,0,0,0,0,0,0,0,0,0,0,0,0,0,0,0,0,0,0,0,0,0,0,0,0,0,0,0,0,0,0,0,0,0,0,0,1,0,0
"TF353893",0,0,0,0,0,0,0,0,0,0,0,0,0,0,0,0,0,0,0,0,0,0,0,0,0,0,0,0,0,0,0,0,0,0,0,0,0,0,0,0,0,0,1,0,0
"TF353951",0,0,0,0,0,0,0,0,0,1,0,0,0,0,0,0,0,0,0,0,0,0,0,0,0,0,0,0,0,1,0,0,0,0,0,0,0,0,0,0,0,0,1,0,0
"TF600469",0,0,0,0,0,0,0,0,0,0,1,0,0,0,0,0,0,0,0,0,0,0,0,0,0,0,0,0,0,0,0,0,0,0,0,0,0,0,0,0,0,0,0,0,0
"TF602072",0,0,0,0,0,0,1,0,0,0,0,1,1,0,0,0,0,0,0,0,0,0,0,0,0,0,0,0,0,0,0,0,0,0,0,0,0,0,0,0,0,0,0,0,0
"TF602757",0,0,0,0,0,0,0,0,0,0,0,0,0,0,0,0,0,1,0,1,0,0,0,0,0,0,0,0,0,0,0,0,0,0,0,0,0,0,0,0,0,0,1,0,0
"TF628497",0,0,0,0,0,0,0,0,0,0,0,0,0,0,0,0,0,0,0,0,0,0,0,0,0,0,0,0,0,0,0,0,0,0,0,0,0,0,0,0,0,0,1,0,0
"TF628916",0,0,0,0,0,0,0,0,0,0,0,0,0,0,0,0,0,0,0,0,0,0,0,0,0,0,0,0,0,0,0,0,1,0,0,0,0,0,0,0,0,0,1,0,0
"TF634954",0,0,0,0,0,0,0,0,0,0,0,0,0,0,0,0,0,0,0,0,0,0,0,0,0,0,0,0,0,1,0,0,0,0,0,0,0,0,0,0,0,0,1,0,0
"TF635780",0,0,0,0,0,0,0,0,0,0,0,0,0,0,0,0,0,0,0,0,0,0,0,1,0,0,0,0,0,0,0,0,0,0,0,0,0,0,0,0,0,0,0,0,0
"TF636131",0,0,0,0,0,0,0,0,0,0,0,0,0,1,0,1,0,0,0,0,0,0,0,0,0,0,0,1,0,0,0,0,0,0,0,0,1,0,1,0,0,0,1,0,0
"TF636214",0,0,0,0,0,0,0,0,0,0,0,0,0,0,0,0,0,0,0,0,0,0,0,0,0,0,0,0,0,0,0,0,0,0,0,0,0,0,0,0,0,1,0,0,0
"TF636723",0,0,0,0,0,0,0,0,0,0,0,0,0,0,0,0,0,0,0,0,0,0,0,0,0,0,0,0,0,0,0,0,0,0,0,0,0,0,0,0,0,0,1,0,0
"TF637011",0,0,0,0,0,0,0,0,0,0,0,0,0,0,0,0,0,0,0,0,0,0,0,0,0,0,0,0,0,0,0,0,0,0,0,0,0,0,0,0,0,0,1,0,0
"TF637261",0,0,0,0,0,0,0,0,0,0,0,0,0,0,0,0,0,0,0,0,0,0,0,0,0,0,0,0,0,0,0,0,0,0,0,0,0,0,0,0,0,0,1,0,0
"TF642669",0,0,0,0,0,0,0,0,0,0,0,0,0,0,0,0,0,0,0,0,0,0,0,0,0,0,0,0,0,0,0,0,0,0,0,0,0,0,0,0,0,0,1,0,0
"TF643397",0,0,0,0,0,0,0,0,0,0,0,0,0,0,0,0,0,0,0,0,0,0,0,0,0,0,0,0,0,0,0,0,0,0,0,0,0,0,0,0,0,0,1,0,0
"TF647114",0,0,0,0,0,0,0,0,0,0,0,0,0,0,0,1,0,0,0,0,0,0,0,0,0,0,0,0,0,0,0,0,0,0,0,0,0,0,0,1,0,0,0,0,0
"TF647652",0,0,0,0,0,0,0,0,0,0,0,0,0,0,0,0,0,1,0,0,0,0,0,0,0,0,0,0,0,0,0,0,0,0,0,0,0,0,0,0,0,0,0,0,0
"TF649503",0,0,0,0,0,0,0,0,0,0,0,0,0,0,0,0,0,0,0,0,0,0,0,0,0,0,0,0,0,0,0,0,0,0,0,0,0,0,0,0,0,0,1,0,0
"TF653256",0,0,0,0,0,0,0,0,0,0,0,0,0,0,0,0,0,0,0,0,0,0,0,0,0,0,0,0,0,0,0,0,0,0,0,0,0,0,0,0,0,0,1,0,0
"TF656532",0,0,0,0,0,0,0,0,0,0,0,0,0,0,0,0,0,0,0,0,0,0,0,0,0,0,0,0,0,0,0,0,0,0,0,0,0,0,0,0,0,0,1,0,0
"TF663033",0,0,0,0,0,0,0,0,0,0,0,1,0,0,0,0,0,0,1,0,0,1,0,0,0,0,0,1,0,0,0,0,0,0,0,0,1,0,0,0,0,0,1,0,1
"TF664017",0,0,0,0,0,0,0,0,0,0,0,0,0,0,0,0,0,0,0,0,0,0,0,0,0,0,0,0,0,0,0,0,1,0,0,0,0,0,0,0,0,0,1,0,0
"TF664269",0,0,0,0,0,0,0,0,0,0,0,0,0,0,0,0,0,0,0,0,0,0,0,0,0,0,0,0,0,0,0,0,0,0,0,0,0,0,0,0,0,0,1,0,0
"TF665311",0,0,0,0,0,0,0,0,0,0,0,0,0,0,0,1,0,1,0,0,0,0,0,0,0,0,0,0,0,0,0,0,0,0,0,0,0,0,0,0,0,0,0,0,0
"TF666427",0,0,0,0,0,0,0,0,0,0,0,0,0,0,0,0,0,0,0,0,0,0,0,0,0,0,0,0,0,0,0,0,0,0,0,0,0,0,0,0,0,0,1,0,0
"PTHR10218_SF198",0,0,0,0,0,0,1,0,0,0,0,0,0,0,0,0,0,0,0,0,0,0,0,0,0,0,0,0,0,0,0,0,0,0,0,0,0,0,0,0,0,0,0,0,0
"PTHR10424_SF42",0,0,0,0,0,0,1,0,0,0,0,0,1,1,0,1,0,0,0,0,1,0,0,0,0,0,0,1,0,0,0,0,0,0,0,0,1,0,1,0,0,0,0,0,0
"PTHR11431_SF33",0,0,0,0,0,0,1,0,0,0,0,0,0,1,0,1,0,0,1,0,1,0,0,1,0,0,0,0,0,0,0,0,0,0,0,0,1,0,1,0,0,0,0,0,0
"PTHR11636_SF76",0,0,0,0,0,0,1,0,0,0,0,0,0,0,0,0,0,0,0,0,0,0,0,0,0,0,0,0,0,0,0,0,0,0,0,0,0,0,0,0,0,0,0,0,0
"PTHR11736_SF48",0,0,0,0,0,0,2,0,0,0,0,0,0,0,0,1,0,0,0,0,1,0,0,0,0,0,0,0,0,0,0,0,0,1,0,0,0,0,2,0,0,0,0,0,0
"PTHR11736_SF52",0,0,0,0,0,0,1,0,0,0,0,0,0,1,0,1,0,0,0,0,1,0,0,0,0,0,0,1,0,0,0,0,0,0,0,0,1,0,1,0,0,0,0,0,0
"PTHR11736_SF62",0,0,0,0,0,0,1,0,0,0,0,0,0,1,0,2,0,0,0,0,1,0,0,0,0,0,0,0,0,0,0,0,0,0,0,0,0,0,2,0,0,0,0,0,0
"PTHR11736_SF70",0,0,0,0,0,0,1,0,0,0,0,0,0,1,0,1,0,0,0,0,1,0,0,0,0,0,0,0,0,0,0,0,0,0,0,0,0,0,1,0,0,0,0,0,0
"PTHR11875_SF29",0,0,0,0,0,0,1,0,0,0,0,0,0,1,1,1,0,0,0,0,1,0,0,0,0,0,0,0,0,0,1,0,0,0,0,0,1,0,1,0,0,0,0,0,0
"PTHR11875_SF51",0,0,0,0,0,0,1,0,0,0,1,1,0,0,0,0,1,1,0,0,0,0,1,0,0,0,0,0,0,0,1,0,0,0,0,0,0,0,0,1,0,1,0,0,0
"PTHR12548_SF13",0,0,0,0,0,0,1,0,0,0,0,0,0,1,0,1,0,0,1,0,1,0,0,0,0,0,0,0,0,0,0,0,0,0,0,0,0,0,1,0,0,0,0,0,0
"PTHR12801_SF22",0,0,0,0,0,0,1,0,0,0,0,0,0,5,0,0,0,0,1,0,0,0,0,0,0,0,0,7,0,0,0,0,0,3,0,0,0,0,14,0,0,0,0,0,0
"PTHR14360_SF14",0,0,0,0,0,0,21,0,0,0,0,0,0,0,0,0,0,0,0,0,59,0,0,0,0,0,0,0,0,0,0,0,0,0,0,0,0,0,1,0,0,0,0,0,0
"PTHR19303_SF227",0,0,0,0,0,0,1,0,0,0,0,0,0,0,0,0,0,0,0,0,1,0,0,0,0,0,0,0,0,0,1,0,0,0,0,0,0,0,0,0,0,0,0,0,0
"PTHR19446_SF244",0,0,0,0,0,0,1,0,0,0,1,0,0,0,0,0,0,0,0,0,4,0,0,0,0,1,0,0,0,0,1,0,0,0,0,0,0,0,0,5,0,1,0,0,0
"PTHR19871_SF4",0,0,0,0,0,0,1,0,0,0,0,0,1,0,0,0,0,0,0,0,1,0,0,0,0,0,1,0,0,0,0,0,0,0,1,0,1,0,1,1,0,1,0,1,0
"PTHR23304_SF90",0,0,0,0,0,0,1,0,0,0,0,0,1,0,0,0,0,0,0,0,2,0,0,0,0,0,0,0,0,0,0,0,0,0,0,0,0,0,0,0,0,1,0,0,0
"PTHR23320_SF43",0,0,0,0,0,0,1,0,0,0,0,0,0,0,0,0,0,0,0,0,0,0,1,0,0,1,1,0,0,1,1,0,0,0,0,1,0,0,0,0,0,0,0,0,0
"PTHR23339_SF26",0,0,0,0,0,0,1,0,0,0,0,0,0,0,0,0,1,0,0,0,0,0,0,0,0,0,0,0,0,0,0,0,0,0,0,0,0,0,0,0,0,0,0,0,0
"PTHR24147_SF20",0,0,0,0,0,0,1,0,0,0,0,0,0,3,0,2,0,0,0,0,3,0,0,0,0,0,0,1,0,0,0,0,0,0,0,0,1,0,2,0,0,0,0,0,0
"PTHR24242_SF170",0,0,0,0,0,0,1,0,0,0,0,0,0,0,0,0,0,1,0,0,0,0,0,0,0,0,0,0,0,0,0,0,0,0,0,0,0,0,0,0,0,1,0,0,0
"TF624073",0,0,0,0,0,0,2,0,0,0,0,0,0,1,0,1,0,1,1,0,4,0,0,0,0,0,0,0,0,0,0,0,0,2,0,0,1,0,1,0,0,3,0,0,0
"TF628850",0,0,0,0,0,0,1,0,0,0,0,0,0,0,0,0,0,0,0,0,0,0,0,0,0,0,0,0,0,0,0,0,0,0,0,0,0,0,0,0,0,0,0,0,0
"TF652963",0,0,0,0,0,0,1,0,0,0,0,0,0,1,0,0,0,0,0,0,0,0,0,0,0,0,0,1,0,0,0,0,0,0,0,0,1,0,1,0,1,0,0,0,0
"TF653685",0,0,0,0,0,0,1,0,0,0,0,0,0,2,0,0,0,0,0,0,0,0,0,0,0,0,0,1,0,0,0,0,0,0,0,0,2,0,2,0,0,0,0,0,0
"TF660933",0,0,0,0,0,0,1,0,0,0,0,0,0,0,0,0,0,0,0,0,0,0,0,0,0,0,0,0,0,0,0,0,0,0,0,0,0,0,0,0,0,0,1,0,0
"TF661533",0,0,0,0,0,0,1,0,0,0,0,0,0,0,0,0,0,0,0,0,0,0,0,0,0,0,0,0,0,0,0,0,0,0,0,0,0,0,0,0,0,0,0,0,0
"TF661661",0,0,0,0,0,0,1,0,0,0,0,0,0,1,0,0,0,0,0,0,0,0,0,0,0,0,0,0,0,0,0,0,0,0,0,0,1,0,1,0,0,0,0,0,0
"TF665450",0,0,0,0,0,0,1,0,0,0,0,0,0,1,0,0,0,0,0,0,0,0,0,0,0,0,0,0,0,0,0,0,0,0,0,0,1,0,1,0,0,0,0,0,0
"PTHR11003_SF71",0,0,0,0,0,0,0,1,0,0,0,0,0,0,1,0,0,0,0,0,0,0,0,0,0,0,1,0,0,0,0,1,0,0,0,0,0,0,0,0,0,0,0,0,0
"PTHR22727_SF7",0,0,0,0,0,0,0,1,1,2,0,0,0,0,0,0,0,0,0,0,0,0,1,0,1,2,0,0,0,1,0,1,0,0,0,1,0,0,0,0,0,0,0,0,0
"PTHR23001_SF3",0,0,0,0,0,0,0,2,0,0,0,0,0,0,1,0,0,0,0,0,0,0,0,0,0,0,0,0,0,0,0,2,0,1,0,0,0,0,0,0,0,0,0,0,0
"PTHR24412_SF159",0,0,0,0,0,0,0,1,0,0,0,0,0,0,1,0,0,0,0,0,0,1,0,0,0,0,0,0,0,0,0,1,0,0,0,0,0,0,0,0,0,0,0,0,0
"TF636637",0,0,0,0,0,0,0,1,0,0,0,0,0,0,0,0,0,0,0,0,0,0,0,0,0,0,0,0,0,0,0,0,0,0,0,0,0,0,0,0,0,0,0,0,0
"TF650665",0,0,0,0,0,0,0,1,1,0,0,0,0,0,0,0,1,0,0,0,0,0,1,0,0,0,0,0,0,0,0,1,0,0,0,0,0,0,0,0,0,0,0,0,0
"TF650701",0,0,0,0,0,0,0,1,0,0,0,0,0,0,1,0,0,1,0,0,0,0,1,0,0,0,1,0,0,0,0,1,0,0,0,0,0,0,0,1,0,0,0,0,0
"PTHR10367_SF7",0,0,0,0,0,0,0,0,0,0,0,0,0,0,0,0,0,0,0,0,0,0,0,0,0,0,0,0,0,0,0,0,0,0,0,0,0,0,0,0,0,0,0,0,1
"PTHR12021_SF5",0,0,0,0,0,0,0,0,0,0,0,0,0,0,0,0,0,0,0,1,0,0,0,0,0,0,0,0,0,0,0,0,0,0,0,0,0,0,0,0,0,0,0,0,0
"PTHR12765",0,0,0,0,0,0,0,0,0,0,0,0,0,0,0,1,0,0,0,0,0,0,1,0,0,0,0,0,0,0,0,0,0,0,0,0,0,0,0,1,0,0,0,0,0
"PTHR18937_SF149",0,0,0,0,0,0,0,0,0,0,0,0,0,0,0,1,0,1,0,0,0,0,0,0,0,0,0,0,0,0,0,0,0,0,0,0,0,0,0,0,0,0,0,0,0
"PTHR22880_SF20",0,0,0,0,0,0,0,0,0,0,0,0,0,1,0,1,0,1,0,0,0,0,1,0,1,0,0,0,0,0,0,0,0,0,0,0,0,0,0,0,0,0,0,0,0
"PTHR24068_SF51",0,0,0,0,0,0,0,0,0,0,0,0,0,0,0,0,0,0,1,0,0,0,0,0,0,0,0,0,0,0,0,0,0,1,0,0,0,0,0,1,0,0,0,0,1
"TF636240",0,0,0,0,0,0,0,0,0,0,0,0,0,0,0,1,0,0,0,1,0,0,0,0,0,0,1,1,0,0,0,0,0,0,0,0,0,0,0,0,1,0,0,0,0
"TF639836",0,0,0,0,0,0,0,0,0,0,0,0,0,1,0,0,0,0,0,0,3,0,0,0,0,0,0,0,0,0,0,0,0,0,0,0,1,0,0,0,0,0,0,0,0
"TF659503",0,0,0,0,0,0,0,0,0,0,0,0,0,0,0,1,0,0,0,0,0,0,0,0,0,0,0,0,0,0,0,0,0,0,0,0,0,0,0,0,0,0,0,0,0
"TF666317",0,0,0,0,0,0,0,0,0,0,0,0,0,0,0,2,0,0,0,0,0,0,1,0,0,0,0,0,0,0,0,0,0,0,0,0,1,0,0,0,0,0,0,0,1
"PTHR10039_SF1",0,0,0,0,0,0,0,0,1,0,0,0,0,0,0,1,0,0,0,0,1,0,0,0,0,0,0,0,0,0,0,0,0,0,0,0,0,0,1,0,0,2,0,0,0
"PTHR11731_SF101",0,0,0,0,0,0,0,0,1,0,0,0,0,0,0,0,0,0,0,0,0,0,0,0,0,0,0,0,0,0,0,0,0,0,0,0,0,0,0,0,0,0,0,0,0
"PTHR15498_SF38",0,0,0,0,0,0,0,0,1,0,0,0,0,0,0,0,0,0,0,0,0,0,0,0,0,0,0,0,0,0,0,0,0,0,0,0,0,0,0,0,0,0,0,0,0
"PTHR24249_SF223",0,0,0,0,0,0,0,0,1,1,0,0,0,0,0,0,0,0,0,0,0,0,0,0,0,0,0,0,0,0,0,0,0,0,0,0,0,0,0,0,0,0,0,0,0
"TF600612",0,0,0,0,0,0,0,0,1,0,0,0,0,0,0,0,0,0,0,0,0,0,0,0,0,0,0,0,0,0,0,0,0,0,0,0,0,0,0,0,0,0,0,0,0
"TF613689",0,0,0,0,0,0,0,0,1,0,0,0,0,0,0,0,0,0,0,0,1,0,0,0,0,0,0,0,0,0,0,0,0,0,1,0,0,0,0,0,0,0,0,0,0
"PTHR10217_SF490",0,0,0,0,0,0,0,0,0,0,0,0,0,0,0,0,0,1,0,0,0,0,0,0,0,0,1,0,0,0,0,0,0,0,0,0,0,0,0,0,0,0,0,0,0
"PTHR11736_SF65",0,0,0,0,0,0,0,0,0,0,0,0,0,0,0,1,0,0,2,0,1,0,0,1,0,0,0,1,0,0,0,0,0,0,0,0,0,0,2,0,0,0,0,0,0
"PTHR11736_SF74",0,0,0,0,0,0,0,0,0,0,0,0,0,0,0,3,0,0,1,0,1,0,0,1,0,0,0,0,0,0,0,0,0,1,0,0,0,0,6,0,0,0,0,0,0
"PTHR12681_SF1",0,0,0,0,0,0,0,0,0,0,0,0,0,0,0,0,0,0,0,0,0,0,0,0,0,0,0,0,0,0,0,0,0,0,0,0,0,0,0,0,0,0,1,0,0
"PTHR13723_SF152",0,0,0,0,0,0,0,0,0,1,0,0,0,0,0,0,0,0,0,0,0,0,0,0,0,0,0,0,0,1,0,0,0,0,0,0,0,0,0,0,0,0,0,0,0
"PTHR22245",0,0,0,0,0,0,0,0,0,0,0,0,0,2,0,3,0,0,0,0,1,0,0,0,0,0,0,0,0,0,0,0,1,1,0,0,0,0,1,0,1,0,0,0,0
"PTHR22883_SF23",0,0,0,0,0,0,0,0,0,0,0,0,0,0,0,0,0,0,0,0,0,0,0,0,0,0,0,0,0,0,0,0,0,0,0,0,0,0,0,0,0,1,1,0,0
"PTHR23262_SF12",0,0,0,0,0,0,0,0,0,1,0,0,0,1,0,1,0,0,0,0,0,0,0,1,0,0,0,1,0,0,0,0,1,1,0,0,1,0,1,0,1,0,0,0,0
"PTHR23267_SF130",0,0,0,0,0,0,0,0,0,0,0,0,0,0,0,0,0,0,0,0,0,0,0,0,0,0,0,0,0,1,0,0,0,0,0,0,0,0,0,0,0,0,0,0,0
"PTHR24012_SF337",0,0,0,0,0,0,0,0,0,0,0,0,0,0,0,6,0,0,0,0,2,0,10,0,0,0,1,0,0,0,0,0,0,0,0,0,0,0,11,1,0,0,0,0,0
"PTHR26451_SF231",0,0,0,0,0,0,0,0,0,0,0,0,0,1,0,2,0,0,0,0,0,0,0,0,0,0,0,0,0,0,0,0,1,1,0,0,0,0,0,0,0,0,0,0,0
"TF335995",0,0,0,0,0,0,0,0,0,1,0,0,0,0,0,0,0,0,0,0,0,0,0,0,0,0,0,0,0,1,0,0,0,0,0,0,0,0,0,0,0,0,1,0,0
"TF340718",0,0,0,0,0,0,0,0,0,0,0,0,0,1,0,1,0,0,0,0,0,0,0,0,0,0,0,0,0,0,0,0,0,0,0,0,1,0,1,0,0,0,0,0,0
"TF341284",0,0,0,0,0,0,0,0,0,1,0,0,0,0,0,0,0,0,0,0,0,0,0,0,0,0,0,0,0,0,0,0,0,0,0,0,0,0,0,0,0,0,0,0,0
"TF341325",0,0,0,0,0,0,0,0,0,0,0,0,0,0,0,0,0,0,0,0,0,0,0,0,0,0,0,0,0,0,0,0,0,0,0,0,0,0,0,0,0,0,1,0,0
"TF341497",0,0,0,0,0,0,0,0,0,0,0,0,0,0,0,5,0,0,0,0,0,0,0,0,0,0,0,0,0,0,0,0,0,0,0,0,0,0,0,0,0,0,0,0,0
"TF342277",0,0,0,0,0,0,0,0,0,0,0,0,0,0,0,0,0,0,0,0,0,0,0,0,0,0,0,0,0,0,0,0,0,0,0,0,0,0,0,0,0,0,1,0,0
"TF351868",0,0,0,0,0,0,0,0,0,0,0,0,0,0,0,0,0,0,0,0,0,0,0,0,0,0,0,0,0,0,0,0,1,0,0,0,0,0,0,0,0,0,0,0,0
"TF353629",0,0,0,0,0,0,0,0,0,0,0,0,0,0,0,0,0,0,0,0,0,0,0,0,0,0,0,0,0,0,0,0,0,0,0,0,1,0,0,0,0,0,1,0,0
"TF353703",0,0,0,0,0,0,0,0,0,0,0,0,0,0,0,0,0,0,0,0,0,0,0,0,0,0,0,0,0,0,0,0,0,0,0,0,0,0,0,0,0,0,1,0,0
"TF354082",0,0,0,0,0,0,0,0,0,0,0,0,0,0,0,0,0,0,0,0,1,0,0,1,0,0,0,0,0,0,0,0,0,0,0,0,1,0,0,0,0,0,0,0,0
"TF634031",0,0,0,0,0,0,0,0,0,0,0,0,0,0,0,0,0,0,0,0,1,0,0,1,0,0,0,0,0,0,0,0,0,1,0,0,0,0,0,0,0,0,1,0,0
"TF638596",0,0,0,0,0,0,0,0,0,1,0,0,0,0,0,0,0,1,0,0,0,0,0,0,0,0,0,0,0,0,0,0,1,0,0,0,0,0,0,0,0,0,0,0,0
"TF646790",0,0,0,0,0,0,0,0,0,1,0,0,0,0,0,0,0,0,0,0,0,0,0,0,0,0,0,0,0,1,0,0,0,0,0,0,0,0,0,0,0,0,0,0,0
"TF647656",0,0,0,0,0,0,0,0,0,1,0,0,0,0,0,0,0,0,0,0,0,0,0,0,0,0,0,0,0,0,0,0,0,0,0,0,0,0,0,0,0,0,0,0,0
"TF649537",0,0,0,0,0,0,0,0,0,0,0,0,0,0,0,0,0,0,0,0,0,0,0,0,0,0,0,0,0,0,0,0,0,0,0,0,0,0,0,0,0,0,1,0,0
"TF652165",0,0,0,0,0,0,0,0,0,1,0,0,0,0,0,0,0,0,0,0,0,0,0,0,0,0,0,0,0,0,0,0,0,0,0,0,0,0,0,0,0,0,0,0,0
"TF652408",0,0,0,0,0,0,0,0,0,0,0,0,0,0,0,0,0,0,0,0,0,0,0,0,0,0,0,0,0,0,0,0,0,0,0,0,0,0,0,0,0,0,1,0,0
"TF652628",0,0,0,0,0,0,0,0,0,0,0,0,0,0,0,0,0,0,0,0,0,0,0,0,0,0,0,0,0,0,0,0,0,0,0,0,0,0,0,0,0,0,1,0,0
"TF654719",0,0,0,0,0,0,0,0,0,0,0,0,0,0,0,0,0,0,0,0,0,0,0,0,0,0,0,0,0,0,0,0,0,0,0,0,0,0,0,0,0,0,1,0,0
"TF655013",0,0,0,0,0,0,0,0,0,0,0,0,0,1,0,1,0,0,0,0,0,0,0,0,0,0,0,0,0,0,0,0,0,0,0,0,1,0,1,0,0,0,0,0,0
"TF655978",0,0,0,0,0,0,0,0,0,1,0,0,0,0,0,0,0,0,0,0,0,0,0,0,0,0,0,0,0,0,0,0,1,0,0,0,0,0,0,0,0,0,0,0,0
"TF657984",0,0,0,0,0,0,0,0,0,0,0,0,0,0,0,1,0,0,0,0,0,0,0,0,0,0,0,0,0,0,0,0,0,0,0,0,0,0,1,0,0,0,1,0,0
"TF661652",0,0,0,0,0,0,0,0,0,1,0,0,0,0,0,0,0,0,0,0,0,0,0,0,0,0,0,0,0,0,0,0,0,0,0,0,0,0,0,0,0,0,0,0,0
"TF665824",0,0,0,0,0,0,0,0,0,0,0,0,0,0,0,0,0,0,0,0,0,0,0,0,0,0,0,0,0,0,0,0,0,0,0,0,0,0,0,0,0,1,0,0,0
"PTHR11003_SF118",0,0,0,0,0,0,0,0,0,0,0,0,0,0,0,0,0,0,0,0,0,1,0,0,0,1,0,0,0,0,0,0,0,0,0,0,0,0,0,0,0,0,0,0,0
"PTHR21141_SF33",0,0,0,0,0,0,0,0,0,0,0,0,0,0,0,1,0,1,0,0,0,0,0,0,0,0,0,0,0,0,0,0,0,0,0,0,0,0,0,0,0,0,0,0,0
"PTHR23091_SF189",0,0,0,0,0,0,0,0,0,0,0,0,0,0,0,1,0,0,0,0,0,0,0,0,0,0,0,0,0,0,0,0,0,0,0,0,0,0,0,0,0,0,0,0,0
"PTHR24070_SF198",0,0,0,0,0,0,0,0,0,0,0,0,0,0,0,1,0,0,0,0,0,0,0,0,0,0,0,0,0,0,0,0,0,0,0,0,0,0,0,0,0,0,0,0,0
"PTHR24619_SF117",0,0,0,0,0,0,0,0,0,0,0,0,0,0,0,0,0,0,0,0,1,0,0,0,0,0,0,0,0,0,0,0,0,0,0,0,0,0,0,0,0,0,0,0,0
"PTHR10127_SF553",0,0,0,0,0,0,0,0,0,1,0,0,0,0,0,0,0,0,0,0,0,0,0,0,0,0,0,0,0,0,0,0,0,0,0,0,0,0,0,0,0,0,0,0,0
"PTHR10315_SF19",0,0,0,0,0,0,0,0,0,1,0,0,0,0,0,0,0,0,0,0,0,0,0,0,0,0,0,0,0,0,0,0,0,0,1,0,0,0,0,0,0,0,0,1,0
"PTHR11071_SF199",0,0,0,0,0,0,0,0,0,1,0,0,0,0,0,0,0,0,0,0,0,0,0,0,0,0,0,0,0,0,0,0,0,0,0,0,0,0,0,0,0,0,0,0,0
"PTHR11079_SF38",0,0,0,0,0,0,0,0,0,1,0,0,0,0,0,0,0,0,0,0,0,0,0,0,0,0,0,0,0,0,0,0,0,0,0,0,0,0,0,0,0,0,0,0,0
"PTHR11177_SF123",0,0,0,0,0,0,0,0,0,1,0,0,0,0,0,0,0,0,0,0,0,0,0,0,0,0,0,0,0,1,0,0,1,0,0,0,0,0,0,0,0,0,0,2,0
"PTHR11715_SF4",0,0,0,0,0,0,0,0,0,2,0,0,0,0,0,1,0,0,0,0,0,0,0,0,0,0,0,0,0,0,0,0,0,0,1,0,0,0,0,0,0,0,0,1,0
"PTHR11715_SF5",0,0,0,0,0,0,0,0,0,1,0,0,0,0,0,0,0,0,0,0,0,0,0,0,0,0,0,0,0,0,0,0,0,0,0,0,0,0,0,0,0,0,0,0,0
"PTHR11802_SF21",0,0,0,0,0,0,0,0,0,1,0,0,0,0,0,0,0,1,0,0,0,0,0,0,0,0,0,0,0,0,0,0,0,0,1,0,0,0,0,0,0,0,0,0,0
"PTHR12433_SF11",0,0,0,0,0,0,0,0,0,1,0,0,0,0,0,0,0,0,0,0,0,0,0,0,0,0,0,0,0,0,0,0,0,0,0,0,0,0,0,0,0,0,0,0,0
"PTHR13167_SF39",0,0,0,0,0,0,0,0,0,1,0,0,0,0,0,0,0,0,0,0,0,0,0,0,0,0,0,0,0,1,0,0,0,0,0,0,0,0,0,0,0,0,0,0,0
"PTHR18937_SF175",0,0,0,0,0,0,0,0,0,2,0,0,0,0,0,0,0,0,0,0,0,0,0,0,0,0,0,0,0,0,0,0,0,0,0,0,0,0,0,0,0,0,0,0,0
"PTHR19303_SF213",0,0,0,0,0,0,0,0,0,1,0,0,0,0,0,0,0,0,0,0,0,0,0,0,0,0,0,0,0,0,0,0,0,0,0,0,0,0,0,0,0,0,0,0,0
"PTHR21654_SF0",0,0,0,0,0,0,0,0,0,1,0,0,0,0,0,0,0,0,0,0,0,0,0,0,0,0,0,0,0,0,0,0,0,0,0,0,0,0,0,0,0,0,0,0,0
"PTHR22118_SF6",0,0,0,0,0,0,0,0,0,1,0,0,0,0,0,0,0,0,0,0,0,0,0,0,0,0,0,0,0,0,0,0,0,0,0,0,0,0,0,0,0,0,0,0,0
"PTHR22727_SF4",0,0,0,0,0,0,0,0,0,1,0,0,0,0,0,0,0,0,0,0,0,0,0,0,0,0,0,0,0,0,0,0,0,0,0,0,0,0,0,0,0,0,0,0,0
"PTHR22762_SF71",0,0,0,0,0,0,0,0,0,1,0,0,0,0,0,0,0,0,0,1,0,0,0,0,0,0,0,0,0,0,0,0,1,0,0,0,0,0,0,0,0,0,0,0,0
"PTHR22844_SF125",0,0,0,0,0,0,0,0,0,1,0,0,0,0,0,0,0,1,0,0,0,0,0,0,0,0,0,0,0,0,0,0,0,0,0,0,0,0,0,0,0,0,0,0,0
"PTHR22962_SF137",0,0,0,0,0,0,0,0,0,2,0,0,0,0,0,0,0,0,0,0,0,0,0,0,0,0,0,0,0,1,0,0,0,0,0,0,0,0,0,0,0,0,1,0,0
"PTHR23113_SF173",0,0,0,0,0,0,0,0,0,5,0,0,0,0,0,0,0,6,0,0,0,0,0,0,0,0,0,0,0,3,0,0,0,0,0,0,0,0,0,0,0,0,0,0,0
"PTHR23266_SF78",0,0,0,0,0,0,0,0,0,1,0,0,0,0,0,0,0,0,0,0,0,0,0,0,0,0,0,0,0,0,0,0,0,0,8,0,0,0,0,0,0,0,0,2,0
"PTHR24006_SF175",0,0,0,0,0,0,0,0,0,1,0,0,0,0,0,0,0,0,0,0,0,0,0,0,0,0,0,0,0,0,0,0,0,0,0,0,0,0,0,0,0,0,0,0,0
"PTHR24022_SF86",0,0,0,0,0,0,0,0,0,1,0,0,0,0,0,1,0,0,0,1,0,0,1,0,0,0,0,0,0,0,1,0,0,0,0,0,0,0,0,0,0,0,0,0,0
"PTHR24073_SF57",0,0,0,0,0,0,0,0,0,1,0,0,0,0,0,0,0,1,0,0,0,0,0,0,0,0,0,0,0,0,0,0,0,0,0,0,0,0,0,0,0,0,0,0,0
"PTHR24089_SF170",0,0,0,0,0,0,0,0,0,3,0,0,0,0,0,0,0,0,0,0,0,0,0,0,0,0,0,0,0,1,0,0,0,0,0,0,0,0,0,0,1,0,0,3,0
"PTHR24242_SF72",0,0,0,0,0,0,0,0,0,1,0,0,0,0,0,0,0,0,0,0,0,0,0,0,0,0,0,0,0,0,0,0,0,0,0,0,0,0,0,0,0,0,0,1,0
"PTHR24637_SF192",0,0,0,0,0,0,0,0,0,1,0,0,0,0,0,0,0,0,0,0,0,0,0,0,0,0,0,0,0,0,0,0,0,0,0,0,0,0,0,0,0,0,0,0,0
"PTHR26451_SF313",0,0,0,0,0,0,0,0,0,3,0,1,0,0,0,0,0,0,0,0,0,0,0,0,0,0,0,0,0,0,0,0,0,0,0,0,0,0,0,0,0,1,0,0,0
"PTHR26451_SF79",0,0,0,0,0,0,0,0,0,3,1,1,0,0,2,0,0,8,0,0,0,0,0,0,0,2,0,0,2,1,0,0,0,0,1,0,0,1,0,0,0,3,0,3,0
"TF332574",0,0,0,0,0,0,0,0,0,1,0,0,0,0,0,0,0,0,0,0,0,0,0,0,0,0,0,0,0,0,0,0,0,0,0,0,0,0,0,0,0,0,0,1,0
"TF603092",0,0,0,0,0,0,0,0,0,1,0,0,0,0,0,0,0,0,0,0,0,0,0,0,0,0,0,0,0,1,0,0,0,0,0,0,0,0,0,0,0,0,0,0,0
"TF606030",0,0,0,0,0,0,0,0,0,1,0,0,0,0,0,0,0,0,0,1,0,0,0,0,0,0,0,0,0,5,0,0,0,0,0,0,0,0,0,0,0,0,0,0,0
"TF609204",0,0,0,0,0,0,0,0,0,1,0,0,0,0,0,0,0,0,0,1,0,0,0,0,0,0,0,0,0,0,0,0,0,0,0,0,0,0,0,0,0,0,0,0,0
"TF624729",0,0,0,0,0,0,0,0,0,1,0,0,0,0,0,0,0,0,0,0,0,0,0,0,0,0,0,0,0,0,0,0,0,0,0,0,0,0,0,0,0,0,0,0,0
"TF632462",0,0,0,0,0,0,0,0,0,1,0,0,0,0,0,0,0,0,0,0,0,0,0,0,0,1,0,0,0,0,0,0,0,0,0,0,0,0,0,0,0,0,0,0,0
"TF642186",0,0,0,0,0,0,0,0,0,4,0,0,0,0,0,0,0,0,0,0,0,0,0,0,0,0,0,0,0,1,0,0,0,0,0,0,0,0,0,0,0,0,0,0,0
"TF643834",0,0,0,0,0,0,0,0,0,1,0,0,0,0,0,1,0,0,0,0,0,0,0,0,0,0,0,0,0,0,0,0,0,0,0,0,0,0,0,0,0,0,0,0,0
"TF644001",0,0,0,0,0,0,0,0,0,1,0,0,0,0,0,0,0,0,0,0,0,0,0,0,0,1,0,0,0,1,0,0,0,0,0,0,0,0,0,0,0,0,0,0,0
"TF645749",0,0,0,0,0,0,0,0,0,1,0,0,0,0,0,1,0,0,0,0,0,0,1,0,0,0,0,0,0,0,0,0,0,0,0,0,0,0,0,0,0,0,1,0,0
"TF654570",0,0,0,0,0,0,0,0,0,1,0,0,0,0,0,0,0,0,0,0,0,0,0,0,0,0,0,0,0,1,0,0,0,0,0,0,0,0,0,0,0,0,0,0,0
"TF657171",0,0,0,0,0,0,0,0,0,1,0,1,1,0,0,1,0,0,0,0,0,0,0,0,0,0,1,1,0,0,0,0,0,0,0,0,0,1,0,0,0,0,0,0,1
"TF658705",0,0,0,0,0,0,0,0,0,1,0,0,0,0,0,0,0,0,0,0,0,0,0,0,0,0,0,0,0,1,0,0,0,0,0,0,0,0,0,0,0,0,0,0,0
"TF659007",0,0,0,0,0,0,0,0,0,1,0,0,0,0,0,0,0,0,0,0,0,0,0,0,0,0,0,0,0,0,0,0,0,0,0,0,0,0,0,0,0,0,0,0,0
"TF659923",0,0,0,0,0,0,0,0,0,1,0,0,0,0,0,1,0,0,0,0,0,0,0,0,0,0,0,0,0,0,0,0,0,0,0,0,0,0,0,0,0,0,0,0,0
"TF660164",0,0,0,0,0,0,0,0,0,1,0,0,0,0,0,0,0,1,0,0,0,0,0,0,0,0,0,0,0,0,0,0,0,0,0,0,0,0,0,0,0,0,0,0,0
"TF660633",0,0,0,0,0,0,0,0,0,1,0,0,0,0,0,2,0,1,0,0,0,0,0,0,0,0,0,0,0,0,0,0,0,0,0,0,0,0,0,0,0,0,0,0,0
"TF661433",0,0,0,0,0,0,0,0,0,1,0,0,0,0,0,0,0,0,0,0,0,0,0,0,0,0,0,0,0,0,0,1,0,0,1,0,0,0,0,0,0,0,0,1,0
"TF662219",0,0,0,0,0,0,0,0,0,1,0,0,0,0,0,0,0,0,0,0,0,0,0,0,0,0,0,0,0,0,0,0,0,0,0,0,0,0,0,0,0,0,0,0,0
"TF662692",0,0,0,0,0,0,0,0,0,1,0,0,0,0,0,0,0,0,0,0,0,0,0,0,0,1,0,0,0,0,0,0,0,0,0,0,0,0,0,0,0,0,0,0,0
"TF662852",0,0,0,0,0,0,0,0,0,1,0,0,0,0,0,0,0,0,0,0,0,0,0,0,0,0,0,0,0,0,0,0,0,0,0,0,0,0,0,0,0,0,0,0,0
"TF663984",0,0,0,0,0,0,0,0,0,1,0,0,0,0,0,0,0,0,0,0,0,0,0,0,0,0,0,0,0,0,0,0,0,0,0,0,0,0,0,0,0,0,0,0,0
"TF664546",0,0,0,0,0,0,0,0,0,1,0,0,0,0,0,0,0,0,0,0,0,0,0,0,0,0,0,0,0,1,0,0,0,0,0,0,0,0,0,1,0,0,0,0,0
"TF664693",0,0,0,0,0,0,0,0,0,1,0,0,0,0,0,0,0,0,0,0,0,0,0,0,0,0,0,0,0,0,0,0,0,0,0,0,0,0,0,0,0,0,0,0,0
"TF665829",0,0,0,0,0,0,0,0,0,1,0,0,0,0,0,0,0,0,0,0,1,0,0,0,0,1,0,0,0,1,0,0,0,0,0,0,0,0,0,0,0,1,0,0,0
"TF666139",0,0,0,0,0,0,0,0,0,1,0,0,0,0,0,0,0,0,0,0,0,0,0,0,0,0,0,0,0,1,0,0,0,0,0,0,0,0,0,0,0,0,0,0,0
"PTHR10183_SF140",0,0,0,0,0,0,0,0,0,0,0,0,0,0,0,1,0,1,0,0,0,0,1,0,0,0,1,0,0,0,0,0,0,0,1,0,0,0,0,0,0,1,0,0,0
"PTHR10658_SF42",0,0,0,0,0,0,0,0,0,0,0,0,0,0,0,1,0,0,0,0,0,0,1,0,1,0,0,0,0,0,0,0,0,0,0,0,0,0,0,0,0,0,0,0,0
"PTHR10799_SF584",0,0,0,0,0,0,0,0,0,0,0,0,0,1,0,0,0,0,0,0,0,0,1,0,0,0,0,0,1,0,0,0,0,0,0,1,0,0,0,0,0,0,0,0,0
"PTHR11537_SF107",0,0,0,0,0,0,0,0,0,0,0,0,0,0,0,0,1,0,0,1,0,0,0,0,0,0,0,0,0,0,1,0,0,0,1,0,0,0,0,0,0,0,0,1,0
"PTHR19143_SF188",0,0,0,0,0,0,0,0,0,0,0,0,0,0,0,0,0,0,0,0,0,0,0,0,0,0,0,0,0,0,0,0,0,0,0,0,0,0,0,0,0,0,0,3,0
"PTHR23155_SF420",0,0,0,0,0,0,0,0,0,0,0,0,0,0,1,0,0,0,0,0,0,0,1,0,1,0,0,0,0,0,0,0,0,0,0,0,0,0,0,0,0,0,0,0,0
"PTHR24012_SF290",0,0,0,0,0,0,0,0,0,0,0,0,0,0,0,0,0,0,1,0,0,0,0,0,0,1,0,0,0,0,0,0,0,0,0,0,0,0,0,0,0,0,0,0,0
"PTHR24249_SF215",0,0,0,0,0,0,0,0,0,0,0,1,0,0,0,0,0,0,0,0,0,0,0,0,1,0,0,0,0,0,0,0,0,0,0,1,0,0,0,1,0,0,0,0,0
"PTHR24381_SF49",0,0,0,0,0,0,0,0,0,0,0,0,0,0,0,0,0,0,0,0,0,0,1,0,1,0,1,0,0,0,0,0,0,0,0,1,0,0,0,1,0,0,0,0,0
"TF616552",0,0,0,0,0,0,0,0,0,0,0,0,0,0,0,0,0,0,0,0,0,0,0,0,1,0,0,0,0,0,0,1,0,1,0,0,0,0,0,0,0,0,0,0,0
"TF639145",0,0,0,0,0,0,0,0,0,0,0,0,0,0,0,1,1,0,0,0,0,0,0,0,1,0,0,1,0,0,0,1,0,0,1,0,0,1,0,0,0,0,0,0,0
"TF651927",0,0,0,0,0,0,0,0,0,0,0,0,0,0,0,0,0,0,0,0,0,0,0,0,0,0,0,0,0,0,0,1,0,0,0,0,0,0,0,0,0,0,0,0,0
"PTHR10909_SF224",0,0,0,0,0,0,0,0,0,0,1,0,0,0,0,1,0,0,0,0,0,0,0,0,0,0,0,0,0,0,0,0,0,0,0,0,0,0,0,0,0,0,0,0,0
"PTHR11545_SF2",0,0,0,0,0,0,0,0,0,0,1,0,0,0,0,0,0,0,0,0,0,0,0,0,0,0,0,0,0,0,0,0,0,0,0,0,0,0,0,0,0,0,0,0,0
"PTHR12146_SF0",0,0,0,0,0,0,0,0,0,0,1,0,0,0,0,0,0,0,0,0,0,0,0,0,0,0,0,0,0,0,0,0,0,0,0,0,0,0,0,0,0,0,0,0,0
"PTHR13140_SF338",0,0,0,0,0,0,0,0,0,0,1,0,0,0,0,0,0,0,0,0,0,0,0,0,0,0,0,0,0,0,0,0,0,0,0,0,0,0,0,0,0,0,0,0,0
"PTHR23055_SF70",0,0,0,0,0,0,0,0,0,0,1,0,0,0,0,0,0,0,0,0,0,0,0,0,0,0,0,0,0,0,0,0,0,0,0,0,0,0,0,0,0,0,1,0,0
"PTHR23155_SF461",0,0,0,0,0,0,0,0,0,0,1,1,0,0,0,0,0,0,0,0,0,0,0,0,0,0,0,0,0,0,0,0,0,0,0,0,0,0,0,0,0,0,0,0,0
"PTHR23309_SF12",0,0,0,0,0,0,0,0,0,0,1,0,0,0,0,1,0,0,0,0,0,0,0,0,0,0,0,1,0,0,1,0,0,0,0,0,0,0,0,0,0,0,0,0,0
"PTHR24023_SF478",0,0,0,0,0,0,0,0,0,0,1,0,0,0,0,0,1,0,0,0,0,0,0,0,0,0,0,0,0,0,0,0,0,0,0,0,0,0,0,0,0,0,0,1,1
"PTHR24031_SF0",0,0,0,0,0,0,0,0,0,0,1,0,0,0,0,0,0,0,0,0,0,0,0,0,0,0,0,0,0,0,0,0,0,0,0,0,0,0,0,0,0,0,0,0,0
"PTHR24064_SF208",0,0,0,0,0,0,0,0,0,0,1,1,0,1,0,1,0,0,0,0,0,1,0,0,0,0,0,1,0,0,2,0,4,0,0,0,1,0,1,0,0,0,0,0,0
"PTHR24067_SF80",0,0,0,0,0,0,0,0,0,0,1,0,0,0,0,0,0,0,0,0,0,0,0,0,0,0,0,0,0,0,0,0,0,0,0,0,0,0,0,0,0,0,0,0,0
"PTHR24073_SF342",0,0,0,0,0,0,0,0,0,0,1,0,0,0,0,0,0,0,0,0,0,0,0,0,0,0,0,0,0,0,0,0,0,0,0,0,0,0,0,0,0,0,0,0,0
"TF605691",0,0,0,0,0,0,0,0,0,0,1,0,0,0,0,0,0,0,0,0,0,0,0,0,0,0,0,0,0,0,0,0,0,0,1,0,0,0,0,0,0,0,0,1,0
"PTHR10562_SF11",0,0,0,0,0,0,0,0,0,0,0,1,0,0,0,0,0,0,0,0,0,0,0,0,0,0,0,0,0,0,0,0,0,0,0,0,0,0,0,0,0,0,0,0,0
"PTHR11660_SF50",0,0,0,0,0,0,0,0,0,0,0,1,0,0,0,0,0,0,0,1,0,0,0,0,0,0,2,0,0,0,0,0,1,0,1,0,0,0,0,0,0,0,0,2,0
"PTHR15751_SF12",0,0,0,0,0,0,0,0,0,0,0,1,0,0,0,0,0,0,0,0,0,0,0,0,0,0,0,0,0,0,0,0,0,0,0,0,0,0,0,0,0,0,0,0,0
"PTHR19331_SF266",0,0,0,0,0,0,0,0,0,0,0,1,0,0,0,0,0,0,0,0,0,0,0,0,0,0,0,0,0,0,1,0,0,0,0,0,0,0,0,0,0,0,0,0,0
"PTHR24073_SF377",0,0,0,0,0,0,0,0,0,0,0,1,0,0,0,0,0,0,0,0,0,0,0,0,0,0,0,0,0,0,0,0,0,0,1,0,0,0,0,0,0,0,0,1,0
"PTHR24221_SF166",0,0,0,0,0,0,0,0,0,0,0,1,0,0,0,0,0,0,0,0,0,0,0,0,0,0,0,0,0,0,0,0,0,0,0,0,0,0,0,0,0,0,0,0,0
"TF615143",0,0,0,0,0,0,0,0,0,0,0,1,0,0,0,0,0,0,0,0,0,0,0,0,0,0,0,0,0,0,0,0,0,0,0,0,0,0,0,0,0,0,0,0,0
"TF623250",0,0,0,0,0,0,0,0,0,0,0,1,0,0,0,0,0,0,0,0,0,0,0,0,0,0,0,0,0,0,0,0,0,0,0,0,0,0,0,0,0,0,0,0,0
"TF634801",0,0,0,0,0,0,0,0,0,0,0,1,0,0,0,0,0,0,0,0,0,0,0,0,0,0,0,0,0,0,0,0,0,0,0,0,0,0,0,0,0,0,0,0,0
"PTHR16089_SF13",0,0,0,0,0,0,0,0,0,0,0,0,0,0,0,1,0,0,0,0,0,0,0,0,0,0,0,0,0,0,0,0,0,0,0,0,0,0,0,0,0,0,0,0,0
"PTHR21608",0,0,0,0,0,0,0,0,0,0,0,0,0,0,0,0,0,0,0,0,0,0,0,0,0,0,1,0,0,1,0,0,0,0,0,0,0,1,0,0,0,0,0,0,0
"PTHR22847_SF400",0,0,0,0,0,0,0,0,0,0,0,0,0,0,0,0,0,0,1,0,0,0,0,0,0,0,0,0,0,0,0,0,0,0,0,0,0,0,0,0,0,0,0,0,0
"TF342171",0,0,0,0,0,0,0,0,0,0,0,0,0,0,0,0,0,0,0,0,0,0,0,0,0,0,0,1,1,0,1,0,0,0,0,0,0,0,0,0,0,0,0,0,0
"TF351644",0,0,0,0,0,0,0,0,0,0,0,0,0,0,0,0,0,0,0,0,0,0,0,0,0,0,0,0,0,0,0,0,0,0,0,0,0,0,0,0,0,0,1,0,0
"TF352935",0,0,0,0,0,0,0,0,0,0,0,0,0,0,0,0,0,0,0,0,0,0,0,0,0,0,0,0,0,0,0,0,0,0,0,0,0,0,0,0,0,0,1,0,0
"TF354019",0,0,0,0,0,0,0,0,0,0,0,0,0,0,0,0,0,0,0,0,0,0,0,0,0,0,0,0,0,1,0,0,0,0,0,0,0,0,0,0,0,0,0,0,0
"TF630723",0,0,0,0,0,0,0,0,0,0,0,0,0,0,0,0,0,0,0,0,0,0,0,0,0,0,0,0,0,1,0,0,0,0,0,0,0,0,0,0,0,0,1,0,0
"TF638042",0,0,0,0,0,0,0,0,0,0,0,0,0,0,0,0,0,0,0,0,0,0,0,0,0,0,0,0,0,0,0,0,0,0,0,0,0,0,0,0,0,0,1,0,0
"TF643298",0,0,0,0,0,0,0,0,0,0,0,0,0,0,0,0,0,0,0,0,0,0,0,0,0,0,0,0,0,0,0,0,1,0,0,0,0,0,0,0,0,0,0,0,0
"TF657909",0,0,0,0,0,0,0,0,0,0,0,0,0,0,0,0,0,0,0,0,0,0,0,0,0,0,0,0,0,0,0,0,0,0,0,0,0,0,0,0,0,0,1,0,0
"TF661039",0,0,0,0,0,0,0,0,0,0,0,0,0,0,0,0,0,0,0,0,0,0,0,0,0,0,0,0,0,0,0,0,0,0,0,0,0,0,0,0,0,0,1,0,0
"TF661365",0,0,0,0,0,0,0,0,0,0,0,0,0,0,0,0,0,0,0,0,0,0,0,0,0,0,0,0,0,0,0,0,0,0,0,0,0,0,0,0,0,0,1,0,0
"TF663313",0,0,0,0,0,0,0,0,0,0,0,0,0,0,0,1,0,0,0,0,0,0,0,0,0,0,0,0,0,0,0,0,0,0,0,0,0,0,0,0,0,0,0,0,0
"TF664556",0,0,0,0,0,0,0,0,0,0,0,0,0,0,0,1,0,0,0,0,0,0,0,0,0,0,0,0,0,0,0,0,0,0,0,0,0,0,0,0,0,0,0,0,0
"TF664891",0,0,0,0,0,0,0,0,0,0,0,0,0,0,0,1,0,0,0,0,0,0,0,0,0,0,0,0,0,0,0,0,0,0,0,0,0,0,0,0,0,0,0,0,0
"PTHR10025_SF27",0,0,0,0,0,0,0,0,0,0,0,0,0,0,0,0,0,0,0,0,0,0,0,0,0,0,0,0,0,0,0,0,0,0,0,0,0,0,0,0,0,0,0,0,0
"PTHR10529_SF222",0,0,0,0,0,0,0,0,0,0,0,0,0,0,0,1,0,0,0,0,0,0,0,0,0,0,0,0,0,0,0,0,0,0,0,0,0,0,0,0,0,0,0,0,0
"PTHR10845_SF140",0,0,0,0,0,0,0,0,0,0,0,0,0,0,0,0,0,0,0,0,0,0,0,0,0,0,0,0,0,0,1,0,0,0,0,0,0,0,0,0,0,0,0,0,0
"PTHR11662_SF139",0,0,0,0,0,0,0,0,0,0,0,0,0,0,0,0,0,0,0,0,1,0,0,0,0,0,0,0,0,0,0,0,0,0,0,0,0,0,0,0,0,0,0,1,0
"PTHR13711_SF186",0,0,0,0,0,0,0,0,0,0,0,0,0,0,0,1,0,0,0,0,0,0,0,0,0,0,0,0,0,0,0,0,0,0,0,0,0,0,0,0,0,0,1,0,0
"PTHR19325_SF317",0,0,0,0,0,0,0,0,0,0,0,0,0,0,0,0,0,0,0,0,0,0,0,0,0,0,0,0,0,0,0,0,0,0,0,0,0,0,0,0,0,0,0,0,0
"PTHR23257_SF88",0,0,0,0,0,0,0,0,0,0,0,0,0,0,0,1,0,0,0,1,0,0,1,0,0,1,0,0,0,0,0,0,1,0,0,0,0,0,0,0,0,0,0,0,0
"PTHR24031_SF207",0,0,0,0,0,0,0,0,0,0,0,0,0,0,0,0,0,0,0,0,0,0,0,0,0,0,0,0,0,0,0,0,0,0,2,0,0,0,0,0,0,0,0,1,0
"PTHR24073_SF438",0,0,0,0,0,0,0,0,0,0,0,0,1,0,0,1,0,0,0,0,0,0,1,0,0,0,0,0,0,0,0,0,0,0,0,0,0,1,0,0,0,0,0,0,0
"PTHR24242_SF99",0,0,0,0,0,0,0,0,0,0,0,0,0,0,0,0,0,0,0,0,0,0,0,0,0,0,0,0,0,1,0,0,0,0,0,0,0,0,0,0,0,0,0,0,0
"PTHR24316_SF283",0,0,0,0,0,0,0,0,0,0,0,0,0,0,0,1,0,0,0,1,0,0,0,0,0,0,0,0,0,0,0,0,0,0,0,0,0,0,0,0,0,0,1,0,0
"PTHR24619_SF114",0,0,0,0,0,0,0,0,0,0,0,0,0,0,0,0,0,0,0,1,0,0,0,0,1,0,0,0,0,0,0,0,0,0,0,0,0,0,0,0,0,0,0,0,0
"PTHR25069_SF121",0,0,0,0,0,0,0,0,0,0,0,0,0,0,0,1,0,0,0,0,0,0,2,0,0,0,0,1,1,0,1,1,0,0,0,0,0,0,0,0,0,0,1,1,0
"TF338581",0,0,0,0,0,0,0,0,0,0,0,0,0,0,0,0,0,0,0,0,0,0,0,0,0,0,0,0,0,0,0,0,0,0,0,0,0,0,0,0,0,0,1,0,0
"TF340511",0,0,0,0,0,0,0,0,0,0,0,0,0,1,0,0,0,0,0,0,0,0,0,0,0,0,0,0,0,0,0,0,0,0,0,0,0,0,1,0,0,0,1,0,0
"TF340523",0,0,0,0,0,0,0,0,0,0,0,0,0,0,0,0,0,0,0,0,0,0,0,0,0,0,0,0,0,0,0,0,0,0,0,0,0,0,0,0,0,1,0,0,0
"TF600630",0,0,0,0,0,0,0,0,0,0,0,0,0,0,0,0,0,1,0,0,0,1,0,0,0,0,0,0,0,0,0,0,0,0,0,0,0,1,0,0,0,0,1,0,0
"TF603851",0,0,0,0,0,0,0,0,0,0,0,0,0,0,0,0,0,0,0,0,0,0,0,0,0,1,0,0,0,0,0,0,0,0,0,0,0,0,0,0,0,1,1,0,0
"TF637571",0,0,0,0,0,0,0,0,0,0,0,0,0,0,0,0,0,0,0,0,1,0,0,0,0,0,0,0,0,0,0,0,0,1,0,0,0,0,0,0,0,0,1,0,0
"TF640499",0,0,0,0,0,0,0,0,0,0,0,0,0,0,0,0,0,0,0,0,0,0,0,0,0,0,0,0,0,0,0,0,0,0,0,0,0,0,0,0,0,0,1,0,0
"TF647559",0,0,0,0,0,0,0,0,0,0,0,0,0,0,0,0,0,0,0,0,0,0,0,0,0,0,0,0,0,0,0,0,0,0,0,0,0,0,0,0,0,0,1,0,0
"TF652663",0,0,0,0,0,0,0,0,0,0,0,0,0,0,0,0,0,0,0,0,1,0,0,0,0,0,0,0,0,0,0,0,0,0,0,0,0,0,0,0,0,0,1,0,0
"TF659421",0,0,0,0,0,0,0,0,0,0,0,0,0,0,0,0,0,1,0,0,0,0,0,0,0,0,0,0,0,0,0,0,0,0,0,0,0,0,0,0,0,0,0,0,0
"PTHR11711_SF151",0,0,0,0,0,0,0,0,0,0,0,0,1,0,0,0,0,0,0,0,0,0,0,0,0,0,0,0,0,0,0,0,0,0,0,0,0,0,0,0,0,0,0,0,0
"PTHR22909_SF21",0,0,0,0,0,0,0,0,0,0,0,0,1,0,0,0,0,0,0,0,0,0,0,0,0,0,0,0,0,0,1,0,0,0,0,0,0,0,0,0,0,0,0,1,0
"PTHR23050_SF132",0,0,0,0,0,0,0,0,0,0,0,0,1,0,0,0,0,0,0,0,0,0,0,0,0,0,0,0,0,0,0,0,0,0,0,0,0,0,0,0,0,1,0,0,0
"PTHR24268_SF72",0,0,0,0,0,0,0,0,0,0,0,0,1,0,0,0,0,0,0,0,0,0,0,0,0,0,0,0,0,0,0,0,0,0,0,0,0,0,0,0,0,1,0,1,0
"TF352304",0,0,0,0,0,0,0,0,0,0,0,0,1,0,0,0,0,1,0,0,0,0,0,0,0,1,0,0,0,0,0,0,0,0,0,0,0,0,0,0,0,0,1,0,0
"TF619918",0,0,0,0,0,0,0,0,0,0,0,0,1,0,0,0,0,0,0,0,0,0,0,0,0,0,0,0,0,0,0,0,0,0,0,0,0,0,0,0,0,0,0,0,0
"TF626901",0,0,0,0,0,0,0,0,0,0,0,0,1,0,0,0,0,0,0,0,0,0,0,0,0,0,0,0,0,0,0,0,0,0,1,0,0,0,0,0,0,0,0,0,0
"PTHR10334_SF188",0,0,0,0,0,0,0,0,0,0,0,0,0,0,0,0,0,1,0,0,0,0,1,0,1,1,0,0,0,0,0,0,0,0,1,1,0,0,0,1,0,0,0,1,0
"PTHR12725_SF44",0,0,0,0,0,0,0,0,0,0,0,0,0,0,0,0,0,0,0,0,0,0,0,0,0,0,0,0,0,0,0,0,0,0,0,0,0,0,0,1,0,0,0,0,0
"PTHR23223_SF143",0,0,0,0,0,0,0,0,0,0,0,0,0,0,0,0,0,0,0,0,0,0,1,0,0,0,0,0,0,0,0,0,0,0,0,0,0,0,0,0,0,0,0,0,0
"TF670631",0,0,0,0,0,0,0,0,0,0,0,0,0,0,0,0,0,0,0,0,0,0,0,0,0,0,0,0,0,0,0,0,0,0,0,0,0,0,0,0,0,0,0,1,0
"PTHR10029_SF3",0,0,0,0,0,0,0,0,0,0,0,0,0,1,0,1,0,0,0,0,0,0,0,0,0,0,0,1,0,0,0,0,0,0,0,0,1,0,1,0,0,0,0,0,0
"PTHR10942_SF0",0,0,0,0,0,0,0,0,0,0,0,0,0,1,0,0,0,0,0,0,0,0,0,0,0,0,0,0,0,0,0,0,1,0,0,0,0,0,0,0,0,0,0,0,0
"PTHR11668_SF213",0,0,0,0,0,0,0,0,0,0,0,0,0,1,0,0,0,0,0,0,0,0,0,0,0,0,0,0,0,0,0,0,0,0,0,0,0,0,0,0,0,0,0,0,0
"PTHR11926_SF124",0,0,0,0,0,0,0,0,0,0,0,0,0,3,0,4,0,0,0,0,0,0,0,0,0,0,0,2,0,0,0,0,0,0,0,0,4,0,3,0,0,0,0,0,0
"PTHR12138_SF28",0,0,0,0,0,0,0,0,0,0,0,0,0,1,0,0,0,0,0,0,2,0,0,0,0,0,0,1,0,0,0,0,0,1,0,0,1,0,1,0,0,0,0,0,0
"PTHR22957_SF236",0,0,0,0,0,0,0,0,0,0,0,0,0,2,0,0,0,0,0,0,0,0,0,0,0,0,0,4,0,0,0,0,0,0,0,0,1,0,1,0,0,0,0,0,0
"PTHR23050_SF136",0,0,0,0,0,0,0,0,0,0,0,0,0,2,0,0,0,0,0,0,0,0,0,0,0,0,0,0,0,0,0,0,0,0,1,0,0,0,1,0,0,0,0,1,0
"PTHR23075_SF2",0,0,0,0,0,0,0,0,0,0,0,0,0,1,0,1,0,0,0,0,0,0,1,0,0,0,0,0,0,0,0,0,0,0,0,0,0,1,1,0,0,0,0,0,0
"PTHR23080_SF64",0,0,0,0,0,0,0,0,0,0,0,0,0,1,0,1,0,0,0,0,0,0,0,0,0,0,0,0,0,0,0,0,0,0,0,0,0,0,0,0,0,0,0,0,0
"PTHR23203_SF2",0,0,0,0,0,0,0,0,0,0,0,0,0,1,0,3,0,0,0,0,0,0,0,0,0,0,0,0,0,0,0,0,0,0,0,0,0,0,0,0,0,0,0,0,0
"PTHR23203_SF7",0,0,0,0,0,0,0,0,0,0,0,0,0,2,0,9,0,0,2,0,0,0,0,1,0,0,0,1,0,0,0,0,0,0,0,0,1,0,2,0,0,0,0,0,0
"PTHR23239_SF121",0,0,0,0,0,0,0,0,0,0,0,0,0,1,0,1,0,0,0,0,0,0,0,0,0,0,0,0,0,0,0,0,0,0,0,0,1,0,1,0,0,0,0,1,0
"PTHR24006_SF382",0,0,0,0,0,0,0,0,0,0,0,0,0,8,0,30,0,0,3,0,3,0,0,1,0,0,0,1,0,0,0,0,0,12,0,0,0,0,3,0,0,0,0,0,0
"PTHR24064_SF185",0,0,0,0,0,0,0,0,0,0,0,0,0,1,0,1,0,0,0,0,0,0,0,0,0,0,0,1,0,0,0,0,0,0,0,0,1,0,1,0,1,0,0,0,0
"PTHR24103_SF268",0,0,0,0,0,0,0,0,0,0,0,0,0,3,0,3,0,0,0,0,0,0,0,0,0,0,0,1,0,0,0,0,0,0,0,0,1,0,5,0,0,0,0,0,0
"TF340705",0,0,0,0,0,0,0,0,0,0,0,0,0,1,0,0,0,0,0,0,0,0,0,0,0,0,0,1,0,0,0,0,0,1,0,0,1,0,1,0,0,0,0,0,0
"TF341044",0,0,0,0,0,0,0,0,0,0,0,0,0,1,0,1,0,0,0,0,0,0,0,0,0,0,0,0,0,0,0,0,0,0,0,0,0,0,1,0,0,0,0,0,0
"TF341855",0,0,0,0,0,0,0,0,0,0,0,0,0,1,0,0,0,0,1,0,0,0,0,1,0,0,0,1,0,0,0,0,0,1,0,0,1,0,1,0,0,0,0,0,0
"TF342685",0,0,0,0,0,0,0,0,0,0,0,0,0,7,0,0,0,0,0,0,0,0,0,0,0,0,0,0,0,0,0,0,0,0,0,0,2,0,10,0,0,0,0,0,0
"TF343116",0,0,0,0,0,0,0,0,0,0,0,0,0,1,0,0,0,0,0,0,0,0,0,0,0,0,0,1,0,0,0,0,0,0,0,0,1,0,2,0,0,0,0,0,0
"TF351643",0,0,0,0,0,0,0,0,0,0,0,0,0,1,0,0,0,0,0,0,1,0,0,0,0,0,0,1,0,0,0,0,0,0,0,0,0,0,0,0,0,0,1,0,0
"TF353740",0,0,0,0,0,0,0,0,0,0,0,0,0,1,0,0,0,0,0,0,0,0,0,0,0,0,0,1,0,0,0,0,0,0,0,0,1,0,1,0,0,0,1,0,0
"TF606356",0,0,0,0,0,0,0,0,0,0,0,0,0,1,0,0,0,0,0,0,0,0,0,0,0,0,1,0,0,0,0,0,0,0,1,0,0,0,0,0,0,1,0,1,0
"TF656266",0,0,0,0,0,0,0,0,0,0,0,0,0,1,0,2,0,0,0,0,0,0,0,0,0,0,0,1,0,0,0,0,0,0,0,0,1,0,1,0,0,0,0,0,0
"TF662485",0,0,0,0,0,0,0,0,0,0,0,0,0,1,0,0,0,0,0,0,0,0,0,0,0,0,0,1,0,0,0,0,0,0,0,0,1,0,1,0,0,0,0,0,0
"PTHR11071_SF229",0,0,0,0,0,0,0,0,0,0,0,0,0,0,3,0,0,0,0,0,0,0,0,0,0,0,0,0,0,0,0,0,0,0,0,0,0,0,0,0,0,0,0,0,1
"PTHR11829_SF83",0,0,0,0,0,0,0,0,0,0,0,0,0,0,1,0,0,0,0,0,0,0,0,0,0,0,0,0,0,0,0,0,0,0,0,0,0,0,0,0,0,0,0,0,0
"PTHR22904_SF10",0,0,0,0,0,0,0,0,0,0,0,0,0,0,1,0,0,0,0,0,0,0,0,0,0,0,0,0,0,0,0,0,0,0,0,0,0,0,0,1,0,0,0,0,0
"PTHR23022_SF53",0,0,0,0,0,0,0,0,0,0,0,0,0,0,1,0,0,0,0,0,0,0,0,0,0,0,0,0,0,0,0,0,0,0,0,0,0,0,0,0,0,0,0,1,0
"PTHR24115_SF366",0,0,0,0,0,0,0,0,0,0,0,0,0,0,1,0,0,0,0,0,0,0,0,0,0,0,0,0,0,0,0,0,0,0,0,0,0,0,0,0,0,0,0,0,0
"PTHR24412_SF51",0,0,0,0,0,0,0,0,0,0,0,0,0,0,1,0,0,0,0,0,0,0,0,0,0,0,0,0,0,0,0,0,0,0,1,0,0,0,0,0,0,0,0,0,0
"PTHR24543_SF245",0,0,0,0,0,0,0,0,0,0,0,0,0,0,1,0,0,0,0,0,0,0,1,0,0,0,0,0,0,0,0,0,0,0,0,0,0,0,0,0,0,0,0,0,0
"PTHR10006_SF5",0,0,0,0,0,0,0,0,0,0,0,0,0,0,0,1,0,0,0,0,0,0,1,0,0,0,0,0,0,0,0,0,0,0,1,0,0,0,0,1,0,0,0,0,0
"PTHR10252_SF6",0,0,0,0,0,0,0,0,0,0,0,0,0,0,0,1,0,0,0,0,0,0,0,0,0,0,0,0,0,0,0,0,0,0,0,0,0,0,0,0,0,0,0,0,0
"PTHR10385_SF22",0,0,0,0,0,0,0,0,0,0,0,0,0,0,0,1,0,0,0,0,0,0,0,0,0,0,0,0,0,0,0,0,0,0,0,0,0,0,0,0,0,0,0,0,0
"PTHR10588_SF210",0,0,0,0,0,0,0,0,0,0,0,0,0,0,0,1,0,0,0,0,0,0,1,0,0,0,0,0,0,0,0,0,0,0,0,0,0,0,0,0,0,0,0,0,0
"PTHR10795_SF157",0,0,0,0,0,0,0,0,0,0,0,0,0,0,0,1,0,0,0,0,0,0,0,0,0,0,1,0,0,0,0,1,0,0,1,0,0,0,0,0,0,1,0,0,0
"PTHR10799_SF549",0,0,0,0,0,0,0,0,0,0,0,0,0,0,0,1,0,0,0,0,0,0,0,0,0,0,0,0,0,0,0,0,0,0,0,0,0,0,0,0,0,0,0,0,0
"PTHR10992_SF702",0,0,0,0,0,0,0,0,0,0,0,0,0,0,0,1,0,0,0,0,0,0,1,0,0,0,0,0,0,0,0,0,0,0,0,0,0,0,0,0,0,0,0,0,0
"PTHR11566_SF49",0,0,0,0,0,0,0,0,0,0,0,0,0,0,0,1,0,0,0,0,0,0,0,0,0,0,0,0,0,0,0,0,0,0,0,0,0,0,0,0,0,0,0,0,0
"PTHR11689_SF65",0,0,0,0,0,0,0,0,0,0,0,0,0,0,0,1,0,0,0,0,0,0,0,0,0,0,0,0,0,0,0,0,0,0,0,0,0,0,0,0,0,0,0,0,0
"PTHR11712_SF223",0,0,0,0,0,0,0,0,0,0,0,0,0,0,0,1,0,0,0,0,0,0,0,0,0,0,0,0,0,0,0,0,0,0,0,0,0,0,0,0,0,0,0,0,0
"PTHR11905_SF117",0,0,0,0,0,0,0,0,0,0,0,0,0,0,0,1,0,0,0,0,0,0,0,0,0,0,0,0,0,0,0,0,0,0,0,0,0,0,0,0,0,0,0,0,0
"PTHR11915_SF50",0,0,0,0,0,0,0,0,0,0,0,0,0,0,0,1,0,0,0,0,0,0,0,0,0,0,0,0,0,0,0,0,0,0,0,0,0,0,0,0,0,0,0,0,0
"PTHR11945_SF141",0,0,0,0,0,0,0,0,0,0,0,0,0,0,0,1,0,0,0,0,0,0,0,0,0,0,0,0,0,0,0,0,0,0,0,0,0,0,0,0,0,0,0,0,0
"PTHR12321_SF31",0,0,0,0,0,0,0,0,0,0,0,0,0,0,0,1,0,0,0,0,0,0,0,0,0,0,0,0,0,0,0,0,0,0,0,0,0,0,0,0,0,0,0,0,0
"PTHR12321_SF35",0,0,0,0,0,0,0,0,0,0,0,0,0,0,0,1,0,0,0,0,0,0,0,0,0,0,0,0,0,0,0,0,0,0,0,0,0,0,0,0,0,0,0,0,0
"PTHR12348_SF18",0,0,0,0,0,0,0,0,0,0,0,0,0,0,0,1,0,0,0,0,0,0,0,0,0,0,0,0,0,0,0,1,0,0,1,0,0,1,0,0,0,0,0,0,0
"PTHR12411_SF322",0,0,0,0,0,0,0,0,0,0,0,0,0,0,0,1,0,0,0,0,0,0,0,0,0,0,0,0,0,0,0,0,0,0,0,0,0,0,0,0,0,0,0,0,0
"PTHR13140_SF275",0,0,0,0,0,0,0,0,0,0,0,0,0,0,0,1,0,0,0,0,0,0,0,0,0,0,0,0,0,0,0,0,0,0,0,0,0,0,0,0,0,0,0,0,0
"PTHR13308_SF11",0,0,0,0,0,0,0,0,0,0,0,0,0,0,0,1,0,0,0,1,0,0,0,0,0,0,0,0,0,0,0,0,0,0,0,0,0,0,0,0,0,0,0,0,0
"PTHR13341_SF6",0,0,0,0,0,0,0,0,0,0,0,0,0,0,0,1,0,0,0,0,0,0,0,0,0,0,0,0,0,0,0,0,0,0,1,0,0,0,0,0,0,0,0,1,0
"PTHR13703_SF34",0,0,0,0,0,0,0,0,0,0,0,0,0,0,0,1,0,0,0,0,0,0,0,0,0,0,0,0,0,0,0,0,0,0,0,0,0,0,0,0,0,0,0,0,0
"PTHR15357",0,0,0,0,0,0,0,0,0,0,0,0,0,0,0,1,0,0,0,0,1,0,1,0,0,0,0,1,0,0,0,0,0,0,0,0,0,0,0,0,0,1,0,0,0
"PTHR15431_SF4",0,0,0,0,0,0,0,0,0,0,0,0,0,0,0,2,0,0,0,0,0,0,0,0,0,0,0,0,0,0,0,0,0,0,0,0,0,0,0,0,0,0,0,0,0
"PTHR18359",0,0,0,0,0,0,0,0,0,0,0,0,0,0,0,1,0,0,0,0,0,0,0,0,0,0,0,0,0,0,0,0,0,0,0,0,0,0,0,0,0,0,0,0,0
"PTHR18884_SF64",0,0,0,0,0,0,0,0,0,0,0,0,0,0,0,1,0,0,0,0,0,0,0,0,0,0,0,0,0,0,0,0,0,0,1,0,0,0,0,0,0,0,0,1,0
"PTHR18929_SF74",0,0,0,0,0,0,0,0,0,0,0,0,0,0,0,1,0,0,0,0,0,0,0,0,0,0,0,0,0,0,0,0,0,0,0,0,0,0,0,0,0,0,0,0,0
"PTHR18934_SF107",0,0,0,0,0,0,0,0,0,0,0,0,0,0,0,8,0,0,0,0,0,0,0,0,0,0,0,0,0,0,0,0,0,0,0,0,0,0,0,0,0,0,0,0,0
"PTHR19051_SF7",0,0,0,0,0,0,0,0,0,0,0,0,0,0,0,1,0,0,0,0,0,0,0,0,0,0,0,0,0,0,0,0,0,0,0,0,0,0,0,0,0,0,0,0,0
"PTHR19134_SF240",0,0,0,0,0,0,0,0,0,0,0,0,0,0,0,1,0,0,0,0,0,0,0,0,0,0,0,0,0,0,0,0,0,0,0,0,0,0,0,0,0,0,0,0,0
"PTHR19229_SF36",0,0,0,0,0,0,0,0,0,0,0,0,0,0,0,1,0,0,0,0,0,0,0,0,0,0,0,0,0,0,0,0,0,0,0,0,0,0,0,0,0,0,0,0,0
"PTHR21493_SF79",0,0,0,0,0,0,0,0,0,0,0,0,0,0,0,1,0,0,0,0,0,0,1,0,0,0,0,0,0,0,0,0,0,0,0,0,0,0,0,0,0,0,0,0,0
"PTHR22550",0,0,0,0,0,0,0,0,0,0,0,0,0,0,0,1,0,0,0,0,0,0,0,0,0,0,0,0,0,0,0,0,0,0,0,0,1,0,2,0,0,0,0,0,0
"PTHR22964_SF9",0,0,0,0,0,0,0,0,0,0,0,0,0,0,0,1,0,0,0,0,0,0,0,0,0,0,0,0,0,1,0,0,0,0,0,0,0,0,0,0,0,0,0,0,0
"PTHR22992_SF19",0,0,0,0,0,0,0,0,0,0,0,0,0,0,0,1,0,0,0,0,0,0,0,0,0,0,0,0,0,0,0,0,0,0,0,0,0,0,0,0,0,0,0,0,0
"PTHR23113_SF25",0,0,0,0,0,0,0,0,0,0,0,0,0,0,0,1,0,0,0,0,0,0,0,0,0,0,0,0,0,0,0,0,0,0,0,0,0,0,0,0,0,0,0,0,0
"PTHR23119_SF28",0,0,0,0,0,0,0,0,0,0,0,0,0,0,0,2,0,0,0,0,0,0,0,0,0,0,0,0,0,0,0,0,0,0,0,0,0,0,0,0,0,0,0,0,0
"PTHR23195_SF15",0,0,0,0,0,0,0,0,0,0,0,0,0,0,0,1,0,0,0,0,0,0,0,0,0,0,0,0,0,0,0,0,0,0,0,0,0,0,0,0,0,0,0,0,0
"PTHR23213_SF206",0,0,0,0,0,0,0,0,0,0,0,0,0,0,0,1,0,0,0,0,0,0,0,0,0,0,0,0,0,0,0,0,0,0,0,0,0,0,0,0,0,0,0,0,0
"PTHR23275_SF36",0,0,0,0,0,0,0,0,0,0,0,0,0,0,0,1,0,0,0,0,0,0,0,0,0,0,0,0,0,0,0,0,0,0,0,0,0,0,0,0,0,0,0,0,0
"PTHR24023_SF429",0,0,0,0,0,0,0,0,0,0,0,0,0,0,0,1,0,0,0,0,0,0,0,0,0,0,0,0,0,0,0,0,0,0,0,0,0,0,0,0,0,0,0,0,0
"PTHR24034_SF33",0,0,0,0,0,0,0,0,0,0,0,0,0,0,0,1,0,0,0,0,0,0,0,0,0,0,0,0,0,0,0,0,0,0,0,0,0,0,0,0,0,0,0,0,0
"PTHR24073_SF373",0,0,0,0,0,0,0,0,0,0,0,0,0,0,0,3,0,0,0,0,0,0,0,0,0,0,0,2,0,0,0,0,0,0,0,0,1,0,0,0,0,0,0,0,0
"PTHR24093_SF243",0,0,0,0,0,0,0,0,0,0,0,0,0,0,0,1,0,0,0,0,0,0,0,0,0,0,0,0,0,0,0,0,0,0,0,0,0,0,0,0,0,0,0,0,0
"PTHR24093_SF258",0,0,0,0,0,0,0,0,0,0,0,0,0,0,0,1,0,0,0,0,0,0,0,0,0,0,0,0,0,0,0,0,0,0,0,0,0,0,0,0,0,0,0,0,0
"PTHR24115_SF173",0,0,0,0,0,0,0,0,0,0,0,0,0,0,0,1,0,0,0,0,0,0,0,0,0,0,0,0,0,0,0,0,0,0,0,0,0,0,0,0,0,0,0,0,0
"PTHR24221_SF149",0,0,0,0,0,0,0,0,0,0,0,0,0,0,0,1,0,0,0,0,0,0,0,0,0,0,0,0,0,0,0,0,0,0,0,0,0,0,0,0,0,0,0,0,0
"PTHR24329_SF266",0,0,0,0,0,0,0,0,0,0,0,0,0,0,0,1,0,0,0,0,0,0,1,0,0,0,0,0,0,0,0,0,0,0,0,0,0,0,0,0,0,0,0,0,0
"PTHR24343_SF117",0,0,0,0,0,0,0,0,0,0,0,0,0,0,0,1,0,0,0,0,0,0,0,0,0,0,0,0,0,0,4,0,0,0,0,0,0,0,0,0,0,0,0,0,0
"PTHR24343_SF139",0,0,0,0,0,0,0,0,0,0,0,0,0,0,0,2,0,0,0,0,0,0,0,0,0,0,0,0,0,0,0,0,0,0,0,0,0,0,0,0,0,0,0,0,0
"PTHR24347_SF136",0,0,0,0,0,0,0,0,0,0,0,0,0,0,0,1,0,0,0,0,0,0,1,0,0,0,0,0,0,0,0,0,0,0,0,0,0,0,0,0,0,0,0,0,0
"PTHR24347_SF170",0,0,0,0,0,0,0,0,0,0,0,0,0,0,0,1,0,0,0,0,0,0,0,0,0,0,0,0,0,0,0,0,0,0,0,0,0,0,0,0,0,0,0,0,0
"PTHR24357_SF80",0,0,0,0,0,0,0,0,0,0,0,0,0,0,0,1,0,0,0,0,0,0,0,0,0,0,1,0,0,0,0,0,0,0,0,0,0,0,0,0,0,0,0,0,0
"PTHR24362_SF215",0,0,0,0,0,0,0,0,0,0,0,0,0,0,0,1,0,0,0,0,1,0,0,0,0,0,0,0,0,0,0,0,0,0,0,0,0,0,0,0,0,0,0,0,0
"PTHR24367_SF251",0,0,0,0,0,0,0,0,0,0,0,0,0,0,0,1,0,0,0,0,0,0,0,0,0,0,0,0,0,0,0,0,0,0,0,0,0,0,0,0,0,0,0,0,0
"PTHR24416_SF310",0,0,0,0,0,0,0,0,0,0,0,0,0,0,0,1,0,0,0,0,0,0,0,0,0,0,0,0,0,0,0,0,0,0,0,0,0,0,0,0,0,0,0,0,0
"TF608866",0,0,0,0,0,0,0,0,0,0,0,0,0,0,0,1,0,0,0,0,0,0,1,0,0,0,0,0,0,0,0,0,0,0,0,0,0,0,0,0,0,0,0,0,0
"TF626503",0,0,0,0,0,0,0,0,0,0,0,0,0,0,0,1,0,0,0,0,0,0,0,0,0,0,0,0,0,0,0,0,0,0,0,0,0,0,0,0,0,0,0,0,0
"TF629772",0,0,0,0,0,0,0,0,0,0,0,0,0,0,0,8,0,0,0,0,0,0,0,0,0,0,0,0,0,0,0,0,0,0,0,0,0,0,0,0,0,0,0,0,0
"TF630169",0,0,0,0,0,0,0,0,0,0,0,0,0,0,0,1,0,0,0,0,1,0,0,0,0,0,0,0,0,0,0,0,0,0,0,0,0,0,0,0,0,0,0,0,0
"TF635629",0,0,0,0,0,0,0,0,0,0,0,0,0,0,0,1,0,0,0,0,0,0,0,0,0,0,0,0,0,0,0,0,0,0,0,0,0,0,0,0,0,0,0,0,0
"TF637237",0,0,0,0,0,0,0,0,0,0,0,0,0,0,0,1,0,0,0,0,0,0,0,0,0,0,0,0,0,0,0,0,0,0,0,0,0,0,0,0,0,0,0,0,0
"TF637472",0,0,0,0,0,0,0,0,0,0,0,0,0,0,0,1,0,0,0,0,0,0,1,0,0,0,0,0,0,0,0,0,0,0,0,0,0,0,0,0,0,0,0,0,0
"TF641161",0,0,0,0,0,0,0,0,0,0,0,0,0,0,0,1,0,0,0,0,0,0,0,0,0,0,0,0,0,0,0,0,0,0,0,0,0,0,0,0,0,0,0,0,0
"TF642864",0,0,0,0,0,0,0,0,0,0,0,0,0,0,0,1,0,0,0,0,0,0,0,0,0,0,0,0,0,0,0,0,0,0,0,0,0,0,0,0,0,0,1,0,0
"TF644463",0,0,0,0,0,0,0,0,0,0,0,0,0,0,0,1,0,0,0,0,0,0,0,0,0,0,0,0,0,0,0,0,0,0,0,0,0,0,0,0,0,0,0,0,0
"TF645088",0,0,0,0,0,0,0,0,0,0,0,0,0,0,0,1,0,0,0,0,0,0,1,0,1,0,1,0,0,0,0,0,0,0,0,0,0,0,0,1,0,0,0,0,0
"TF651825",0,0,0,0,0,0,0,0,0,0,0,0,0,0,0,1,0,0,0,0,0,0,0,0,0,0,0,0,0,0,0,0,0,0,0,0,0,0,0,0,0,0,0,0,0
"TF661230",0,0,0,0,0,0,0,0,0,0,0,0,0,0,0,1,0,0,0,0,0,0,0,0,0,0,0,0,0,0,0,0,0,0,0,0,0,0,0,0,0,0,0,0,0
"TF661273",0,0,0,0,0,0,0,0,0,0,0,0,0,0,0,1,0,0,0,0,0,0,1,0,0,1,0,0,0,0,0,0,0,0,0,0,0,0,0,0,0,0,0,0,0
"TF661907",0,0,0,0,0,0,0,0,0,0,0,0,0,0,0,1,0,0,0,0,0,0,0,0,0,0,0,0,0,0,0,0,0,0,0,0,0,0,0,0,0,0,0,0,0
"TF666026",0,0,0,0,0,0,0,0,0,0,0,0,0,0,0,1,0,0,0,0,0,0,0,0,0,0,0,0,0,0,0,0,0,0,0,0,0,0,0,0,0,0,0,0,0
"PTHR11003_SF103",0,0,0,0,0,0,0,0,0,0,0,0,0,0,0,0,1,0,0,0,0,0,0,0,0,0,0,0,0,0,0,0,0,0,0,0,0,0,0,0,0,0,0,0,0
"PTHR23223_SF145",0,0,0,0,0,0,0,0,0,0,0,0,0,0,0,0,1,0,0,0,0,0,0,0,0,0,0,0,0,0,0,0,0,0,0,0,0,0,0,0,0,0,0,0,0
"PTHR24027_SF270",0,0,0,0,0,0,0,0,0,0,0,0,0,0,0,0,1,0,0,0,0,0,0,0,0,0,0,0,0,0,0,0,0,0,0,0,0,0,0,0,0,0,0,0,0
"PTHR24249_SF211",0,0,0,0,0,0,0,0,0,0,0,0,0,0,0,0,1,0,0,0,0,0,0,0,0,0,0,0,0,0,1,0,0,0,1,0,0,0,0,0,0,0,0,1,0
"TF612952",0,0,0,0,0,0,0,0,0,0,0,0,0,0,0,0,1,0,0,0,0,0,0,0,0,0,0,0,0,0,0,0,0,0,0,0,0,0,0,0,0,0,1,0,0
"PTHR24365_SF223",0,0,0,0,0,0,0,0,0,0,0,0,0,0,0,0,0,1,0,1,0,1,0,0,1,0,0,0,0,0,1,0,0,0,1,1,0,0,0,0,0,0,0,0,0
"TF619843",0,0,0,0,0,0,0,0,0,0,0,0,0,0,0,0,0,0,0,0,0,0,0,0,0,0,0,0,0,1,0,0,0,0,1,0,0,0,0,1,0,0,0,1,0
"PTHR10877_SF116",0,0,0,0,0,0,0,0,0,0,0,0,0,0,0,0,0,1,0,0,0,0,0,0,0,0,0,0,0,0,0,0,0,0,0,0,0,0,0,0,0,0,0,0,0
"PTHR11010_SF9",0,0,0,0,0,0,0,0,0,0,0,0,0,0,0,0,0,10,0,0,0,0,0,0,0,0,0,0,0,0,1,0,0,0,0,0,0,0,0,0,0,0,0,0,0
"PTHR11208_SF39",0,0,0,0,0,0,0,0,0,0,0,0,0,0,0,0,0,1,0,0,0,0,0,0,0,0,0,0,0,0,0,0,0,0,0,0,0,0,0,0,0,0,0,0,0
"PTHR11697_SF85",0,0,0,0,0,0,0,0,0,0,0,0,0,0,0,0,0,1,0,0,0,0,0,0,0,0,0,0,0,0,0,0,0,0,0,0,0,0,0,0,0,0,0,0,0
"PTHR11699_SF98",0,0,0,0,0,0,0,0,0,0,0,0,0,0,0,0,0,1,0,0,0,0,0,0,0,0,0,0,0,0,0,0,0,0,0,0,0,0,0,0,0,0,0,0,0
"PTHR11848_SF131",0,0,0,0,0,0,0,0,0,0,0,0,0,0,0,0,0,1,0,0,0,0,0,0,0,0,0,0,0,0,0,0,0,0,0,0,0,0,0,0,0,0,0,0,0
"PTHR12308_SF15",0,0,0,0,0,0,0,0,0,0,0,0,0,0,0,0,0,1,0,0,0,0,0,0,0,0,0,0,0,0,0,0,0,0,0,0,0,0,0,0,0,0,0,1,0
"PTHR18945_SF199",0,0,0,0,0,0,0,0,0,0,0,0,0,0,0,0,0,1,0,0,0,0,0,0,0,0,0,0,0,0,0,0,0,0,1,0,0,0,0,0,0,0,0,1,0
"PTHR19303_SF180",0,0,0,0,0,0,0,0,0,0,0,0,0,0,0,0,0,1,0,0,0,0,0,0,0,0,0,0,0,0,0,0,0,0,0,0,0,0,0,0,0,0,0,0,0
"PTHR19331_SF192",0,0,0,0,0,0,0,0,0,0,0,0,0,0,0,0,0,1,0,0,0,0,0,0,0,0,0,0,0,0,0,0,0,0,0,0,0,0,0,0,0,0,0,0,0
"PTHR23343_SF3",0,0,0,0,0,0,0,0,0,0,0,0,0,0,0,0,0,1,0,0,0,0,0,0,0,0,0,0,0,0,0,0,0,0,0,0,0,0,0,0,0,0,0,0,0
"PTHR23343_SF45",0,0,0,0,0,0,0,0,0,0,0,0,0,0,0,0,0,1,0,0,0,0,0,0,0,0,0,0,0,0,0,0,0,0,0,0,0,0,0,0,0,0,0,0,0
"PTHR24202_SF51",0,0,0,0,0,0,0,0,0,0,0,0,0,0,0,0,0,1,0,0,0,0,1,0,0,0,0,0,0,0,0,0,0,0,0,0,0,0,0,0,0,0,0,0,0
"PTHR24375_SF114",0,0,0,0,0,0,0,0,0,0,0,0,0,0,0,0,0,1,0,0,0,0,0,0,0,0,0,0,0,0,0,0,0,0,0,0,0,0,0,0,0,0,0,0,0
"PTHR24409_SF19",0,0,0,0,0,0,0,0,0,0,0,0,0,0,0,0,0,1,0,0,0,0,0,0,0,0,0,0,0,0,0,0,0,0,0,0,0,0,0,0,0,0,0,0,0
"PTHR24619_SF116",0,0,0,0,0,0,0,0,0,0,0,0,0,0,0,0,0,1,0,0,0,0,0,0,0,0,0,0,0,0,0,0,0,0,0,0,0,0,0,0,0,0,0,0,0
"TF601702",0,0,0,0,0,0,0,0,0,0,0,0,0,0,0,0,0,1,0,0,0,0,0,0,0,0,0,0,0,0,0,0,0,0,0,0,0,0,0,0,0,0,0,0,0
"TF618908",0,0,0,0,0,0,0,0,0,0,0,0,0,0,0,0,0,1,0,0,0,0,0,0,0,0,0,0,0,0,0,0,0,0,1,0,0,0,0,0,0,0,0,1,0
"TF630441",0,0,0,0,0,0,0,0,0,0,0,0,0,0,0,0,0,3,0,0,0,0,0,0,0,0,0,0,0,0,0,0,0,0,0,0,0,0,0,0,0,0,0,0,0
"TF633138",0,0,0,0,0,0,0,0,0,0,0,0,0,0,0,0,0,1,0,1,0,0,1,0,0,0,0,0,0,0,0,0,0,0,0,0,0,0,0,0,0,0,0,0,0
"TF650235",0,0,0,0,0,0,0,0,0,0,0,0,0,0,0,0,0,1,0,1,0,0,0,0,0,0,0,0,0,1,0,0,0,0,0,0,0,0,0,0,0,0,0,0,0
"TF652707",0,0,0,0,0,0,0,0,0,0,0,0,0,0,0,0,0,1,0,0,0,0,0,0,0,0,0,0,0,0,0,0,0,0,0,0,0,0,0,0,0,0,1,0,0
"TF653771",0,0,0,0,0,0,0,0,0,0,0,0,0,0,0,0,0,1,0,0,0,0,0,0,0,0,0,0,0,0,0,0,0,0,0,0,0,0,0,0,0,0,0,0,0
"TF659735",0,0,0,0,0,0,0,0,0,0,0,0,0,0,0,0,0,1,0,1,0,0,0,0,0,0,0,0,0,0,0,0,0,0,0,0,0,0,0,0,0,0,0,0,0
"TF666025",0,0,0,0,0,0,0,0,0,0,0,0,0,0,0,0,0,1,0,0,0,0,0,0,0,1,0,0,0,0,0,0,0,0,0,0,0,0,0,0,0,0,0,0,0
"PTHR10845_SF156",0,0,0,0,0,0,0,0,0,0,0,0,0,0,0,0,0,0,0,0,0,1,0,0,0,0,0,0,0,0,0,0,0,0,0,0,0,0,0,0,0,0,0,0,1
"PTHR10548_SF93",0,0,0,0,0,0,0,0,0,0,0,0,0,0,0,0,0,0,0,0,0,0,0,0,0,0,0,0,0,0,1,0,0,0,0,0,0,0,0,0,0,0,0,0,0
"PTHR10681_SF17",0,0,0,0,0,0,0,0,0,0,0,0,0,0,0,0,0,0,0,0,0,0,0,0,0,0,0,1,0,0,0,0,0,0,0,0,0,0,0,0,0,0,0,0,0
"PTHR22964_SF42",0,0,0,0,0,0,0,0,0,0,0,0,0,0,0,0,0,0,0,0,0,0,1,0,0,0,1,0,0,0,0,0,0,0,0,0,0,0,0,0,0,0,0,1,1
"PTHR24089_SF175",0,0,0,0,0,0,0,0,0,0,0,0,0,0,0,0,0,0,0,0,0,0,0,0,0,0,0,0,0,0,0,0,0,0,0,0,0,0,0,0,0,0,0,0,1
"PTHR10024_SF167",0,0,0,0,0,0,0,0,0,0,0,0,0,0,0,0,0,0,0,0,0,0,1,0,0,0,0,0,0,0,0,0,0,0,0,0,0,0,0,0,0,0,0,0,0
"PTHR10252_SF25",0,0,0,0,0,0,0,0,0,0,0,0,0,0,0,0,0,0,0,0,0,0,1,0,1,0,0,0,0,0,0,0,0,0,0,0,0,0,0,0,0,0,0,0,1
"PTHR11938_SF62",0,0,0,0,0,0,0,0,0,0,0,0,0,0,0,0,0,0,0,0,0,0,1,0,0,0,0,0,0,0,0,0,0,0,0,0,0,0,0,0,0,0,0,0,0
"PTHR12846_SF16",0,0,0,0,0,0,0,0,0,0,0,0,0,0,0,0,0,0,0,0,0,0,1,0,0,0,0,0,0,0,0,0,0,0,0,0,0,0,0,0,0,0,0,0,0
"PTHR18953",0,0,0,0,0,0,0,0,0,0,0,0,0,0,0,0,0,0,0,0,0,0,1,0,0,0,0,0,0,0,0,0,0,0,0,1,0,0,0,2,0,0,0,0,0
"PTHR21388",0,0,0,0,0,0,0,0,0,0,0,0,0,0,0,0,0,0,0,0,0,0,2,0,1,0,0,0,0,0,0,0,0,0,0,1,0,0,0,2,0,0,0,0,0
"PTHR24103_SF263",0,0,0,0,0,0,0,0,0,0,0,0,0,0,0,0,0,0,0,0,0,0,1,0,0,0,0,0,0,0,0,0,0,0,1,0,0,0,0,1,0,0,0,0,0
"PTHR24343_SF118",0,0,0,0,0,0,0,0,0,0,0,0,0,0,0,0,0,0,0,0,0,0,1,0,0,0,0,0,0,0,0,0,0,0,1,0,0,0,0,0,0,0,0,0,0
"PTHR26374_SF151",0,0,0,0,0,0,0,0,0,0,0,0,0,0,0,0,0,0,0,0,0,0,1,0,0,0,0,0,0,0,0,0,0,0,0,0,0,0,0,0,0,0,0,0,0
"PTHR31183",0,0,0,0,0,0,0,0,0,0,0,0,0,0,0,0,0,0,0,0,0,0,1,0,0,0,0,0,0,0,0,0,0,0,0,0,0,0,0,0,0,0,0,0,0
"TF615336",0,0,0,0,0,0,0,0,0,0,0,0,0,0,0,0,0,0,0,0,0,0,1,0,0,0,0,0,0,0,0,0,0,0,0,0,0,0,0,0,0,0,0,0,0
"TF618342",0,0,0,0,0,0,0,0,0,0,0,0,0,0,0,0,0,0,1,0,0,0,1,0,0,0,0,0,0,0,0,0,0,0,0,0,0,0,0,0,0,0,0,0,0
"TF643197",0,0,0,0,0,0,0,0,0,0,0,0,0,0,0,0,0,0,0,0,0,0,1,0,0,0,0,0,0,0,0,0,0,0,0,0,0,0,0,0,0,0,0,0,0
"PTHR10094_SF12",0,0,0,0,0,0,0,0,0,0,0,0,0,0,0,0,0,0,0,0,0,0,0,0,0,0,0,0,0,0,0,0,0,0,1,0,0,0,0,0,0,0,0,0,1
"PTHR10108_SF741",0,0,0,0,0,0,0,0,0,0,0,0,0,0,0,0,0,0,0,0,0,0,0,0,0,0,0,0,0,0,0,0,0,0,2,0,0,0,0,0,0,0,0,1,0
"PTHR10201_SF113",0,0,0,0,0,0,0,0,0,0,0,0,0,0,0,0,0,0,0,0,0,0,0,0,0,0,0,0,0,0,0,0,0,0,1,0,0,0,0,0,0,0,0,1,0
"PTHR10211",0,0,0,0,0,0,0,0,0,0,0,0,0,0,0,0,0,0,0,0,0,0,0,0,0,0,0,0,0,0,0,0,0,0,1,0,0,0,0,0,0,0,0,1,0
"PTHR10314_SF17",0,0,0,0,0,0,0,0,0,0,0,0,0,0,0,0,0,0,0,0,0,0,0,0,0,0,0,0,0,0,0,0,0,0,1,0,0,0,0,0,0,0,0,1,0
"PTHR10338_SF97",0,0,0,0,0,0,0,0,0,0,0,0,0,0,0,0,0,0,0,0,0,0,0,0,0,0,0,0,0,0,0,0,0,0,2,0,0,0,0,0,0,0,0,1,0
"PTHR10353_SF30",0,0,0,0,0,0,0,0,0,0,0,0,0,0,0,0,0,0,0,0,0,0,0,0,0,0,0,0,0,0,0,0,0,0,1,0,0,0,0,0,0,0,0,0,0
"PTHR10454_SF26",0,0,0,0,0,0,0,0,0,0,0,0,0,0,0,0,0,0,0,0,0,0,0,0,0,0,0,0,0,0,0,0,0,0,0,0,0,0,0,0,0,0,0,0,0
"PTHR10529_SF204",0,0,0,0,0,0,0,0,0,0,0,0,0,0,0,0,0,0,0,0,0,0,0,0,0,0,0,0,0,0,0,0,0,0,0,0,0,0,0,0,0,0,0,0,0
"PTHR10574_SF237",0,0,0,0,0,0,0,0,0,0,0,0,0,0,0,0,0,0,0,0,0,0,0,0,0,0,0,0,0,0,0,0,0,0,1,0,0,0,0,0,0,0,0,1,0
"PTHR10663_SF13",0,0,0,0,0,0,0,0,0,0,0,0,0,0,0,0,0,0,0,0,0,0,0,0,0,0,0,0,0,0,0,0,0,0,0,0,0,0,0,0,0,0,0,0,0
"PTHR10676_SF234",0,0,0,0,0,0,0,0,0,0,0,0,0,0,0,0,0,0,0,0,0,0,0,0,0,0,0,0,0,0,0,0,0,0,0,0,0,0,0,0,0,0,0,0,0
"PTHR10909_SF158",0,0,0,0,0,0,0,0,0,0,0,0,0,0,0,0,0,0,0,0,0,0,0,0,0,0,0,0,0,0,0,0,0,0,1,0,0,0,0,0,0,0,0,1,0
"PTHR10909_SF227",0,0,0,0,0,0,0,0,0,0,0,0,0,0,0,0,0,0,0,0,0,0,0,0,0,0,0,0,0,0,0,0,0,0,1,0,0,0,0,0,0,0,0,1,0
"PTHR10985_SF13",0,0,0,0,0,0,0,0,0,0,0,0,0,0,0,0,0,0,0,0,0,0,0,0,0,0,0,0,0,0,0,0,0,0,1,0,0,0,0,0,0,0,0,1,0
"PTHR11036_SF32",0,0,0,0,0,0,0,0,0,0,0,0,0,0,0,0,0,0,0,0,0,0,0,0,0,0,0,0,0,0,0,0,0,0,1,0,0,0,0,0,0,0,0,0,0
"PTHR11042_SF84",0,0,0,0,0,0,0,0,0,0,0,0,0,0,0,0,0,0,0,0,0,0,0,0,0,0,0,0,0,0,0,0,0,0,1,0,0,0,0,0,0,0,0,1,0
"PTHR11064_SF9",0,0,0,0,0,0,0,0,0,0,0,0,0,0,0,0,0,0,0,0,0,0,0,0,0,0,0,0,0,0,0,0,0,0,0,0,0,0,0,0,0,0,0,0,0
"PTHR11208_SF43",0,0,0,0,0,0,0,0,0,0,0,0,0,0,0,0,0,0,0,0,0,0,0,0,0,0,0,0,0,0,0,0,0,0,0,0,0,0,0,0,1,0,0,0,0
"PTHR11214_SF78",0,0,0,0,0,0,0,0,0,0,0,0,0,0,0,0,0,0,0,0,0,0,0,0,0,0,0,0,0,0,0,0,0,0,4,0,0,0,0,0,0,0,0,0,0
"PTHR11220_SF26",0,0,0,0,0,0,0,0,0,0,0,0,0,0,0,0,0,0,0,0,0,0,0,0,0,0,0,0,0,0,0,0,0,0,1,0,0,0,0,0,0,0,0,0,0
"PTHR11267_SF94",0,0,0,0,0,0,0,0,0,0,0,0,0,0,0,0,0,0,0,0,0,0,0,0,0,0,0,0,0,0,0,0,0,0,0,0,0,0,0,0,0,0,0,0,0
"PTHR11347_SF106",0,0,0,0,0,0,0,0,0,0,0,0,0,0,0,0,0,0,0,0,0,0,0,0,0,0,0,0,0,0,0,0,0,0,0,0,0,0,0,0,0,0,0,0,0
"PTHR11431_SF32",0,0,0,0,0,0,0,0,0,0,0,0,0,0,0,0,0,0,0,0,0,0,0,0,0,0,0,0,0,0,0,0,0,0,0,0,0,0,0,0,0,0,0,0,0
"PTHR11442_SF37",0,0,0,0,0,0,0,0,0,0,0,0,0,0,0,0,0,0,0,0,0,0,0,0,0,0,0,0,0,0,0,0,0,0,0,0,0,0,0,0,0,0,0,0,0
"PTHR11467_SF20",0,0,0,0,0,0,0,0,0,0,0,0,0,0,0,0,0,0,0,0,0,0,0,0,0,0,0,0,0,0,0,0,0,0,0,0,0,0,0,0,0,0,0,0,0
"PTHR11566_SF50",0,0,0,0,0,0,0,0,0,0,0,0,0,0,0,0,0,0,0,0,0,0,0,0,0,0,0,0,0,0,0,0,0,0,1,0,0,0,0,0,0,0,0,1,0
"PTHR11588_SF6",0,0,0,0,0,0,0,0,0,0,0,0,0,0,0,0,0,0,0,0,0,0,0,0,0,0,0,0,0,0,0,0,0,0,0,0,0,0,0,0,0,0,0,0,0
"PTHR11616_SF129",0,0,0,0,0,0,0,0,0,0,0,0,0,0,0,0,0,0,0,0,0,0,0,0,0,0,0,0,0,0,0,0,0,0,1,0,0,0,0,0,0,0,0,0,0
"PTHR11653_SF4",0,0,0,0,0,0,0,0,0,0,0,0,0,0,0,0,0,0,0,0,0,0,0,0,0,0,0,0,0,0,0,0,0,0,1,0,0,0,0,0,0,0,0,2,0
"PTHR11653_SF5",0,0,0,0,0,0,0,0,0,0,0,0,0,0,0,0,0,0,0,0,0,0,0,0,0,0,0,0,0,0,0,0,0,0,1,0,0,0,0,0,0,0,0,2,0
"PTHR11689_SF16",0,0,0,0,0,0,0,0,0,0,0,0,0,0,0,0,0,0,0,0,0,0,0,0,0,0,0,0,0,0,0,0,0,0,2,0,0,0,0,0,0,0,0,1,0
"PTHR11695_SF355",0,0,0,0,0,0,0,0,0,0,0,0,0,0,0,0,0,0,0,0,0,0,0,0,0,0,0,0,0,0,1,0,0,0,6,0,0,0,0,1,0,0,0,2,0
"PTHR11697_SF49",0,0,0,0,0,0,0,0,0,0,0,0,0,0,0,0,0,0,0,2,0,0,0,0,0,0,0,0,0,0,0,0,1,0,0,0,0,0,0,0,0,0,0,0,0
"PTHR11716_SF6",0,0,0,0,0,0,0,0,0,0,0,0,0,0,0,0,0,0,0,0,0,0,0,0,0,0,0,0,0,0,0,0,0,0,0,0,0,0,0,0,0,0,0,0,0
"PTHR11736_SF14",0,0,0,0,0,0,0,0,0,0,0,0,0,0,0,0,0,0,0,0,0,0,0,0,0,0,0,0,0,0,0,0,0,0,2,0,0,0,0,0,0,0,0,2,0
"PTHR11751_SF290",0,0,0,0,0,0,0,0,0,0,0,0,0,0,0,0,0,0,0,0,0,0,0,0,0,0,0,0,0,0,0,0,0,0,1,0,0,0,0,0,0,0,0,1,0
"PTHR11785_SF264",0,0,0,0,0,0,0,0,0,0,0,0,0,0,0,0,0,0,0,0,0,0,0,0,0,0,0,0,0,0,0,0,0,0,0,0,0,0,0,0,0,0,0,0,0
"PTHR11905_SF123",0,0,0,0,0,0,0,0,0,0,0,0,0,0,0,0,0,0,0,0,0,0,0,0,0,0,0,0,0,0,0,0,0,0,1,0,0,0,0,0,0,0,0,1,0
"PTHR11920_SF247",0,0,0,0,0,0,0,0,0,0,0,0,0,0,0,0,0,0,0,0,0,0,0,0,0,0,0,0,0,0,0,0,0,0,1,0,0,0,0,0,0,0,0,0,0
"PTHR11920_SF251",0,0,0,0,0,0,0,0,0,0,0,0,0,0,0,0,0,0,0,0,0,0,0,0,0,0,0,0,0,0,0,0,0,0,0,0,0,0,0,0,0,0,0,0,0
"PTHR11920_SF266",0,0,0,0,0,0,0,0,0,0,0,0,0,0,0,0,0,0,0,0,0,0,0,0,0,0,0,0,0,0,0,0,0,0,1,0,0,0,0,0,0,0,0,0,0
"PTHR11937_SF155",0,0,0,0,0,0,0,0,0,0,0,0,0,0,0,0,0,0,0,0,0,0,0,0,0,0,0,0,0,0,0,0,0,0,0,0,0,0,0,0,0,0,0,0,0
"PTHR11937_SF181",0,0,0,0,0,0,0,0,0,0,0,0,0,0,0,0,0,0,0,0,0,0,0,0,0,0,0,0,0,0,0,0,0,0,1,0,0,0,0,0,0,0,0,2,0
"PTHR12002_SF57",0,0,0,0,0,0,0,0,0,0,0,0,0,0,0,0,0,0,0,0,0,0,0,0,0,0,0,0,0,0,0,0,0,0,1,0,0,0,0,0,0,0,0,0,0
"PTHR12011_SF251",0,0,0,0,0,0,0,0,0,0,0,0,0,0,0,0,0,0,0,0,0,0,0,0,0,0,0,0,0,0,0,0,0,0,0,0,0,0,0,0,0,0,0,0,0
"PTHR12011_SF265",0,0,0,0,0,0,0,0,0,0,0,0,0,0,0,0,0,0,0,0,0,0,0,0,0,0,0,0,0,0,0,0,0,0,0,0,0,0,0,0,0,0,0,0,0
"PTHR12084_SF0",0,0,0,0,0,0,0,0,0,0,0,0,0,0,0,0,0,0,0,0,0,0,0,0,0,0,0,0,0,0,0,0,0,0,0,0,0,0,0,0,0,0,0,0,0
"PTHR12103_SF19",0,0,0,0,0,0,0,0,0,0,0,0,0,0,0,0,0,0,0,0,0,0,0,0,0,0,0,0,0,0,0,0,0,0,1,0,0,0,0,0,0,0,0,1,0
"PTHR12253_SF9",0,0,0,0,0,0,0,0,0,0,0,0,0,0,0,0,0,0,0,0,0,0,0,0,0,0,0,0,0,0,0,0,0,0,1,0,0,0,0,0,0,0,0,1,0
"PTHR12304_SF4",0,0,0,0,0,0,0,0,0,0,0,0,0,0,0,0,0,0,0,0,0,0,0,0,0,0,0,0,0,0,0,0,0,0,0,0,0,0,0,0,0,0,0,0,0
"PTHR12378_SF5",0,0,0,0,0,0,0,0,0,0,0,0,0,0,0,0,0,0,0,0,0,0,0,0,0,0,0,0,0,0,0,0,0,0,1,0,0,0,0,0,0,0,0,2,0
"PTHR12411_SF316",0,0,0,0,0,0,0,0,0,0,0,0,0,0,0,0,0,0,0,0,0,0,0,0,0,0,0,0,0,0,0,0,0,0,0,0,0,0,0,0,0,0,0,0,0
"PTHR12570_SF10",0,0,0,0,0,0,0,0,0,0,0,0,0,0,0,0,0,0,0,0,0,0,0,0,0,0,0,0,0,0,0,0,0,0,2,0,0,0,0,0,0,0,0,2,0
"PTHR12844_SF12",0,0,0,0,0,0,0,0,0,0,0,0,0,0,0,0,0,0,0,0,0,0,1,0,0,0,0,0,0,0,0,0,0,0,2,0,0,0,0,0,0,0,0,2,0
"PTHR12844_SF17",0,0,0,0,0,0,0,0,0,0,0,0,0,0,0,0,0,0,0,0,0,0,0,0,0,0,0,0,0,0,0,0,0,0,0,0,0,0,0,0,0,0,0,0,0
"PTHR13080_SF1",0,0,0,0,0,0,0,0,0,0,0,0,0,0,0,0,0,0,0,0,0,0,0,0,0,0,0,0,0,0,0,0,0,0,1,0,0,0,0,0,0,0,0,1,0
"PTHR13683_SF277",0,0,0,0,0,0,0,0,0,0,0,0,0,0,0,0,0,0,0,0,0,0,0,0,0,0,0,0,0,0,0,0,0,0,2,0,0,0,0,0,0,0,0,1,0
"PTHR13703_SF19",0,0,0,0,0,0,0,0,0,0,0,0,0,0,0,0,0,0,0,0,0,0,0,0,0,0,0,0,0,0,0,0,0,0,0,0,0,0,0,0,0,0,0,0,0
"PTHR13723_SF159",0,0,0,0,0,0,0,0,0,0,0,0,0,0,0,0,0,0,0,0,0,0,0,0,0,0,0,0,0,0,0,0,0,0,1,0,0,0,0,0,0,0,0,0,0
"PTHR13857_SF20",0,0,0,0,0,0,0,0,0,0,0,0,0,0,0,0,0,0,0,0,0,0,0,0,0,0,0,0,0,0,0,0,0,0,1,0,0,0,0,0,0,0,0,1,0
"PTHR14003_SF1",0,0,0,0,0,0,0,0,0,0,0,0,0,0,0,0,0,0,0,0,0,0,0,0,0,0,0,0,0,0,0,0,0,0,1,0,0,0,0,0,0,0,0,1,0
"PTHR14453_SF46",0,0,0,0,0,0,0,0,0,0,0,0,0,0,0,0,0,0,0,0,0,0,0,0,0,0,0,0,0,0,0,0,0,0,0,0,0,0,0,0,0,0,0,0,0
"PTHR15934_SF4",0,0,0,0,0,0,0,0,0,0,0,0,0,0,0,0,0,0,0,0,0,0,0,0,0,0,0,0,0,0,0,0,0,0,0,0,0,0,0,0,0,0,0,0,0
"PTHR16140_SF0",0,0,0,0,0,0,0,0,0,0,0,0,0,0,0,0,0,0,0,0,0,0,0,0,0,0,0,0,0,0,0,0,0,0,0,0,0,0,0,0,0,0,0,0,0
"PTHR16213_SF40",0,0,0,0,0,0,0,0,0,0,0,0,0,0,0,0,0,0,0,0,0,0,0,0,0,0,0,0,0,0,0,0,0,0,3,0,0,0,0,0,0,0,0,3,0
"PTHR18945_SF147",0,0,0,0,0,0,0,0,0,0,0,0,0,0,0,0,0,0,0,0,0,0,0,0,0,0,0,0,0,0,0,0,0,0,2,0,0,0,0,0,0,0,0,2,0
"PTHR19282_SF120",0,0,0,0,0,0,0,0,0,0,0,0,0,0,0,0,0,0,0,0,0,0,0,0,0,0,0,0,0,0,0,0,0,0,1,0,0,0,0,0,0,0,0,1,0
"PTHR19282_SF156",0,0,0,0,0,0,0,0,0,0,0,0,0,0,0,0,0,0,0,0,0,0,0,0,0,0,0,0,0,0,0,0,0,0,1,0,0,0,0,0,0,0,0,1,0
"PTHR19282_SF168",0,0,0,0,0,0,0,0,0,0,0,0,0,0,0,0,0,0,0,0,0,0,0,0,0,0,0,0,0,0,0,0,0,0,1,0,0,0,0,0,0,0,0,1,0
"PTHR19282_SF184",0,0,0,0,0,0,0,0,0,0,0,0,0,0,0,0,0,0,0,0,0,0,0,0,0,0,0,0,0,0,0,0,0,0,1,0,0,0,0,0,0,0,0,1,0
"PTHR19282_SF186",0,0,0,0,0,0,0,0,0,0,0,0,0,0,0,0,0,0,0,0,0,0,0,0,0,0,0,0,0,0,0,0,0,0,1,0,0,0,0,0,0,0,0,0,0
"PTHR19282_SF51",0,0,0,0,0,0,0,0,0,0,0,0,0,0,0,0,0,0,0,0,0,0,0,0,0,0,0,0,0,0,0,0,0,0,0,0,0,0,0,0,0,0,0,0,0
"PTHR19331_SF245",0,0,0,0,0,0,0,0,0,0,0,0,0,0,0,0,0,0,0,0,0,0,0,0,0,0,0,0,0,0,0,0,0,0,0,0,0,0,0,0,0,0,0,1,0
"PTHR19446_SF308",0,0,0,0,0,0,0,0,0,0,0,0,0,0,0,0,0,0,0,0,0,0,0,0,0,0,0,0,0,0,0,0,0,0,0,0,0,0,0,0,0,0,0,0,0
"PTHR19818_SF68",0,0,0,0,0,0,0,0,0,0,0,0,0,0,0,0,0,0,0,0,0,0,0,0,0,0,0,0,0,0,0,0,0,0,1,0,0,0,0,0,0,0,0,1,0
"PTHR19818_SF77",0,0,0,0,0,0,0,0,0,0,0,0,0,0,0,0,0,0,0,0,0,0,0,0,0,0,0,0,0,0,0,0,0,0,1,0,0,0,0,0,0,0,0,0,0
"PTHR19944_SF50",0,0,0,0,0,0,0,0,0,0,0,0,0,0,0,0,0,0,0,0,0,0,0,0,0,0,0,0,0,0,0,0,0,0,1,0,0,0,0,0,0,0,0,1,0
"PTHR19944_SF56",0,0,0,0,0,0,0,0,0,0,0,0,0,0,0,0,0,0,0,1,0,0,1,0,0,0,0,0,0,0,0,0,0,0,2,0,0,0,0,0,0,0,0,3,0
"PTHR20842",0,0,0,0,0,0,0,0,0,0,0,0,0,0,0,0,0,0,0,0,0,0,0,0,0,0,0,0,0,0,0,0,0,0,1,0,0,0,0,0,0,0,0,1,0
"PTHR20854_SF18",0,0,0,0,0,0,0,0,0,0,0,0,0,0,0,0,0,0,0,0,0,0,0,0,0,0,0,0,0,0,0,0,0,0,1,0,0,0,0,0,0,0,0,1,0
"PTHR21631_SF1",0,0,0,0,0,0,0,0,0,0,0,0,0,0,0,0,0,0,0,0,0,0,0,0,0,0,0,0,0,0,0,0,0,0,1,0,0,0,0,0,0,0,0,1,0
"PTHR22762_SF57",0,0,0,0,0,0,0,0,0,0,0,0,0,0,0,0,0,0,0,0,0,0,0,0,0,0,0,0,0,0,0,0,0,0,1,0,0,0,0,0,0,0,0,1,0
"PTHR22763_SF3",0,0,0,0,0,0,0,0,0,0,0,0,0,0,0,0,0,0,0,0,0,0,0,0,0,0,0,0,0,0,0,0,0,0,0,0,0,0,0,0,0,0,0,1,0
"PTHR22792_SF42",0,0,0,0,0,0,0,0,0,0,0,0,0,0,0,0,0,0,0,0,0,0,0,0,0,0,0,0,0,0,0,0,0,0,1,0,0,0,0,0,0,0,0,0,0
"PTHR22811_SF53",0,0,0,0,0,0,0,0,0,0,0,0,0,0,0,0,0,0,0,0,0,0,0,0,0,0,0,0,0,0,0,0,0,0,1,0,0,0,0,0,0,0,0,0,0
"PTHR22829_SF7",0,0,0,0,0,0,0,0,0,0,0,0,0,0,0,0,0,0,0,0,0,0,0,0,0,0,0,0,0,0,0,0,0,0,1,0,0,0,0,0,0,0,0,1,0
"PTHR22835_SF129",0,0,0,0,0,0,0,0,0,0,0,0,0,0,0,0,0,0,0,0,0,0,0,0,0,0,0,0,0,0,0,0,0,0,1,0,0,0,0,0,0,0,0,1,0
"PTHR22844_SF152",0,0,0,0,0,0,0,0,0,0,0,0,0,0,0,0,0,0,0,0,0,0,0,0,0,0,0,0,0,0,0,0,0,0,1,0,0,0,0,0,0,0,0,0,0
"PTHR22847_SF317",0,0,0,0,0,0,0,0,0,0,0,0,0,0,0,0,0,0,0,0,0,0,0,0,0,0,0,0,0,0,0,0,0,0,1,0,0,0,0,0,0,0,0,1,0
"PTHR22847_SF356",0,0,0,0,0,0,0,0,0,0,0,0,0,0,0,0,0,0,0,0,0,0,0,0,0,0,0,0,0,0,0,0,0,0,0,0,0,0,0,0,0,0,0,0,0
"PTHR22855_SF25",0,0,0,0,0,0,0,0,0,0,0,0,0,0,0,0,0,0,0,0,0,0,0,0,0,0,0,0,0,0,0,0,0,0,1,0,0,0,0,0,0,0,0,1,0
"PTHR22904_SF308",0,0,0,0,0,0,0,0,0,0,0,0,0,0,0,0,0,0,0,0,0,0,0,0,0,0,0,0,0,0,0,0,0,0,1,0,0,0,0,0,0,0,0,1,0
"PTHR22957_SF234",0,0,0,0,0,0,0,0,0,0,0,0,0,0,0,0,0,0,0,0,0,0,0,0,0,0,0,0,0,0,0,0,0,0,1,0,0,0,0,0,0,0,0,0,0
"PTHR22964_SF51",0,0,0,0,0,0,0,0,0,0,0,0,0,0,0,0,0,0,0,0,0,0,0,0,0,0,0,0,0,0,0,0,0,0,1,0,0,0,0,0,0,0,0,0,0
"PTHR23023_SF38",0,0,0,0,0,0,0,0,0,0,0,0,0,0,0,0,0,0,0,0,0,0,0,0,0,0,0,0,0,0,0,0,0,0,1,0,0,0,0,0,0,0,0,1,0
"PTHR23023_SF63",0,0,0,0,0,0,0,0,0,0,0,0,0,0,0,0,0,0,0,0,0,0,0,0,0,0,0,0,0,0,0,0,0,0,0,0,0,0,0,0,0,0,0,0,0
"PTHR23042_SF53",0,0,0,0,0,0,0,0,0,0,0,0,0,0,0,0,0,0,0,0,0,0,0,0,0,0,0,0,0,0,0,0,0,0,1,0,0,0,0,0,0,0,0,0,0
"PTHR23097_SF86",0,0,0,0,0,0,0,0,0,0,0,0,0,0,0,0,0,0,0,0,0,0,0,0,0,0,0,0,0,0,0,0,0,0,1,0,0,0,0,0,0,0,0,1,0
"PTHR23120_SF0",0,0,0,0,0,0,0,0,0,0,0,0,0,0,0,0,0,0,0,0,0,0,0,0,0,0,0,0,0,0,0,0,0,0,0,0,0,0,0,0,0,0,0,0,0
"PTHR23120_SF3",0,0,0,0,0,0,0,0,0,0,0,0,0,0,0,0,0,0,0,0,0,0,0,0,0,0,0,0,0,0,0,0,0,0,0,0,0,0,0,0,0,0,0,0,0
"PTHR23223_SF63",0,0,0,0,0,0,0,0,0,0,0,0,0,0,0,0,0,0,0,0,0,0,0,0,0,0,0,0,0,0,0,0,0,0,1,0,0,0,0,0,0,0,0,1,0
"PTHR23227_SF15",0,0,0,0,0,0,0,0,0,0,0,0,0,0,0,0,0,0,0,0,0,0,0,0,0,0,0,0,0,0,0,0,0,0,0,0,0,0,0,0,0,0,0,0,0
"PTHR23257_SF324",0,0,0,0,0,0,0,0,0,0,0,0,0,0,0,0,0,0,0,0,0,0,0,0,0,0,0,0,0,0,0,0,0,0,1,0,0,0,0,0,0,0,0,1,0
"PTHR23288_SF6",0,0,0,0,0,0,0,0,0,0,0,0,0,0,0,0,0,0,0,0,0,0,0,0,0,0,0,0,0,0,0,0,0,0,1,0,0,0,0,0,0,0,0,1,0
"PTHR23349_SF40",0,0,0,0,0,0,0,0,0,0,0,0,0,0,0,0,0,0,0,0,0,0,0,0,0,0,0,0,0,0,0,0,0,0,0,0,0,0,0,0,0,0,0,0,0
"PTHR23426_SF21",0,0,0,0,0,0,0,0,0,0,0,0,0,0,0,0,0,0,0,0,0,0,0,0,0,0,0,0,0,0,0,0,0,0,1,0,0,0,0,0,0,0,0,0,0
"PTHR24003_SF429",0,0,0,0,0,0,0,0,0,0,0,0,0,0,0,0,0,0,0,0,0,0,0,0,0,0,0,0,0,0,0,0,0,0,1,0,0,0,0,0,0,0,0,1,0
"PTHR24027_SF271",0,0,0,0,0,0,0,0,0,0,0,0,0,0,0,0,0,0,0,0,0,0,0,0,0,0,0,0,0,0,0,0,0,0,1,0,0,0,0,0,0,0,0,1,0
"PTHR24028_SF103",0,0,0,0,0,0,0,0,0,0,0,0,0,0,0,0,0,0,0,0,0,0,0,0,0,0,0,0,1,0,1,0,0,0,4,0,0,0,0,0,0,0,0,5,0
"PTHR24064_SF201",0,0,0,0,0,0,0,0,0,0,0,0,0,0,0,0,0,0,0,0,0,0,0,0,0,0,0,0,0,0,0,0,0,0,0,0,0,0,0,0,0,0,0,1,0
"PTHR24070_SF238",0,0,0,0,0,0,0,0,0,0,0,0,0,0,0,0,0,0,0,0,0,0,0,0,0,0,0,0,0,0,0,0,0,0,1,0,0,0,0,0,0,0,0,1,0
"PTHR24082_SF276",0,0,0,0,0,0,0,0,0,0,0,0,0,0,0,0,0,0,0,0,0,0,0,0,0,0,0,0,0,0,0,0,0,0,1,0,0,0,0,0,0,0,0,1,0
"PTHR24083_SF43",0,0,0,0,0,0,0,0,0,0,0,0,0,0,0,0,0,0,0,0,0,0,0,0,0,0,0,0,0,0,0,0,0,0,1,0,0,0,0,0,0,0,0,1,0
"PTHR24089_SF158",0,0,0,0,0,0,0,0,0,0,0,0,0,0,0,0,0,0,0,0,0,0,0,0,0,0,0,0,0,0,0,0,0,0,0,0,0,0,0,0,0,0,0,0,0
"PTHR24103_SF236",0,0,0,0,0,0,0,0,0,0,0,0,0,0,0,0,0,0,0,0,0,0,0,0,0,0,0,0,0,0,0,0,0,0,0,0,0,0,0,0,0,0,0,0,0
"PTHR24242_SF187",0,0,0,0,0,0,0,0,0,0,0,0,0,0,0,0,0,0,0,0,0,0,0,0,0,0,0,0,0,0,0,0,0,0,1,0,0,0,0,0,0,0,0,1,0
"PTHR24265_SF82",0,0,0,0,0,0,0,0,0,0,0,0,0,0,0,0,0,0,0,0,0,0,0,0,0,0,0,0,0,0,0,0,0,0,1,0,0,0,0,0,0,0,0,0,0
"PTHR24316_SF282",0,0,0,0,0,0,0,0,0,0,0,0,0,0,0,0,0,0,0,0,0,0,0,0,0,0,0,0,0,0,0,0,0,0,0,0,0,0,0,0,0,0,0,0,0
"PTHR24322_SF212",0,0,0,0,0,0,0,0,0,0,0,0,0,0,0,0,0,0,0,0,0,0,0,0,0,0,0,0,0,0,0,0,0,0,1,0,0,0,0,0,0,0,0,0,0
"PTHR24322_SF234",0,0,0,0,0,0,0,0,0,0,0,0,0,0,0,0,0,0,0,0,0,0,0,0,0,0,0,0,0,0,0,0,0,0,1,0,0,0,0,0,0,0,0,1,0
"PTHR24322_SF237",0,0,0,0,0,0,0,0,0,0,0,0,0,0,0,0,0,0,0,0,0,0,0,0,0,0,0,0,0,0,0,0,0,0,1,0,0,0,0,0,0,0,0,1,0
"PTHR24325_SF13",0,0,0,0,0,0,0,0,0,0,0,0,0,0,0,0,0,0,0,0,0,0,0,0,0,0,0,0,0,0,0,0,0,0,1,0,0,0,0,0,0,0,0,0,0
"PTHR24326_SF23",0,0,0,0,0,0,0,0,0,0,0,0,0,0,0,0,0,0,0,0,0,0,0,0,0,0,0,0,0,0,0,0,0,0,0,0,0,0,0,0,0,0,0,0,0
"PTHR24329_SF280",0,0,0,0,0,0,0,0,0,0,0,0,0,0,0,0,0,0,0,0,0,0,0,0,0,0,0,0,0,0,0,0,0,0,1,0,0,0,0,0,0,0,0,1,0
"PTHR24343_SF132",0,0,0,0,0,0,0,0,0,0,0,0,0,0,0,0,0,0,0,0,0,0,0,0,0,0,0,0,0,0,0,0,0,0,1,0,0,0,0,0,0,0,0,1,0
"PTHR24353_SF59",0,0,0,0,0,0,0,0,0,0,0,0,0,0,0,0,0,0,0,0,0,0,0,0,0,1,0,0,0,0,0,0,0,0,1,0,0,0,0,0,0,0,0,0,0
"PTHR24365_SF246",0,0,0,0,0,0,0,0,0,0,0,0,0,0,0,0,0,0,0,0,0,0,0,0,0,0,0,0,0,0,0,0,0,0,1,0,0,0,0,0,0,0,0,1,0
"PTHR24365_SF259",0,0,0,0,0,0,0,0,0,0,0,0,0,0,0,0,0,0,0,0,0,0,0,0,0,0,0,0,0,0,0,0,0,0,1,0,0,0,0,0,0,0,0,2,0
"PTHR24367_SF237",0,0,0,0,0,0,0,0,0,0,0,0,0,0,0,0,0,0,0,0,0,0,1,0,0,0,0,0,0,0,0,0,0,0,0,0,0,0,0,0,0,0,0,0,0
"PTHR24373_SF95",0,0,0,0,0,0,0,0,0,0,0,0,0,0,0,0,0,0,0,0,0,0,0,0,0,0,0,0,0,0,0,0,0,0,1,0,0,0,0,0,0,0,0,1,0
"PTHR24375_SF107",0,0,0,0,0,0,0,0,0,0,0,0,0,0,0,0,0,0,0,0,0,0,0,0,0,0,0,0,0,0,0,0,0,0,1,0,0,0,0,0,0,0,0,1,0
"PTHR24377_SF109",0,0,0,0,0,0,0,0,0,0,0,0,0,0,0,0,0,0,0,0,0,0,0,0,0,0,0,0,0,0,0,0,0,0,2,0,0,0,0,0,0,0,0,0,0
"PTHR24377_SF155",0,0,0,0,0,0,0,0,0,0,0,0,0,0,0,0,0,0,0,0,0,0,0,0,0,0,0,0,0,0,0,0,0,0,1,0,0,0,0,0,0,0,0,0,0
"PTHR24402_SF156",0,0,0,0,0,0,0,0,0,0,0,0,0,0,0,0,0,0,0,0,0,0,0,0,0,0,0,0,0,0,0,0,0,0,0,0,0,0,0,0,0,0,0,1,0
"PTHR24402_SF206",0,0,0,0,0,0,0,0,0,0,0,0,0,0,0,0,0,0,0,0,0,0,0,0,0,0,0,0,0,0,0,0,0,0,1,0,0,0,0,0,0,0,0,1,0
"PTHR24412_SF23",0,0,0,0,0,0,0,0,0,0,0,0,0,0,0,0,0,0,0,0,0,0,0,0,0,0,0,0,0,0,0,0,0,0,1,0,0,0,0,0,0,0,0,1,0
"PTHR24559_SF165",0,0,0,0,0,0,0,0,0,0,0,0,0,0,0,0,0,0,0,0,0,0,0,0,0,0,0,0,0,0,0,0,0,0,2,0,0,0,0,0,0,0,0,2,1
"PTHR24559_SF168",0,0,0,0,0,0,0,0,0,0,0,0,0,0,0,0,0,0,0,0,0,0,0,0,0,0,0,0,0,0,0,0,0,0,1,0,0,0,0,0,0,0,0,1,0
"PTHR24838_SF257",0,0,0,0,0,0,0,0,0,0,0,0,0,0,0,0,0,0,0,0,0,0,0,0,0,0,0,0,0,0,0,0,0,0,1,0,0,0,0,0,0,0,0,1,0
"PTHR31350_SF2",0,0,0,0,0,0,0,0,0,0,0,0,0,0,0,0,0,0,0,0,0,0,0,0,0,0,0,0,0,0,0,0,0,0,1,0,0,0,0,0,0,0,0,1,0
"PTHR31594",0,0,0,0,0,0,0,0,0,0,0,0,0,0,0,0,0,0,0,0,0,0,0,0,0,0,0,0,0,0,0,0,0,0,0,0,0,0,0,0,0,0,0,0,0
"PTHR32046",0,0,0,0,0,0,0,0,0,0,0,0,0,0,0,0,0,0,0,0,0,0,0,0,0,0,0,0,0,0,0,0,0,0,1,0,0,0,0,0,0,0,0,1,0
"TF344110",0,0,0,0,0,0,0,0,0,0,0,0,0,0,0,0,0,0,0,0,0,0,0,0,0,0,0,0,0,0,0,0,0,0,1,0,0,0,0,0,0,0,0,1,0
"TF344178",0,0,0,0,0,0,0,0,0,0,0,0,0,0,0,0,0,0,0,0,0,0,0,0,0,0,0,0,0,0,0,0,0,0,0,0,0,0,0,0,0,0,0,1,0
"TF606041",0,0,0,0,0,0,0,0,0,0,0,0,0,0,0,0,0,0,0,0,0,0,0,0,0,0,0,0,0,0,0,0,0,0,1,0,0,0,0,0,0,0,0,2,0
"TF607146",0,0,0,0,0,0,0,0,0,0,0,0,0,0,0,0,0,0,0,0,0,0,0,0,0,0,0,0,0,0,0,0,0,0,1,0,0,0,0,0,0,0,0,1,0
"TF608401",0,0,0,0,0,0,0,0,0,0,0,0,0,0,0,0,0,0,0,0,0,0,0,0,0,0,0,0,0,0,0,0,0,0,1,0,0,0,0,0,0,0,0,1,0
"TF611329",0,0,0,0,0,0,0,0,0,0,0,0,0,0,0,0,0,0,0,0,0,0,0,0,0,0,0,0,0,0,0,0,0,0,1,0,0,0,0,0,0,0,0,1,0
"TF612670",0,0,0,0,0,0,0,0,0,0,0,0,0,0,0,0,0,0,0,0,0,0,0,0,0,0,0,0,0,0,0,0,0,0,0,0,0,0,0,0,0,0,0,0,0
"TF614626",0,0,0,0,0,0,0,0,0,0,0,0,0,0,0,0,0,0,0,0,0,0,0,0,0,0,0,0,0,0,0,0,0,0,1,0,0,0,0,0,0,0,0,1,0
"TF614988",0,0,0,0,0,0,0,0,0,0,0,0,0,0,0,0,0,0,0,0,0,0,0,0,0,0,0,0,0,0,0,1,0,0,1,0,0,0,0,0,0,1,0,1,0
"TF615361",0,0,0,0,0,0,0,0,0,0,0,0,0,0,0,0,0,0,0,0,0,0,0,0,0,0,0,0,0,0,0,0,0,0,1,0,0,0,0,0,0,0,0,1,0
"TF621360",0,0,0,0,0,0,0,0,0,0,0,0,0,0,0,0,0,0,0,0,0,0,0,0,0,0,0,0,0,0,0,0,0,0,0,0,0,0,0,0,0,0,0,1,0
"TF622192",0,0,0,0,0,0,0,0,0,0,0,0,0,0,0,0,0,0,0,0,0,0,0,0,0,0,0,0,0,0,0,0,0,0,1,0,0,0,0,0,0,0,0,0,0
"TF624768",0,0,0,0,0,0,0,0,0,0,0,0,0,0,0,0,0,0,0,0,0,0,0,0,0,0,0,0,0,0,0,0,0,0,1,0,0,0,0,0,0,0,0,1,0
"TF626283",0,0,0,0,0,0,0,0,0,0,0,0,0,0,0,0,0,0,0,0,0,0,0,0,0,0,0,0,0,0,0,0,0,0,1,0,0,0,0,0,0,0,0,0,0
"TF634819",0,0,0,0,0,0,0,0,0,0,0,0,0,0,0,0,0,0,0,0,0,0,0,0,0,0,0,0,0,0,0,0,0,0,1,0,0,0,0,0,0,0,0,1,0
"TF644147",0,0,0,0,0,0,0,0,0,0,0,0,0,0,0,0,0,0,0,0,0,0,0,0,0,0,0,0,0,0,0,0,0,0,1,0,0,0,0,0,0,0,0,1,0
"TF649535",0,0,0,0,0,0,0,0,0,0,0,0,0,0,0,0,0,0,0,0,0,0,0,0,0,0,0,0,0,0,0,0,0,0,1,0,0,0,0,0,0,0,0,2,0
"TF651760",0,0,0,0,0,0,0,0,0,0,0,0,0,0,0,0,0,0,0,0,0,0,0,0,0,0,0,0,0,0,0,0,0,0,1,0,0,0,0,0,0,0,0,0,0
"TF658446",0,0,0,0,0,0,0,0,0,0,0,0,0,0,0,0,0,0,0,0,0,0,0,0,0,0,0,0,0,0,0,0,0,0,0,0,0,0,0,0,0,0,0,0,0
"TF658563",0,0,0,0,0,0,0,0,0,0,0,0,0,0,0,0,0,0,0,0,0,0,0,0,0,0,0,0,0,0,0,0,0,0,1,0,0,0,0,0,0,0,0,1,0
"TF660665",0,0,0,0,0,0,0,0,0,0,0,0,0,0,0,0,0,0,0,0,0,0,0,0,0,0,0,0,0,0,0,0,0,0,2,0,0,0,0,0,0,0,0,1,0
"TF661027",0,0,0,0,0,0,0,0,0,0,0,0,0,0,0,0,0,0,0,0,0,0,0,0,0,0,0,0,0,0,0,0,0,0,0,0,0,0,0,0,0,0,0,0,0
"TF663173",0,0,0,0,0,0,0,0,0,0,0,0,0,0,0,0,0,0,0,0,0,0,0,0,0,0,0,0,0,0,0,0,0,0,1,0,0,0,0,0,0,0,0,1,0
"PTHR22847_SF335",0,0,0,0,0,0,0,0,0,0,0,0,0,0,0,0,0,0,1,0,0,0,0,0,0,0,0,0,0,0,0,0,0,0,0,0,0,0,0,0,0,0,0,0,0
"PTHR24022_SF78",0,0,0,0,0,0,0,0,0,0,0,0,0,0,0,0,0,0,1,0,0,0,0,1,0,0,0,0,0,0,0,0,0,0,0,0,0,0,0,0,0,0,0,0,0
"TF617933",0,0,0,0,0,0,0,0,0,0,0,0,0,0,0,0,0,0,1,0,0,0,0,0,0,0,0,0,0,0,0,1,1,0,1,0,0,0,0,0,0,0,0,1,0
"PTHR19375_SF144",0,0,0,0,0,0,0,0,0,0,0,0,0,0,0,0,0,0,0,0,0,0,0,1,0,0,0,0,0,0,0,0,0,0,0,0,0,0,0,0,0,0,0,0,0
"PTHR10480_SF11",0,0,0,0,0,0,0,0,0,0,0,0,0,0,0,0,0,0,0,1,0,0,0,0,0,0,0,0,0,0,0,0,0,0,0,0,0,0,0,0,0,0,0,0,0
"PTHR11731_SF95",0,0,0,0,0,0,0,0,0,0,0,0,0,0,0,0,0,0,0,1,0,0,0,0,0,0,0,0,0,0,0,0,0,0,0,0,0,0,0,0,0,0,0,0,0
"PTHR11988_SF29",0,0,0,0,0,0,0,0,0,0,0,0,0,0,0,0,0,0,0,1,0,0,0,0,0,0,0,0,0,0,0,0,0,0,0,0,0,0,0,0,0,0,0,0,0
"PTHR23022_SF55",0,0,0,0,0,0,0,0,0,0,0,0,0,0,0,0,0,0,0,7,0,0,0,0,0,0,0,0,0,0,0,0,0,0,0,0,0,0,0,0,0,0,0,0,0
"PTHR24353_SF37",0,0,0,0,0,0,0,0,0,0,0,0,0,0,0,0,0,0,0,1,0,0,0,0,0,0,0,0,0,1,0,0,0,0,0,0,0,0,0,0,0,0,0,0,0
"TF611771",0,0,0,0,0,0,0,0,0,0,0,0,0,0,0,0,0,0,0,1,0,0,0,0,0,0,0,0,0,0,0,0,0,0,0,0,0,0,0,0,0,0,0,0,0
"TF615843",0,0,0,0,0,0,0,0,0,0,0,0,0,0,0,0,0,0,0,2,0,0,0,0,0,0,0,0,0,0,0,0,0,0,0,0,0,0,0,0,0,0,0,0,0
"TF643679",0,0,0,0,0,0,0,0,0,0,0,0,0,0,0,0,0,0,0,1,0,0,0,0,0,0,0,0,0,1,0,0,0,0,0,0,0,0,0,0,0,0,0,0,0
"TF651557",0,0,0,0,0,0,0,0,0,0,0,0,0,0,0,0,0,0,0,1,0,0,0,0,0,0,0,0,0,0,0,0,0,0,0,0,0,0,0,0,0,0,0,0,0
"TF655739",0,0,0,0,0,0,0,0,0,0,0,0,0,0,0,0,0,0,0,1,0,0,0,0,0,0,0,0,0,0,0,0,0,0,0,0,0,0,0,0,0,0,1,0,0
"TF660534",0,0,0,0,0,0,0,0,0,0,0,0,0,0,0,0,0,0,0,1,0,0,0,0,0,0,0,0,0,0,0,0,0,0,0,0,0,0,0,0,0,0,0,0,0
"PTHR24073_SF374",0,0,0,0,0,0,0,0,0,0,0,0,0,0,0,0,0,0,0,0,0,0,0,0,0,0,0,0,0,0,0,0,0,0,0,1,0,0,0,0,0,0,0,0,0
"PTHR10424_SF8",0,0,0,0,0,0,0,0,0,0,0,0,0,0,0,0,0,0,0,0,2,0,0,0,0,0,0,0,0,0,0,0,0,0,0,0,0,0,0,0,0,0,0,0,0
"TF660810",0,0,0,0,0,0,0,0,0,0,0,0,0,0,0,0,0,0,0,0,1,0,0,0,0,0,0,0,1,0,0,0,0,0,0,0,0,0,0,0,0,1,0,0,0
"PTHR11089_SF30",0,0,0,0,0,0,0,0,0,0,0,0,0,0,0,0,0,0,0,0,0,1,0,0,0,0,0,0,0,0,0,1,0,0,0,0,0,0,0,0,0,0,0,0,0
"PTHR22981_SF44",0,0,0,0,0,0,0,0,0,0,0,0,0,0,0,0,0,0,0,0,0,1,0,0,0,0,0,0,0,0,0,0,0,0,0,0,0,0,0,0,0,0,0,0,0
"TF645599",0,0,0,0,0,0,0,0,0,0,0,0,0,0,0,0,0,0,0,0,0,1,0,0,0,0,0,0,0,0,0,0,0,0,0,0,0,0,0,0,0,0,0,0,0
"PTHR15001_SF10",0,0,0,0,0,0,0,0,0,0,0,0,0,0,0,0,0,0,0,0,0,0,2,0,0,0,0,0,0,0,0,0,0,0,0,0,0,0,0,2,0,0,0,0,0
"PTHR19860_SF11",0,0,0,0,0,0,0,0,0,0,0,0,0,0,0,0,0,0,0,0,0,0,1,0,0,0,0,0,0,0,0,0,0,0,0,0,0,0,0,0,0,0,0,0,0
"PTHR23113_SF188",0,0,0,0,0,0,0,0,0,0,0,0,0,0,0,0,0,0,0,0,0,0,1,0,0,0,0,0,0,0,0,0,0,0,0,0,0,0,0,0,0,0,0,0,0
"PTHR23266_SF93",0,0,0,0,0,0,0,0,0,0,0,0,0,0,0,0,0,0,0,0,0,0,1,0,0,0,0,0,0,0,0,0,0,0,1,0,0,0,0,0,0,0,0,0,0
"PTHR23423_SF17",0,0,0,0,0,0,0,0,0,0,0,0,0,0,0,0,0,0,0,0,0,0,1,0,0,0,0,0,0,0,0,0,0,0,0,0,0,0,0,0,0,0,0,0,0
"PTHR24387_SF200",0,0,0,0,0,0,0,0,0,0,0,0,0,0,0,0,0,0,0,0,0,0,2,0,0,0,0,0,0,0,0,0,0,0,0,0,0,0,0,1,0,0,0,0,0
"PTHR24412_SF134",0,0,0,0,0,0,0,0,0,0,0,0,0,0,0,0,0,0,0,0,0,0,1,0,0,0,0,0,0,0,0,0,0,0,0,0,0,0,0,0,0,0,0,0,0
"PTHR31294",0,0,0,0,0,0,0,0,0,0,0,0,0,0,0,0,0,0,0,0,0,0,1,0,0,0,0,0,0,0,0,0,0,0,0,0,0,0,0,0,0,0,0,0,0
"PTHR10588_SF205",0,0,0,0,0,0,0,0,0,0,0,0,0,0,0,0,0,0,0,0,0,0,0,0,1,0,0,0,0,0,0,0,0,0,0,0,0,0,0,1,0,0,0,0,0
"PTHR23147_SF1",0,0,0,0,0,0,0,0,0,0,0,0,0,0,0,0,0,0,0,0,0,0,0,0,1,0,0,0,0,0,0,0,0,0,0,0,0,0,0,0,0,0,0,0,0
"PTHR10127_SF573",0,0,0,0,0,0,0,0,0,0,0,0,0,0,0,0,0,0,0,0,0,0,0,0,0,1,0,0,0,0,0,0,0,0,0,0,0,0,0,0,0,0,0,0,0
"PTHR10661_SF7",0,0,0,0,0,0,0,0,0,0,0,0,0,0,0,0,0,0,0,0,0,0,0,0,0,1,0,0,0,0,0,0,0,0,0,0,0,0,0,0,0,0,0,0,0
"PTHR22964_SF43",0,0,0,0,0,0,0,0,0,0,0,0,0,0,0,0,0,0,0,0,0,0,0,0,0,1,0,0,0,0,0,0,0,0,0,0,0,0,0,0,0,0,0,0,0
"PTHR24369_SF53",0,0,0,0,0,0,0,0,0,0,0,0,0,0,0,0,0,0,0,0,0,0,0,0,0,1,0,0,0,0,0,0,0,0,0,0,0,0,0,0,0,0,0,0,0
"TF612379",0,0,0,0,0,0,0,0,0,0,0,0,0,0,0,0,0,0,0,0,0,0,0,0,0,1,0,0,0,0,0,0,0,0,0,0,0,0,0,0,0,0,0,0,0
"TF616138",0,0,0,0,0,0,0,0,0,0,0,0,0,0,0,0,0,0,0,0,0,0,0,0,0,1,0,0,0,0,0,0,0,0,0,0,0,0,0,1,0,0,0,0,0
"TF623328",0,0,0,0,0,0,0,0,0,0,0,0,0,0,0,0,0,0,0,0,0,0,0,0,0,1,0,0,0,0,0,0,0,0,0,0,0,0,0,0,0,0,0,0,0
"TF657603",0,0,0,0,0,0,0,0,0,0,0,0,0,0,0,0,0,0,0,0,0,0,0,0,0,1,0,0,0,0,0,0,0,0,0,0,0,0,0,0,0,0,0,0,0
"PTHR10969_SF26",0,0,0,0,0,0,0,0,0,0,0,0,0,0,0,0,0,0,0,0,0,0,0,0,0,0,0,0,1,0,0,0,0,0,0,0,0,0,0,0,0,0,0,0,0
"PTHR11746_SF62",0,0,0,0,0,0,0,0,0,0,0,0,0,0,0,0,0,0,0,0,0,0,0,0,0,0,0,0,0,0,0,0,0,0,0,0,0,0,0,1,0,0,0,0,0
"PTHR24077_SF240",0,0,0,0,0,0,0,0,0,0,0,0,0,0,0,0,0,0,0,0,0,0,0,0,0,0,0,0,0,0,0,0,0,0,1,0,0,0,0,0,0,0,0,0,0
"TF312992",0,0,0,0,0,0,0,0,0,0,0,0,0,0,0,0,0,0,0,0,0,0,0,0,0,0,0,0,0,0,0,0,0,0,0,0,0,0,0,1,0,0,0,0,0
"PTHR19134_SF81",0,0,0,0,0,0,0,0,0,0,0,0,0,0,0,0,0,0,0,0,0,0,0,0,0,0,1,0,0,0,0,0,0,0,0,0,0,0,0,0,0,0,0,0,1
"PTHR19871_SF10",0,0,0,0,0,0,0,0,0,0,0,0,0,0,0,0,0,0,0,0,0,0,0,0,0,0,1,0,1,0,0,0,0,0,0,0,0,0,0,0,0,0,0,0,0
"PTHR24416_SF309",0,0,0,0,0,0,0,0,0,0,0,0,0,0,0,0,0,0,0,0,0,0,0,0,0,0,1,0,0,0,0,0,0,0,0,0,0,0,0,0,0,0,0,0,0
"TF632151",0,0,0,0,0,0,0,0,0,0,0,0,0,0,0,0,0,0,0,0,0,0,0,0,0,0,2,0,0,0,0,0,0,0,0,0,0,0,0,0,0,0,0,0,0
"PTHR24089_SF159",0,0,0,0,0,0,0,0,0,0,0,0,0,0,0,0,0,0,0,0,0,0,0,0,0,0,0,0,0,0,0,0,0,0,1,0,0,0,0,0,0,0,0,1,0
"PTHR24223_SF204",0,0,0,0,0,0,0,0,0,0,0,0,0,0,0,0,0,0,0,0,0,0,0,0,0,0,0,0,0,0,0,0,0,0,1,0,0,0,0,0,0,0,0,2,0
"PTHR24353_SF57",0,0,0,0,0,0,0,0,0,0,0,0,0,0,0,0,0,0,0,0,0,0,0,0,0,0,0,0,0,0,0,0,0,0,0,0,0,0,0,0,0,1,0,0,0
"TF341298",0,0,0,0,0,0,0,0,0,0,0,0,0,0,0,0,0,0,0,0,0,0,0,0,0,0,0,0,0,0,0,0,0,0,0,0,0,0,0,0,0,0,1,0,0
"TF629309",0,0,0,0,0,0,0,0,0,0,0,0,0,0,0,0,0,0,0,0,0,0,0,0,0,0,0,0,0,0,0,0,0,0,1,0,0,0,0,0,0,0,0,1,0
"TF657474",0,0,0,0,0,0,0,0,0,0,0,0,0,0,0,0,0,0,0,0,0,0,0,0,0,0,0,0,0,0,0,0,0,0,0,0,0,0,0,0,0,0,1,0,0
"PTHR11537_SF43",0,0,0,0,0,0,0,0,0,0,0,0,0,0,0,0,0,0,0,0,0,0,0,0,0,0,0,1,0,0,0,0,0,0,0,0,0,0,0,0,0,0,0,0,0
"PTHR15729_SF4",0,0,0,0,0,0,0,0,0,0,0,0,0,0,0,0,0,0,0,0,0,0,0,0,0,0,0,1,0,0,0,0,0,0,0,0,0,0,0,0,0,0,0,0,0
"PTHR24365_SF241",0,0,0,0,0,0,0,0,0,0,0,0,0,0,0,0,0,0,0,0,0,0,0,0,0,0,0,2,0,0,0,0,0,0,0,0,0,0,0,0,0,0,0,0,0
"TF354066",0,0,0,0,0,0,0,0,0,0,0,0,0,0,0,0,0,0,0,0,0,0,0,0,0,0,0,1,0,0,0,0,0,0,0,0,0,0,0,0,0,0,1,0,0
"PTHR25069_SF88",0,0,0,0,0,0,0,0,0,0,0,0,0,0,0,0,0,0,0,0,0,0,0,0,0,0,0,0,1,0,0,0,0,0,0,0,0,0,0,0,0,0,0,0,0
"PTHR10668_SF72",0,0,0,0,0,0,0,0,0,0,0,0,0,0,0,0,0,0,0,0,0,0,0,0,0,0,0,0,0,0,1,0,0,0,0,0,0,0,0,0,0,0,0,0,0
"PTHR12801_SF7",0,0,0,0,0,0,0,0,0,0,0,0,0,0,0,0,0,0,0,0,0,0,0,0,0,0,0,0,0,1,1,0,0,0,0,0,0,0,0,0,0,0,1,0,0
"PTHR19964_SF41",0,0,0,0,0,0,0,0,0,0,0,0,0,0,0,0,0,0,0,0,0,0,0,0,0,0,0,0,0,0,0,0,0,0,1,0,0,0,0,0,0,0,0,1,0
"PTHR21402_SF5",0,0,0,0,0,0,0,0,0,0,0,0,0,0,0,0,0,0,0,0,0,0,0,0,0,0,0,0,0,0,0,0,0,0,1,0,0,0,0,0,0,0,0,0,0
"PTHR23130_SF77",0,0,0,0,0,0,0,0,0,0,0,0,0,0,0,0,0,0,0,0,0,0,0,0,0,0,0,0,0,0,0,0,0,0,1,0,0,0,0,0,0,0,0,1,0
"PTHR23227_SF43",0,0,0,0,0,0,0,0,0,0,0,0,0,0,0,0,0,0,0,0,0,0,0,0,0,0,0,0,0,0,0,0,0,0,0,0,0,0,0,0,0,0,0,1,0
"PTHR23266_SF87",0,0,0,0,0,0,0,0,0,0,0,0,0,0,0,0,0,0,0,0,0,0,0,0,0,0,0,0,0,0,0,0,0,0,1,0,0,0,0,0,0,0,0,1,0
"PTHR24070_SF35",0,0,0,0,0,0,0,0,0,0,0,0,0,0,0,0,0,0,0,0,0,0,0,0,0,0,0,0,0,0,0,0,0,0,0,0,0,0,0,0,0,0,0,1,0
"PTHR24103_SF269",0,0,0,0,0,0,0,0,0,0,0,0,0,0,0,0,0,0,0,0,0,0,0,0,0,0,0,0,0,0,0,0,0,0,1,0,0,0,0,0,0,0,0,1,0
"PTHR24147_SF23",0,0,0,0,0,0,0,0,0,0,0,0,0,0,0,0,0,0,0,0,0,0,0,0,0,0,0,0,0,0,0,0,0,0,0,0,0,0,0,0,0,0,0,1,0
"PTHR24300_SF49",0,0,0,0,0,0,0,0,0,0,0,0,0,0,0,0,0,0,0,0,0,0,0,0,0,0,0,0,0,0,0,0,0,0,1,0,0,0,0,0,0,0,0,0,0
"PTHR26451_SF310",0,0,0,0,0,0,0,0,0,0,0,0,0,0,0,0,0,0,0,0,0,0,0,0,0,0,0,0,0,0,0,0,0,0,0,0,0,0,0,0,0,0,0,1,0
"PTHR31503",0,0,0,0,0,0,0,0,0,0,0,0,0,0,0,0,0,0,0,0,0,0,0,0,0,0,0,0,0,0,0,0,0,0,1,0,0,0,0,0,0,0,0,0,0
"PTHR32206",0,0,0,0,0,0,0,0,0,0,0,0,0,0,0,0,0,0,0,0,0,0,0,0,0,0,0,0,0,0,0,0,0,0,1,0,0,0,0,0,0,0,0,1,0
"TF631219",0,0,0,0,0,0,0,0,0,0,0,0,0,0,0,0,0,0,0,0,0,0,0,0,0,0,0,0,0,0,0,1,0,0,0,0,0,0,0,0,0,0,0,0,0
"TF656329",0,0,0,0,0,0,0,0,0,0,0,0,0,0,0,0,0,0,0,0,0,0,0,0,0,0,0,0,0,0,0,0,0,0,1,0,0,0,0,0,0,0,0,0,0
"TF657535",0,0,0,0,0,0,0,0,0,0,0,0,0,0,0,0,0,0,0,0,0,0,0,0,0,0,0,0,0,0,0,0,0,0,0,0,0,0,0,0,0,0,0,2,0
"PTHR12011_SF236",0,0,0,0,0,0,0,0,0,0,0,0,0,0,0,0,0,0,0,0,0,0,0,0,0,0,0,0,0,1,0,0,0,0,0,0,0,0,0,0,0,0,0,0,1
"PTHR19331_SF269",0,0,0,0,0,0,0,0,0,0,0,0,0,0,0,0,0,0,0,0,0,0,0,0,0,0,0,0,0,1,0,0,0,0,1,0,0,0,0,0,0,0,0,0,0
"PTHR24028_SF63",0,0,0,0,0,0,0,0,0,0,0,0,0,0,0,0,0,0,0,0,0,0,0,0,0,0,0,0,0,1,0,0,0,0,0,0,0,0,0,0,0,0,0,0,0
"PTHR24056_SF178",0,0,0,0,0,0,0,0,0,0,0,0,0,0,0,0,0,0,0,0,0,0,0,0,0,0,0,0,0,1,0,0,0,0,0,0,0,0,0,0,0,0,0,0,0
"TF628203",0,0,0,0,0,0,0,0,0,0,0,0,0,0,0,0,0,0,0,0,0,0,0,0,0,0,0,0,0,1,0,0,1,0,0,0,0,0,0,0,0,0,1,0,0
"TF632056",0,0,0,0,0,0,0,0,0,0,0,0,0,0,0,0,0,0,0,0,0,0,0,0,0,0,0,0,0,1,0,0,0,0,0,0,0,0,0,0,0,0,0,0,0
"TF649547",0,0,0,0,0,0,0,0,0,0,0,0,0,0,0,0,0,0,0,0,0,0,0,0,0,0,0,0,0,1,0,0,0,0,0,0,0,0,0,0,0,0,0,0,0
"PTHR10799_SF73",0,0,0,0,0,0,0,0,0,0,0,0,0,0,0,0,0,0,0,0,0,0,0,0,0,0,0,0,0,0,1,0,0,0,0,0,0,0,0,0,0,0,0,0,0
"PTHR11003_SF64",0,0,0,0,0,0,0,0,0,0,0,0,0,0,0,0,0,0,0,0,0,0,0,0,0,0,0,0,0,0,1,0,0,0,0,0,0,0,0,0,0,0,0,0,0
"PTHR11711_SF135",0,0,0,0,0,0,0,0,0,0,0,0,0,0,0,0,0,0,0,0,0,0,0,0,0,0,0,0,0,0,1,0,0,0,0,0,0,0,0,0,0,0,0,0,0
"PTHR21561_SF12",0,0,0,0,0,0,0,0,0,0,0,0,0,0,0,0,0,0,0,0,0,0,0,0,0,0,0,0,0,0,1,0,0,0,0,0,0,0,0,0,0,0,0,0,0
"PTHR22847_SF339",0,0,0,0,0,0,0,0,0,0,0,0,0,0,0,0,0,0,0,0,0,0,0,0,0,0,0,0,0,0,1,0,0,0,0,0,0,0,0,0,0,0,0,0,0
"PTHR24055_SF153",0,0,0,0,0,0,0,0,0,0,0,0,0,0,0,0,0,0,0,0,0,0,0,0,0,0,0,0,0,0,1,0,0,0,0,0,0,0,0,0,0,0,0,0,0
"PTHR24343_SF107",0,0,0,0,0,0,0,0,0,0,0,0,0,0,0,0,0,0,0,0,0,0,0,0,0,0,0,0,0,0,1,0,0,0,0,0,0,0,0,0,0,0,0,0,0
"PTHR24343_SF59",0,0,0,0,0,0,0,0,0,0,0,0,0,0,0,0,0,0,0,0,0,0,0,0,0,0,0,0,0,0,3,0,0,0,0,0,0,0,0,0,0,0,0,0,0
"PTHR24357_SF71",0,0,0,0,0,0,0,0,0,0,0,0,0,0,0,0,0,0,0,0,0,0,0,0,0,0,0,0,0,0,1,0,0,0,0,0,0,0,0,0,0,0,0,0,0
"PTHR10804_SF80",0,0,0,0,0,0,0,0,0,0,0,0,0,0,0,0,0,0,0,0,0,0,0,0,0,0,0,0,0,0,0,1,0,0,0,0,0,0,0,0,0,0,0,0,0
"PTHR24365_SF249",0,0,0,0,0,0,0,0,0,0,0,0,0,0,0,0,0,0,0,0,0,0,0,0,0,0,0,0,0,0,0,0,1,0,0,0,0,0,0,0,0,0,0,0,0
"TF652869",0,0,0,0,0,0,0,0,0,0,0,0,0,0,0,0,0,0,0,0,0,0,0,0,0,0,0,0,0,0,0,0,1,0,0,0,0,0,0,0,0,0,0,0,0
"PTHR11454_SF9",0,0,0,0,0,0,0,0,0,0,0,0,0,0,0,0,0,0,0,0,0,0,0,0,0,0,0,0,0,0,0,0,0,0,1,0,0,0,0,0,0,0,0,1,0
"PTHR13711_SF164",0,0,0,0,0,0,0,0,0,0,0,0,0,0,0,0,0,0,0,0,0,0,0,0,0,0,0,0,0,0,0,0,0,0,0,0,0,0,0,1,0,0,0,0,0
"PTHR23172_SF19",0,0,0,0,0,0,0,0,0,0,0,0,0,0,0,0,0,0,0,0,0,0,0,0,0,0,0,0,0,0,0,0,0,0,0,0,0,0,0,0,0,1,0,0,0
"TF351353",0,0,0,0,0,0,0,0,0,0,0,0,0,0,0,0,0,0,0,0,0,0,0,0,0,0,0,0,0,0,0,0,0,0,0,0,1,0,1,0,0,0,1,0,0
"TF351531",0,0,0,0,0,0,0,0,0,0,0,0,0,0,0,0,0,0,0,0,0,0,0,0,0,0,0,0,0,0,0,0,0,0,0,0,0,0,0,0,0,0,1,0,0
"TF654800",0,0,0,0,0,0,0,0,0,0,0,0,0,0,0,0,0,0,0,0,0,0,0,0,0,0,0,0,0,0,0,0,0,0,0,0,0,0,0,0,0,0,1,0,0
"TF340577",0,0,0,0,0,0,0,0,0,0,0,0,0,0,0,0,0,0,0,0,0,0,0,0,0,0,0,0,0,0,0,0,0,0,0,0,0,0,0,0,0,0,1,0,0
"TF340712",0,0,0,0,0,0,0,0,0,0,0,0,0,0,0,0,0,0,0,0,0,0,0,0,0,0,0,0,0,0,0,0,0,0,0,0,0,0,0,0,0,0,1,0,0
"TF340785",0,0,0,0,0,0,0,0,0,0,0,0,0,0,0,0,0,0,0,0,0,0,0,0,0,0,0,0,0,0,0,0,0,0,0,0,0,0,0,0,0,0,1,0,0
"TF340911",0,0,0,0,0,0,0,0,0,0,0,0,0,0,0,0,0,0,0,0,0,0,0,0,0,0,0,0,0,0,0,0,0,0,0,0,2,0,5,0,0,0,0,0,0
"TF341259",0,0,0,0,0,0,0,0,0,0,0,0,0,0,0,0,0,0,0,0,0,0,0,0,0,0,0,0,0,0,0,0,0,0,0,0,0,0,0,0,0,0,1,0,0
"TF341946",0,0,0,0,0,0,0,0,0,0,0,0,0,0,0,0,0,0,0,0,0,0,0,0,0,0,0,0,0,0,0,0,0,0,0,0,0,0,0,0,0,0,1,0,0
"TF343694",0,0,0,0,0,0,0,0,0,0,0,0,0,0,0,0,0,0,0,0,0,0,0,0,0,0,0,0,0,0,0,0,0,0,0,0,0,0,0,0,0,0,1,0,0
"TF351958",0,0,0,0,0,0,0,0,0,0,0,0,0,0,0,0,0,0,0,0,0,0,0,0,0,0,0,0,0,0,0,0,0,0,0,0,0,0,0,0,0,0,1,0,0
"TF353672",0,0,0,0,0,0,0,0,0,0,0,0,0,0,0,0,0,0,0,0,0,0,0,0,0,0,0,0,0,0,0,0,0,0,0,0,0,0,0,0,0,0,1,0,0
"TF353861",0,0,0,0,0,0,0,0,0,0,0,0,0,0,0,0,0,0,0,0,0,0,0,0,0,0,0,0,0,0,0,0,0,0,0,0,0,0,0,0,0,0,1,0,0
"TF353990",0,0,0,0,0,0,0,0,0,0,0,0,0,0,0,0,0,0,0,0,0,0,0,0,0,0,0,0,0,0,0,0,0,0,0,0,0,0,0,0,0,0,1,0,0
"TF354007",0,0,0,0,0,0,0,0,0,0,0,0,0,0,0,0,0,0,0,0,0,0,0,0,0,0,0,0,0,0,0,0,0,0,0,0,0,0,0,0,0,0,1,0,0
"TF652671",0,0,0,0,0,0,0,0,0,0,0,0,0,0,0,0,0,0,0,0,0,0,0,0,0,0,0,0,0,0,0,0,0,0,0,0,0,0,0,0,0,0,1,0,0
"TF656238",0,0,0,0,0,0,0,0,0,0,0,0,0,0,0,0,0,0,0,0,0,0,0,0,0,0,0,0,0,0,0,0,0,0,0,0,0,0,0,0,0,0,1,0,0
"TF664676",0,0,0,0,0,0,0,0,0,0,0,0,0,0,0,0,0,0,0,0,0,0,0,0,0,0,0,0,0,0,0,0,0,0,0,0,0,0,0,0,0,0,1,0,0
"PTHR11697_SF96",0,0,0,0,0,0,0,0,0,0,0,0,0,0,0,0,0,0,0,0,0,0,0,0,0,0,0,0,0,0,0,0,0,1,0,0,0,0,0,0,0,0,0,0,0
"PTHR24353_SF62",0,0,0,0,0,0,0,0,0,0,0,0,0,0,0,0,0,0,0,0,0,0,0,0,0,0,0,0,0,0,0,0,0,1,0,0,0,0,0,0,0,0,0,0,0
"PTHR22847_SF328",0,0,0,0,0,0,0,0,0,0,0,0,0,0,0,0,0,0,0,0,0,0,0,0,0,0,0,0,0,0,0,0,0,0,0,0,0,0,0,0,1,0,0,0,0
"TF643774",0,0,0,0,0,0,0,0,0,0,0,0,0,0,0,0,0,0,0,0,0,0,0,0,0,0,0,0,0,0,0,0,0,0,0,0,0,0,0,0,0,0,1,0,0
"TF663654",0,0,0,0,0,0,0,0,0,0,0,0,0,0,0,0,0,0,0,0,0,0,0,0,0,0,0,0,0,0,0,0,0,0,0,0,0,0,0,0,0,0,1,0,0
"PTHR10024_SF207",0,0,0,0,0,0,0,0,0,0,0,0,0,0,0,0,0,0,0,0,0,0,0,0,0,0,0,0,0,0,0,0,0,0,1,0,0,0,0,0,0,0,0,0,0
"PTHR10353_SF36",0,0,0,0,0,0,0,0,0,0,0,0,0,0,0,0,0,0,0,0,0,0,0,0,0,0,0,0,0,0,0,0,0,0,1,0,0,0,0,0,0,0,0,0,0
"PTHR10529_SF208",0,0,0,0,0,0,0,0,0,0,0,0,0,0,0,0,0,0,0,0,0,0,0,0,0,0,0,0,0,0,0,0,0,0,1,0,0,0,0,0,0,0,0,0,0
"PTHR11461_SF147",0,0,0,0,0,0,0,0,0,0,0,0,0,0,0,0,0,0,0,0,0,0,0,0,0,0,0,0,0,0,0,0,0,0,1,0,0,0,0,0,0,0,0,1,0
"PTHR11662_SF202",0,0,0,0,0,0,0,0,0,0,0,0,0,0,0,0,0,0,0,0,0,0,0,0,0,0,0,0,0,0,0,0,0,0,2,0,0,0,0,0,0,0,0,0,0
"PTHR11712_SF213",0,0,0,0,0,0,0,0,0,0,0,0,0,0,0,0,0,0,0,0,0,0,0,0,0,0,0,0,0,0,0,0,0,0,1,0,0,0,0,0,0,0,0,0,0
"PTHR11712_SF240",0,0,0,0,0,0,0,0,0,0,0,0,0,0,0,0,0,0,0,0,0,0,0,0,0,0,0,0,0,0,0,0,0,0,1,0,0,0,0,0,0,0,0,0,0
"PTHR12304_SF11",0,0,0,0,0,0,0,0,0,0,0,0,0,0,0,0,0,0,0,0,0,0,0,0,0,0,0,0,0,0,0,0,0,0,1,0,0,0,0,0,0,0,0,2,0
"PTHR12673_SF88",0,0,0,0,0,0,0,0,0,0,0,0,0,0,0,0,0,0,0,0,0,0,0,0,0,0,0,0,0,0,0,0,0,0,1,0,0,0,0,0,0,0,0,0,0
"PTHR14387_SF1",0,0,0,0,0,0,0,0,0,0,0,0,0,0,0,0,0,0,0,0,0,0,0,0,0,0,0,0,0,0,0,0,0,0,1,0,0,0,0,0,0,0,0,0,0
"PTHR19143_SF192",0,0,0,0,0,0,0,0,0,0,0,0,0,0,0,0,0,0,0,0,0,0,0,0,0,0,0,0,0,0,0,0,0,0,1,0,0,0,0,0,0,0,0,0,0
"PTHR21461_SF0",0,0,0,0,0,0,0,0,0,0,0,0,0,0,0,0,0,0,0,0,0,0,0,0,0,0,0,0,0,0,0,0,0,0,1,0,0,0,0,0,0,0,0,0,0
"PTHR22763_SF10",0,0,0,0,0,0,0,0,0,0,0,0,0,0,0,0,0,0,0,0,0,0,0,0,0,0,0,0,0,0,0,0,0,0,1,0,0,0,0,0,0,0,0,0,0
"PTHR22847_SF346",0,0,0,0,0,0,0,0,0,0,0,0,0,0,0,0,0,0,0,0,0,0,0,0,0,0,0,0,0,0,0,0,0,0,1,0,0,0,0,0,0,0,0,0,0
"PTHR23223_SF148",0,0,0,0,0,0,0,0,0,0,0,0,0,0,0,0,0,0,0,0,0,0,0,0,0,0,0,0,0,0,0,0,0,0,1,0,0,0,0,0,0,0,0,0,0
"PTHR23411_SF2",0,0,0,0,0,0,0,0,0,0,0,0,0,0,0,0,0,0,0,0,0,0,0,0,0,0,0,0,0,0,0,0,0,0,1,0,0,0,0,0,0,0,0,1,0
"PTHR24265_SF72",0,0,0,0,0,0,0,0,0,0,0,0,0,0,0,0,0,0,0,0,0,0,0,0,0,0,0,0,0,0,0,0,0,0,1,0,0,0,0,0,0,0,0,1,0
"PTHR24412_SF186",0,0,0,0,0,0,0,0,0,0,0,0,0,0,0,0,0,0,0,0,0,0,0,0,0,0,0,0,0,0,0,0,0,0,1,0,0,0,0,0,0,0,0,0,0
"TF622276",0,0,0,0,0,0,0,0,0,0,0,0,0,0,0,0,0,0,0,0,0,0,0,0,0,0,0,0,0,0,0,0,0,0,1,0,0,0,0,0,0,0,0,0,0
"TF628701",0,0,0,0,0,0,0,0,0,0,0,0,0,0,0,0,0,0,0,0,0,0,0,0,0,0,0,0,0,0,0,0,0,0,1,0,0,0,0,0,0,0,0,2,0
"TF628752",0,0,0,0,0,0,0,0,0,0,0,0,0,0,0,0,0,0,0,0,0,0,0,0,0,0,0,0,0,0,0,0,0,0,1,0,0,0,0,0,0,0,0,1,0
"TF630786",0,0,0,0,0,0,0,0,0,0,0,0,0,0,0,0,0,0,0,0,0,0,0,0,0,0,0,0,0,0,0,0,0,0,1,0,0,0,0,0,0,0,0,0,0
"TF630918",0,0,0,0,0,0,0,0,0,0,0,0,0,0,0,0,0,0,0,0,0,0,0,0,0,0,0,0,0,0,0,0,0,0,1,0,0,0,0,0,0,0,0,0,0
"TF632650",0,0,0,0,0,0,0,0,0,0,0,0,0,0,0,0,0,0,0,0,0,0,0,0,0,0,0,0,0,0,0,0,0,0,1,0,0,0,0,0,0,0,0,0,0
"TF635772",0,0,0,0,0,0,0,0,0,0,0,0,0,0,0,0,0,0,0,0,0,0,0,0,0,0,0,0,0,0,0,0,0,0,1,0,0,0,0,0,0,0,0,1,0
"TF639959",0,0,0,0,0,0,0,0,0,0,0,0,0,0,0,0,0,0,0,0,0,0,0,0,0,0,0,0,0,0,0,0,0,0,1,0,0,0,0,0,0,0,0,0,0
"TF643494",0,0,0,0,0,0,0,0,0,0,0,0,0,0,0,0,0,0,0,0,0,0,0,0,0,0,0,0,0,0,0,0,0,0,1,0,0,0,0,2,0,0,0,0,0
"PTHR23239_SF14",0,0,0,0,0,0,0,0,0,0,0,0,0,0,0,0,0,0,0,0,0,0,0,0,0,0,0,0,0,0,0,0,0,0,0,0,1,0,0,0,0,0,0,0,0
"TF656475",0,0,0,0,0,0,0,0,0,0,0,0,0,0,0,0,0,0,0,0,0,0,0,0,0,0,0,0,0,0,0,0,0,0,0,0,1,0,0,0,0,0,0,0,0
"TF610433",0,0,0,0,0,0,0,0,0,0,0,0,0,0,0,0,0,0,0,0,0,0,0,0,0,0,0,0,0,0,0,0,0,0,0,0,0,1,0,0,0,0,0,0,0
"TF342503",0,0,0,0,0,0,0,0,0,0,0,0,0,0,0,0,0,0,0,0,0,0,0,0,0,0,0,0,0,0,0,0,0,0,0,0,0,0,0,0,0,0,1,0,0
"PTHR10037_SF196",0,0,0,0,0,0,0,0,0,0,0,0,0,0,0,0,0,0,0,0,0,0,0,0,0,0,0,0,0,0,0,0,0,0,0,0,0,0,0,1,0,0,0,0,0
"PTHR11829_SF154",0,0,0,0,0,0,0,0,0,0,0,0,0,0,0,0,0,0,0,0,0,0,0,0,0,0,0,0,0,0,0,0,0,0,0,0,0,0,0,1,0,0,0,0,0
"PTHR14025_SF21",0,0,0,0,0,0,0,0,0,0,0,0,0,0,0,0,0,0,0,0,0,0,0,0,0,0,0,0,0,0,0,0,0,0,0,0,0,0,0,1,0,0,0,0,0
"PTHR19303_SF229",0,0,0,0,0,0,0,0,0,0,0,0,0,0,0,0,0,0,0,0,0,0,0,0,0,0,0,0,0,0,0,0,0,0,0,0,0,0,0,1,0,0,0,0,0
"PTHR22747_SF2",0,0,0,0,0,0,0,0,0,0,0,0,0,0,0,0,0,0,0,0,0,0,0,0,0,0,0,0,0,0,0,0,0,0,0,0,0,0,0,1,0,0,0,0,0
"PTHR24329_SF295",0,0,0,0,0,0,0,0,0,0,0,0,0,0,0,0,0,0,0,0,0,0,0,0,0,0,0,0,0,0,0,0,0,0,0,0,0,0,0,1,0,0,0,0,0
"PTHR24343_SF129",0,0,0,0,0,0,0,0,0,0,0,0,0,0,0,0,0,0,0,0,0,0,0,0,0,0,0,0,0,0,0,0,0,0,0,0,0,0,0,2,0,0,0,0,0
"TF324713",0,0,0,0,0,0,0,0,0,0,0,0,0,0,0,0,0,0,0,0,0,0,0,0,0,0,0,0,0,0,0,0,0,0,0,0,0,0,0,1,0,0,0,0,0
"TF327223",0,0,0,0,0,0,0,0,0,0,0,0,0,0,0,0,0,0,0,0,0,0,0,0,0,0,0,0,0,0,0,0,0,0,0,0,0,0,0,1,0,0,0,0,0
"TF339571",0,0,0,0,0,0,0,0,0,0,0,0,0,0,0,0,0,0,0,0,0,0,0,0,0,0,0,0,0,0,0,0,0,0,0,0,0,0,0,1,0,0,0,0,0
"TF340123",0,0,0,0,0,0,0,0,0,0,0,0,0,0,0,0,0,0,0,0,0,0,0,0,0,0,0,0,0,0,0,0,0,0,0,0,0,0,0,3,0,0,0,0,0
"TF657759",0,0,0,0,0,0,0,0,0,0,0,0,0,0,0,0,0,0,0,0,0,0,0,0,0,0,0,0,0,0,0,0,0,0,0,0,0,0,0,1,0,0,0,0,0
"PTHR13871_SF7",0,0,0,0,0,0,0,0,0,0,0,0,0,0,0,0,0,0,0,0,0,0,0,0,0,0,0,0,0,0,0,0,0,0,0,0,0,0,0,0,0,0,1,0,0
"PTHR19433_SF53",0,0,0,0,0,0,0,0,0,0,0,0,0,0,0,0,0,0,0,0,0,0,0,0,0,0,0,0,0,0,0,0,0,0,0,0,0,0,0,0,1,2,0,0,0
"PTHR24362_SF222",0,0,0,0,0,0,0,0,0,0,0,0,0,0,0,0,0,0,0,0,0,0,0,0,0,0,0,0,0,0,0,0,0,0,0,0,0,0,0,0,1,0,0,0,0
"PTHR24329_SF32",0,0,0,0,0,0,0,0,0,0,0,0,0,0,0,0,0,0,0,0,0,0,0,0,0,0,0,0,0,0,0,0,0,0,0,0,0,0,0,0,0,0,0,1,0
"TF656765",0,0,0,0,0,0,0,0,0,0,0,0,0,0,0,0,0,0,0,0,0,0,0,0,0,0,0,0,0,0,0,0,0,0,0,0,0,0,0,0,0,0,0,1,0
"PTHR10841_SF13",0,0,0,0,0,0,0,0,0,0,0,0,0,0,0,0,0,0,0,0,0,0,0,0,0,0,0,0,0,0,0,0,0,0,0,0,0,0,0,0,0,1,0,0,0
"PTHR19963",0,0,0,0,0,0,0,0,0,0,0,0,0,0,0,0,0,0,0,0,0,0,0,0,0,0,0,0,0,0,0,0,0,0,0,0,0,0,0,0,0,1,0,0,0
"PTHR24023_SF471",0,0,0,0,0,0,0,0,0,0,0,0,0,0,0,0,0,0,0,0,0,0,0,0,0,0,0,0,0,0,0,0,0,0,0,0,0,0,0,0,0,1,0,0,0
"TF354372",0,0,0,0,0,0,0,0,0,0,0,0,0,0,0,0,0,0,0,0,0,0,0,0,0,0,0,0,0,0,0,0,0,0,0,0,0,0,0,0,0,0,1,0,0
"TF340610",0,0,0,0,0,0,0,0,0,0,0,0,0,0,0,0,0,0,0,0,0,0,0,0,0,0,0,0,0,0,0,0,0,0,0,0,0,0,0,0,0,0,1,0,0
"TF354126",0,0,0,0,0,0,0,0,0,0,0,0,0,0,0,0,0,0,0,0,0,0,0,0,0,0,0,0,0,0,0,0,0,0,0,0,0,0,0,0,0,0,1,0,0
"PTHR10699_SF11",0,0,0,0,0,0,0,0,0,0,0,0,0,0,0,0,0,0,0,0,0,0,0,0,0,0,0,0,0,0,0,0,0,0,0,0,0,0,0,0,0,0,0,1,0
"PTHR12137_SF15",0,0,0,0,0,0,0,0,0,0,0,0,0,0,0,0,0,0,0,0,0,0,0,0,0,0,0,0,0,0,0,0,0,0,0,0,0,0,0,0,0,0,0,1,0
"PTHR19303_SF198",0,0,0,0,0,0,0,0,0,0,0,0,0,0,0,0,0,0,0,0,0,0,0,0,0,0,0,0,0,0,0,0,0,0,0,0,0,0,0,0,0,0,0,1,0
"PTHR24073_SF404",0,0,0,0,0,0,0,0,0,0,0,0,0,0,0,0,0,0,0,0,0,0,0,0,0,0,0,0,0,0,0,0,0,0,0,0,0,0,0,0,0,0,0,1,0
"PTHR24106_SF58",0,0,0,0,0,0,0,0,0,0,0,0,0,0,0,0,0,0,0,0,0,0,0,0,0,0,0,0,0,0,0,0,0,0,0,0,0,0,0,0,0,0,0,1,0
"TF626397",0,0,0,0,0,0,0,0,0,0,0,0,0,0,0,0,0,0,0,0,0,0,0,0,0,0,0,0,0,0,0,0,0,0,0,0,0,0,0,0,0,0,0,1,0
"TF628970",0,0,0,0,0,0,0,0,0,0,0,0,0,0,0,0,0,0,0,0,0,0,0,0,0,0,0,0,0,0,0,0,0,0,0,0,0,0,0,0,0,0,0,1,0
